 29-Jul-25 07/09/2014
     1               1
  0.000000000E+00
*   0.000             1               0 MAR   3   2 CLC    40   41
  0.000000000E+00 0.170000000E+03 0.200000000E+01 0.679320679E+06
  0.679320679E+06 0.172156751E+03 0.792448142E+00 0.413875197E+02
  0.134573761E+01-0.372986822E+00-0.308806847E+00 0.775635730E+07
  0.176498492E+03 0.177793453E+01 0.230680088E+01 0.103081862E+01
  0.519784345E+00 0.853542631E+00 0.100000000E+11 0.106315566E+02
  0.100000000E+11 0.100000000E+11 0.201791728E+01-0.120664664E+01
  0.767917776E+02 0.107674188E+03 0.526832941E+02
  0.000000000E+00 0.000000000E+00 0.000000000E+00
  0.825960520E+02 0.795731919E+02
  0.000000000E+00 0.000000000E+00
  0.157198773E+01 0.278121389E+00 0.203316685E+01 0.892877561E+00
  0.774904392E+00 0.219909879E+01-0.500000000E+02-0.500000000E+02
 -0.500000000E+02 0.304142498E+00 0.706152902E+04 0.186123480E+06
  0.976095183E-04 0.128599213E+01 0.967809527E+00 0.685534747E-02
  0.127697341E+01 0.172030470E+03 0.000000000E+00 0.000000000E+00
 -0.999000000E+03-0.999000000E+03-0.999000000E+03-0.999000000E+03
 -0.100000000E+03-0.500000000E+02 0.194861897E+01 0.191768163E+01
  0.664303604E+01 0.396939355E+02 0.100000000E+03 0.106315566E+02
  0.177297417E+03 0.198394057E+01 0.466833299E+00 0.000000000E+00
  0.101125120E+01 0.200547894E+01 0.362107080E+06 0.000000000E+00
  0.000000000E+00 0.000000000E+00 0.874000141E+00 0.100000000E+02
    44   60   18    6
  0.176678208E+00 0.137678037E+00 0.185035558E+00 0.149166626E+00
  0.658940615E-01-0.165284448E-01 0.540958897E+00-0.678063283E-01
 -0.460520768E+00 0.244448730E+00 0.143093423E+00 0.186576271E-01
 -0.414178837E-01-0.696437464E-01-0.828139327E-01 0.555301811E+00
 -0.767964801E-01-0.125982398E-02 0.218570684E+00 0.158236933E+00
  0.163572388E+00 0.165410929E+00 0.999416255E-01 0.210636439E-01
 -0.326263344E+00 0.402189720E+00 0.431085611E+00 0.288805737E-01
  0.798199922E-01 0.202959644E+00 0.835764797E-01-0.962153253E-02
 -0.469033158E-01-0.613476766E-01 0.109754491E+00 0.478221103E+00
  0.467807310E+00-0.423077211E-01 0.282176810E-01-0.256004024E-01
  0.539508963E-02 0.195293181E-01 0.672908585E-01 0.129812432E+00
  0.107540320E+00 0.238118634E+00 0.234851002E+00-0.145132067E+00
 -0.248229313E+00-0.342208793E-01 0.288852668E+00 0.630817899E+00
  0.288784235E+00-0.156432008E+00-0.328821450E+00-0.850345842E-01
  0.234236666E+00 0.317932016E+00 0.252291196E+00-0.362341579E-01
  0.124676281E+00 0.256460600E+00 0.184477025E+00 0.202045297E+00
  0.210563271E+00 0.201393545E+00 0.265851353E+00-0.103016943E+00
 -0.310785076E+00-0.284775010E+00-0.602092578E-01 0.297743878E+00
  0.356038481E+00 0.268011212E+00 0.390221434E+00 0.755581623E+00
  0.300913015E+00 0.404187656E-01-0.192494729E+00-0.265725531E+00
 -0.670577097E-01 0.898778005E-01 0.316602657E+00 0.250047775E+00
  0.357933554E+00 0.107566098E+00-0.589079961E-01-0.247853424E+00
 -0.303329182E+00-0.103685453E+00 0.262371583E+00 0.202371809E+00
  0.209568640E+00 0.202340134E+00 0.181395559E+00 0.253503135E+00
  0.126566351E+00-0.326377403E-01 0.110247349E+00 0.238079670E+00
  0.237031700E+00-0.130942036E+00-0.253564391E+00-0.322900870E-01
  0.316655186E+05-0.502267300E+05 0.248356402E+06 0.238131422E+06
  0.101348516E+06-0.311034966E+06 0.611046921E+06-0.463388106E+05
 -0.761247143E+06 0.341996404E+06 0.847167261E+05-0.119964816E+06
 -0.116781036E+06-0.104845313E+06-0.408524601E+06 0.558707809E+06
 -0.126205131E+06-0.145877734E+06
  0.000000000E+00 0.000000000E+00 0.000000000E+00 0.000000000E+00
  0.000000000E+00 0.000000000E+00
  0.000000000E+00 0.000000000E+00 0.000000000E+00 0.000000000E+00
  0.000000000E+00 0.000000000E+00 0.000000000E+00 0.000000000E+00
  0.000000000E+00 0.000000000E+00 0.556172204E+02 0.000000000E+00
  0.268865741E+00 0.192390799E+01 0.400000006E+02-0.148245965E+00
 -0.112594064E+01 0.000000000E+00 0.999000000E+03 0.190776921E+01
 -0.100000000E+02 0.967809527E+00 0.000000000E+00 0.394348563E-01
 -0.100000000E+02 0.000000000E+00 0.209300263E+01 0.000000000E+00
  0.198162353E+00 0.256286451E+01 0.130769231E+01 0.213328479E+01
  0.338058597E+02 0.313077827E+01-0.890000000E+02-0.890000000E+02
 -0.890000000E+02-0.890000000E+02-0.890000000E+02-0.890000000E+02
 -0.890000000E+02-0.890000000E+02-0.890000000E+02-0.890000000E+02
 -0.890000000E+02-0.890000000E+02-0.890000000E+02-0.890000000E+02
 -0.890000000E+02 0.000000000E+00 0.702036651E+00 0.944297875E+00
  0.141389493E+03 0.186265625E+03 0.000000000E+00 0.816372392E+00
  0.100000000E+01 0.000000000E+00 0.000000000E+00 0.000000000E+00
                                            EQG
