&IN1
  ICONVR = 3 
  MXITER = -1 
  NXITER = 51 
  ERROR = 0.0001 
  RELAX = 0.5 
  IOUT = 4 
  ICURRT = 2 
  KPPFNC = 6 
  KPPCUR = 3 
  KFFFNC = 6 
  KFFCUR = 3 
  ISHOT = 1 
  ITIME = 0 
  ITIMEU = 0 
  ITEK = 0 
  ITRACE = 1 
  PLASMA = 10000000.0 
  BTOR = 11.0 
  RCENTR = 4.55 
  RZERO = 4.55 
  LIMITR = 5 
  XLIM = 6.0 3.5 3.5 6.0 6.0 
  YLIM = 1.93 1.93 -1.93 -1.93 1.93 
  NBDRY = 15 
  RBDRY = 5.75 5.717889612279765 5.599231274196216 5.333894952548324  
    4.862048988436734 4.215741544340384 3.606248672667517  
    3.3499999999999996 3.606248672667517 4.215741544340384  
    4.862048988436735 5.333894952548324 5.599231274196216  
    5.717889612279765 5.75 
  ZBDRY = 0.0 0.7289246817174976 1.3134768905462901 1.6378788924654637  
    1.6378788924654637 1.3134768905462901 0.7289246817174978  
    2.0574066225675533e-16 -0.7289246817174975 -1.31347689054629  
    -1.6378788924654637 -1.6378788924654637 -1.3134768905462901  
    -0.728924681717498 0.0 
  IERCHK = 0 
  NEXTRA = 0 
  SCRAPE = 0.01 
  PSIBRY = 0.0 
  CFCOIL = -10.0 
  ENP = 1.0 
  EMP = 1.0 
  FCURBD = 0 
  PCURBD = 0 
  FCZERO = 1.0 1.0 1.0 1.0 1.0 1.0 1.0 1.0 1.0 1.0 1.0 1.0 1.0 1.0 1.0  
    1.0 
  FCSUM = 1.0 1.0 1.0 1.0 1.0 1.0 1.0 1.0 1.0 1.0 1.0 1.0 1.0 1.0 1.0  
    1.0 
  IFREF = 2 
  PRBDRY = 10059.102889882059 
  KBETAPR = 1 
  FWTBDRY = 1.0 1.0 1.0 1.0 1.0 1.0 1.0 1.0 1.0 1.0 1.0 1.0 1.0 1.0 1.0 
  FWTBDRY(2) = 10.0 
  FWTBDRY(3) = 10.0 
  FWTBDRY(4) = 10.0 
  FWTBDRY(5) = 10.0 
  FWTBDRY(9) = 10.0 
  FWTBDRY(10) = 10.0 
  FWTBDRY(11) = 10.0 
  FWTBDRY(12) = 10.0 
/

&PROFILE_EXT
  NPSI_EXT = 257 
  PSIN_EXT = 0.0 0.00390625 0.0078125 0.01171875 0.015625 0.01953125  
    0.0234375 0.02734375 0.03125 0.03515625 0.0390625 0.04296875  
    0.046875 0.05078125 0.0546875 0.05859375 0.0625 0.06640625  
    0.0703125 0.07421875 0.078125 0.08203125 0.0859375 0.08984375  
    0.09375 0.09765625 0.1015625 0.10546875 0.109375 0.11328125  
    0.1171875 0.12109375 0.125 0.12890625 0.1328125 0.13671875 0.140625  
    0.14453125 0.1484375 0.15234375 0.15625 0.16015625 0.1640625  
    0.16796875 0.171875 0.17578125 0.1796875 0.18359375 0.1875  
    0.19140625 0.1953125 0.19921875 0.203125 0.20703125 0.2109375  
    0.21484375 0.21875 0.22265625 0.2265625 0.23046875 0.234375  
    0.23828125 0.2421875 0.24609375 0.25 0.25390625 0.2578125  
    0.26171875 0.265625 0.26953125 0.2734375 0.27734375 0.28125  
    0.28515625 0.2890625 0.29296875 0.296875 0.30078125 0.3046875  
    0.30859375 0.3125 0.31640625 0.3203125 0.32421875 0.328125  
    0.33203125 0.3359375 0.33984375 0.34375 0.34765625 0.3515625  
    0.35546875 0.359375 0.36328125 0.3671875 0.37109375 0.375  
    0.37890625 0.3828125 0.38671875 0.390625 0.39453125 0.3984375  
    0.40234375 0.40625 0.41015625 0.4140625 0.41796875 0.421875  
    0.42578125 0.4296875 0.43359375 0.4375 0.44140625 0.4453125  
    0.44921875 0.453125 0.45703125 0.4609375 0.46484375 0.46875  
    0.47265625 0.4765625 0.48046875 0.484375 0.48828125 0.4921875  
    0.49609375 0.5 0.50390625 0.5078125 0.51171875 0.515625 0.51953125  
    0.5234375 0.52734375 0.53125 0.53515625 0.5390625 0.54296875  
    0.546875 0.55078125 0.5546875 0.55859375 0.5625 0.56640625  
    0.5703125 0.57421875 0.578125 0.58203125 0.5859375 0.58984375  
    0.59375 0.59765625 0.6015625 0.60546875 0.609375 0.61328125  
    0.6171875 0.62109375 0.625 0.62890625 0.6328125 0.63671875 0.640625  
    0.64453125 0.6484375 0.65234375 0.65625 0.66015625 0.6640625  
    0.66796875 0.671875 0.67578125 0.6796875 0.68359375 0.6875  
    0.69140625 0.6953125 0.69921875 0.703125 0.70703125 0.7109375  
    0.71484375 0.71875 0.72265625 0.7265625 0.73046875 0.734375  
    0.73828125 0.7421875 0.74609375 0.75 0.75390625 0.7578125  
    0.76171875 0.765625 0.76953125 0.7734375 0.77734375 0.78125  
    0.78515625 0.7890625 0.79296875 0.796875 0.80078125 0.8046875  
    0.80859375 0.8125 0.81640625 0.8203125 0.82421875 0.828125  
    0.83203125 0.8359375 0.83984375 0.84375 0.84765625 0.8515625  
    0.85546875 0.859375 0.86328125 0.8671875 0.87109375 0.875  
    0.87890625 0.8828125 0.88671875 0.890625 0.89453125 0.8984375  
    0.90234375 0.90625 0.91015625 0.9140625 0.91796875 0.921875  
    0.92578125 0.9296875 0.93359375 0.9375 0.94140625 0.9453125  
    0.94921875 0.953125 0.95703125 0.9609375 0.96484375 0.96875  
    0.97265625 0.9765625 0.98046875 0.984375 0.98828125 0.9921875  
    0.99609375 1.0 
  PPRIME_EXT = 729300.7290512343 719540.3059736337 709860.0385487286  
    700259.926776519 690739.970657005 681300.1701901862  
    671940.5253760633 662661.0362146357 653461.7027059037  
    644342.5248498672 635303.5026465263 626344.6360958809  
    617465.9251979309 608667.3699526766 599948.9703601175  
    591310.7264202542 582752.6381330864 574274.7054986141  
    565876.9285168373 557559.3071877559 549321.8415113701  
    541164.5314876799 533087.3771166853 525090.378398386  
    517173.5353327823 509336.8479198741 502261.3484939737  
    496382.0633602116 490591.24905181717 484748.6248597724  
    478561.2333354583 471629.9460254556 463977.1399291903  
    455705.43757288315 447149.84483966127 438705.4866936778  
    430477.75010773673 422579.7352724787 415016.530283794  
    407690.432372559 400607.4439717197 393728.4404012484  
    387002.7207799565 380468.9736526207 374063.9095287012  
    367819.0418514147 361740.98902988737 355808.9842789277  
    350052.6347591793 344427.6784617276 338965.06720336946  
    333627.23290480947 328432.16237272386 323368.1361334518  
    318441.56028707663 313647.2629441812 308976.77956216934  
    304439.0582811234 300001.4257039621 295688.50866435625  
    291454.6378729678 287339.52682399435 283298.10230280703  
    279354.9839627823 275493.43313188315 271697.5856115691  
    267996.68834168336 264326.81053371483 260751.47435526282  
    257217.6710342363 253756.3446789541 250381.02789221576  
    247043.03233095107 243821.95803058177 240658.51781185914  
    237559.7781115869 234568.99740535865 231613.10305794663  
    228745.69482037536 225962.87321412927 223209.4213408063  
    220558.07374112628 217982.54872987323 215445.7188220829  
    213009.93183650938 210636.63198301836 208295.42106470716  
    206039.77369165554 203833.57459593195 201648.46053420438  
    199537.66557536658 197476.53828635276 195425.8453850853  
    193434.7879372512 191503.44698388208 189584.79085065634  
    187707.4928127474 185890.08247824784 184087.99894672498  
    182302.54117227666 180568.42025696178 178860.79025312606  
    177148.75109304715 175462.97997984575 173816.35886557127  
    172172.6135918459 170529.64399510022 168920.95131616504  
    167338.06686511223 165750.76791338483 164172.62012058543  
    162625.6999222934 161089.02977591453 159542.27694018406  
    158005.39576933818 156491.46685515574 154982.83760931902  
    153472.1861284672 151979.1015600161 150516.7473408649  
    149071.9081203159 147636.70489463536 146228.27512190377  
    144856.1023795766 143505.00411600538 142164.75193920534  
    140847.29583628234 139564.92475711054 138307.96315581258  
    137064.13563490927 135841.31218235428 134655.9511547243  
    133506.44962789776 132376.60329748684 131262.64862633147  
    130180.02450468333 129134.7129679655 128108.15346676281  
    127088.40506374251 126086.66594634752 125114.9641138835  
    124163.82554021216 123220.13390665129 122286.73020396935  
    121374.50232693131 120485.35932719498 119610.62288877313  
    118743.24135004063 117882.81793948793 117039.29824240148  
    116215.3044861682 115397.79269382451 114579.39916192328  
    113768.82895511446 112976.71676088776 112196.91120029968  
    111419.92085778555 110646.9426051173 109884.14207377374  
    109137.0890109265 108402.55172434432 107672.71537137928  
    106944.59120573038 106226.43491307236 105525.9453190347  
    104834.57515109185 104144.1261536405 103457.52515291818  
    102781.57025066299 102118.93731590192 101465.09145555174  
    100814.85641089747 100166.60502759018 99528.26631116596  
    98906.55199273251 98293.34162563173 97681.69471908873  
    97074.63880240482 96478.56473947695 95895.40203395483  
    95320.90901332101 94750.94115590837 94183.83416713339  
    93626.71326601283 93086.49971638834 92556.11788758979  
    92029.07357811024 91507.81983544 90997.79308527886  
    90500.62118508095 90011.86001047581 89525.9823551905  
    89040.48296487384 88562.10532521002 88096.11810547276  
    87634.9580386586 87172.33154311698 86711.53602596825  
    86259.52634668518 85816.94969924097 85378.56710974665  
    84941.31085949222 84504.69578331865 84074.91055244915  
    83655.22800871142 83237.84192435074 82817.3898742698  
    82398.9534466148 81990.12288287397 81589.20712602278  
    81191.01276099094 80794.98333064922 80407.65980651088  
    80041.58294433224 79698.7037722251 79371.87845464321  
    79064.79454916697 78791.7492159323 78556.4871917326  
    78357.04257831536 78223.86841605829 78188.56922866922  
    78255.62657821234 78433.72285533737 78739.43068850588  
    79171.01356796245 79778.8234065214 80898.9180199412  
    82761.00944009091 85393.75704783437 88517.32944579056  
    91691.20858663169 94666.90903660626 98020.65229137795  
    104951.90632222436 117687.39727063067 135908.02865251678  
    161432.71772872092 196409.48083681398 241841.78883547866  
    295227.28149316064 348766.072415484 398916.3710999063  
    446037.58292945474 483670.67606569536 506240.89709058654  
    513556.1740716775 507015.9790339612 489005.95191202115  
    459661.4002504722 419407.8188379892 370004.5568042796  
    312080.1248621124 245293.55030334464 169431.1272598689  
    84131.5304946457 -10605.239992946386 
  FFPRIM_EXT = 1.837752019178402 2.0619420406887645 2.2757948218957846  
    2.48630695195157 2.694055305973848 2.899179821381094  
    3.1017225780078013 3.3017039259407346 3.499130403224365  
    3.6940169714305107 3.8863604452958063 4.076165305436657  
    4.263436235910252 4.4481768707393385 4.630393327446095  
    4.810089750679084 4.987270512916194 5.161939964814579  
    5.334101417928647 5.503761255714 5.6709244334265545  
    5.835593672900917 5.997775221776083 6.157469152398228  
    6.314680594121855 6.469448588340982 6.602723716006164  
    6.70233233205693 6.79933741532585 6.897603494302137  
    7.005254136832046 7.13343007420578 7.28146637835296  
    7.44650371852865 7.619190603286491 7.788521522762524  
    7.95160435118414 8.105295942272477 8.249467320389705  
    8.3868521383632 8.51728700069349 8.641861747759465 8.76199688640077  
    8.87661496609624 8.987480007813678 9.093724511487238  
    9.195162636393585 9.292383989270299 9.384563917060659  
    9.472939888705415 9.556654069087655 9.63675190791118  
    9.712741426628176 9.784946847480882 9.853202071736781  
    9.917644586306348 9.978518535731741 10.035570956757413  
    10.089717517747975 10.140270123439239 10.188496554931575  
    10.233299625085067 10.27592507816278 10.315700620151254  
    10.353078279019982 10.388509323083868 10.421172114312542  
    10.45284387996792 10.481766000503558 10.509401859545148  
    10.534908688775898 10.557902838324047 10.57974347771975  
    10.598232696199531 10.615004416326347 10.629873756957839  
    10.641633385375318 10.652305538412019 10.66042034479551  
    10.666076245396379 10.670807872829371 10.672610018658926  
    10.672195120324808 10.670597996777865 10.66610069460637  
    10.659756156471488 10.652412359820637 10.642593990367233  
    10.63128429430878 10.619271371094666 10.605088047260608  
    10.589403334528587 10.573305633890907 10.555446711084103  
    10.535813766524775 10.515699381017196 10.494320074877699  
    10.471160393237287 10.447444419076163 10.423142391121612  
    10.39729344360231 10.370570974519456 10.343829909539663  
    10.31623318698177 10.287417600158072 10.258373638863976  
    10.229166399997021 10.198877381664131 10.167730448814485  
    10.136554576648631 10.104983783486443 10.072408841077351  
    10.039397244670312 10.006507383884545 9.97319488667424  
    9.939097831344903 9.90469763134757 9.870198648301963  
    9.835067000111422 9.79893839272173 9.762173030201968  
    9.724991418755423 9.686928571378093 9.64771972730188  
    9.60777484062949 9.56737574938064 9.526199396730991  
    9.483907928389621 9.440760764969394 9.397093130334877  
    9.352694711772408 9.307116628772173 9.260396443186252  
    9.212973667213873 9.164955534407852 9.115923470712623  
    9.065706835427928 9.01480333974203 8.963540409577641  
    8.911618012848598 8.858705540912883 8.805051420440126  
    8.751011834127368 8.696513974885157 8.641262212455235  
    8.585196888558851 8.52854849970526 8.471509997468086  
    8.414095233894361 8.356033540487662 8.297245403636332  
    8.238078376428446 8.178734469323286 8.118982351077427  
    8.058531454530527 7.997537366230899 7.936255201233049  
    7.8746570291965385 7.812578830147633 7.749863885077455  
    7.686590965949062 7.62297067871736 7.559087377289569  
    7.494720634617154 7.429656181095542 7.364113533296887  
    7.298313527564517 7.232182162384483 7.1655384958811394  
    7.098302815688004 7.030588863476563 6.962533772132192  
    6.894182998643592 6.8253263335534715 6.755779292265919  
    6.685749513289158 6.615422092147361 6.544717837843828  
    6.4734640018137455 6.4016038336160825 6.32924616887929  
    6.256498353329139 6.183404695265514 6.109775314255496  
    6.03541936772123 5.960517182624221 5.885242449431126  
    5.8095319090397375 5.733238395025566 5.656309750426918  
    5.578857512584489 5.501027575061869 5.4228876893100235  
    5.34425675399793 5.26498458576919 5.185263487548907  
    5.105261556558455 5.024893304786251 4.943970309142716  
    4.862463027848571 4.780503018187276 4.698172017878644  
    4.6154843676973005 4.532272155575253 4.4484360301668975  
    4.3641747459116615 4.279632212603426 4.194675713571549  
    4.109097910491029 4.022932223808766 3.9363156315284282  
    3.849268913757288 3.761622229170448 3.6730397863342503  
    3.5834671480469558 3.4931020141690374 3.401860782104179  
    3.3093753879439616 3.2155531475224164 3.120465412686361  
    3.0233387792128124 2.923377285658976 2.8205007545553498  
    2.7144986078313145 2.604987821691212 2.4921042591969584  
    2.3746135445933234 2.2437898236189664 2.0936914656939702  
    1.9236210564609615 1.7410504867159666 1.5575752804202747  
    1.3799981721476304 1.1938117768504055 0.9151407614540641  
    0.48600892872380513 -0.08402760686397993 -0.8420004343578724  
    -1.8436859232258378 -3.115433630867658 -4.591505043253275  
    -6.066444891936193 -7.447896531108585 -8.74712394426204  
    -9.795219798922709 -10.446585945659635 -10.697849178709934  
    -10.586243505233405 -10.174884322417952 -9.468012349671678  
    -8.477104550712614 -7.248148314177664 -5.795775524722952  
    -4.111228634459045 -2.1861968168649026 -0.001624924579026224  
    2.4424870424195433 
/

