&IN1
  ICONVR = 3 
  MXITER = -1 
  NXITER = 51 
  ERROR = 0.0001 
  RELAX = 0.5 
  IOUT = 4 
  ICURRT = 2 
  KPPFNC = 6 
  KPPCUR = 3 
  KFFFNC = 6 
  KFFCUR = 3 
  ISHOT = 1 
  ITIME = 1 
  ITIMEU = 0 
  ITEK = 0 
  ITRACE = 1 
  PLASMA = 10000000.0 
  BTOR = 11.0 
  RCENTR = 4.55 
  RZERO = 4.55 
  LIMITR = 5 
  XLIM = 6.0 3.5 3.5 6.0 6.0 
  YLIM = 1.93 1.93 -1.93 -1.93 1.93 
  NBDRY = 15 
  RBDRY = 5.75 5.717889612279765 5.599231274196216 5.333894952548324  
    4.862048988436734 4.215741544340384 3.606248672667517  
    3.3499999999999996 3.606248672667517 4.215741544340384  
    4.862048988436735 5.333894952548324 5.599231274196216  
    5.717889612279765 5.75 
  ZBDRY = 0.0 0.7289246817174976 1.3134768905462901 1.6378788924654637  
    1.6378788924654637 1.3134768905462901 0.7289246817174978  
    2.0574066225675533e-16 -0.7289246817174975 -1.31347689054629  
    -1.6378788924654637 -1.6378788924654637 -1.3134768905462901  
    -0.728924681717498 0.0 
  IERCHK = 0 
  NEXTRA = 0 
  SCRAPE = 0.01 
  PSIBRY = 0.0 
  CFCOIL = -10.0 
  ENP = 1.0 
  EMP = 1.0 
  FCURBD = 0 
  PCURBD = 0 
  FCZERO = 1.0 1.0 1.0 1.0 1.0 1.0 1.0 1.0 1.0 1.0 1.0 1.0 1.0 1.0 1.0  
    1.0 
  FCSUM = 1.0 1.0 1.0 1.0 1.0 1.0 1.0 1.0 1.0 1.0 1.0 1.0 1.0 1.0 1.0  
    1.0 
  IFREF = 2 
  PRBDRY = 3199.728031457659 
  KBETAPR = 1 
  FWTBDRY = 1.0 1.0 1.0 1.0 1.0 1.0 1.0 1.0 1.0 1.0 1.0 1.0 1.0 1.0 1.0 
  FWTBDRY(2) = 10.0 
  FWTBDRY(3) = 10.0 
  FWTBDRY(4) = 10.0 
  FWTBDRY(5) = 10.0 
  FWTBDRY(9) = 10.0 
  FWTBDRY(10) = 10.0 
  FWTBDRY(11) = 10.0 
  FWTBDRY(12) = 10.0 
/

&PROFILE_EXT
  NPSI_EXT = 257 
  PSIN_EXT = 0.0 0.00390625 0.0078125 0.01171875 0.015625 0.01953125  
    0.0234375 0.02734375 0.03125 0.03515625 0.0390625 0.04296875  
    0.046875 0.05078125 0.0546875 0.05859375 0.0625 0.06640625  
    0.0703125 0.07421875 0.078125 0.08203125 0.0859375 0.08984375  
    0.09375 0.09765625 0.1015625 0.10546875 0.109375 0.11328125  
    0.1171875 0.12109375 0.125 0.12890625 0.1328125 0.13671875 0.140625  
    0.14453125 0.1484375 0.15234375 0.15625 0.16015625 0.1640625  
    0.16796875 0.171875 0.17578125 0.1796875 0.18359375 0.1875  
    0.19140625 0.1953125 0.19921875 0.203125 0.20703125 0.2109375  
    0.21484375 0.21875 0.22265625 0.2265625 0.23046875 0.234375  
    0.23828125 0.2421875 0.24609375 0.25 0.25390625 0.2578125  
    0.26171875 0.265625 0.26953125 0.2734375 0.27734375 0.28125  
    0.28515625 0.2890625 0.29296875 0.296875 0.30078125 0.3046875  
    0.30859375 0.3125 0.31640625 0.3203125 0.32421875 0.328125  
    0.33203125 0.3359375 0.33984375 0.34375 0.34765625 0.3515625  
    0.35546875 0.359375 0.36328125 0.3671875 0.37109375 0.375  
    0.37890625 0.3828125 0.38671875 0.390625 0.39453125 0.3984375  
    0.40234375 0.40625 0.41015625 0.4140625 0.41796875 0.421875  
    0.42578125 0.4296875 0.43359375 0.4375 0.44140625 0.4453125  
    0.44921875 0.453125 0.45703125 0.4609375 0.46484375 0.46875  
    0.47265625 0.4765625 0.48046875 0.484375 0.48828125 0.4921875  
    0.49609375 0.5 0.50390625 0.5078125 0.51171875 0.515625 0.51953125  
    0.5234375 0.52734375 0.53125 0.53515625 0.5390625 0.54296875  
    0.546875 0.55078125 0.5546875 0.55859375 0.5625 0.56640625  
    0.5703125 0.57421875 0.578125 0.58203125 0.5859375 0.58984375  
    0.59375 0.59765625 0.6015625 0.60546875 0.609375 0.61328125  
    0.6171875 0.62109375 0.625 0.62890625 0.6328125 0.63671875 0.640625  
    0.64453125 0.6484375 0.65234375 0.65625 0.66015625 0.6640625  
    0.66796875 0.671875 0.67578125 0.6796875 0.68359375 0.6875  
    0.69140625 0.6953125 0.69921875 0.703125 0.70703125 0.7109375  
    0.71484375 0.71875 0.72265625 0.7265625 0.73046875 0.734375  
    0.73828125 0.7421875 0.74609375 0.75 0.75390625 0.7578125  
    0.76171875 0.765625 0.76953125 0.7734375 0.77734375 0.78125  
    0.78515625 0.7890625 0.79296875 0.796875 0.80078125 0.8046875  
    0.80859375 0.8125 0.81640625 0.8203125 0.82421875 0.828125  
    0.83203125 0.8359375 0.83984375 0.84375 0.84765625 0.8515625  
    0.85546875 0.859375 0.86328125 0.8671875 0.87109375 0.875  
    0.87890625 0.8828125 0.88671875 0.890625 0.89453125 0.8984375  
    0.90234375 0.90625 0.91015625 0.9140625 0.91796875 0.921875  
    0.92578125 0.9296875 0.93359375 0.9375 0.94140625 0.9453125  
    0.94921875 0.953125 0.95703125 0.9609375 0.96484375 0.96875  
    0.97265625 0.9765625 0.98046875 0.984375 0.98828125 0.9921875  
    0.99609375 1.0 
  PPRIME_EXT = 702110.2885239326 692994.3806143637 683995.510841488  
    675113.6792053054 666348.8857058159 657701.1303430194  
    649170.4131169161 640756.7340275057 632460.0930747886  
    624280.4902587645 616217.9255794334 608272.3990367954  
    600443.9106308506 592732.4603615989 585138.0482290401  
    577660.6742331746 570300.3383740021 563057.0406515227  
    555930.7810657364 548921.5596166431 542029.3763042429  
    535254.2311285359 528596.1240895218 522055.05518720095  
    515631.02442157315 509324.0317926385 502939.1151365403  
    496477.64224884834 490263.25997239025 484259.6736064842  
    478466.73462252703 472863.7519216177 467425.14849763823  
    462151.77476758923 457042.379246342 452068.64420021384  
    447220.4297665244 442512.6137023204 437914.7508370254  
    433419.15374317265 429051.88138400385 424768.2260276542  
    420579.74634410755 416493.61275868875 412472.2354428302  
    408552.57299410726 404694.3173569302 400918.79891400784  
    397211.57986300316 393568.99667042325 389996.3474358377  
    386479.4769895491 383026.67774346296 379628.1937251581  
    376283.80484492914 372995.3662805342 369750.9535762039  
    366563.3199150475 363413.52078056696 360316.2228935652  
    357258.63498973043 354240.74734672555 351273.3702769588  
    348327.17202886916 345443.62074715004 342569.2860329492  
    339755.5501838179 336960.4868003678 334199.5956231449  
    331488.7612358084 328776.5094411154 326129.88931044337  
    323490.6999780005 320876.6711043586 318317.99630184594  
    315751.0549332588 313235.432602763 310747.3943157678  
    308255.90191333415 305824.17245486926 303399.2395026077  
    300981.894929794 298621.8087548611 296260.49655442755  
    293913.5631721433 291618.915830554 289318.4348095064  
    287031.27780751674 284794.50794016814 282556.7309576232  
    280326.37957959017 278143.1474028823 275964.3289314278  
    273783.96183875634 271647.3521760987 269529.2539484423  
    267400.19734340056 265300.91359685094 263234.1129291386  
    261160.19103482165 259098.69737056343 257074.7185605623  
    255055.63610671076 253032.3043526385 251039.41411519388  
    249072.4942712299 247098.11290732387 245130.4091713417  
    243196.77083074726 241277.33037287387 239349.1803129564  
    237435.10440074775 235552.1657276566 233676.53156225441  
    231794.24666609726 229928.8219558514 228090.93723478878  
    226257.57899600815 224418.9610288139 222596.9237588296  
    220800.20871733452 219007.8982493626 217210.37881440442  
    215427.12060611945 213668.269499165 211915.486635054  
    210156.94383699383 208408.80132196125 206684.27219686087  
    204968.86483622773 203247.95630430372 201532.6199265332  
    199838.55995317787 198157.38390146403 196473.24053965896  
    194790.05352124252 193122.96419289772 191471.62122123892  
    189822.75211527862 188172.77113504428 186530.52384381788  
    184903.71610699105 183287.01260741352 181671.13223724187  
    180054.60076993087 178448.42380217847 176858.70164270105  
    175274.54352715611 173686.87766866275 172102.6406648521  
    170533.4031978222 168975.2639488535 167417.8062778388  
    165859.94111551892 164308.35723953394 162769.04329602604  
    161238.7853467315 159710.08644918178 158179.59645113023  
    156655.58683254456 155146.0028060056 153643.24402137025  
    152138.65057435253 150634.77586319187 149139.93727826863  
    147655.9032409758 146177.12038857688 144699.07205517404  
    143220.66829411074 141749.6554127296 140291.52651041863  
    138838.4279082656 137383.09398824355 135929.2145712452  
    134485.1376958512 133050.89174058466 131620.55032446375  
    130191.04575994198 128762.44754464694 127341.55672625668  
    125932.55507848522 124528.31076068012 123122.67463850563  
    121719.40286059833 120326.42941811625 118943.34143678789  
    117564.14280157693 116186.53411388275 114811.71524813556  
    113446.0457273431 112092.0238935819 110743.03930016083  
    109394.66835849843 108051.16640559648 106719.48895201215  
    105398.27869586003 104082.12828398572 102769.66502256713  
    101463.19748810244 100168.56163989904 98886.49289862154  
    97610.69453310469 96338.12621728482 95074.50977608934  
    93826.03954623488 92588.68210067494 91356.76246994833  
    90131.50244981545 88917.87944289605 87717.99972754816  
    86528.28027305983 85344.90096103903 84167.67042960908  
    83001.48600427796 81847.95348545842 80700.97080188656  
    79555.02580294514 78412.60762493961 77278.88439657137  
    76149.56407471723 75014.1969469373 73871.05067437082  
    72726.96163747195 71578.59697828117 70413.74510109946  
    69228.9036106668 68029.01093999122 66813.26616147727  
    65574.35161528394 64307.17041871026 63019.73744048427  
    61727.559046168404 60429.66559630647 59124.84157219385  
    57858.772069649116 56674.17327413794 55559.267027064445  
    54584.014874638095 53864.717912692315 53430.444997294115  
    53278.18635563868 53408.526864023894 53829.92354588601  
    54546.96544546724 55079.19620851478 54938.731229866644  
    54144.02659410286 52513.53584775064 49751.83382439689  
    45739.732702278496 40627.3658627812 34871.89758513828  
    28686.187981073665 22019.233731806955 14865.283565991778  
    7197.889954315453 -982.9471034740782 
  FFPRIM_EXT = 2.813100413349951 3.0113964753660776 3.2051973578882524  
    3.395376281481676 3.581940013805829 3.764894881403814  
    3.944247309017496 4.1200063554572806 4.292176210311774  
    4.460772245489771 4.6257919433408965 4.7872411592244895  
    4.945126046656063 5.099451997673377 5.250226211895049  
    5.397453803316316 5.541141098757613 5.681292588821204  
    5.81791504950783 5.951013814889507 6.080594362093018  
    6.206660666547203 6.329220726904604 6.448276313718729  
    6.5638337880492115 6.6758881027661285 6.789926468866399  
    6.905917108691222 7.014763698350138 7.117505394443562  
    7.214166960012811 7.305328734906093 7.391712942425593  
    7.473299362332089 7.550129168273738 7.622997221459057  
    7.692194711136613 7.757305198086509 7.81918599753845  
    7.878055443694095 7.933186252531305 7.985829190562399  
    8.035668171022476 8.082498733533173 8.127378531722943  
    8.169274108727123 8.209313947521261 8.246905071823049  
    8.282447887120231 8.316050530018998 8.347563061452497  
    8.377384442759732 8.405280609309912 8.431527318637182  
    8.456130447480966 8.479040790614325 8.500588758597175  
    8.520422539991271 8.539065699396572 8.556116722442656  
    8.571926131887778 8.586501132522294 8.599532981745682  
    8.611844435681274 8.622280119468572 8.63232481680117  
    8.640555453972311 8.648128543360517 8.654624513216056  
    8.65959226388997 8.664467567018995 8.667388883523708  
    8.669964637964814 8.671711977914365 8.671787561066978  
    8.671954758850891 8.670568839029839 8.668277565951687  
    8.665949266247761 8.661831740645411 8.657383168659841  
    8.652589454276887 8.646074224278298 8.639449876359024  
    8.632295066491311 8.623555271534803 8.614831499576038  
    8.605602614664523 8.594843318259507 8.583965478506787  
    8.572743584111542 8.560079539806663 8.547145777288895  
    8.534112656547464 8.519732462459853 8.504692044318503  
    8.489806907783287 8.473959628358909 8.457069376279605  
    8.44022356635692 8.422890060579906 8.404375485527195  
    8.385572857853118 8.366736441832956 8.346914137763068  
    8.32622295276471 8.305581668539613 8.284606208597822  
    8.262541470326447 8.239926526698149 8.217392748707024  
    8.194319159576924 8.17023302598891 8.145782795930703  
    8.121354867499479 8.096307466229682 8.070341726148627  
    8.044084120128051 8.017806982667546 7.990914815423076  
    7.963162422437758 7.935117284181073 7.907045438148279  
    7.878417833629601 7.848953433069521 7.819147368765984  
    7.789324023613957 7.759045183512463 7.727947282087434  
    7.696420371266932 7.664864287385133 7.632979626974269  
    7.6003351122883185 7.567154880111479 7.533871101117716  
    7.500379135678599 7.466264869374754 7.431532578368312  
    7.396541418993232 7.361390666240114 7.325841692835041  
    7.289681283438055 7.253048731878938 7.21619495510023  
    7.179162285821869 7.141653191351818 7.103497822734299  
    7.0649860944324185 7.026364087762904 6.987446027351835  
    6.947916510887783 6.90787528216878 6.867602352649556  
    6.827128194895087 6.7862724888548325 6.744870610620519  
    6.703004982055968 6.660874793905222 6.618570828081813  
    6.575871372653735 6.532558997969219 6.488832248380961  
    6.444923473612841 6.4007655131359495 6.356133706055322  
    6.310975036565246 6.265434746400661 6.219632603902703  
    6.17359901125567 6.127125399455371 6.080058461517417  
    6.032604506005196 5.984958715479442 5.937022589797838  
    5.888568473843296 5.839590479842846 5.79024482000265  
    5.7406120158094085 5.690690363113109 5.640296655269766  
    5.589312667042396 5.537923050213501 5.486292035346473  
    5.434320346461215 5.38179274090224 5.328713680288911  
    5.275239811729614 5.2214309430489685 5.167254389102524  
    5.112537981677432 5.057208328390967 5.001436809146686  
    4.945341477844323 4.88880867251896 4.831647267969846  
    4.773887015218905 4.715669073252634 4.6570275246790604  
    4.597898061842364 4.538123249209949 4.477677943990007  
    4.416721438463037 4.355332655777579 4.2933600557390355  
    4.23063376834153 4.16725102948059 4.1033588057923005  
    4.038924010345978 3.973810571520323 3.9079543441507614  
    3.8414426205888734 3.7743722834489377 3.706746644907537  
    3.638431698512356 3.5693735767131054 3.499724264942326  
    3.429627494008401 3.359014889145906 3.287737977757694  
    3.215898135494493 3.1437667977167214 3.071386431581888  
    2.9985651901066577 2.925378877157256 2.852142362112016  
    2.7789434823995753 2.705643462320122 2.6322509139784307  
    2.558948544462974 2.4858680806539315 2.4127962103402267  
    2.339313688758206 2.265432789874902 2.1911851056024187  
    2.115375748799094 2.0368841748067865 1.9560226019995817  
    1.870964850944242 1.7786600103890091 1.6783264229481665  
    1.5700194558274065 1.453735282715284 1.329291107062738  
    1.1965040220453533 1.0678156481132972 0.9557617536549934  
    0.8594727720708454 0.7835842544559073 0.7362036160538459  
    0.7213316113924382 0.7364586640562182 0.7723845152636879  
    0.8289194305109729 0.9110438374594523 1.025221985771712  
    1.1866512391588975 1.3953315976095597 
/

