&IN1
  ICONVR = 3 
  MXITER = -1 
  NXITER = 51 
  ERROR = 0.0001 
  RELAX = 0.5 
  IOUT = 4 
  ICURRT = 2 
  KPPFNC = 6 
  KPPCUR = 3 
  KFFFNC = 6 
  KFFCUR = 3 
  ISHOT = 1 
  ITIME = 1 
  ITIMEU = 0 
  ITEK = 0 
  ITRACE = 1 
  PLASMA = 10000000.0 
  BTOR = 11.0 
  RCENTR = 4.55 
  RZERO = 4.55 
  LIMITR = 5 
  XLIM = 6.0 3.5 3.5 6.0 6.0 
  YLIM = 1.93 1.93 -1.93 -1.93 1.93 
  NBDRY = 15 
  RBDRY = 5.75 5.717889612279765 5.599231274196216 5.333894952548324  
    4.862048988436734 4.215741544340384 3.606248672667517  
    3.3499999999999996 3.606248672667517 4.215741544340384  
    4.862048988436735 5.333894952548324 5.599231274196216  
    5.717889612279765 5.75 
  ZBDRY = 0.0 0.7289246817174976 1.3134768905462901 1.6378788924654637  
    1.6378788924654637 1.3134768905462901 0.7289246817174978  
    2.0574066225675533e-16 -0.7289246817174975 -1.31347689054629  
    -1.6378788924654637 -1.6378788924654637 -1.3134768905462901  
    -0.728924681717498 0.0 
  IERCHK = 0 
  NEXTRA = 0 
  SCRAPE = 0.01 
  PSIBRY = 0.0 
  CFCOIL = -10.0 
  ENP = 1.0 
  EMP = 1.0 
  FCURBD = 0 
  PCURBD = 0 
  FCZERO = 1.0 1.0 1.0 1.0 1.0 1.0 1.0 1.0 1.0 1.0 1.0 1.0 1.0 1.0 1.0  
    1.0 
  FCSUM = 1.0 1.0 1.0 1.0 1.0 1.0 1.0 1.0 1.0 1.0 1.0 1.0 1.0 1.0 1.0  
    1.0 
  IFREF = 2 
  PRBDRY = 5809.822877275428 
  KBETAPR = 1 
  FWTBDRY = 1.0 1.0 1.0 1.0 1.0 1.0 1.0 1.0 1.0 1.0 1.0 1.0 1.0 1.0 1.0 
  FWTBDRY(2) = 10.0 
  FWTBDRY(3) = 10.0 
  FWTBDRY(4) = 10.0 
  FWTBDRY(5) = 10.0 
  FWTBDRY(9) = 10.0 
  FWTBDRY(10) = 10.0 
  FWTBDRY(11) = 10.0 
  FWTBDRY(12) = 10.0 
/

&PROFILE_EXT
  NPSI_EXT = 257 
  PSIN_EXT = 0.0 0.00390625 0.0078125 0.01171875 0.015625 0.01953125  
    0.0234375 0.02734375 0.03125 0.03515625 0.0390625 0.04296875  
    0.046875 0.05078125 0.0546875 0.05859375 0.0625 0.06640625  
    0.0703125 0.07421875 0.078125 0.08203125 0.0859375 0.08984375  
    0.09375 0.09765625 0.1015625 0.10546875 0.109375 0.11328125  
    0.1171875 0.12109375 0.125 0.12890625 0.1328125 0.13671875 0.140625  
    0.14453125 0.1484375 0.15234375 0.15625 0.16015625 0.1640625  
    0.16796875 0.171875 0.17578125 0.1796875 0.18359375 0.1875  
    0.19140625 0.1953125 0.19921875 0.203125 0.20703125 0.2109375  
    0.21484375 0.21875 0.22265625 0.2265625 0.23046875 0.234375  
    0.23828125 0.2421875 0.24609375 0.25 0.25390625 0.2578125  
    0.26171875 0.265625 0.26953125 0.2734375 0.27734375 0.28125  
    0.28515625 0.2890625 0.29296875 0.296875 0.30078125 0.3046875  
    0.30859375 0.3125 0.31640625 0.3203125 0.32421875 0.328125  
    0.33203125 0.3359375 0.33984375 0.34375 0.34765625 0.3515625  
    0.35546875 0.359375 0.36328125 0.3671875 0.37109375 0.375  
    0.37890625 0.3828125 0.38671875 0.390625 0.39453125 0.3984375  
    0.40234375 0.40625 0.41015625 0.4140625 0.41796875 0.421875  
    0.42578125 0.4296875 0.43359375 0.4375 0.44140625 0.4453125  
    0.44921875 0.453125 0.45703125 0.4609375 0.46484375 0.46875  
    0.47265625 0.4765625 0.48046875 0.484375 0.48828125 0.4921875  
    0.49609375 0.5 0.50390625 0.5078125 0.51171875 0.515625 0.51953125  
    0.5234375 0.52734375 0.53125 0.53515625 0.5390625 0.54296875  
    0.546875 0.55078125 0.5546875 0.55859375 0.5625 0.56640625  
    0.5703125 0.57421875 0.578125 0.58203125 0.5859375 0.58984375  
    0.59375 0.59765625 0.6015625 0.60546875 0.609375 0.61328125  
    0.6171875 0.62109375 0.625 0.62890625 0.6328125 0.63671875 0.640625  
    0.64453125 0.6484375 0.65234375 0.65625 0.66015625 0.6640625  
    0.66796875 0.671875 0.67578125 0.6796875 0.68359375 0.6875  
    0.69140625 0.6953125 0.69921875 0.703125 0.70703125 0.7109375  
    0.71484375 0.71875 0.72265625 0.7265625 0.73046875 0.734375  
    0.73828125 0.7421875 0.74609375 0.75 0.75390625 0.7578125  
    0.76171875 0.765625 0.76953125 0.7734375 0.77734375 0.78125  
    0.78515625 0.7890625 0.79296875 0.796875 0.80078125 0.8046875  
    0.80859375 0.8125 0.81640625 0.8203125 0.82421875 0.828125  
    0.83203125 0.8359375 0.83984375 0.84375 0.84765625 0.8515625  
    0.85546875 0.859375 0.86328125 0.8671875 0.87109375 0.875  
    0.87890625 0.8828125 0.88671875 0.890625 0.89453125 0.8984375  
    0.90234375 0.90625 0.91015625 0.9140625 0.91796875 0.921875  
    0.92578125 0.9296875 0.93359375 0.9375 0.94140625 0.9453125  
    0.94921875 0.953125 0.95703125 0.9609375 0.96484375 0.96875  
    0.97265625 0.9765625 0.98046875 0.984375 0.98828125 0.9921875  
    0.99609375 1.0 
  PPRIME_EXT = 605488.6160010037 597590.5458284854 589795.7876507483  
    582104.3414677924 574516.2072796177 567031.3850862242  
    559649.874887612 552371.6766837807 545196.790474731  
    538125.2162604623 531156.9540409747 524292.0038162684  
    517530.36558634334 510872.0393511994 504317.0251108367  
    497865.32286525524 491516.93261445494 485271.85435843584  
    479130.08809719793 473091.63383074116 467156.49155906576  
    461324.6612821714 455596.14300005825 449970.93671272637  
    444449.0424201756 439030.46012240613 433539.6550808138  
    427985.7831018362 422641.1240465435 417484.2143542189  
    412521.4026824762 407727.4072702574 403074.19980114966  
    398563.80526689184 394204.4469866612 389971.4764213044  
    385838.29876743234 381823.60185344156 377926.62265336723  
    374108.0745295939 370395.6331732749 366776.75407988473  
    363218.8325047785 359765.59725478844 356367.82823838084  
    353049.198147326 349803.27146787546 346608.2407425137  
    343494.497000181 340420.21100919 337419.87525019236  
    334460.3331274357 331561.7525574395 328707.65360600146  
    325903.1954256521 323146.3166094746 320428.11592785537  
    317762.62956465036 315122.69449532527 312542.78001426824  
    309976.7907756128 307471.080394775 304981.8327045678  
    302536.9227117299 300127.4449950362 297733.992174156  
    295400.3773518973 293060.4536256596 290785.6176751686  
    288515.1685941521 286273.8001035277 284085.45035455166  
    281876.7910145663 279734.23415578855 277600.8957828919  
    275472.5459551894 273410.0216635502 271329.0794592106  
    269284.1625674791 267286.1547945305 265260.3108658991  
    263284.21670238744 261339.79080837657 259373.29798652514  
    257461.83471361935 255573.0051746825 253660.4728379632  
    251798.77559658096 249961.6398628126 248102.54177491067  
    246288.7105250404 244505.93553626048 242696.9193614321  
    240916.96513819578 239181.2627124826 237428.36986857175  
    235684.21767339116 233987.54642697994 232288.18505625622  
    230578.00363464287 228910.4220045654 227266.31904013577  
    225600.64196821355 223949.56145537185 222342.04760323133  
    220734.858123612 219112.8007028494 217519.98256756813  
    215958.0986413185 214386.02025123476 212811.18640254132  
    211269.17171382153 209745.89498380915 208210.44159044707  
    206680.521339864 205181.83018130405 203694.98355385684  
    202197.11512283306 200707.2235071679 199245.89233226102  
    197795.08638824505 196334.82877494866 194880.1604613487  
    193451.43720459373 192036.10084567184 190613.09398534655  
    189190.25035228068 187789.99535155846 186408.2564274004  
    185021.93554776366 183629.62963818054 182254.48633231217  
    180902.80660604296 179551.8982543053 178190.90016853478  
    176839.24987317645 175512.69420127268 174194.24608390394  
    172866.38608569652 171539.5874306622 170233.09021165  
    168941.5292833966 167647.8116063837 166350.81274102716  
    165061.32156494225 163788.9958312788 162527.34153301758  
    161263.43986178102 159995.35773869237 158738.3040534095  
    157501.21656765233 156268.78805603797 155029.3924455785  
    153791.93045737036 152571.20453380738 151363.4714690491  
    150156.47696052468 148948.1279841081 147742.5536944712  
    146550.75503122061 145373.76140442723 144198.3433547394  
    143018.37759666203 141844.4166815508 140688.66416740126  
    139543.3356805631 138398.07487376046 137254.37197191457  
    136117.43712606636 134995.56535981986 133887.87964643654  
    132783.91714019602 131679.22368006277 130584.42744220431  
    129511.0110503546 128450.31942598282 127393.70302391163  
    126344.91869164555 125309.60786747445 124293.87804733554  
    123297.97315901925 122315.30946631925 121341.57006271309  
    120386.10839654635 119462.51835489788 118565.473963823  
    117685.26082311886 116827.03001481257 116001.61917759184  
    115216.01080910608 114467.71396376744 113755.87938736257  
    113084.19747381467 112460.1255100083 111896.03770351488  
    111396.36465597377 110959.35042046654 110585.20764725041  
    110292.01600804628 110100.95251546956 110010.82205521691  
    110016.46566860972 110138.68099983936 110406.19986112686  
    110823.20771427688 111394.60292970564 112146.16163988934  
    113098.01262362394 114257.62195958634 115658.24987752101  
    117331.80560426402 119278.00562183873 121512.5127343657  
    124094.59960326282 127056.8871160579 130384.44812932721  
    134103.03184368857 138269.3484544903 142906.54036089452  
    148006.63923741385 153568.25179682134 159607.96383085928  
    166155.80734530528 173169.78081296402 180555.9009769754  
    188305.00938078947 196427.11184888336 204724.5256536611  
    213006.68011934846 221309.60876390536 229434.73440618676  
    237006.4975206842 243919.03728949325 250108.01955443455  
    255163.11854559236 258795.88630667818 261014.56774948433  
    261599.64632834127 260317.74805883731 257112.36460391936  
    252007.41616944235 245184.85450506484 236758.10938055083  
    226700.4283025688 215246.54017672082 202669.94673743972  
    188860.35163959055 174620.15315675217 161190.96032538777  
    149056.42273669207 137343.25531768525 123440.6754129603  
    106056.72951461788 85327.12357031237 61093.25915871411  
    33233.08083121464 1746.588586576283 
  FFPRIM_EXT = 5.35835280871072 5.524894971838734 5.683457565265023  
    5.838845195332539 5.991076092559551 6.140154929949356  
    6.286085360185057 6.42887591636574 6.568527843344863  
    6.705055019738212 6.838453978623805 6.96872842946501  
    7.095882738594784 7.219920552367927 7.340847881625374  
    7.458668385654458 7.573386263524011 7.685005787066283  
    7.793530239993666 7.8989645319429105 8.001312829501375  
    8.100577466207127 8.196765167725696 8.289876312202662  
    8.379916495835735 8.466880909274185 8.555698754950594  
    8.646117894342588 8.73049925324798 8.809462459589982  
    8.882844771438648 8.951354899453829 9.015780199843789  
    9.076068532876327 9.13199086245784 9.184239161184411  
    9.233563127034513 9.279442237395525 9.321895859089764  
    9.362026797946255 9.399065036413559 9.433358499210717  
    9.465823922299982 9.495239270354071 9.522978034522698  
    9.54838622592657 9.57163776660255 9.59334841354752  
    9.612665571988599 9.630759509452234 9.64667003200061  
    9.66131832603315 9.674146938317634 9.68561058290889  
    9.69557437972686 9.70408716128432 9.711403072520907  
    9.71712676467196 9.722021794899778 9.725123912793327  
    9.727713732721678 9.728507450964763 9.728718149292737  
    9.727581012624409 9.725330514576191 9.722516846311052  
    9.717912715050936 9.713360280756245 9.706880065916916  
    9.700147932957645 9.692490204413128 9.68323167782614  
    9.674414388058578 9.663644481265052 9.652487737414697  
    9.641071020382885 9.627698487989768 9.614703889236687  
    9.60059185266489 9.585049208138509 9.570149623671451  
    9.553750630962814 9.536338358069491 9.519405603464497  
    9.500823717104687 9.481478638695908 9.462660603918323  
    9.442312028629786 9.421145000116102 9.400449420464964  
    9.378372570868756 9.355298531483468 9.332814722271284  
    9.3093999576807 9.284621198243826 9.260173089763704  
    9.235352405903797 9.209085576973568 9.182747438251159  
    9.15656842497757 9.129076230444593 9.100789765391728  
    9.072953875737793 9.044579258027824 9.01485917344009  
    8.984977114056552 8.95535904383443 8.924795670871308  
    8.893230697491383 8.861791758513911 8.830282035892257  
    8.797722592184265 8.764490763977932 8.731437433204361  
    8.698084473359167 8.663722365582988 8.628873401023597  
    8.594166257200182 8.559085434821785 8.52306453861441  
    8.486592005021686 8.45021526396139 8.413526023277687  
    8.37596417733695 8.337866948641988 8.299810425864369  
    8.261585223024596 8.222577125722498 8.182889877527504  
    8.143152846019984 8.103409481734545 8.063028932903759  
    8.02183095859952 7.980429509605721 7.939125069496255  
    7.89739283833021 7.85479935212723 7.8117972905912225  
    7.768864467359444 7.725721857882069 7.681845884211733  
    7.637372195444042 7.592762511119912 7.548051869256579  
    7.502950159751112 7.457190127875705 7.41094057699355  
    7.364551330703636 7.318078473955973 7.271112396253981  
    7.223405041812601 7.1753606262991845 7.1272948689544435  
    7.078973335474869 7.02999755958723 6.980456869399182  
    6.93067708309043 6.880718031814168 6.830471518117101  
    6.779639163903136 6.728185463763323 6.676462128253479  
    6.624636402007747 6.572427314269904 6.51950298049114  
    6.466063092445079 6.412385050011534 6.358431760253737  
    6.304064573998595 6.249056288883915 6.193422822406953  
    6.137442777424823 6.081238374736936 6.024525628219845  
    5.966990115900538 5.908858179419138 5.850362568087958  
    5.7914027043007525 5.731824929275538 5.671464363634253  
    5.610310805578445 5.548534624132985 5.486252076060268  
    5.423216235280115 5.3590609377712335 5.293918922176131  
    5.228049407326765 5.1613180941598245 5.093436722500616  
    5.0242146064800615 4.953711837286765 4.881950178488163  
    4.808835458257359 4.734172907595195 4.657628123925052  
    4.57907567991356 4.498565472441504 4.416098752128583  
    4.331196863253876 4.243292536771872 4.15241576962552  
    4.058708721053034 3.961625766076433 3.860409801052588  
    3.7549498798152765 3.6451150416719065 3.5302295407146946  
    3.4097724569687777 3.283554595851875 3.150692654636041  
    3.010347803864034 2.8625465091870765 2.7068910711256375  
    2.5418159664934605 2.366459362819329 2.1812348867684466  
    1.9854814804235983 1.7777126010319695 1.5573210965185815  
    1.3245237665284333 1.0793714928562363 0.8214374606861268  
    0.5499261564669509 0.2659437227760329 -0.028030273758016498  
    -0.33177318537202405 -0.6455855819785503 -0.9642790640541776  
    -1.282871968180645 -1.6023966207071223 -1.9176986325439895  
    -2.2189740525659136 -2.503556778473585 -2.7698739313198155  
    -3.0072294179460055 -3.208179670678314 -3.3730950317924027  
    -3.4962813509524984 -3.571625708764577 -3.5976308870935916  
    -3.574853051338563 -3.507922096302254 -3.3996193708368505  
    -3.2489925381965348 -3.0617118219140536 -2.844086158000885  
    -2.5920933521665366 -2.3254398444805724 -2.0758378531760338  
    -1.855756537786399 -1.64212552719975 -1.3661905618844312  
    -0.991732410624043 -0.5211800771572903 0.05316227748652484  
    0.7447796291617513 1.5536719778701809 
/

