&PROFILE_EXT
  NPSI_EXT = 257 
  PSIN_EXT = 0.0 0.00390625 0.0078125 0.01171875 0.015625 0.01953125  
    0.0234375 0.02734375 0.03125 0.03515625 0.0390625 0.04296875  
    0.046875 0.05078125 0.0546875 0.05859375 0.0625 0.06640625  
    0.0703125 0.07421875 0.078125 0.08203125 0.0859375 0.08984375  
    0.09375 0.09765625 0.1015625 0.10546875 0.109375 0.11328125  
    0.1171875 0.12109375 0.125 0.12890625 0.1328125 0.13671875 0.140625  
    0.14453125 0.1484375 0.15234375 0.15625 0.16015625 0.1640625  
    0.16796875 0.171875 0.17578125 0.1796875 0.18359375 0.1875  
    0.19140625 0.1953125 0.19921875 0.203125 0.20703125 0.2109375  
    0.21484375 0.21875 0.22265625 0.2265625 0.23046875 0.234375  
    0.23828125 0.2421875 0.24609375 0.25 0.25390625 0.2578125  
    0.26171875 0.265625 0.26953125 0.2734375 0.27734375 0.28125  
    0.28515625 0.2890625 0.29296875 0.296875 0.30078125 0.3046875  
    0.30859375 0.3125 0.31640625 0.3203125 0.32421875 0.328125  
    0.33203125 0.3359375 0.33984375 0.34375 0.34765625 0.3515625  
    0.35546875 0.359375 0.36328125 0.3671875 0.37109375 0.375  
    0.37890625 0.3828125 0.38671875 0.390625 0.39453125 0.3984375  
    0.40234375 0.40625 0.41015625 0.4140625 0.41796875 0.421875  
    0.42578125 0.4296875 0.43359375 0.4375 0.44140625 0.4453125  
    0.44921875 0.453125 0.45703125 0.4609375 0.46484375 0.46875  
    0.47265625 0.4765625 0.48046875 0.484375 0.48828125 0.4921875  
    0.49609375 0.5 0.50390625 0.5078125 0.51171875 0.515625 0.51953125  
    0.5234375 0.52734375 0.53125 0.53515625 0.5390625 0.54296875  
    0.546875 0.55078125 0.5546875 0.55859375 0.5625 0.56640625  
    0.5703125 0.57421875 0.578125 0.58203125 0.5859375 0.58984375  
    0.59375 0.59765625 0.6015625 0.60546875 0.609375 0.61328125  
    0.6171875 0.62109375 0.625 0.62890625 0.6328125 0.63671875 0.640625  
    0.64453125 0.6484375 0.65234375 0.65625 0.66015625 0.6640625  
    0.66796875 0.671875 0.67578125 0.6796875 0.68359375 0.6875  
    0.69140625 0.6953125 0.69921875 0.703125 0.70703125 0.7109375  
    0.71484375 0.71875 0.72265625 0.7265625 0.73046875 0.734375  
    0.73828125 0.7421875 0.74609375 0.75 0.75390625 0.7578125  
    0.76171875 0.765625 0.76953125 0.7734375 0.77734375 0.78125  
    0.78515625 0.7890625 0.79296875 0.796875 0.80078125 0.8046875  
    0.80859375 0.8125 0.81640625 0.8203125 0.82421875 0.828125  
    0.83203125 0.8359375 0.83984375 0.84375 0.84765625 0.8515625  
    0.85546875 0.859375 0.86328125 0.8671875 0.87109375 0.875  
    0.87890625 0.8828125 0.88671875 0.890625 0.89453125 0.8984375  
    0.90234375 0.90625 0.91015625 0.9140625 0.91796875 0.921875  
    0.92578125 0.9296875 0.93359375 0.9375 0.94140625 0.9453125  
    0.94921875 0.953125 0.95703125 0.9609375 0.96484375 0.96875  
    0.97265625 0.9765625 0.98046875 0.984375 0.98828125 0.9921875  
    0.99609375 1.0 
  PPRIME_EXT = 558622.9809159108 551545.9993944454 544562.4480674597  
    537672.3269349535 530875.6359969268 524172.3752533797  
    517562.54470431205 511046.14434972405 504623.1741896155  
    498293.6342239866 492057.5244528372 485914.8448761673  
    479865.595493977 473909.77630626626 468047.3873130351  
    462278.4285142834 456602.89991001127 451020.8015002187  
    445532.1332849057 440136.8952640722 434835.0874377183  
    429626.7098058439 424511.76236844907 419490.2451255338  
    414562.158077098 409727.5012231418 404826.0287906943  
    399866.7141050685 395095.9421483441 390496.4994116595  
    386073.59331485233 381803.7477006429 377661.88643472135  
    373649.1476451854 369773.0308223864 366012.3633921811  
    362341.6133158736 358776.45970506826 355320.4223548698  
    351934.726240775 348642.71969343245 345437.9779206849  
    342286.2030351141 339229.36835825373 336223.58501566376  
    333286.95726534014 330418.53363248927 327593.26506663987  
    324843.3223339895 322127.6168916673 319478.7174840552  
    316866.44402360206 314308.8326180521 311791.1643441533  
    309318.1029327472 306887.5036149251 304491.8181861189  
    302143.1739175402 299817.3036117052 297545.97491510236  
    295285.3117756401 293081.17002865346 290888.563608013  
    288738.63996602094 286617.90247129946 284512.7350333354  
    282461.18203916075 280402.1515168909 278404.26500237174  
    276406.6415705916 274437.90554602176 272515.5202284042  
    270573.0262572312 268693.3315234183 266817.9541269343  
    264948.24276252824 263138.9739627987 261309.4863479759  
    259515.32273852034 257762.53032451295 255981.80047924083  
    254248.97349227028 252542.9481569719 250815.00076904387  
    249139.63130318566 247482.7977813183 245802.58913782495  
    244170.8674930197 242559.83160312183 240926.72736996668  
    239336.9292523063 237774.66502429894 236185.75155568734  
    234624.55230892927 233104.19156392157 231565.4998408955  
    230034.90596550767 228548.94398948643 227058.46232303436  
    225556.6398717755 224095.23977783517 222655.0856011113  
    221192.6970841023 219743.54740415828 218335.60363399275  
    216926.69926617152 215502.15743582128 214104.99339258563  
    212736.93752404628 211357.82355764435 209974.72904135037  
    208622.57414671208 207287.91060911102 205940.2555022565  
    204596.5441202735 203282.35730810132 201979.1725208572  
    200664.08546055784 199355.2017461224 198073.34430546692  
    196801.41195388115 195519.13544823765 194240.60646918137  
    192986.54334553046 191745.3876529221 190495.75173516778  
    189244.47312367283 188014.23938588233 186802.05149967104  
    185584.6253756134 184359.55946453585 183149.9701760857  
    181963.2065402408 180776.7302633969 179578.81017143605  
    178388.43889523868 177222.11346555228 176063.48714888102  
    174894.5653964774 173724.9848572695 172573.98633780616  
    171437.31696569978 170298.1616355559 169154.4106695304  
    168015.77111887868 166893.02737882658 165781.00714273826  
    164665.70521380415 163544.06348650344 162431.46491493876  
    161338.0634922732 160248.62342275731 159150.65212013526  
    158052.41373874547 156968.7180466997 155896.94646174635  
    154824.9711777256 153749.70170476244 152674.09711177202  
    151609.7266061568 150559.13379710139 149508.34214739728  
    148449.85196620968 147393.67352277564 146352.80321281933  
    145320.12991120474 144284.41297357588 143246.12200334616  
    142209.60236516705 141183.64217332704 140168.08615141347  
    139151.39551761112 138127.89394112505 137106.93571287996  
    136100.11162057205 135099.79998366453 134095.90189651758  
    133089.61297012644 132085.18274437642 131090.12433333206  
    130103.90331808887 129116.37403901061 128122.44495862217  
    127130.5556978194 126151.38881714753 125177.96207159717  
    124200.84532935117 123221.16470570589 122243.26317178656  
    121274.0086717335 120312.37525803351 119349.14088688613  
    118380.04351957516 117413.25103093887 116458.38556994163  
    115508.50773128765 114554.80332734421 113598.77664617711  
    112646.36279153675 111703.21341192495 110766.23289244436  
    109827.68540128155 108885.83851560425 107950.26335392027  
    107028.1155889731 106111.3848563669 105193.83749357477  
    104280.61561378291 103380.37094482605 102496.77010339913  
    101627.07290253938 100767.94618920525 99923.94312542095  
    99114.3485354446 98347.74181933075 97611.6958602242  
    96918.47766841002 96303.90292535166 95780.1756836216  
    95344.54986591314 95045.36428711357 94936.4889561928  
    95015.11940043993 95352.4789178591 96081.03619193152  
    97238.84506696547 98853.89869454253 101211.88429973688  
    104557.4835770108 108834.36661658532 114391.0731728518  
    121876.17993997567 131449.210245921 143208.62485436746  
    158118.4154200104 176929.24029325438 199608.3956869496  
    226476.04792229025 257917.45631630847 294311.615118107  
    334816.65526659973 376252.18240583 417031.4858322096  
    457373.52615525154 491014.04703419155 511933.2228449724  
    519977.7693353902 515362.0352742155 498603.6645196747  
    469444.55907083757 428474.95793345524 377967.6168148364  
    318842.0086462571 250690.37377935118 173307.6202896214  
    86315.35888031073 -10286.410452008247 
  FFPRIM_EXT = 6.556981793873483 6.70179499115842 6.837493162599165  
    6.970172608453769 7.09999132784942 7.226963159974744  
    7.351091286080122 7.472383855036785 7.590841193592577  
    7.706476312004508 7.81928529066251 7.929270796881075  
    8.036436263766227 8.14078495419438 8.242322765406907  
    8.341052003888617 8.436975652376997 8.530097631691936  
    8.620420995468319 8.707950082019035 8.792688979956118  
    8.874638277596326 8.953803058246251 9.030184217968053  
    9.103787921090387 9.174608791576063 9.247146304729004  
    9.321152688973605 9.389715132017097 9.453332083261028  
    9.511870790160735 9.565989409090086 9.616392390267306  
    9.663051626629272 9.70575752506755 9.745104579300632  
    9.78181245584865 9.815444606125212 9.845900066915277  
    9.874266541218072 9.899894896790645 9.922961432456262  
    9.944429534840072 9.963127077037072 9.980278852147105  
    9.995385655024773 10.008467393014215 10.020229561615022  
    10.029770111945284 10.038238406373644 10.044729301473568  
    10.050079585210202 10.053791342697568 10.056269285418814  
    10.05739269744349 10.057212611572304 10.05594687987686  
    10.053250679591418 10.049806502566948 10.044725929044429  
    10.039231453498955 10.03204929092098 10.024424121893194  
    10.015500201588566 10.005641383232103 9.995237128422438  
    9.983219295382003 9.971289978767423 9.95754397104318  
    9.943665210302544 9.928871699216065 9.912665599259414  
    9.896898071724966 9.879271819268737 9.861399785919094  
    9.843253442889349 9.823302657612617 9.80378338114247  
    9.783168316824874 9.761278571918954 9.740039234000626  
    9.717354992104005 9.693796149577246 9.670716738422326  
    9.646056999214608 9.620749793482755 9.595964568988691  
    9.569716212933148 9.542759475288427 9.516280878333149  
    9.488477378383251 9.459776292524682 9.43168003817635  
    9.402692501900813 9.37243767166817 9.342548229806537  
    9.3123062261548 9.280698525830811 9.249073316669978  
    9.217625100057177 9.184926140352022 9.151495902869637  
    9.118536066806794 9.085077357668467 9.050342261059878  
    9.015483244335353 8.980910641989556 8.945445639894395  
    8.909032937372055 8.87277288495689 8.836477134059855  
    8.79918513777934 8.761258301534713 8.723534795733222  
    8.685556255804558 8.64661669289628 8.607216159359542  
    8.567984484405473 8.528430188779549 8.487979975450036  
    8.447096719406574 8.40633582826986 8.365314684118001  
    8.323462991716184 8.281090878363344 8.238784210237853  
    8.196361178175199 8.15319966386279 8.109373166049 8.065516291755939  
    8.021699882023334 7.9772946140276755 7.932092408000235  
    7.886701894887313 7.841446541146804 7.795813880409664  
    7.749351056864814 7.7024928571884175 7.655729428333805  
    7.608803917580168 7.561192526667401 7.513002952719649  
    7.464690142821242 7.416314049666436 7.36761199347751  
    7.318287294895351 7.268474261499118 7.2185514777908875  
    7.168605061955427 7.118219642775721 7.06711372082241  
    7.01569230524713 6.964295490140833 6.9127038566121755  
    6.860515362795223 6.80779276507778 6.754860609993992  
    6.701802948042806 6.648540610165153 6.5947608702652865  
    6.540389471865055 6.485797505410501 6.431188852207684  
    6.376296833586926 6.320768169944563 6.2647838749320615  
    6.208644730554859 6.152341641108251 6.095760124215964  
    6.038658329230439 5.981030241331892 5.923184073729916  
    5.86527569352741 5.807055654032457 5.748206379215171  
    5.688922783689334 5.629475063766769 5.569833799049306  
    5.509886171435108 5.449424296087263 5.388452058349644  
    5.327239485922064 5.26592622742135 5.204287830699071  
    5.1420311669893 5.0793327355943205 5.016443337122505  
    4.953334618614738 4.889890627788049 4.825923040356869  
    4.76145019442229 4.696713040819793 4.6318263294633475  
    4.566573488773807 4.50069180237376 4.434356016750037  
    4.367798690552879 4.300979223119315 4.2337359476572285  
    4.165912928691198 4.097585784862845 4.028954922535624  
    3.9600654836804234 3.8906613063720954 3.8205428111803355  
    3.7499126583353584 3.67893606275374 3.607478243808158  
    3.535305042074476 3.462307369503357 3.3885523326062357  
    3.3141306431006 3.2389238748438047 3.162414880151738  
    3.084365049089783 3.0051043842757945 2.924315195153368  
    2.84105406983487 2.754996123934032 2.6662147149942266  
    2.5734416869212726 2.475271101101791 2.3717972039657056  
    2.2611442629458325 2.1398367200521307 2.0069299993976175  
    1.861751798488746 1.696785704367409 1.5056402476003483  
    1.2899611327255665 1.0406912111347015 0.7408447477609861  
    0.3864381286949947 -0.02481212605381235 -0.518047522635104  
    -1.1127205257715966 -1.8074991709071648 -2.6102963705915307  
    -3.530706099801737 -4.578453853283021 -5.73122512171919  
    -6.905023953399281 -8.058157117677194 -9.197551150231984  
    -10.15964261195276 -10.787230744806713 -11.077732254163733  
    -11.037322419876268 -10.680081770418974 -10.00001561355511  
    -9.012914423685562 -7.777583889375299 -6.315326551615673  
    -4.615071593907478 -2.6680430359403773 -0.4521748985646088  
    2.0325328182680096 
  P_EXT = 1625621.2585324564 1585540.5889129243 1560997.493172937  
    1540386.9064553871 1521870.4967788719 1504728.630972358  
    1488588.5071767624 1473227.1978333886 1458497.0982348435  
    1444297.3367805998 1430549.9444719781 1417197.1810317556  
    1404194.0187323731 1391504.0192435319 1379097.730940687  
    1366950.3516460343 1355041.1794257695 1343352.619424585  
    1331869.1838849508 1320577.670861336 1309466.5499779289  
    1298525.1813736686 1287744.8391564745 1277116.8801722317  
    1266634.3640626252 1256290.2142196475 1246078.638884599  
    1235994.1158438837 1226031.417563799 1216186.2010515197  
    1206454.0330957705 1196830.736636621 1187312.829054624  
    1177897.1579852463 1168580.3496274343 1159359.1683701163  
    1150231.0986756403 1141193.8041262543 1132244.4290951241  
    1123380.7125005138 1114600.870111248 1105902.2381822644  
    1097283.3386874807 1088742.357123171 1080277.0659529741  
    1071886.6155069466 1063568.547841786 1055322.1031110273  
    1047145.399682898 1039037.1551349538 1030996.3201295377  
    1023021.1192381062 1015111.0889475669 1007264.2261901681  
    999480.3697070222 991757.5014643946 984095.5559829224  
    976492.6840888156 968948.6808247194 961462.1412917994  
    954032.3681867612 946658.7744176143 939339.8726091115  
    932075.9357552155 924864.9241466911 917707.4153654154  
    910601.6196594476 903547.4673425558 896544.3191815163  
    889590.8312210743 882687.586399378 875832.6468807377  
    869026.328087239 862268.0746762897 855556.475144239  
    848892.2246703391 842273.8976355928 835701.0212259619  
    829173.9438365877 822690.9597936982 816252.3304073135  
    809857.9821547265 803506.397108499 797197.9803970987  
    790932.3963118487 784708.2516699064 778526.0761794071  
    772385.5613556984 766285.4176914332 760226.0226333134  
    754207.2016099056 748227.636213167 742287.5854830883  
    736387.2194063575 730525.3232185823 724701.6684408642  
    718916.6873135585 713169.4572139648 707459.3792463292  
    701786.9252051888 696151.7023395181 690552.6697042985  
    684990.0062310684 679463.9879472809 673973.7378662103  
    668518.6532642005 663099.1553407905 657715.124789736  
    652365.6533869939 647050.5401923121 641770.1457689172  
    636524.07647284 631311.5790443232 626132.6722140433  
    620987.592343653 615875.8331345224 610796.7892842314  
    605750.5511648832 600737.2824316348 595756.4857469685  
    590807.6204602788 585890.7561389446 581006.0546863105  
    576153.1109658468 571331.3732973677 566540.8284255909  
    561781.678901158 557053.6720937516 552356.2202518638  
    547689.17595822 543052.7747508045 538446.9508743604  
    533871.1259669471 529324.9838345209 524808.735970659  
    520322.4878680258 515865.7764566828 511438.1337827041  
    507039.655604924 502670.53142073075 498330.5245141875  
    494019.1363622162 489736.25211518345 485481.98838002066  
    481256.3602024034 477059.087295817 472889.78639717685  
    468748.37699156615 464635.0126434293 460549.703530021  
    456492.0298219363 452461.6611149291 448458.706307501  
    444483.3107534695 440535.2877983802 436614.2406759723  
    432720.047838121 428852.7655365713 425012.4521150839  
    421198.9940908324 417412.01718272665 413651.34301273315  
    409917.10581201396 406209.41098499333 402528.01228842704  
    398872.55655735027 395243.0205366921 391639.48222079384  
    388061.96027116384 384510.31010816386 380984.22168097383  
    377483.5785816079 374008.50511551055 370559.0928324767  
    367135.10399632924 363736.2283102124 360362.47029381956  
    357013.9108519332 353690.56341850804 350392.2941137784  
    347118.8342389879 343870.0897702394 340646.1780878969  
    337447.1895842047 334272.91286901466 331123.0691409877  
    327997.6698962201 324896.8004222985 321820.47708384355  
    318768.57323250576 315740.8479882796 312737.22865937685  
    309757.82675338164 306802.7208258895 303871.70462518604  
    300964.52486535965 298081.2004627923 295221.81811768794  
    292386.370527435 289574.68624899595 286786.54537426046  
    284021.89733097097 281280.82108565967 278563.3086305158  
    275869.0737480646 273197.85624368326 270549.62990713044  
    267924.36684082483 265321.8487790305 262741.68508055445  
    260183.48554758882 257646.94833134883 255131.77948217775  
    252637.39170375164 250162.73681269688 247706.8834873542  
    245269.02469078935 242847.62371653723 240440.47208895683  
    238045.3489343988 235659.6317087213 233279.05688128492  
    230898.82109717655 228513.70938110724 226115.45469451958  
    223693.50186092636 221236.97138093167 218731.66763098352  
    216154.88505311758 213482.33431606725 210688.23599211406  
    207731.70405888726 204561.03836483567 201123.7799304055  
    197355.55087137455 193164.58057507413 188453.62270715623  
    183123.05274666732 177061.9785767655 170152.05851758132  
    162273.5492930751 153359.65102229657 143417.20205939317  
    132457.174448783 120544.68465563841 107948.52660359166  
    94988.62205384621 81987.3933345366 69254.55428240963  
    57095.592817780416 45819.59204445936 35695.481039926206  
    26943.772324279482 19787.08339055587 14453.585560884958  
    11179.318996853188 10208.479178991342 
  F_EXT = 50.8325518425 50.829292385355856 50.82596389874795  
    50.82256819664062 50.81910712450048 50.815582419562205  
    50.81199546192912 50.80834755711503 50.80464010294712  
    50.80087451414646 50.797052185164276 50.793174491806084  
    50.789242770664174 50.785258368131 50.78122273266581  
    50.77713730492237 50.77300341879217 50.768822384886136  
    50.764595575041525 50.76032436863005 50.75601019345498  
    50.75165444979822 50.747258476155054 50.74282356949006  
    50.73835104447545 50.73384198156005 50.729296670009006  
    50.72471535647684 50.72009909729198 50.715449385096576  
    50.71076867997837 50.706059544312055 50.70132409422345  
    50.69656421589397 50.69178165795171 50.68697808375671  
    50.682155169661684 50.677314461563995 50.67245734748994  
    50.66758511261395 50.662699004355915 50.657800195621654  
    50.652889830231445 50.647968942146036 50.64303862577064  
    50.63809987407834 50.63315363560626 50.62820077706009  
    50.62324207987656 50.61827830884418 50.61331028787859  
    50.608338817844455 50.60336457296634 50.59838819410552  
    50.59341037074989 50.58843176978408 50.583452992749145  
    50.578474611340724 50.57349720489385 50.5685213450596  
    50.56354758994759 50.55857647983966 50.55360850817163  
    50.54864415266148 50.54368393050906 50.53872831415493  
    50.533777748302725 50.52883260120524 50.5238932739516  
    50.518960129254616 50.5140336081492 50.50911413037306  
    50.50420209237019 50.499297887665634 50.49440197642344  
    50.48951475789468 50.484636481741845 50.479767348076344  
    50.47490768473274 50.47005785402544 50.465218255394824  
    50.46038927426387 50.45557123525009 50.45076440045125  
    50.44596898839001 50.44118521941614 50.43641345022226  
    50.43165405130327 50.42690730689915 50.42217344680337  
    50.417452670835516 50.41274519490143 50.408051374085915  
    50.40337155473982 50.398705927971506 50.39405466178414  
    50.38941800968245 50.384796255409015 50.380189679841536  
    50.37559852715307 50.37102298152389 50.366463212756386  
    50.36191947317138 50.357392023705096 50.35288110605902  
    50.348386928344965 50.34390967943533 50.33944954662324  
    50.33500678175239 50.33058162531857 50.32617427713616  
    50.321784914045026 50.317413726557916 50.31306091717222  
    50.308726702255605 50.30441130011182 50.3001149026949  
    50.295837689228144 50.29157983225528 50.287341511129455  
    50.283122964865754 50.27892441242448 50.27474602967831  
    50.27058796528459 50.266450391352606 50.2623334957545  
    50.2582374773374 50.254162537410586 50.25010884411123  
    50.24607656559813 50.24206588238862 50.23807698326129  
    50.23411006913083 50.230165316585285 50.22624286555728  
    50.222342862389326 50.21846553939358 50.214611121218525  
    50.21077972912131 50.20697148468179 50.203186562167744  
    50.19942517178764 50.1956874925353 50.19197369625867  
    50.18828394979079 50.18461841860085 50.18097727800189  
    50.17736069674229 50.17376883187444 50.17020184231944  
    50.16665992646937 50.16314326934599 50.159652001922105  
    50.156186265201285 50.152746247207276 50.14933216505263  
    50.145944193773424 50.14258248493712 50.13924717209035  
    50.1359383909429 50.132656363059596 50.12940128897242  
    50.12617330208276 50.122972532080894 50.119799180760076  
    50.116653462153955 50.113535487270255 50.110445397632446  
    50.10738339264107 50.10434970915456 50.10134449409698  
    50.098367885445946 50.09542004200419 50.09250113935311  
    50.08961137314102 50.086750930899555 50.08391994603102  
    50.08111857857479 50.07834703258227 50.075605536576575  
    50.072894228393565 50.07021324687865 50.06756276222241  
    50.06494296782277 50.0623540730945 50.05979627762068  
    50.05726972739089 50.05477458031751 50.05231102009113  
    50.04987925840403 50.04747951017018 50.04511195891561  
    50.04277674994266 50.040474032181905 50.03820402240373  
    50.035966969824 50.033763078424094 50.031592533754306  
    50.029455502497896 50.02735216000903 50.02528277297682  
    50.02324759379796 50.021246828549835 50.019280671079514  
    50.017349367731725 50.01545318803611 50.01359237741033  
    50.01176720771396 50.009977995114404 50.00822509152442  
    50.006508829583716 50.00482960721336 50.00318790480271  
    50.0015842787524 50.00001929118831 49.998493615223026  
    49.99700808233696 49.995563705769385 49.994161714990376  
    49.99280359379439 49.99149112343846 49.990226526115805  
    49.9890126030876 49.98785278497748 49.9867511828415  
    49.98571316144704 49.984745656091775 49.983857246474784  
    49.98305800837201 49.98236098719586 49.981782771809215  
    49.98134382198249 49.98106877845251 49.980988071559615  
    49.98113837455507 49.981562564287074 49.98230937411571  
    49.98343354636917 49.98499468054311 49.98705240140107  
    49.98965263980013 49.9928256647313 49.99658479960218  
    50.00091578781093 50.00574745496627 50.010968274649656  
    50.01642861466298 50.02195418703084 50.02738017865467  
    50.032547624457905 50.03730500996707 50.0415134504007  
    50.0450490396433 50.047791983188525 50.0496167498971  
    50.050395424914036 50.05 
/

