@R IP 1 []
  9.999999995e+06
@R BCENTR 1 []
  1.100000000e+01
@R RMAJOR 1 []
  4.550000000e+00
@R AMINOR 1 []
  1.201259526e+00
@R KAPPA 1 []
  1.397389141e+00
@R DELTA 1 []
 -4.849807901e-01
@I NRHO 1 []
              101
@R RHOB 1 []
  1.382602182e+00
@R RHO 101 []
  0.000000000e+00  1.000000000e-02  2.000000000e-02  3.000000000e-02
  4.000000000e-02  5.000000000e-02  6.000000000e-02  7.000000000e-02
  8.000000000e-02  9.000000000e-02  1.000000000e-01  1.100000000e-01
  1.200000000e-01  1.300000000e-01  1.400000000e-01  1.500000000e-01
  1.600000000e-01  1.700000000e-01  1.800000000e-01  1.900000000e-01
  2.000000000e-01  2.100000000e-01  2.200000000e-01  2.300000000e-01
  2.400000000e-01  2.500000000e-01  2.600000000e-01  2.700000000e-01
  2.800000000e-01  2.900000000e-01  3.000000000e-01  3.100000000e-01
  3.200000000e-01  3.300000000e-01  3.400000000e-01  3.500000000e-01
  3.600000000e-01  3.700000000e-01  3.800000000e-01  3.900000000e-01
  4.000000000e-01  4.100000000e-01  4.200000000e-01  4.300000000e-01
  4.400000000e-01  4.500000000e-01  4.600000000e-01  4.700000000e-01
  4.800000000e-01  4.900000000e-01  5.000000000e-01  5.100000000e-01
  5.200000000e-01  5.300000000e-01  5.400000000e-01  5.500000000e-01
  5.600000000e-01  5.700000000e-01  5.800000000e-01  5.900000000e-01
  6.000000000e-01  6.100000000e-01  6.200000000e-01  6.300000000e-01
  6.400000000e-01  6.500000000e-01  6.600000000e-01  6.700000000e-01
  6.800000000e-01  6.900000000e-01  7.000000000e-01  7.100000000e-01
  7.200000000e-01  7.300000000e-01  7.400000000e-01  7.500000000e-01
  7.600000000e-01  7.700000000e-01  7.800000000e-01  7.900000000e-01
  8.000000000e-01  8.100000000e-01  8.200000000e-01  8.300000000e-01
  8.400000000e-01  8.500000000e-01  8.600000000e-01  8.700000000e-01
  8.800000000e-01  8.900000000e-01  9.000000000e-01  9.100000000e-01
  9.200000000e-01  9.300000000e-01  9.400000000e-01  9.500000000e-01
  9.600000000e-01  9.700000000e-01  9.800000000e-01  9.900000000e-01
  1.000000000e+00
@R VOLP 101 []
  0.000000000e+00  2.694135715e+00  5.388006216e+00  8.081350125e+00
  1.077390398e+01  1.346541047e+01  1.615561843e+01  1.884427649e+01
  2.153114482e+01  2.421599166e+01  2.689858640e+01  2.957871400e+01
  3.225617063e+01  3.493075327e+01  3.760227719e+01  4.027057111e+01
  4.293546320e+01  4.559680516e+01  4.825445969e+01  5.090829147e+01
  5.355818355e+01  5.620403422e+01  5.884574003e+01  6.148321139e+01
  6.411637382e+01  6.674514565e+01  6.936946271e+01  7.198929230e+01
  7.460460572e+01  7.721535180e+01  7.982145792e+01  8.242282921e+01
  8.501936239e+01  8.761097378e+01  9.019757679e+01  9.277907371e+01
  9.535537883e+01  9.792640979e+01  1.004920701e+02  1.030522586e+02
  1.056068945e+02  1.081558896e+02  1.106991374e+02  1.132365535e+02
  1.157680540e+02  1.182935290e+02  1.208128942e+02  1.233260627e+02
  1.258329359e+02  1.283334219e+02  1.308274424e+02  1.333149029e+02
  1.357957118e+02  1.382697873e+02  1.407370702e+02  1.431974649e+02
  1.456508909e+02  1.480972999e+02  1.505366291e+02  1.529688139e+02
  1.553938135e+02  1.578115965e+02  1.602221291e+02  1.626254020e+02
  1.650214177e+02  1.674101929e+02  1.697917554e+02  1.721661713e+02
  1.745335288e+02  1.768939263e+02  1.792474993e+02  1.815944371e+02
  1.839349679e+02  1.862693445e+02  1.885978914e+02  1.909210184e+02
  1.932391924e+02  1.955529510e+02  1.978629303e+02  2.001698945e+02
  2.024747438e+02  2.047785408e+02  2.070825969e+02  2.093885068e+02
  2.116980993e+02  2.140134341e+02  2.163367437e+02  2.186706895e+02
  2.210187648e+02  2.233856051e+02  2.257770072e+02  2.281999474e+02
  2.306631824e+02  2.331789779e+02  2.357593738e+02  2.384016227e+02
  2.410811417e+02  2.437937168e+02  2.466443858e+02  2.499584054e+02
  2.539662058e+02
@R IPOL 101 []
  1.009990656e+00  1.009990558e+00  1.009990251e+00  1.009989688e+00
  1.009988796e+00  1.009987473e+00  1.009985586e+00  1.009982979e+00
  1.009979469e+00  1.009974851e+00  1.009968896e+00  1.009961357e+00
  1.009951969e+00  1.009940451e+00  1.009926511e+00  1.009909844e+00
  1.009890139e+00  1.009867085e+00  1.009840362e+00  1.009809666e+00
  1.009774689e+00  1.009735130e+00  1.009690708e+00  1.009641156e+00
  1.009586224e+00  1.009525685e+00  1.009459338e+00  1.009386968e+00
  1.009308281e+00  1.009223151e+00  1.009131682e+00  1.009033988e+00
  1.008930194e+00  1.008820436e+00  1.008704858e+00  1.008583611e+00
  1.008456856e+00  1.008324774e+00  1.008187540e+00  1.008045344e+00
  1.007898376e+00  1.007746855e+00  1.007590983e+00  1.007430977e+00
  1.007267072e+00  1.007099483e+00  1.006928477e+00  1.006754276e+00
  1.006577141e+00  1.006397328e+00  1.006215090e+00  1.006030700e+00
  1.005844426e+00  1.005656533e+00  1.005467311e+00  1.005277026e+00
  1.005085963e+00  1.004894415e+00  1.004702652e+00  1.004510967e+00
  1.004319651e+00  1.004128983e+00  1.003939253e+00  1.003750752e+00
  1.003563762e+00  1.003378560e+00  1.003195434e+00  1.003014662e+00
  1.002836522e+00  1.002661283e+00  1.002489210e+00  1.002320571e+00
  1.002155623e+00  1.001994622e+00  1.001837811e+00  1.001685429e+00
  1.001537708e+00  1.001394878e+00  1.001257157e+00  1.001124750e+00
  1.000997857e+00  1.000876664e+00  1.000761359e+00  1.000652108e+00
  1.000549069e+00  1.000452390e+00  1.000362210e+00  1.000278669e+00
  1.000201900e+00  1.000132052e+00  1.000069314e+00  1.000013969e+00
  9.999664830e-01  9.999276920e-01  9.998991290e-01  9.998836907e-01
  9.998872806e-01  9.999175756e-01  9.999674632e-01  1.000006203e+00
  1.000000000e+00
@R G11 101 []
  0.000000000e+00  2.702692370e+00  5.405643126e+00  8.108932835e+00
  1.081281066e+01  1.351732206e+01  1.622276366e+01  1.892929474e+01
  2.163695790e+01  2.434605453e+01  2.705661862e+01  2.976851083e+01
  3.248322646e+01  3.519768264e+01  3.791740940e+01  4.062673877e+01
  4.334656904e+01  4.607318834e+01  4.879618486e+01  5.153637724e+01
  5.426307309e+01  5.699598852e+01  5.974067966e+01  6.248440330e+01
  6.522802834e+01  6.797453155e+01  7.072491487e+01  7.347972516e+01
  7.623890851e+01  7.900161770e+01  8.176796378e+01  8.453796945e+01
  8.731092795e+01  9.008716313e+01  9.286739241e+01  9.565289115e+01
  9.844572946e+01  1.012480196e+02  1.040480511e+02  1.068474412e+02
  1.096672118e+02  1.124896697e+02  1.153050914e+02  1.181456683e+02
  1.209826788e+02  1.238265399e+02  1.266838285e+02  1.295425994e+02
  1.324138823e+02  1.352938597e+02  1.381788721e+02  1.410794329e+02
  1.439846749e+02  1.469007815e+02  1.498374526e+02  1.527674383e+02
  1.557273225e+02  1.586937481e+02  1.616638338e+02  1.646639958e+02
  1.676755358e+02  1.706889161e+02  1.737301945e+02  1.767961837e+02
  1.798696170e+02  1.829569669e+02  1.860740140e+02  1.892190169e+02
  1.923797872e+02  1.955599903e+02  1.987661462e+02  2.020088417e+02
  2.052823167e+02  2.085821163e+02  2.119124888e+02  2.152756061e+02
  2.186845340e+02  2.221402938e+02  2.256360483e+02  2.291775334e+02
  2.327655155e+02  2.364149258e+02  2.401354142e+02  2.439201915e+02
  2.477737348e+02  2.517008744e+02  2.557286131e+02  2.598704959e+02
  2.641202510e+02  2.684857842e+02  2.730065079e+02  2.777051474e+02
  2.825715263e+02  2.876704245e+02  2.930735004e+02  2.988185323e+02
  3.050380990e+02  3.118056371e+02  3.191932572e+02  3.276922004e+02
  3.380004961e+02
@R G22 101 []
  0.000000000e+00  1.373253081e-02  2.746651955e-02  4.120251838e-02
  5.494192452e-02  6.868513050e-02  8.243380587e-02  9.618890000e-02
  1.099508152e-01  1.237212723e-01  1.375006043e-01  1.512883222e-01
  1.650922542e-01  1.788969166e-01  1.927306760e-01  2.065141626e-01
  2.203538343e-01  2.342310992e-01  2.480933707e-01  2.620467245e-01
  2.759354411e-01  2.898601430e-01  3.038493576e-01  3.178386100e-01
  3.318326996e-01  3.458470415e-01  3.598870860e-01  3.739561076e-01
  3.880542231e-01  4.021774013e-01  4.163264640e-01  4.305016450e-01
  4.446994153e-01  4.589216273e-01  4.731721182e-01  4.874574904e-01
  5.017884823e-01  5.161760708e-01  5.305606505e-01  5.449505782e-01
  5.594532800e-01  5.739786362e-01  5.884770842e-01  6.031130959e-01
  6.177402116e-01  6.324116500e-01  6.471610917e-01  6.619277087e-01
  6.767678301e-01  6.916620343e-01  7.065916988e-01  7.216106429e-01
  7.366631912e-01  7.517810852e-01  7.670139988e-01  7.822223527e-01
  7.975933479e-01  8.130074254e-01  8.284497340e-01  8.440554054e-01
  8.597285362e-01  8.754201296e-01  8.912635353e-01  9.072421592e-01
  9.232672384e-01  9.393716950e-01  9.556361142e-01  9.720512179e-01
  9.885541045e-01  1.005163049e+00  1.021910956e+00  1.038851760e+00
  1.055955312e+00  1.073197889e+00  1.090600541e+00  1.108173801e+00
  1.125984079e+00  1.144035478e+00  1.162291556e+00  1.180780646e+00
  1.199505391e+00  1.218541288e+00  1.237937030e+00  1.257657071e+00
  1.277723102e+00  1.298157205e+00  1.319094024e+00  1.340597746e+00
  1.362632605e+00  1.385240038e+00  1.408626673e+00  1.432914639e+00
  1.458052395e+00  1.484371371e+00  1.512215957e+00  1.541660659e+00
  1.573163240e+00  1.607014900e+00  1.643943445e+00  1.687270360e+00
  1.740730997e+00
@R G33 101 []
  9.126922438e-01  9.127074345e-01  9.127526389e-01  9.128276009e-01
  9.129325793e-01  9.130673047e-01  9.132314483e-01  9.134249888e-01
  9.136475428e-01  9.138987065e-01  9.141783149e-01  9.144858947e-01
  9.148209242e-01  9.151831278e-01  9.155719686e-01  9.159868436e-01
  9.164274089e-01  9.168930093e-01  9.173830133e-01  9.178969498e-01
  9.184341994e-01  9.189940724e-01  9.195760758e-01  9.201796373e-01
  9.208041006e-01  9.214490398e-01  9.221138787e-01  9.227977728e-01
  9.235000569e-01  9.242203147e-01  9.249582469e-01  9.257138304e-01
  9.264871213e-01  9.272779495e-01  9.280861803e-01  9.289117934e-01
  9.297546378e-01  9.306145214e-01  9.314913991e-01  9.323852524e-01
  9.332958725e-01  9.342231020e-01  9.351669559e-01  9.361272419e-01
  9.371037547e-01  9.380965180e-01  9.391052994e-01  9.401299317e-01
  9.411703036e-01  9.422262555e-01  9.432975318e-01  9.443839834e-01
  9.454854402e-01  9.466016711e-01  9.477322720e-01  9.488771172e-01
  9.500359621e-01  9.512083500e-01  9.523939535e-01  9.535924434e-01
  9.548033546e-01  9.560261910e-01  9.572604747e-01  9.585055988e-01
  9.597609168e-01  9.610257273e-01  9.622992823e-01  9.635806510e-01
  9.648688206e-01  9.661627629e-01  9.674612933e-01  9.687629837e-01
  9.700662591e-01  9.713694806e-01  9.726707129e-01  9.739676585e-01
  9.752578271e-01  9.765384698e-01  9.778064637e-01  9.790581888e-01
  9.802895031e-01  9.814956575e-01  9.826708941e-01  9.838083611e-01
  9.849003825e-01  9.859385209e-01  9.869138793e-01  9.878159669e-01
  9.886309914e-01  9.893406375e-01  9.899222077e-01  9.903487482e-01
  9.905866608e-01  9.905886090e-01  9.903097741e-01  9.897677176e-01
  9.890661093e-01  9.882194444e-01  9.868186377e-01  9.836330816e-01
  9.778954838e-01
@R GRADRHO 101 []
  1.006339937e+00  9.968110477e-01  9.968517364e-01  9.969077162e-01
  9.969865059e-01  9.970826475e-01  9.972027877e-01  9.973443520e-01
  9.975040852e-01  9.976854486e-01  9.978852732e-01  9.980989609e-01
  9.983481775e-01  9.985824086e-01  9.988798221e-01  9.990368832e-01
  9.993216264e-01  9.996723881e-01  9.999728323e-01  1.000433615e+00
  1.000748403e+00  1.001111948e+00  1.001564518e+00  1.001992876e+00
  1.002407238e+00  1.002831249e+00  1.003271113e+00  1.003729294e+00
  1.004203367e+00  1.004686102e+00  1.005177549e+00  1.005677265e+00
  1.006180455e+00  1.006688695e+00  1.007205542e+00  1.007737025e+00
  1.008292627e+00  1.008880950e+00  1.009442455e+00  1.009986939e+00
  1.010612645e+00  1.011233881e+00  1.011808121e+00  1.012476632e+00
  1.013112629e+00  1.013760673e+00  1.014446031e+00  1.015119421e+00
  1.015823591e+00  1.016541942e+00  1.017259781e+00  1.018014744e+00
  1.018765708e+00  1.019533915e+00  1.020350754e+00  1.021121824e+00
  1.021969005e+00  1.022812189e+00  1.023641495e+00  1.024538762e+00
  1.025442378e+00  1.026322190e+00  1.027254931e+00  1.028227190e+00
  1.029186176e+00  1.030148932e+00  1.031156824e+00  1.032200740e+00
  1.033243955e+00  1.034293395e+00  1.035362553e+00  1.036474310e+00
  1.037608525e+00  1.038748823e+00  1.039900506e+00  1.041063075e+00
  1.042261310e+00  1.043489248e+00  1.044722091e+00  1.045964117e+00
  1.047206920e+00  1.048472427e+00  1.049768214e+00  1.051064249e+00
  1.052353007e+00  1.053624360e+00  1.054911129e+00  1.056211961e+00
  1.057481720e+00  1.058701341e+00  1.059906410e+00  1.061088124e+00
  1.062153965e+00  1.063123824e+00  1.064014138e+00  1.064805104e+00
  1.065701222e+00  1.066762558e+00  1.067627732e+00  1.067105764e+00
  1.064625679e+00
@R AREA 101 []
  0.000000000e+00  2.685714264e+00  5.371263665e+00  8.056637829e+00
  1.074174824e+01  1.342653482e+01  1.611090986e+01  1.879478455e+01
  2.147808903e+01  2.416075110e+01  2.684269548e+01  2.952386318e+01
  3.220417959e+01  3.488356283e+01  3.756203716e+01  4.023946758e+01
  4.291629790e+01  4.559168105e+01  4.826615068e+01  5.093914419e+01
  5.361082570e+01  5.628136869e+01  5.895048569e+01  6.161813994e+01
  6.428440515e+01  6.694929211e+01  6.961278339e+01  7.227484988e+01
  7.493546501e+01  7.759461920e+01  8.025232084e+01  8.290857006e+01
  8.556338193e+01  8.821677530e+01  9.086876484e+01  9.351935386e+01
  9.616852769e+01  9.881624728e+01  1.014625168e+02  1.041074951e+02
  1.067511220e+02  1.093932838e+02  1.120341775e+02  1.146737960e+02
  1.173119973e+02  1.199490591e+02  1.225847807e+02  1.252193645e+02
  1.278527291e+02  1.304849942e+02  1.331161211e+02  1.357462722e+02
  1.383753373e+02  1.410035807e+02  1.436308395e+02  1.462573467e+02
  1.488831461e+02  1.515082161e+02  1.541327954e+02  1.567569134e+02
  1.593806090e+02  1.620040973e+02  1.646275296e+02  1.672509219e+02
  1.698744774e+02  1.724984163e+02  1.751229252e+02  1.777481129e+02
  1.803742309e+02  1.830015555e+02  1.856303808e+02  1.882609643e+02
  1.908935849e+02  1.935286253e+02  1.961665034e+02  1.988076782e+02
  2.014526330e+02  2.041018486e+02  2.067559429e+02  2.094156122e+02
  2.120816359e+02  2.147548871e+02  2.174362692e+02  2.201268655e+02
  2.228279488e+02  2.255409826e+02  2.282676381e+02  2.310097293e+02
  2.337694851e+02  2.365495475e+02  2.393530162e+02  2.421834344e+02
  2.450453140e+02  2.479443612e+02  2.508875594e+02  2.538835742e+02
  2.569423831e+02  2.600750479e+02  2.632971001e+02  2.666392895e+02
  2.701687381e+02
@R A 101 []
  0.000000000e+00  1.224684290e-02  2.449365886e-02  3.674048094e-02
  4.898722114e-02  6.123384822e-02  7.348047409e-02  8.572700413e-02
  9.797344371e-02  1.102198395e-01  1.224660578e-01  1.347121363e-01
  1.469581047e-01  1.592037450e-01  1.714493747e-01  1.836947006e-01
  1.959418758e-01  2.081871576e-01  2.204331964e-01  2.326775074e-01
  2.449209007e-01  2.571643107e-01  2.694064221e-01  2.816470377e-01
  2.938865543e-01  3.061249827e-01  3.183621080e-01  3.305977987e-01
  3.428318693e-01  3.550640789e-01  3.672942905e-01  3.795223609e-01
  3.917481973e-01  4.039717323e-01  4.161928962e-01  4.284115107e-01
  4.406273097e-01  4.528399672e-01  4.650492786e-01  4.772557285e-01
  4.894588535e-01  5.016578893e-01  5.138534558e-01  5.260452496e-01
  5.382323465e-01  5.504157087e-01  5.625940573e-01  5.747680038e-01
  5.869367972e-01  5.991005665e-01  6.112587289e-01  6.234115840e-01
  6.355581230e-01  6.476990576e-01  6.598331068e-01  6.719607503e-01
  6.840815410e-01  6.961947401e-01  7.083007463e-01  7.203989011e-01
  7.324885666e-01  7.445698868e-01  7.566426132e-01  7.687057838e-01
  7.807592601e-01  7.928029084e-01  8.048363090e-01  8.168585847e-01
  8.288694474e-01  8.408685814e-01  8.528555915e-01  8.648297746e-01
  8.767903896e-01  8.887369630e-01  9.006689489e-01  9.125857897e-01
  9.244867867e-01  9.363709145e-01  9.482374081e-01  9.600854832e-01
  9.719142837e-01  9.837228400e-01  9.955097335e-01  1.007273768e+00
  1.019013801e+00  1.030728534e+00  1.042416420e+00  1.054075100e+00
  1.065702271e+00  1.077295299e+00  1.088851059e+00  1.100366261e+00
  1.111838749e+00  1.123265105e+00  1.134637754e+00  1.145948409e+00
  1.157196762e+00  1.168386607e+00  1.179503645e+00  1.190486619e+00
  1.201259526e+00
@R RTOR 101 []
  4.762656028e+00  4.762633493e+00  4.762566433e+00  4.762455310e+00
  4.762299715e+00  4.762099755e+00  4.761855859e+00  4.761568020e+00
  4.761236436e+00  4.760861525e+00  4.760443469e+00  4.759982562e+00
  4.759479269e+00  4.758933879e+00  4.758346735e+00  4.757718385e+00
  4.757049091e+00  4.756339463e+00  4.755589932e+00  4.754801091e+00
  4.753973330e+00  4.753107199e+00  4.752203279e+00  4.751262035e+00
  4.750284032e+00  4.749269765e+00  4.748219680e+00  4.747134368e+00
  4.746014377e+00  4.744860190e+00  4.743672328e+00  4.742451238e+00
  4.741197211e+00  4.739910533e+00  4.738591472e+00  4.737240210e+00
  4.735856921e+00  4.734441810e+00  4.732995002e+00  4.731516484e+00
  4.730006392e+00  4.728464874e+00  4.726891824e+00  4.725287289e+00
  4.723651397e+00  4.721983953e+00  4.720285064e+00  4.718554602e+00
  4.716792579e+00  4.714998843e+00  4.713173380e+00  4.711316027e+00
  4.709426758e+00  4.707505285e+00  4.705551660e+00  4.703565594e+00
  4.701546914e+00  4.699495534e+00  4.697411143e+00  4.695293560e+00
  4.693142597e+00  4.690957952e+00  4.688739332e+00  4.686486536e+00
  4.684199239e+00  4.681877089e+00  4.679519733e+00  4.677126883e+00
  4.674698161e+00  4.672233148e+00  4.669731379e+00  4.667192454e+00
  4.664615978e+00  4.662001446e+00  4.659348309e+00  4.656656032e+00
  4.653924100e+00  4.651152006e+00  4.648339124e+00  4.645484819e+00
  4.642588427e+00  4.639649241e+00  4.636666614e+00  4.633639941e+00
  4.630568603e+00  4.627451944e+00  4.624289256e+00  4.621079741e+00
  4.617822438e+00  4.614516554e+00  4.611161459e+00  4.607756880e+00
  4.604302420e+00  4.600798441e+00  4.597248423e+00  4.593654861e+00
  4.590006266e+00  4.586283988e+00  4.582487722e+00  4.578658445e+00
  4.574840372e+00
@R SHIFT 101 []
  2.126560281e-01  2.126334929e-01  2.125664328e-01  2.124553098e-01
  2.122997154e-01  2.120997551e-01  2.118558586e-01  2.115680198e-01
  2.112364357e-01  2.108615255e-01  2.104434690e-01  2.099825620e-01
  2.094792690e-01  2.089338791e-01  2.083467351e-01  2.077183854e-01
  2.070490906e-01  2.063394625e-01  2.055899321e-01  2.048010913e-01
  2.039733304e-01  2.031071989e-01  2.022032790e-01  2.012620348e-01
  2.002840317e-01  1.992697647e-01  1.982196800e-01  1.971343675e-01
  1.960143773e-01  1.948601904e-01  1.936723275e-01  1.924512384e-01
  1.911972108e-01  1.899105331e-01  1.885914717e-01  1.872402096e-01
  1.858569215e-01  1.844418097e-01  1.829950019e-01  1.815164839e-01
  1.800063924e-01  1.784648739e-01  1.768918245e-01  1.752872887e-01
  1.736513970e-01  1.719839533e-01  1.702850635e-01  1.685546016e-01
  1.667925791e-01  1.649988431e-01  1.631733797e-01  1.613160266e-01
  1.594267577e-01  1.575052854e-01  1.555516599e-01  1.535655935e-01
  1.515469138e-01  1.494955337e-01  1.474111433e-01  1.452935602e-01
  1.431425974e-01  1.409579516e-01  1.387393321e-01  1.364865358e-01
  1.341992388e-01  1.318770890e-01  1.295197334e-01  1.271268835e-01
  1.246981613e-01  1.222331478e-01  1.197313795e-01  1.171924535e-01
  1.146159783e-01  1.120014462e-01  1.093483088e-01  1.066560317e-01
  1.039240996e-01  1.011520057e-01  9.833912417e-02  9.548481913e-02
  9.258842700e-02  8.964924078e-02  8.666661413e-02  8.363994118e-02
  8.056860310e-02  7.745194408e-02  7.428925572e-02  7.107974109e-02
  6.782243806e-02  6.451655393e-02  6.116145888e-02  5.775688030e-02
  5.430241982e-02  5.079844120e-02  4.724842252e-02  4.365486113e-02
  4.000626597e-02  3.628398823e-02  3.248772165e-02  2.865844456e-02
  2.484037161e-02
@R ELONG 101 []
  1.321696874e+00  1.321683195e+00  1.321642157e+00  1.321615482e+00
  1.321587123e+00  1.321561683e+00  1.321527365e+00  1.321487300e+00
  1.321442003e+00  1.321392511e+00  1.321338902e+00  1.321281372e+00
  1.321219293e+00  1.321154875e+00  1.321088305e+00  1.321018810e+00
  1.320947558e+00  1.320875831e+00  1.320803610e+00  1.320731323e+00
  1.320659912e+00  1.320589825e+00  1.320521985e+00  1.320456927e+00
  1.320395028e+00  1.320337105e+00  1.320284303e+00  1.320236604e+00
  1.320194505e+00  1.320159034e+00  1.320131093e+00  1.320110989e+00
  1.320099160e+00  1.320096043e+00  1.320102064e+00  1.320117506e+00
  1.320142682e+00  1.320177796e+00  1.320223361e+00  1.320279720e+00
  1.320346968e+00  1.320425432e+00  1.320515654e+00  1.320617927e+00
  1.320732423e+00  1.320859552e+00  1.320999847e+00  1.321153641e+00
  1.321321235e+00  1.321503131e+00  1.321699830e+00  1.321911838e+00
  1.322139608e+00  1.322383680e+00  1.322644647e+00  1.322923190e+00
  1.323219946e+00  1.323535517e+00  1.323870719e+00  1.324226424e+00
  1.324603429e+00  1.325002564e+00  1.325424886e+00  1.325871508e+00
  1.326343513e+00  1.326842046e+00  1.327368506e+00  1.327924362e+00
  1.328511094e+00  1.329130323e+00  1.329783949e+00  1.330473991e+00
  1.331202556e+00  1.331971984e+00  1.332784948e+00  1.333644328e+00
  1.334553239e+00  1.335515123e+00  1.336533890e+00  1.337613887e+00
  1.338759956e+00  1.339977539e+00  1.341272747e+00  1.342652433e+00
  1.344124384e+00  1.345697553e+00  1.347382247e+00  1.349190406e+00
  1.351136179e+00  1.353235778e+00  1.355508204e+00  1.357976038e+00
  1.360667471e+00  1.363622967e+00  1.366894817e+00  1.370534497e+00
  1.374574969e+00  1.379056002e+00  1.384109417e+00  1.390059321e+00
  1.397389141e+00
@R TRIAG 101 []
  0.000000000e+00  3.027966216e-02  2.809466500e-02  2.591373435e-02
  2.371848980e-02  2.151070897e-02  1.929408740e-02  1.706494751e-02
  1.482312549e-02  1.256904838e-02  1.030039923e-02  8.016376669e-03
  5.717147454e-03  3.400588034e-03  1.065228646e-03 -1.289083187e-03
 -3.663814453e-03 -6.059388965e-03 -8.476828746e-03 -1.091676405e-02
 -1.338036142e-02 -1.586816658e-02 -1.838083598e-02 -2.091936165e-02
 -2.348428362e-02 -2.607653410e-02 -2.869727939e-02 -3.134724335e-02
 -3.402727922e-02 -3.673819468e-02 -3.948030204e-02 -4.225415465e-02
 -4.506075799e-02 -4.790092833e-02 -5.077510514e-02 -5.368392537e-02
 -5.662813925e-02 -5.960842317e-02 -6.262553699e-02 -6.568053549e-02
 -6.877426897e-02 -7.190760137e-02 -7.508174754e-02 -7.829769889e-02
 -8.155632962e-02 -8.485927928e-02 -8.820739467e-02 -9.160216671e-02
 -9.504482740e-02 -9.853710836e-02 -1.020803347e-01 -1.056762826e-01
 -1.093265517e-01 -1.130333986e-01 -1.167990455e-01 -1.206267317e-01
 -1.245186320e-01 -1.284768488e-01 -1.325039006e-01 -1.366021160e-01
 -1.407740572e-01 -1.450227089e-01 -1.493510179e-01 -1.537619248e-01
 -1.582588640e-01 -1.628456298e-01 -1.675260232e-01 -1.723039987e-01
 -1.771840931e-01 -1.821713753e-01 -1.872711800e-01 -1.924892170e-01
 -1.978319055e-01 -2.033065515e-01 -2.089209046e-01 -2.146834717e-01
 -2.206040676e-01 -2.266936962e-01 -2.329648842e-01 -2.394316426e-01
 -2.461079053e-01 -2.530082291e-01 -2.601472513e-01 -2.675416256e-01
 -2.752112547e-01 -2.831815255e-01 -2.914847492e-01 -3.001574693e-01
 -3.092413774e-01 -3.187753768e-01 -3.288049031e-01 -3.394059061e-01
 -3.506967263e-01 -3.628473044e-01 -3.759647745e-01 -3.901305347e-01
 -4.055534814e-01 -4.224867064e-01 -4.409996894e-01 -4.613257633e-01
 -4.849807901e-01
@R PMHD 101 []
  1.574215496e+06  1.573622270e+06  1.571844493e+06  1.568887873e+06
  1.564761880e+06  1.559479697e+06  1.553058142e+06  1.545517568e+06
  1.536881704e+06  1.527177605e+06  1.516435403e+06  1.504688035e+06
  1.491971257e+06  1.478323389e+06  1.463784436e+06  1.448397224e+06
  1.432202853e+06  1.415251684e+06  1.397586882e+06  1.379259486e+06
  1.360316357e+06  1.340804368e+06  1.320773675e+06  1.300272188e+06
  1.279346238e+06  1.258041445e+06  1.236402432e+06  1.214476567e+06
  1.192318322e+06  1.169968414e+06  1.147447444e+06  1.124775537e+06
  1.101972760e+06  1.079058710e+06  1.056052805e+06  1.032974792e+06
  1.009843905e+06  9.866791953e+05  9.634992916e+05  9.403212708e+05
  9.171637705e+05  8.940455194e+05  8.709822695e+05  8.479914952e+05
  8.250916905e+05  8.022968021e+05  7.796241532e+05  7.570887744e+05
  7.347068623e+05  7.124921255e+05  6.904605751e+05  6.686247242e+05
  6.470002360e+05  6.255984859e+05  6.044343571e+05  5.835192636e+05
  5.628654595e+05  5.424855798e+05  5.223898505e+05  5.025897272e+05
  4.830962040e+05  4.639186258e+05  4.450665012e+05  4.265499517e+05
  4.083774020e+05  3.905568300e+05  3.730961407e+05  3.560034593e+05
  3.392856471e+05  3.229490742e+05  3.069997306e+05  2.914436189e+05
  2.762863458e+05  2.615325996e+05  2.471866562e+05  2.332524547e+05
  2.197336562e+05  2.066337011e+05  1.939551943e+05  1.817003886e+05
  1.698711159e+05  1.584687316e+05  1.474945100e+05  1.369490985e+05
  1.268325030e+05  1.171441125e+05  1.078826257e+05  9.904602127e+04
  9.063013166e+04  8.262755966e+04  7.502523672e+04  6.779980460e+04
  6.090743011e+04  5.426681738e+04  4.772595614e+04  4.099900615e+04
  3.350864710e+04  2.450960013e+04  1.468738073e+04  6.947840855e+03
  4.206955286e+03
@R QMHD 101 []
  1.162693755e+00  1.162771734e+00  1.163005806e+00  1.163396370e+00
  1.163944050e+00  1.164649632e+00  1.165513981e+00  1.166537931e+00
  1.167722160e+00  1.169067020e+00  1.170572378e+00  1.172237495e+00
  1.174062189e+00  1.176047502e+00  1.178194505e+00  1.180502911e+00
  1.182973361e+00  1.185607863e+00  1.188408180e+00  1.191371722e+00
  1.194501223e+00  1.197800165e+00  1.201267602e+00  1.204904429e+00
  1.208713211e+00  1.212696549e+00  1.216856204e+00  1.221193967e+00
  1.225711721e+00  1.230411246e+00  1.235297108e+00  1.240371651e+00
  1.245638426e+00  1.251101517e+00  1.256765895e+00  1.262633757e+00
  1.268709643e+00  1.274999299e+00  1.281507355e+00  1.288238139e+00
  1.295197346e+00  1.302390488e+00  1.309824324e+00  1.317504477e+00
  1.325436879e+00  1.333628981e+00  1.342088028e+00  1.350822174e+00
  1.359838362e+00  1.369145204e+00  1.378752484e+00  1.388669224e+00
  1.398903818e+00  1.409468005e+00  1.420372820e+00  1.431629609e+00
  1.443249705e+00  1.455245900e+00  1.467633087e+00  1.480424930e+00
  1.493635613e+00  1.507281859e+00  1.521381319e+00  1.535950960e+00
  1.551010255e+00  1.566579327e+00  1.582680576e+00  1.599336236e+00
  1.616570994e+00  1.634411202e+00  1.652885296e+00  1.672023726e+00
  1.691858047e+00  1.712422820e+00  1.733756182e+00  1.755899302e+00
  1.778896120e+00  1.802793314e+00  1.827643541e+00  1.853504649e+00
  1.880438989e+00  1.908515437e+00  1.937809454e+00  1.968406249e+00
  2.000399272e+00  2.033894526e+00  2.069012503e+00  2.105892853e+00
  2.144695525e+00  2.185597271e+00  2.228828545e+00  2.274679006e+00
  2.323487934e+00  2.375589602e+00  2.431306210e+00  2.491110165e+00
  2.555901882e+00  2.626553063e+00  2.704322735e+00  2.794091776e+00
  2.907201037e+00
@R ER 101 []
  0.000000000e+00  0.000000000e+00  0.000000000e+00  0.000000000e+00
  0.000000000e+00  0.000000000e+00  0.000000000e+00  0.000000000e+00
  0.000000000e+00  0.000000000e+00  0.000000000e+00  0.000000000e+00
  0.000000000e+00  0.000000000e+00  0.000000000e+00  0.000000000e+00
  0.000000000e+00  0.000000000e+00  0.000000000e+00  0.000000000e+00
  0.000000000e+00  0.000000000e+00  0.000000000e+00  0.000000000e+00
  0.000000000e+00  0.000000000e+00  0.000000000e+00  0.000000000e+00
  0.000000000e+00  0.000000000e+00  0.000000000e+00  0.000000000e+00
  0.000000000e+00  0.000000000e+00  0.000000000e+00  0.000000000e+00
  0.000000000e+00  0.000000000e+00  0.000000000e+00  0.000000000e+00
  0.000000000e+00  0.000000000e+00  0.000000000e+00  0.000000000e+00
  0.000000000e+00  0.000000000e+00  0.000000000e+00  0.000000000e+00
  0.000000000e+00  0.000000000e+00  0.000000000e+00  0.000000000e+00
  0.000000000e+00  0.000000000e+00  0.000000000e+00  0.000000000e+00
  0.000000000e+00  0.000000000e+00  0.000000000e+00  0.000000000e+00
  0.000000000e+00  0.000000000e+00  0.000000000e+00  0.000000000e+00
  0.000000000e+00  0.000000000e+00  0.000000000e+00  0.000000000e+00
  0.000000000e+00  0.000000000e+00  0.000000000e+00  0.000000000e+00
  0.000000000e+00  0.000000000e+00  0.000000000e+00  0.000000000e+00
  0.000000000e+00  0.000000000e+00  0.000000000e+00  0.000000000e+00
  0.000000000e+00  0.000000000e+00  0.000000000e+00  0.000000000e+00
  0.000000000e+00  0.000000000e+00  0.000000000e+00  0.000000000e+00
  0.000000000e+00  0.000000000e+00  0.000000000e+00  0.000000000e+00
  0.000000000e+00  0.000000000e+00  0.000000000e+00  0.000000000e+00
  0.000000000e+00  0.000000000e+00  0.000000000e+00  0.000000000e+00
  0.000000000e+00
@R NC1 101 []
  9.985000514e-01  9.362786657e-01  9.123976490e-01  8.949463501e-01
  8.807825410e-01  8.686954205e-01  8.580677071e-01  8.485349395e-01
  8.398599283e-01  8.318790808e-01  8.244743080e-01  8.175562071e-01
  8.110554567e-01  8.049170307e-01  7.990972530e-01  7.935598977e-01
  7.882739172e-01  7.832154028e-01  7.783613424e-01  7.736942275e-01
  7.691972498e-01  7.648558722e-01  7.606582929e-01  7.565935277e-01
  7.526515514e-01  7.488237190e-01  7.451021902e-01  7.414797116e-01
  7.379497784e-01  7.345066676e-01  7.311453994e-01  7.278617748e-01
  7.246518054e-01  7.215115794e-01  7.184375665e-01  7.154265405e-01
  7.124754876e-01  7.095815444e-01  7.067420796e-01  7.039545442e-01
  7.012166138e-01  6.985262269e-01  6.958811842e-01  6.932795199e-01
  6.907195087e-01  6.881992279e-01  6.857172720e-01  6.832718927e-01
  6.808617639e-01  6.784853822e-01  6.761414335e-01  6.738285256e-01
  6.715452627e-01  6.692906183e-01  6.670636495e-01  6.648631570e-01
  6.626881570e-01  6.605377012e-01  6.584106273e-01  6.563060940e-01
  6.542232414e-01  6.521610359e-01  6.501185895e-01  6.480951292e-01
  6.460897590e-01  6.441015895e-01  6.421297721e-01  6.401735508e-01
  6.382320394e-01  6.363043879e-01  6.343897182e-01  6.324871636e-01
  6.305958824e-01  6.287149637e-01  6.268428148e-01  6.249788782e-01
  6.231221737e-01  6.212714696e-01  6.194257163e-01  6.175837361e-01
  6.157441564e-01  6.139055016e-01  6.120661379e-01  6.102241201e-01
  6.083773126e-01  6.065234884e-01  6.046604871e-01  6.027857623e-01
  6.008955479e-01  5.989849746e-01  5.970492427e-01  5.950838538e-01
  5.930811046e-01  5.910253956e-01  5.889027045e-01  5.867367637e-01
  5.845787298e-01  5.824202259e-01  5.800880719e-01  5.772487816e-01
  5.737431276e-01
@R HFAC1 101 []
  1.000000000e+00  9.974296136e-01  9.948612990e-01  9.922950988e-01
  9.897311769e-01  9.871694931e-01  9.846100127e-01  9.820528163e-01
  9.794977942e-01  9.769448617e-01  9.743940472e-01  9.718451876e-01
  9.692981259e-01  9.667528483e-01  9.642090883e-01  9.616667040e-01
  9.591251137e-01  9.565848878e-01  9.540451997e-01  9.515064458e-01
  9.489681754e-01  9.464298987e-01  9.438917340e-01  9.413534754e-01
  9.388147613e-01  9.362754219e-01  9.337352393e-01  9.311938703e-01
  9.286510556e-01  9.261066507e-01  9.235605811e-01  9.210129390e-01
  9.184637847e-01  9.159130360e-01  9.133606400e-01  9.108065873e-01
  9.082508297e-01  9.056933050e-01  9.031339757e-01  9.005726542e-01
  8.980092687e-01  8.954438500e-01  8.928761591e-01  8.903060669e-01
  8.877336176e-01  8.851584563e-01  8.825806708e-01  8.799999093e-01
  8.774161768e-01  8.748292210e-01  8.722389275e-01  8.696449977e-01
  8.670474773e-01  8.644458942e-01  8.618402391e-01  8.592301618e-01
  8.566154874e-01  8.539960343e-01  8.513713609e-01  8.487413096e-01
  8.461056512e-01  8.434639309e-01  8.408158131e-01  8.381610774e-01
  8.354992774e-01  8.328299442e-01  8.301526525e-01  8.274670299e-01
  8.247725070e-01  8.220685243e-01  8.193544680e-01  8.166297062e-01
  8.138935771e-01  8.111453155e-01  8.083840539e-01  8.056087838e-01
  8.028184768e-01  8.000121075e-01  7.971884221e-01  7.943459885e-01
  7.914832030e-01  7.885982726e-01  7.856891447e-01  7.827533046e-01
  7.797879622e-01  7.767901605e-01  7.737569465e-01  7.706849758e-01
  7.675694195e-01  7.644037448e-01  7.611804178e-01  7.578910502e-01
  7.545240985e-01  7.510617289e-01  7.474885349e-01  7.438226465e-01
  7.401131404e-01  7.363558627e-01  7.323713825e-01  7.277224072e-01
  7.221788908e-01
@R HFAC2 101 []
  1.000000000e+00  9.948691233e-01  9.897620933e-01  9.846788613e-01
  9.796196183e-01  9.745841496e-01  9.695722540e-01  9.645839562e-01
  9.596189086e-01  9.546768146e-01  9.497576005e-01  9.448608223e-01
  9.399860502e-01  9.351331338e-01  9.303014421e-01  9.254905860e-01
  9.206993519e-01  9.159287016e-01  9.111769695e-01  9.064447929e-01
  9.017312208e-01  8.970352415e-01  8.923569800e-01  8.876959617e-01
  8.830514307e-01  8.784229910e-01  8.738101625e-01  8.692122411e-01
  8.646286800e-01  8.600591498e-01  8.555034584e-01  8.509617253e-01
  8.464340073e-01  8.419201003e-01  8.374198576e-01  8.329332123e-01
  8.284600280e-01  8.240001423e-01  8.195534379e-01  8.151195451e-01
  8.106982936e-01  8.062896875e-01  8.018932724e-01  7.975087858e-01
  7.931362655e-01  7.887750681e-01  7.844253037e-01  7.800863452e-01
  7.757581714e-01  7.714403268e-01  7.671325891e-01  7.628344368e-01
  7.585459279e-01  7.542662558e-01  7.499953823e-01  7.457327179e-01
  7.414779667e-01  7.372308193e-01  7.329905431e-01  7.287568783e-01
  7.245294548e-01  7.203075361e-01  7.160905840e-01  7.118782483e-01
  7.076698273e-01  7.034645869e-01  6.992618615e-01  6.950610784e-01
  6.908613613e-01  6.866618543e-01  6.824616186e-01  6.782596930e-01
  6.740550819e-01  6.698466332e-01  6.656330378e-01  6.614127795e-01
  6.571843208e-01  6.529461353e-01  6.486963477e-01  6.444328201e-01
  6.401531659e-01  6.358547206e-01  6.315344343e-01  6.271885703e-01
  6.228129792e-01  6.184032654e-01  6.139550680e-01  6.094633968e-01
  6.049210105e-01  6.003181440e-01  5.956436469e-01  5.908853709e-01
  5.860263217e-01  5.810391390e-01  5.759002315e-01  5.706393363e-01
  5.653358417e-01  5.599854782e-01  5.543058709e-01  5.476165938e-01
  5.395743667e-01
