@R RHO 101 []
0.000000e+00 1.000000e-02 2.000000e-02 3.000000e-02 4.000000e-02 
5.000000e-02 6.000000e-02 7.000000e-02 8.000000e-02 9.000000e-02 
1.000000e-01 1.100000e-01 1.200000e-01 1.300000e-01 1.400000e-01 
1.500000e-01 1.600000e-01 1.700000e-01 1.800000e-01 1.900000e-01 
2.000000e-01 2.100000e-01 2.200000e-01 2.300000e-01 2.400000e-01 
2.500000e-01 2.600000e-01 2.700000e-01 2.800000e-01 2.900000e-01 
3.000000e-01 3.100000e-01 3.200000e-01 3.300000e-01 3.400000e-01 
3.500000e-01 3.600000e-01 3.700000e-01 3.800000e-01 3.900000e-01 
4.000000e-01 4.100000e-01 4.200000e-01 4.300000e-01 4.400000e-01 
4.500000e-01 4.600000e-01 4.700000e-01 4.800000e-01 4.900000e-01 
5.000000e-01 5.100000e-01 5.200000e-01 5.300000e-01 5.400000e-01 
5.500000e-01 5.600000e-01 5.700000e-01 5.800000e-01 5.900000e-01 
6.000000e-01 6.100000e-01 6.200000e-01 6.300000e-01 6.400000e-01 
6.500000e-01 6.600000e-01 6.700000e-01 6.800000e-01 6.900000e-01 
7.000000e-01 7.100000e-01 7.200000e-01 7.300000e-01 7.400000e-01 
7.500000e-01 7.600000e-01 7.700000e-01 7.800000e-01 7.900000e-01 
8.000000e-01 8.100000e-01 8.200000e-01 8.300000e-01 8.400000e-01 
8.500000e-01 8.600000e-01 8.700000e-01 8.800000e-01 8.900000e-01 
9.000000e-01 9.100000e-01 9.200000e-01 9.300000e-01 9.400000e-01 
9.500000e-01 9.600000e-01 9.700000e-01 9.800000e-01 9.900000e-01 
1.000000e+00 
@R ENE 101 []
2.762369e+01 2.762369e+01 2.757763e+01 2.752834e+01 2.747589e+01 
2.742030e+01 2.736163e+01 2.729990e+01 2.723516e+01 2.716746e+01 
2.709682e+01 2.702330e+01 2.694693e+01 2.686775e+01 2.678581e+01 
2.670115e+01 2.661379e+01 2.652380e+01 2.643120e+01 2.633604e+01 
2.623835e+01 2.613818e+01 2.603558e+01 2.593057e+01 2.582320e+01 
2.571352e+01 2.560155e+01 2.548735e+01 2.537095e+01 2.525239e+01 
2.513171e+01 2.500897e+01 2.488418e+01 2.475740e+01 2.462867e+01 
2.449803e+01 2.436551e+01 2.423116e+01 2.409502e+01 2.395713e+01 
2.381752e+01 2.367625e+01 2.353335e+01 2.338887e+01 2.324283e+01 
2.309529e+01 2.294628e+01 2.279584e+01 2.264402e+01 2.249086e+01 
2.233639e+01 2.218066e+01 2.202371e+01 2.186557e+01 2.170629e+01 
2.154592e+01 2.138448e+01 2.122202e+01 2.105858e+01 2.089421e+01 
2.072893e+01 2.056280e+01 2.039586e+01 2.022813e+01 2.005968e+01 
1.989052e+01 1.972072e+01 1.955030e+01 1.937930e+01 1.920778e+01 
1.903576e+01 1.886329e+01 1.869041e+01 1.851717e+01 1.834359e+01 
1.816972e+01 1.799561e+01 1.782129e+01 1.764680e+01 1.747218e+01 
1.729748e+01 1.712273e+01 1.694796e+01 1.677321e+01 1.659850e+01 
1.642381e+01 1.624908e+01 1.607412e+01 1.589845e+01 1.572101e+01 
1.553945e+01 1.534864e+01 1.513766e+01 1.488366e+01 1.454144e+01 
1.403122e+01 1.324675e+01 1.213775e+01 1.085950e+01 9.742532e+00 
8.995157e+00 
@R TE 101 []
1.880903e+01 1.880903e+01 1.873013e+01 1.864463e+01 1.855266e+01 
1.845436e+01 1.834987e+01 1.823932e+01 1.812286e+01 1.800061e+01 
1.787273e+01 1.773934e+01 1.760058e+01 1.745659e+01 1.730750e+01 
1.715346e+01 1.699461e+01 1.683107e+01 1.666299e+01 1.649050e+01 
1.631374e+01 1.613286e+01 1.594798e+01 1.575924e+01 1.556678e+01 
1.537075e+01 1.517127e+01 1.496848e+01 1.476252e+01 1.455353e+01 
1.434165e+01 1.412701e+01 1.390975e+01 1.369001e+01 1.346792e+01 
1.324363e+01 1.301726e+01 1.278897e+01 1.255887e+01 1.232712e+01 
1.209385e+01 1.185920e+01 1.162330e+01 1.138630e+01 1.114832e+01 
1.090951e+01 1.067001e+01 1.042994e+01 1.018946e+01 9.948689e+00 
9.707775e+00 9.466852e+00 9.226057e+00 8.985528e+00 8.745403e+00 
8.505819e+00 8.266914e+00 8.028824e+00 7.791687e+00 7.555641e+00 
7.320822e+00 7.087369e+00 6.855419e+00 6.625109e+00 6.396577e+00 
6.169960e+00 5.945395e+00 5.723021e+00 5.502973e+00 5.285390e+00 
5.070410e+00 4.858169e+00 4.648804e+00 4.442455e+00 4.239256e+00 
4.039348e+00 3.842865e+00 3.649947e+00 3.460730e+00 3.275352e+00 
3.093950e+00 2.916662e+00 2.743625e+00 2.574976e+00 2.410854e+00 
2.251394e+00 2.096736e+00 1.947015e+00 1.802370e+00 1.662938e+00 
1.528854e+00 1.400251e+00 1.277243e+00 1.159858e+00 1.047758e+00 
9.390058e-01 8.250228e-01 6.746501e-01 4.344841e-01 1.923782e-01 
9.271493e-02 
@R TI 101 []
1.900901e+01 1.900901e+01 1.892924e+01 1.884279e+01 1.874980e+01 
1.865040e+01 1.854474e+01 1.843296e+01 1.831519e+01 1.819157e+01 
1.806225e+01 1.792736e+01 1.778703e+01 1.764142e+01 1.749065e+01 
1.733488e+01 1.717422e+01 1.700884e+01 1.683886e+01 1.666442e+01 
1.648566e+01 1.630272e+01 1.611575e+01 1.592487e+01 1.573024e+01 
1.553198e+01 1.533023e+01 1.512514e+01 1.491685e+01 1.470549e+01 
1.449120e+01 1.427412e+01 1.405440e+01 1.383216e+01 1.360755e+01 
1.338071e+01 1.315178e+01 1.292089e+01 1.268818e+01 1.245380e+01 
1.221788e+01 1.198056e+01 1.174199e+01 1.150229e+01 1.126161e+01 
1.102009e+01 1.077786e+01 1.053507e+01 1.029186e+01 1.004835e+01 
9.804705e+00 9.561047e+00 9.317520e+00 9.074263e+00 8.831414e+00 
8.589113e+00 8.347498e+00 8.106709e+00 7.866884e+00 7.628163e+00 
7.390685e+00 7.154588e+00 6.920012e+00 6.687096e+00 6.455978e+00 
6.226798e+00 5.999695e+00 5.774807e+00 5.552274e+00 5.332235e+00 
5.114828e+00 4.900193e+00 4.688469e+00 4.479795e+00 4.274309e+00 
4.072151e+00 3.873460e+00 3.678375e+00 3.487034e+00 3.299577e+00 
3.116143e+00 2.936871e+00 2.761900e+00 2.591368e+00 2.425415e+00 
2.264180e+00 2.107802e+00 1.956420e+00 1.810173e+00 1.669199e+00 
1.533636e+00 1.403620e+00 1.279266e+00 1.160614e+00 1.047360e+00 
9.376814e-01 8.233586e-01 6.739307e-01 4.350897e-01 1.922870e-01 
9.269185e-02 
@R FP 102 []
8.357759e-13 8.357759e-13 1.125082e-02 3.374767e-02 6.748158e-02 
1.124386e-01 1.686005e-01 2.359442e-01 3.144421e-01 4.040625e-01 
5.047689e-01 6.165206e-01 7.392741e-01 8.729756e-01 1.017581e+00 
1.173019e+00 1.339279e+00 1.516262e+00 1.703880e+00 1.902085e+00 
2.110739e+00 2.329827e+00 2.559250e+00 2.798883e+00 3.048649e+00 
3.308467e+00 3.578236e+00 3.857851e+00 4.147203e+00 4.446175e+00 
4.754657e+00 5.072530e+00 5.399675e+00 5.735973e+00 6.081299e+00 
6.435526e+00 6.798516e+00 7.170122e+00 7.550185e+00 7.938591e+00 
8.335213e+00 8.739845e+00 9.152345e+00 9.572603e+00 1.000039e+01 
1.043557e+01 1.087799e+01 1.132745e+01 1.178379e+01 1.224683e+01 
1.271637e+01 1.319224e+01 1.367424e+01 1.416219e+01 1.465589e+01 
1.515511e+01 1.565970e+01 1.616940e+01 1.668401e+01 1.720336e+01 
1.772717e+01 1.825523e+01 1.878737e+01 1.932331e+01 1.986281e+01 
2.040565e+01 2.095163e+01 2.150045e+01 2.205187e+01 2.260565e+01 
2.316155e+01 2.371932e+01 2.427866e+01 2.483931e+01 2.540102e+01 
2.596351e+01 2.652652e+01 2.708974e+01 2.765287e+01 2.821564e+01 
2.877775e+01 2.933891e+01 2.989881e+01 3.045710e+01 3.101348e+01 
3.156761e+01 3.211919e+01 3.266783e+01 3.321316e+01 3.375481e+01 
3.429243e+01 3.482557e+01 3.535379e+01 3.587666e+01 3.639368e+01 
3.690426e+01 3.740781e+01 3.790366e+01 3.839109e+01 3.886927e+01 
3.933656e+01 3.956363e+01 
@R CURPAR 102 []
3.059689e+00 3.059689e+00 3.059689e+00 3.058558e+00 3.056826e+00 
3.054502e+00 3.051595e+00 3.048105e+00 3.044034e+00 3.039382e+00 
3.034147e+00 3.028332e+00 3.021935e+00 3.014956e+00 3.007395e+00 
2.999253e+00 2.990530e+00 2.981225e+00 2.971338e+00 2.960870e+00 
2.949820e+00 2.938188e+00 2.925975e+00 2.913181e+00 2.899805e+00 
2.885847e+00 2.871308e+00 2.856187e+00 2.840484e+00 2.824200e+00 
2.807335e+00 2.789888e+00 2.771859e+00 2.753249e+00 2.734057e+00 
2.714283e+00 2.693928e+00 2.672992e+00 2.651474e+00 2.629374e+00 
2.606693e+00 2.583430e+00 2.559586e+00 2.535160e+00 2.510152e+00 
2.484563e+00 2.458392e+00 2.431640e+00 2.404306e+00 2.376391e+00 
2.347894e+00 2.318815e+00 2.289155e+00 2.258913e+00 2.228090e+00 
2.196685e+00 2.164699e+00 2.132131e+00 2.098981e+00 2.065250e+00 
2.030938e+00 1.996043e+00 1.960568e+00 1.924510e+00 1.887871e+00 
1.850651e+00 1.812848e+00 1.774465e+00 1.735500e+00 1.695953e+00 
1.655824e+00 1.615114e+00 1.573823e+00 1.531950e+00 1.489495e+00 
1.446459e+00 1.402841e+00 1.358642e+00 1.313861e+00 1.268498e+00 
1.222554e+00 1.176028e+00 1.128921e+00 1.081232e+00 1.032962e+00 
9.841099e-01 9.346764e-01 8.846612e-01 8.340646e-01 7.828863e-01 
7.311265e-01 6.787851e-01 6.258622e-01 5.723576e-01 5.182715e-01 
4.636039e-01 4.083546e-01 3.525238e-01 2.970201e-01 2.472958e-01 
2.160727e-01 2.160727e-01 
