 19-Aug-25 07/09/2014
     1               1
  0.000000000E+00
*   0.000             1               0 MAR   3   2 CLC    40   41
  0.000000000E+00 0.170000000E+03 0.200000000E+01 0.679320679E+06
  0.679320679E+06 0.172097808E+03 0.854161994E+00 0.413285777E+02
  0.133693400E+01-0.342809198E+00-0.310673444E+00 0.768184650E+07
  0.175671142E+03 0.181807185E+01 0.226117498E+01 0.777568292E+00
  0.387594332E+00 0.862150163E+00 0.100000000E+11 0.107494408E+02
  0.100000000E+11 0.100000000E+11 0.198948695E+01-0.123642997E+01
  0.766526712E+02 0.106153571E+03 0.511282528E+02
  0.000000000E+00 0.000000000E+00 0.000000000E+00
  0.824707373E+02 0.794398905E+02
  0.000000000E+00 0.000000000E+00
  0.162167335E+01 0.279823471E+00 0.200423028E+01 0.631536768E+00
  0.764136780E+00 0.217558511E+01-0.500000000E+02-0.500000000E+02
 -0.500000000E+02 0.304958564E+00 0.699991904E+04 0.139143430E+06
  0.744739318E-04 0.128374782E+01 0.951835922E+00 0.855114214E-02
  0.127217074E+01 0.172106203E+03 0.000000000E+00 0.000000000E+00
 -0.999000000E+03-0.999000000E+03-0.999000000E+03-0.999000000E+03
 -0.100000000E+03-0.500000000E+02 0.194648301E+01 0.191611369E+01
  0.918574411E+01 0.399171852E+02 0.100000000E+03 0.107494408E+02
  0.177442498E+03 0.207120695E+01 0.468679299E+00 0.000000000E+00
  0.998202959E+00 0.200253436E+01 0.358347301E+06 0.000000000E+00
  0.000000000E+00 0.000000000E+00 0.868218939E+00 0.100000000E+02
    44   60   18    6
  0.172173832E+00 0.131033248E+00 0.183711821E+00 0.152813266E+00
  0.724950658E-01-0.108765709E-01 0.543680190E+00-0.596756292E-01
 -0.457154292E+00 0.243172725E+00 0.136825215E+00 0.111082120E-01
 -0.439589998E-01-0.661935496E-01-0.795903484E-01 0.555711275E+00
 -0.667874114E-01 0.197058208E-01 0.216145995E+00 0.152717689E+00
  0.159766484E+00 0.166882196E+00 0.104700754E+00 0.278242428E-01
 -0.322868104E+00 0.404907226E+00 0.433643737E+00 0.347400018E-01
  0.845739544E-01 0.199600834E+00 0.767812996E-01-0.143184179E-01
 -0.464868671E-01-0.559604148E-01 0.123906017E+00 0.481359809E+00
  0.469822956E+00-0.392931678E-01 0.306586052E-01-0.152672438E-01
  0.206577231E-01 0.267127301E-01 0.774189820E-01 0.140370647E+00
  0.111229385E+00 0.249073807E+00 0.252956939E+00-0.140776086E+00
 -0.249220391E+00-0.414043142E-01 0.278853017E+00 0.627744598E+00
  0.288562258E+00-0.157473392E+00-0.330565643E+00-0.878217416E-01
  0.228603025E+00 0.312601922E+00 0.248832985E+00-0.380272544E-01
  0.138806399E+00 0.277459373E+00 0.200229957E+00 0.201041912E+00
  0.194709729E+00 0.184528016E+00 0.238870675E+00-0.104951995E+00
 -0.309590642E+00-0.282636841E+00-0.605268962E-01 0.294746557E+00
  0.352484900E+00 0.257449887E+00 0.383725797E+00 0.753431626E+00
  0.300700775E+00 0.395881699E-01-0.193562457E+00-0.267690559E+00
 -0.699439386E-01 0.857652042E-01 0.311296060E+00 0.246629575E+00
  0.354374726E+00 0.105737340E+00-0.592641408E-01-0.246237163E+00
 -0.302243013E+00-0.105640276E+00 0.235862670E+00 0.185014447E+00
  0.193751373E+00 0.201396458E+00 0.197146322E+00 0.274343933E+00
  0.140540883E+00-0.342733456E-01 0.114026126E+00 0.249032567E+00
  0.255082510E+00-0.126102312E+00-0.254470734E+00-0.397923761E-01
  0.242558634E+05-0.670985254E+05 0.246533840E+06 0.244099029E+06
  0.108698794E+06-0.306051014E+06 0.610863447E+06-0.379609597E+05
 -0.762455438E+06 0.349237787E+06 0.726059142E+05-0.137042954E+06
 -0.123093047E+06-0.103228615E+06-0.406445849E+06 0.552764332E+06
 -0.118044525E+06-0.123898633E+06
  0.000000000E+00 0.000000000E+00 0.000000000E+00 0.000000000E+00
  0.000000000E+00 0.000000000E+00
  0.000000000E+00 0.000000000E+00 0.000000000E+00 0.000000000E+00
  0.000000000E+00 0.000000000E+00 0.000000000E+00 0.000000000E+00
  0.000000000E+00 0.000000000E+00 0.550268695E+02 0.000000000E+00
  0.235566989E+00 0.194709787E+00 0.400000006E+02-0.133198108E+00
 -0.110515423E+01 0.000000000E+00 0.999000000E+03 0.191888997E+01
 -0.100000000E+02 0.951835922E+00 0.000000000E+00 0.549246534E-01
 -0.100000000E+02 0.000000000E+00 0.216362441E+01 0.000000000E+00
  0.160676992E+00 0.215806119E+01 0.130769231E+01 0.213203106E+01
  0.335637422E+02 0.430997611E+01-0.890000000E+02-0.890000000E+02
 -0.890000000E+02-0.890000000E+02-0.890000000E+02-0.890000000E+02
 -0.890000000E+02-0.890000000E+02-0.890000000E+02-0.890000000E+02
 -0.890000000E+02-0.890000000E+02-0.890000000E+02-0.890000000E+02
 -0.890000000E+02 0.000000000E+00 0.715475878E+00 0.953236256E+00
  0.140934419E+03 0.184937500E+03 0.000000000E+00 0.826993395E+00
  0.100000000E+01 0.000000000E+00 0.000000000E+00 0.000000000E+00
                                            EQG
