&IN1
  ICONVR = 3 
  MXITER = -1 
  NXITER = 51 
  ERROR = 0.0001 
  RELAX = 0.5 
  IOUT = 4 
  ICURRT = 2 
  KPPFNC = 6 
  KPPCUR = 3 
  KFFFNC = 6 
  KFFCUR = 3 
  ISHOT = 1 
  ITIME = 0 
  ITIMEU = 0 
  ITEK = 0 
  ITRACE = 1 
  PLASMA = 10000000.0 
  BTOR = 11.0 
  RCENTR = 4.55 
  RZERO = 4.55 
  LIMITR = 5 
  XLIM = 6.0 3.5 3.5 6.0 6.0 
  YLIM = 1.93 1.93 -1.93 -1.93 1.93 
  NBDRY = 15 
  RBDRY = 5.75 5.717889612279765 5.599231274196216 5.333894952548324  
    4.862048988436734 4.215741544340384 3.606248672667517  
    3.3499999999999996 3.606248672667517 4.215741544340384  
    4.862048988436735 5.333894952548324 5.599231274196216  
    5.717889612279765 5.75 
  ZBDRY = 0.0 0.7289246817174976 1.3134768905462901 1.6378788924654637  
    1.6378788924654637 1.3134768905462901 0.7289246817174978  
    2.0574066225675533e-16 -0.7289246817174975 -1.31347689054629  
    -1.6378788924654637 -1.6378788924654637 -1.3134768905462901  
    -0.728924681717498 0.0 
  IERCHK = 0 
  NEXTRA = 0 
  SCRAPE = 0.01 
  PSIBRY = 0.0 
  CFCOIL = -10.0 
  ENP = 1.0 
  EMP = 1.0 
  FCURBD = 0 
  PCURBD = 0 
  FCZERO = 1.0 1.0 1.0 1.0 1.0 1.0 1.0 1.0 1.0 1.0 1.0 1.0 1.0 1.0 1.0  
    1.0 
  FCSUM = 1.0 1.0 1.0 1.0 1.0 1.0 1.0 1.0 1.0 1.0 1.0 1.0 1.0 1.0 1.0  
    1.0 
  IFREF = 2 
  PRBDRY = 3163.671792173502 
  KBETAPR = 1 
  FWTBDRY = 1.0 1.0 1.0 1.0 1.0 1.0 1.0 1.0 1.0 1.0 1.0 1.0 1.0 1.0 1.0 
  FWTBDRY(2) = 10.0 
  FWTBDRY(3) = 10.0 
  FWTBDRY(4) = 10.0 
  FWTBDRY(5) = 10.0 
  FWTBDRY(9) = 10.0 
  FWTBDRY(10) = 10.0 
  FWTBDRY(11) = 10.0 
  FWTBDRY(12) = 10.0 
/

&PROFILE_EXT
  NPSI_EXT = 257 
  PSIN_EXT = 0.0 0.00390625 0.0078125 0.01171875 0.015625 0.01953125  
    0.0234375 0.02734375 0.03125 0.03515625 0.0390625 0.04296875  
    0.046875 0.05078125 0.0546875 0.05859375 0.0625 0.06640625  
    0.0703125 0.07421875 0.078125 0.08203125 0.0859375 0.08984375  
    0.09375 0.09765625 0.1015625 0.10546875 0.109375 0.11328125  
    0.1171875 0.12109375 0.125 0.12890625 0.1328125 0.13671875 0.140625  
    0.14453125 0.1484375 0.15234375 0.15625 0.16015625 0.1640625  
    0.16796875 0.171875 0.17578125 0.1796875 0.18359375 0.1875  
    0.19140625 0.1953125 0.19921875 0.203125 0.20703125 0.2109375  
    0.21484375 0.21875 0.22265625 0.2265625 0.23046875 0.234375  
    0.23828125 0.2421875 0.24609375 0.25 0.25390625 0.2578125  
    0.26171875 0.265625 0.26953125 0.2734375 0.27734375 0.28125  
    0.28515625 0.2890625 0.29296875 0.296875 0.30078125 0.3046875  
    0.30859375 0.3125 0.31640625 0.3203125 0.32421875 0.328125  
    0.33203125 0.3359375 0.33984375 0.34375 0.34765625 0.3515625  
    0.35546875 0.359375 0.36328125 0.3671875 0.37109375 0.375  
    0.37890625 0.3828125 0.38671875 0.390625 0.39453125 0.3984375  
    0.40234375 0.40625 0.41015625 0.4140625 0.41796875 0.421875  
    0.42578125 0.4296875 0.43359375 0.4375 0.44140625 0.4453125  
    0.44921875 0.453125 0.45703125 0.4609375 0.46484375 0.46875  
    0.47265625 0.4765625 0.48046875 0.484375 0.48828125 0.4921875  
    0.49609375 0.5 0.50390625 0.5078125 0.51171875 0.515625 0.51953125  
    0.5234375 0.52734375 0.53125 0.53515625 0.5390625 0.54296875  
    0.546875 0.55078125 0.5546875 0.55859375 0.5625 0.56640625  
    0.5703125 0.57421875 0.578125 0.58203125 0.5859375 0.58984375  
    0.59375 0.59765625 0.6015625 0.60546875 0.609375 0.61328125  
    0.6171875 0.62109375 0.625 0.62890625 0.6328125 0.63671875 0.640625  
    0.64453125 0.6484375 0.65234375 0.65625 0.66015625 0.6640625  
    0.66796875 0.671875 0.67578125 0.6796875 0.68359375 0.6875  
    0.69140625 0.6953125 0.69921875 0.703125 0.70703125 0.7109375  
    0.71484375 0.71875 0.72265625 0.7265625 0.73046875 0.734375  
    0.73828125 0.7421875 0.74609375 0.75 0.75390625 0.7578125  
    0.76171875 0.765625 0.76953125 0.7734375 0.77734375 0.78125  
    0.78515625 0.7890625 0.79296875 0.796875 0.80078125 0.8046875  
    0.80859375 0.8125 0.81640625 0.8203125 0.82421875 0.828125  
    0.83203125 0.8359375 0.83984375 0.84375 0.84765625 0.8515625  
    0.85546875 0.859375 0.86328125 0.8671875 0.87109375 0.875  
    0.87890625 0.8828125 0.88671875 0.890625 0.89453125 0.8984375  
    0.90234375 0.90625 0.91015625 0.9140625 0.91796875 0.921875  
    0.92578125 0.9296875 0.93359375 0.9375 0.94140625 0.9453125  
    0.94921875 0.953125 0.95703125 0.9609375 0.96484375 0.96875  
    0.97265625 0.9765625 0.98046875 0.984375 0.98828125 0.9921875  
    0.99609375 1.0 
  PPRIME_EXT = 930744.9017913034 916453.3235218339 902302.5751356314  
    888292.6566326957 874423.568013027 860695.3092766252  
    847107.8804234902 833661.2814536222 820355.5123670211  
    807190.5731636868 794166.4638436195 781283.1844068189  
    768540.7348532854 755939.1151830188 743478.325396019  
    731158.3654922863 718979.2354718203 706940.9353346212  
    695043.4650806892 683286.824710024 671671.0142226256  
    660196.0336184942 648861.8828976296 637668.562060032  
    626616.0711057014 615704.4100346374 605527.1148642743  
    596497.7315919383 587673.9185197775 578905.6766138033  
    569932.6802838088 560365.1598653577 550181.742803266  
    539474.7393870822 528529.3854284436 517705.00937515363  
    507115.1937586391 496871.39093937783 486965.421713696  
    477320.6935806038 467965.70807290886 458861.73112528346  
    450000.265641868 441425.4229481787 433078.5767720568  
    425005.07965220016 417169.3835114155 409569.015595621  
    402205.6099310875 395038.8558821351 388093.961012839  
    381328.5094650566 374762.5192022461 368377.46299083193  
    362180.1789254262 356167.8760463229 350332.46183544595  
    344689.51933969633 339201.6556094516 333899.40505325224  
    328736.9903157227 323740.6994491002 318880.0760964979  
    314156.311164606 309580.80863560515 305108.89347070723  
    300797.7914109754 296574.1893806825 292500.175762516  
    288529.45912042866 284658.8419550804 280932.501449283  
    277260.54457907646 273717.8326608654 270267.0816575802  
    266877.9166335252 263619.9522996647 260412.05019666284  
    257285.87060967722 254268.59369835423 251276.47829851022  
    248365.56912689348 245530.68142527834 242708.26590273468  
    239962.4621042402 237272.68284733462 234585.76697351204  
    231971.9277717506 229418.13595749275 226872.5655158227  
    224394.89417586057 221980.69108206354 219572.3190595141  
    217215.11809059838 214928.4418478369 212655.11399017065  
    210412.68023577041 208240.11745201427 206094.19773859734  
    203962.12414760073 201891.20864744607 199866.79684375762  
    197846.43608194462 195859.38274724106 193932.0334477097  
    192026.1990997985 190126.421396363 188270.95870487188  
    186461.58895076066 184661.6056914301 182876.9977112498  
    181138.63137329533 179433.3519638395 177733.6733559834  
    176055.3592752202 174419.74106224586 172807.7109319562  
    171199.36521646866 169612.29993195372 168062.1780246468  
    166531.00299365335 165002.73508418986 163491.80291968942  
    162013.68694649875 160555.47928883444 159100.62582311998  
    157657.59153150642 156243.780424197 154853.2571442126  
    153467.33299381024 152086.7682091098 150730.402016895  
    149400.93870894762 148079.34612881966 146758.69766996038  
    145455.98889402742 144182.42526635109 142922.57972199415  
    141663.09961786738 140414.5679184558 139192.57978116727  
    137989.92952800205 136791.8040996181 135599.4105764458  
    134423.78765976577 133269.75688846223 132129.0331272116  
    130993.3380316527 129863.25186286366 128750.86715938887  
    127660.92479242818 126580.8556384918 125503.033649897  
    124436.34946869877 123392.98202201954 122367.27583383374  
    121348.66852787527 120337.54322315613 119339.51241278731  
    118361.39287800496 117400.69825767315 116447.96091634022  
    115499.37188795325 114564.00330959902 113650.65706962236  
    112750.75280155352 111855.81062300602 110968.78619437857  
    110096.61137679424 109244.14049318444 108408.18521675208  
    107582.49329822444 106765.213421444 105965.58259219803  
    105191.40125862119 104433.8929339672 103685.67106587238  
    102950.27193894165 102234.59415420004 101540.82559646951  
    100862.96810092469 100194.98173584722 99535.15321356317  
    98890.9842877851 98269.13982236758 97661.78859098234  
    97061.42675026608 96475.41685419405 95916.92291007657  
    95388.63600353859 94886.02200806158 94414.31939738583  
    93980.05727452594 93591.00214641023 93248.68241092499  
    92932.67591351178 92631.80529140419 92348.0252035392  
    92120.50160300185 91993.41205851382 91963.61449619144  
    92038.32596397868 92306.45846579838 92837.81190165856  
    93639.2831841113 94660.42320692971 95799.85071472629  
    97032.22267247457 98377.91221399826 99641.76693127917  
    100616.92576023407 101291.65865009176 101697.70040079637  
    101937.09188595013 102045.84184322439 102039.63295272013  
    101583.71254875047 100221.23942092039 97885.53278251027  
    94575.81024731527 90277.35114435214 85024.30683421242  
    78712.96612870615 72076.45087414642 66315.96279053259  
    61699.92748610974 58155.42406111122 55482.90045019673  
    53506.836459103964 52297.35689761094 51532.04320865977  
    50686.420806613096 49637.21257091308 48440.739677211  
    47286.776264307846 46308.01016017091 45482.44729357748  
    44860.649777713625 44512.067323515716 44450.68906141851  
    44681.37411514594 45223.604999380914 46102.35464391297  
    47304.9896981919 48346.71281329238 48777.327536255165  
    48634.84116681268 47690.51658367236 45603.52318019341  
    42257.74256252844 37804.9461866363 32671.64600946452  
    27044.282091887166 20874.14427172774 14153.219242417625  
    6854.438987369974 -1022.1964936833829 
  FFPRIM_EXT = -3.5481210363091877 -3.195795142984929  
    -2.854331171109111 -2.5175142378240283 -2.185173867950968  
    -1.8572886422179153 -1.5338481446723062 -1.2148398648997223  
    -0.900255296960252 -0.5900751936976334 -0.2842991412628985  
    0.01708278366382996 0.31408041317098934 0.6067026757161585  
    0.8949596902111567 1.1788606642200414 1.458414159529391  
    1.733629563164427 2.004515409942357 2.271081984956645  
    2.533336850761966 2.7912885506866916 3.0449477309382913  
    3.294318694985116 3.5394098330289028 3.7802575844946666  
    4.000254961104434 4.1878341652316715 4.369439200032436  
    4.549227799323937 4.734434709667909 4.93594378678988  
    5.154316839861474 5.386978397590185 5.625962990996234  
    5.861257322448774 6.089733924187026 6.308296530452815  
    6.517189205598675 6.718561615513303 6.911623623173494  
    7.097462650311272 7.276330695023855 7.4470028877284875  
    7.611122072598697 7.767436977622185 7.916940219002084  
    8.059714586368635 8.19571255820018 8.32606721199554  
    8.45007739166504 8.568930549366218 8.682075450264456  
    8.790030521874293 8.892613075616795 8.98990379830086  
    9.08213574621961 9.168878949103693 9.251175005095455  
    9.328181949158052 9.401166590477533 9.469412056625636  
    9.533755282796495 9.594176903037923 9.650349457059779  
    9.703524068449926 9.75211289092874 9.79814775017994  
    9.839917092269275 9.878693033526048 9.914579366709809  
    9.946345975628107 9.976484282811425 10.002930231921434  
    10.026700895572183 10.048647884717887 10.066844084062222  
    10.083525243465926 10.097829143334334 10.108997655471601  
    10.119346644485077 10.12733446479492 10.133086168544388  
    10.138358795131284 10.141389395754096 10.142736393055753  
    10.143874142956602 10.142872638648788 10.140076834662406  
    10.136919091980943 10.131763385810707 10.124722644823823  
    10.117387376757769 10.10851750997659 10.097568770572417  
    10.086111333379344 10.073674197465635 10.059182924662043  
    10.043818498193254 10.027938743139032 10.010243854490785  
    9.991128382210182 9.971761977204427 9.951347676030565  
    9.929150985287798 9.906214990021425 9.882973279132777  
    9.858379671438087 9.832373878423947 9.80596000220385  
    9.778982569023286 9.750595071630636 9.721148565196888  
    9.69139705318203 9.660916247336589 9.629117774966714  
    9.596515750501524 9.563657334392495 9.530067344050597  
    9.49531276231113 9.459878236753754 9.424204510367682  
    9.38790264545548 9.350545669799716 9.312478581063234  
    9.274154489943957 9.235347852934408 9.195581243700989  
    9.155008321089039 9.114139070316195 9.07295919153547  
    9.030954703314093 8.988041580499631 8.944734979125831  
    8.901229149867465 8.857066269209934 8.81193560077607  
    8.766247553001168 8.720366761649434 8.674011247751366  
    8.626755725964031 8.578788588061478 8.530511039093827  
    8.48189264153406 8.432632753603336 8.382596938471714  
    8.332006390940956 8.281083815445285 8.22981530009309  
    8.177875507454743 8.125131195904054 8.071914445931972  
    8.018433249573322 7.964452433113619 7.909641735355316  
    7.854144602325256 7.798243979327363 7.741931684628041  
    7.685056855857954 7.6274328956407 7.569121401862198  
    7.510375347179432 7.451299849465077 7.391651321110166  
    7.331185181020003 7.270127098600398 7.208706986017422  
    7.146846465693521 7.084355839658049 7.021101432143439  
    6.957166051668684 6.892714540681649 6.827797605311823  
    6.762170188650487 6.695618718092888 6.628366911353723  
    6.5606119633356625 6.492263649523288 6.42313894380369  
    6.353171551838698 6.282513751639203 6.211324522172429  
    6.139650823993825 6.067293988992884 5.994070413565472  
    5.920179744550454 5.8458222217117495 5.770803701423298  
    5.694771472532603 5.6176513954365275 5.539562627969262  
    5.460362623153127 5.3798776602638325 5.297903813947174  
    5.214395433228724 5.129880106041847 5.044653076470434  
    4.958669303604503 4.8708923169752225 4.780147325368188  
    4.6865267518602565 4.589856381976342 4.487790437530791  
    4.378494779792739 4.261792303511836 4.13899791932976  
    4.0127826995384375 3.883797961896235 3.7514667467233833  
    3.6208940275545247 3.4975129613534204 3.3816083311141014  
    3.272320775034088 3.166977181667596 3.064632498039848  
    2.964787364880127 2.87621701128157 2.810898594822471  
    2.7704651372779363 2.754875886565696 2.764511031818005  
    2.7984800234648155 2.8595841882235535 2.9287204210890607  
    2.974403154771675 2.9897214145109348 2.976725329057942  
    2.9406450823308043 2.886034461867391 2.8109837782627896  
    2.7239312302203524 2.6386013515138167 2.558188946008311  
    2.481268609939348 2.4029371960743275 2.3198257525603267  
    2.232657637219836 2.140260878209448 2.0410249774198115  
    1.934829191095847 1.8218262601199253 1.701826755449527  
    1.5745158141564 1.440497655539422 1.3129170276240374  
    1.204254128141617 1.1142779166756502 1.0495993033289766  
    1.0194741285562319 1.0270360711256177 1.0685004183199216  
    1.1335423333854608 1.219439190115951 1.3284217689546518  
    1.4632968117888274 1.6317516006450985 1.833786135501441 
/

