@R RHO 101 []
0.000000e+00 1.000000e-02 2.000000e-02 3.000000e-02 4.000000e-02 
5.000000e-02 6.000000e-02 7.000000e-02 8.000000e-02 9.000000e-02 
1.000000e-01 1.100000e-01 1.200000e-01 1.300000e-01 1.400000e-01 
1.500000e-01 1.600000e-01 1.700000e-01 1.800000e-01 1.900000e-01 
2.000000e-01 2.100000e-01 2.200000e-01 2.300000e-01 2.400000e-01 
2.500000e-01 2.600000e-01 2.700000e-01 2.800000e-01 2.900000e-01 
3.000000e-01 3.100000e-01 3.200000e-01 3.300000e-01 3.400000e-01 
3.500000e-01 3.600000e-01 3.700000e-01 3.800000e-01 3.900000e-01 
4.000000e-01 4.100000e-01 4.200000e-01 4.300000e-01 4.400000e-01 
4.500000e-01 4.600000e-01 4.700000e-01 4.800000e-01 4.900000e-01 
5.000000e-01 5.100000e-01 5.200000e-01 5.300000e-01 5.400000e-01 
5.500000e-01 5.600000e-01 5.700000e-01 5.800000e-01 5.900000e-01 
6.000000e-01 6.100000e-01 6.200000e-01 6.300000e-01 6.400000e-01 
6.500000e-01 6.600000e-01 6.700000e-01 6.800000e-01 6.900000e-01 
7.000000e-01 7.100000e-01 7.200000e-01 7.300000e-01 7.400000e-01 
7.500000e-01 7.600000e-01 7.700000e-01 7.800000e-01 7.900000e-01 
8.000000e-01 8.100000e-01 8.200000e-01 8.300000e-01 8.400000e-01 
8.500000e-01 8.600000e-01 8.700000e-01 8.800000e-01 8.900000e-01 
9.000000e-01 9.100000e-01 9.200000e-01 9.300000e-01 9.400000e-01 
9.500000e-01 9.600000e-01 9.700000e-01 9.800000e-01 9.900000e-01 
1.000000e+00 
@R ENE 101 []
2.762176e+01 2.762176e+01 2.757675e+01 2.752851e+01 2.747711e+01 
2.742258e+01 2.736497e+01 2.730431e+01 2.724065e+01 2.717403e+01 
2.710449e+01 2.703208e+01 2.695684e+01 2.687881e+01 2.679803e+01 
2.671454e+01 2.662840e+01 2.653963e+01 2.644828e+01 2.635440e+01 
2.625803e+01 2.615920e+01 2.605797e+01 2.595437e+01 2.584844e+01 
2.574024e+01 2.562979e+01 2.551715e+01 2.540235e+01 2.528544e+01 
2.516646e+01 2.504545e+01 2.492246e+01 2.479753e+01 2.467069e+01 
2.454199e+01 2.441148e+01 2.427920e+01 2.414518e+01 2.400947e+01 
2.387212e+01 2.373316e+01 2.359264e+01 2.345061e+01 2.330709e+01 
2.316214e+01 2.301579e+01 2.286810e+01 2.271909e+01 2.256882e+01 
2.241733e+01 2.226466e+01 2.211084e+01 2.195593e+01 2.179997e+01 
2.164299e+01 2.148505e+01 2.132617e+01 2.116641e+01 2.100581e+01 
2.084441e+01 2.068224e+01 2.051936e+01 2.035580e+01 2.019160e+01 
2.002681e+01 1.986146e+01 1.969559e+01 1.952923e+01 1.936242e+01 
1.919517e+01 1.902752e+01 1.885947e+01 1.869101e+01 1.852212e+01 
1.835274e+01 1.818276e+01 1.801201e+01 1.784025e+01 1.766706e+01 
1.749187e+01 1.731382e+01 1.713166e+01 1.694360e+01 1.674709e+01 
1.653852e+01 1.631290e+01 1.606339e+01 1.578101e+01 1.545437e+01 
1.507010e+01 1.461429e+01 1.407566e+01 1.345063e+01 1.274932e+01 
1.199937e+01 1.124379e+01 1.053130e+01 9.903025e+00 9.382649e+00 
8.974498e+00 
@R TE 101 []
1.881708e+01 1.881708e+01 1.874163e+01 1.865998e+01 1.857229e+01 
1.847867e+01 1.837928e+01 1.827423e+01 1.816367e+01 1.804773e+01 
1.792654e+01 1.780025e+01 1.766898e+01 1.753288e+01 1.739207e+01 
1.724669e+01 1.709688e+01 1.694276e+01 1.678448e+01 1.662218e+01 
1.645597e+01 1.628601e+01 1.611243e+01 1.593535e+01 1.575492e+01 
1.557127e+01 1.538453e+01 1.519484e+01 1.500234e+01 1.480716e+01 
1.460943e+01 1.440930e+01 1.420688e+01 1.400233e+01 1.379577e+01 
1.358734e+01 1.337718e+01 1.316541e+01 1.295218e+01 1.273761e+01 
1.252186e+01 1.230503e+01 1.208729e+01 1.186875e+01 1.164956e+01 
1.142984e+01 1.120974e+01 1.098939e+01 1.076892e+01 1.054847e+01 
1.032817e+01 1.010816e+01 9.888573e+00 9.669544e+00 9.451209e+00 
9.233702e+00 9.017157e+00 8.801710e+00 8.587497e+00 8.374650e+00 
8.163307e+00 7.953601e+00 7.745667e+00 7.539641e+00 7.335657e+00 
7.133849e+00 6.934354e+00 6.737305e+00 6.542837e+00 6.351083e+00 
6.162179e+00 5.976257e+00 5.793449e+00 5.613887e+00 5.437697e+00 
5.265004e+00 5.095926e+00 4.930571e+00 4.769032e+00 4.611378e+00 
4.457639e+00 4.307785e+00 4.161694e+00 4.019093e+00 3.879481e+00 
3.741996e+00 3.605224e+00 3.466911e+00 3.323561e+00 3.169927e+00 
2.998496e+00 2.799295e+00 2.560757e+00 2.272796e+00 1.932859e+00 
1.553121e+00 1.162841e+00 7.999585e-01 4.954026e-01 2.622133e-01 
9.634936e-02 
@R TI 101 []
1.901726e+01 1.901726e+01 1.894083e+01 1.885813e+01 1.876930e+01 
1.867447e+01 1.857378e+01 1.846737e+01 1.835538e+01 1.823793e+01 
1.811517e+01 1.798724e+01 1.785426e+01 1.771638e+01 1.757374e+01 
1.742647e+01 1.727470e+01 1.711858e+01 1.695824e+01 1.679382e+01 
1.662545e+01 1.645327e+01 1.627742e+01 1.609803e+01 1.591525e+01 
1.572920e+01 1.554003e+01 1.534787e+01 1.515286e+01 1.495513e+01 
1.475482e+01 1.455207e+01 1.434702e+01 1.413980e+01 1.393054e+01 
1.371939e+01 1.350648e+01 1.329196e+01 1.307594e+01 1.285858e+01 
1.264000e+01 1.242035e+01 1.219977e+01 1.197838e+01 1.175633e+01 
1.153374e+01 1.131077e+01 1.108754e+01 1.086420e+01 1.064087e+01 
1.041770e+01 1.019482e+01 9.972374e+00 9.750490e+00 9.529309e+00 
9.308966e+00 9.089599e+00 8.871345e+00 8.654340e+00 8.438721e+00 
8.224625e+00 8.012187e+00 7.801546e+00 7.592838e+00 7.386198e+00 
7.181765e+00 6.979674e+00 6.780062e+00 6.583064e+00 6.388819e+00 
6.197459e+00 6.009122e+00 5.823941e+00 5.642048e+00 5.463573e+00 
5.288643e+00 5.117378e+00 4.949888e+00 4.786270e+00 4.626594e+00 
4.470896e+00 4.319151e+00 4.171243e+00 4.026909e+00 3.885660e+00 
3.746652e+00 3.608493e+00 3.468960e+00 3.324596e+00 3.170201e+00 
2.998302e+00 2.798948e+00 2.560534e+00 2.272855e+00 1.933151e+00 
1.553418e+00 1.162904e+00 7.997471e-01 4.951085e-01 2.621159e-01 
9.665506e-02 
@R FP 102 []
-2.221621e-12 -2.221621e-12 1.110360e-02 3.330689e-02 6.660305e-02 
1.109795e-01 1.664183e-01 2.328994e-01 3.104005e-01 3.988941e-01 
4.983463e-01 6.087208e-01 7.299803e-01 8.620775e-01 1.004973e+00 
1.158605e+00 1.322955e+00 1.497951e+00 1.683522e+00 1.879590e+00 
2.086063e+00 2.302931e+00 2.530063e+00 2.767376e+00 3.014819e+00 
3.272311e+00 3.539745e+00 3.817017e+00 4.104039e+00 4.400715e+00 
4.706944e+00 5.022620e+00 5.347635e+00 5.681875e+00 6.025221e+00 
6.377547e+00 6.738735e+00 7.108678e+00 7.487246e+00 7.874292e+00 
8.269652e+00 8.673220e+00 9.084882e+00 9.504423e+00 9.931728e+00 
1.036667e+01 1.080903e+01 1.125871e+01 1.171550e+01 1.217925e+01 
1.264980e+01 1.312695e+01 1.361055e+01 1.410038e+01 1.459630e+01 
1.509807e+01 1.560555e+01 1.611852e+01 1.663675e+01 1.716010e+01 
1.768831e+01 1.822116e+01 1.875849e+01 1.930006e+01 1.984561e+01 
2.039495e+01 2.094786e+01 2.150410e+01 2.206339e+01 2.262554e+01 
2.319029e+01 2.375742e+01 2.432663e+01 2.489767e+01 2.547030e+01 
2.604426e+01 2.661930e+01 2.719512e+01 2.777144e+01 2.834798e+01 
2.892449e+01 2.950067e+01 3.007624e+01 3.065087e+01 3.122428e+01 
3.179616e+01 3.236620e+01 3.293412e+01 3.349955e+01 3.406215e+01 
3.462159e+01 3.517756e+01 3.572968e+01 3.627757e+01 3.682086e+01 
3.735923e+01 3.789227e+01 3.841958e+01 3.894079e+01 3.945540e+01 
3.996284e+01 4.021278e+01 
@R CURPAR 102 []
3.677957e+00 3.677957e+00 3.677957e+00 3.676597e+00 3.674517e+00 
3.671723e+00 3.668227e+00 3.664033e+00 3.659139e+00 3.653547e+00 
3.647255e+00 3.640264e+00 3.632574e+00 3.624185e+00 3.615097e+00 
3.605309e+00 3.594823e+00 3.583638e+00 3.571753e+00 3.559170e+00 
3.545887e+00 3.531905e+00 3.517224e+00 3.501844e+00 3.485765e+00 
3.468987e+00 3.451510e+00 3.433334e+00 3.414458e+00 3.394884e+00 
3.374610e+00 3.353638e+00 3.331966e+00 3.309595e+00 3.286525e+00 
3.262756e+00 3.238288e+00 3.213121e+00 3.187255e+00 3.160689e+00 
3.133425e+00 3.105461e+00 3.076799e+00 3.047437e+00 3.017376e+00 
2.986616e+00 2.955157e+00 2.922999e+00 2.890142e+00 2.856586e+00 
2.822330e+00 2.787376e+00 2.751722e+00 2.715370e+00 2.678318e+00 
2.640567e+00 2.602118e+00 2.562969e+00 2.523121e+00 2.482573e+00 
2.441327e+00 2.399382e+00 2.356738e+00 2.313394e+00 2.269351e+00 
2.224610e+00 2.179169e+00 2.133029e+00 2.086190e+00 2.038652e+00 
1.990415e+00 1.941479e+00 1.891844e+00 1.841509e+00 1.790476e+00 
1.738743e+00 1.686312e+00 1.633181e+00 1.579351e+00 1.524822e+00 
1.469594e+00 1.413667e+00 1.357041e+00 1.299716e+00 1.241691e+00 
1.182968e+00 1.123546e+00 1.063424e+00 1.002603e+00 9.410834e-01 
8.788646e-01 8.159466e-01 7.523295e-01 6.880134e-01 6.229982e-01 
5.572839e-01 4.908705e-01 4.237580e-01 3.570387e-01 2.972667e-01 
2.597344e-01 2.597344e-01 
