@R IP 1 []
  9.999999995e+06
@R BCENTR 1 []
  1.100000000e+01
@R RMAJOR 1 []
  4.550000000e+00
@R AMINOR 1 []
  1.106816819e+00
@R KAPPA 1 []
  1.337587430e+00
@R DELTA 1 []
 -3.043342272e-01
@I NRHO 1 []
              101
@R RHOB 1 []
  1.260137642e+00
@R RHO 101 []
  0.000000000e+00  1.000000000e-02  2.000000000e-02  3.000000000e-02
  4.000000000e-02  5.000000000e-02  6.000000000e-02  7.000000000e-02
  8.000000000e-02  9.000000000e-02  1.000000000e-01  1.100000000e-01
  1.200000000e-01  1.300000000e-01  1.400000000e-01  1.500000000e-01
  1.600000000e-01  1.700000000e-01  1.800000000e-01  1.900000000e-01
  2.000000000e-01  2.100000000e-01  2.200000000e-01  2.300000000e-01
  2.400000000e-01  2.500000000e-01  2.600000000e-01  2.700000000e-01
  2.800000000e-01  2.900000000e-01  3.000000000e-01  3.100000000e-01
  3.200000000e-01  3.300000000e-01  3.400000000e-01  3.500000000e-01
  3.600000000e-01  3.700000000e-01  3.800000000e-01  3.900000000e-01
  4.000000000e-01  4.100000000e-01  4.200000000e-01  4.300000000e-01
  4.400000000e-01  4.500000000e-01  4.600000000e-01  4.700000000e-01
  4.800000000e-01  4.900000000e-01  5.000000000e-01  5.100000000e-01
  5.200000000e-01  5.300000000e-01  5.400000000e-01  5.500000000e-01
  5.600000000e-01  5.700000000e-01  5.800000000e-01  5.900000000e-01
  6.000000000e-01  6.100000000e-01  6.200000000e-01  6.300000000e-01
  6.400000000e-01  6.500000000e-01  6.600000000e-01  6.700000000e-01
  6.800000000e-01  6.900000000e-01  7.000000000e-01  7.100000000e-01
  7.200000000e-01  7.300000000e-01  7.400000000e-01  7.500000000e-01
  7.600000000e-01  7.700000000e-01  7.800000000e-01  7.900000000e-01
  8.000000000e-01  8.100000000e-01  8.200000000e-01  8.300000000e-01
  8.400000000e-01  8.500000000e-01  8.600000000e-01  8.700000000e-01
  8.800000000e-01  8.900000000e-01  9.000000000e-01  9.100000000e-01
  9.200000000e-01  9.300000000e-01  9.400000000e-01  9.500000000e-01
  9.600000000e-01  9.700000000e-01  9.800000000e-01  9.900000000e-01
  1.000000000e+00
@R VOLP 101 []
  0.000000000e+00  2.429556314e+00  4.858920197e+00  7.287899020e+00
  9.716304594e+00  1.214394922e+01  1.457064752e+01  1.699622307e+01
  1.942050256e+01  2.184331559e+01  2.426450370e+01  2.668391444e+01
  2.910139830e+01  3.151682086e+01  3.393005736e+01  3.634098208e+01
  3.874948512e+01  4.115547402e+01  4.355885239e+01  4.595953707e+01
  4.835746163e+01  5.075256302e+01  5.314478237e+01  5.553407456e+01
  5.792040026e+01  6.030371533e+01  6.268399791e+01  6.506124574e+01
  6.743545436e+01  6.980661073e+01  7.217468756e+01  7.453963999e+01
  7.690141215e+01  7.925995196e+01  8.161521579e+01  8.396715187e+01
  8.631570241e+01  8.866082167e+01  9.100245875e+01  9.334055040e+01
  9.567504612e+01  9.800589256e+01  1.003330236e+02  1.026563789e+02
  1.049758995e+02  1.072915262e+02  1.096031840e+02  1.119108070e+02
  1.142143401e+02  1.165137060e+02  1.188088302e+02  1.210996447e+02
  1.233860874e+02  1.256680694e+02  1.279455158e+02  1.302183679e+02
  1.324865492e+02  1.347499755e+02  1.370085730e+02  1.392622800e+02
  1.415110235e+02  1.437547276e+02  1.459933286e+02  1.482267741e+02
  1.504549998e+02  1.526779411e+02  1.548955574e+02  1.571078215e+02
  1.593146866e+02  1.615161277e+02  1.637121389e+02  1.659027253e+02
  1.680878915e+02  1.702676650e+02  1.724421206e+02  1.746113307e+02
  1.767753811e+02  1.789344003e+02  1.810885522e+02  1.832380293e+02
  1.853830450e+02  1.875238863e+02  1.896609604e+02  1.917947411e+02
  1.939257283e+02  1.960544718e+02  1.981815779e+02  2.003077372e+02
  2.024336561e+02  2.045601862e+02  2.066887453e+02  2.088220272e+02
  2.109648282e+02  2.131213617e+02  2.152907169e+02  2.174635306e+02
  2.196314258e+02  2.218095257e+02  2.240496130e+02  2.264070989e+02
  2.289072572e+02
@R IPOL 101 []
  1.015669359e+00  1.015668683e+00  1.015666639e+00  1.015663178e+00
  1.015658218e+00  1.015651645e+00  1.015643316e+00  1.015633057e+00
  1.015620666e+00  1.015605916e+00  1.015588555e+00  1.015568309e+00
  1.015544883e+00  1.015517968e+00  1.015487236e+00  1.015452353e+00
  1.015412968e+00  1.015368738e+00  1.015319303e+00  1.015264325e+00
  1.015203453e+00  1.015136350e+00  1.015062704e+00  1.014982205e+00
  1.014894567e+00  1.014799532e+00  1.014696868e+00  1.014586355e+00
  1.014467673e+00  1.014340602e+00  1.014205191e+00  1.014061581e+00
  1.013909903e+00  1.013750306e+00  1.013582952e+00  1.013408015e+00
  1.013225674e+00  1.013036125e+00  1.012839579e+00  1.012636259e+00
  1.012426395e+00  1.012210215e+00  1.011987981e+00  1.011759959e+00
  1.011526405e+00  1.011287601e+00  1.011043842e+00  1.010795421e+00
  1.010542652e+00  1.010285828e+00  1.010025299e+00  1.009761363e+00
  1.009494381e+00  1.009224670e+00  1.008952596e+00  1.008678503e+00
  1.008402738e+00  1.008125679e+00  1.007847682e+00  1.007569105e+00
  1.007290340e+00  1.007011747e+00  1.006733693e+00  1.006456570e+00
  1.006180752e+00  1.005906606e+00  1.005634510e+00  1.005364846e+00
  1.005097988e+00  1.004834299e+00  1.004574150e+00  1.004317906e+00
  1.004065933e+00  1.003818590e+00  1.003576221e+00  1.003339174e+00
  1.003107791e+00  1.002882412e+00  1.002663366e+00  1.002450972e+00
  1.002245546e+00  1.002047394e+00  1.001856824e+00  1.001674128e+00
  1.001499595e+00  1.001333497e+00  1.001176103e+00  1.001027666e+00
  1.000888419e+00  1.000758572e+00  1.000638288e+00  1.000527686e+00
  1.000426853e+00  1.000335921e+00  1.000255326e+00  1.000186401e+00
  1.000131781e+00  1.000092783e+00  1.000064204e+00  1.000036539e+00
  1.000000000e+00
@R G11 101 []
  0.000000000e+00  2.438634209e+00  4.877356843e+00  7.316061277e+00
  9.755243878e+00  1.219535319e+01  1.463609264e+01  1.707703864e+01
  1.951868025e+01  2.196167128e+01  2.440585299e+01  2.685056610e+01
  2.929737427e+01  3.174366725e+01  3.419364793e+01  3.663687706e+01
  3.908488579e+01  4.153663484e+01  4.399215905e+01  4.645549926e+01
  4.890578692e+01  5.136973488e+01  5.383767224e+01  5.629972123e+01
  5.876236955e+01  6.123033815e+01  6.370361074e+01  6.617695605e+01
  6.865154757e+01  7.112789316e+01  7.360627532e+01  7.608692931e+01
  7.857027471e+01  8.105658965e+01  8.354740010e+01  8.603870493e+01
  8.852884694e+01  9.102287523e+01  9.352342284e+01  9.603288908e+01
  9.853685757e+01  1.010387871e+02  1.035612513e+02  1.060768755e+02
  1.085916194e+02  1.111252229e+02  1.136480937e+02  1.161865026e+02
  1.187234713e+02  1.212675451e+02  1.238175071e+02  1.263695829e+02
  1.289347590e+02  1.314940053e+02  1.340753260e+02  1.366476750e+02
  1.392335523e+02  1.418359784e+02  1.444265052e+02  1.470387065e+02
  1.496646877e+02  1.522816517e+02  1.549173074e+02  1.575722282e+02
  1.602275463e+02  1.628874840e+02  1.655680068e+02  1.682669535e+02
  1.709716631e+02  1.736847636e+02  1.764139535e+02  1.791669786e+02
  1.819358781e+02  1.847178043e+02  1.875150849e+02  1.903298669e+02
  1.931723372e+02  1.960409763e+02  1.989291861e+02  2.018407760e+02
  2.047755366e+02  2.077407424e+02  2.107450311e+02  2.137834955e+02
  2.168538263e+02  2.199593138e+02  2.231043928e+02  2.263070634e+02
  2.295679978e+02  2.328800855e+02  2.362436554e+02  2.396779190e+02
  2.431923779e+02  2.467703582e+02  2.504243557e+02  2.542161822e+02
  2.581706837e+02  2.622652860e+02  2.665490975e+02  2.710463678e+02
  2.757708171e+02
@R G22 101 []
  0.000000000e+00  1.245318331e-02  2.490694858e-02  3.736088420e-02
  4.981766835e-02  6.227972121e-02  7.474566501e-02  8.721350074e-02
  9.968587438e-02  1.121662701e-01  1.246540644e-01  1.371460670e-01
  1.496504224e-01  1.621540125e-01  1.746785312e-01  1.871708149e-01
  1.996900125e-01  2.122310768e-01  2.247944053e-01  2.374008711e-01
  2.499441493e-01  2.625610137e-01  2.752022744e-01  2.878177507e-01
  3.004408975e-01  3.130960695e-01  3.257835088e-01  3.384768782e-01
  3.511824762e-01  3.639031459e-01  3.766405858e-01  3.893961778e-01
  4.021721749e-01  4.149701531e-01  4.277981320e-01  4.406357654e-01
  4.534746941e-01  4.663409967e-01  4.792483422e-01  4.922091238e-01
  5.051496448e-01  5.180878388e-01  5.311395456e-01  5.441645130e-01
  5.571935080e-01  5.703279501e-01  5.834160561e-01  5.965928355e-01
  6.097712831e-01  6.229953985e-01  6.362589465e-01  6.495427384e-01
  6.629033570e-01  6.762429887e-01  6.897056818e-01  7.031319254e-01
  7.166375501e-01  7.302380314e-01  7.437869938e-01  7.574574111e-01
  7.712085979e-01  7.849230290e-01  7.987435199e-01  8.126730581e-01
  8.266142395e-01  8.405886632e-01  8.546786900e-01  8.688731267e-01
  8.831063545e-01  8.973917133e-01  9.117688452e-01  9.262775765e-01
  9.408763861e-01  9.555502097e-01  9.703108959e-01  9.851691764e-01
  1.000177228e+00  1.015326651e+00  1.030582744e+00  1.045964548e+00
  1.061470070e+00  1.077136291e+00  1.093007754e+00  1.109058626e+00
  1.125276025e+00  1.141675499e+00  1.158277580e+00  1.175172711e+00
  1.192360907e+00  1.209802325e+00  1.227499841e+00  1.245561684e+00
  1.264052935e+00  1.282894488e+00  1.302122175e+00  1.321977245e+00
  1.342518644e+00  1.363673038e+00  1.385897439e+00  1.409493363e+00
  1.434549870e+00
@R G33 101 []
  9.172845464e-01  9.172972395e-01  9.173354140e-01  9.173991189e-01
  9.174880192e-01  9.176021107e-01  9.177413539e-01  9.179053642e-01
  9.180939202e-01  9.183068950e-01  9.185438791e-01  9.188045220e-01
  9.190886117e-01  9.193956725e-01  9.197252103e-01  9.200769855e-01
  9.204505445e-01  9.208452315e-01  9.212607128e-01  9.216965195e-01
  9.221520411e-01  9.226267766e-01  9.231202865e-01  9.236320339e-01
  9.241615121e-01  9.247083913e-01  9.252720827e-01  9.258518322e-01
  9.264471490e-01  9.270576748e-01  9.276830708e-01  9.283231735e-01
  9.289779733e-01  9.296473911e-01  9.303312399e-01  9.310294215e-01
  9.317418960e-01  9.324684745e-01  9.332090124e-01  9.339634780e-01
  9.347316977e-01  9.355135258e-01  9.363089048e-01  9.371177087e-01
  9.379398023e-01  9.387750229e-01  9.396233289e-01  9.404845873e-01
  9.413585511e-01  9.422451723e-01  9.431443138e-01  9.440558255e-01
  9.449794477e-01  9.459151607e-01  9.468627823e-01  9.478220213e-01
  9.487927126e-01  9.497747106e-01  9.507678056e-01  9.517716977e-01
  9.527861322e-01  9.538108984e-01  9.548456928e-01  9.558901162e-01
  9.569438648e-01  9.580066414e-01  9.590779878e-01  9.601573675e-01
  9.612443801e-01  9.623385077e-01  9.634391211e-01  9.645455479e-01
  9.656571337e-01  9.667731127e-01  9.678924910e-01  9.690143095e-01
  9.701375726e-01  9.712610804e-01  9.723834904e-01  9.735033627e-01
  9.746191912e-01  9.757291492e-01  9.768308444e-01  9.779216458e-01
  9.789988800e-01  9.800597341e-01  9.811012133e-01  9.821200234e-01
  9.831129280e-01  9.840761261e-01  9.850032925e-01  9.858823522e-01
  9.866918679e-01  9.874138627e-01  9.880542611e-01  9.886563124e-01
  9.892558847e-01  9.897838562e-01  9.900180510e-01  9.897338059e-01
  9.888480389e-01
@R GRADRHO 101 []
  1.005697420e+00  9.980085056e-01  9.980277298e-01  9.980505716e-01
  9.981088231e-01  9.982028348e-01  9.983082380e-01  9.984114987e-01
  9.985288678e-01  9.986738408e-01  9.988374279e-01  9.990035020e-01
  9.991992256e-01  9.993789876e-01  9.996093791e-01  9.997383411e-01
  9.999331457e-01  1.000170700e+00  1.000445129e+00  1.000794678e+00
  1.000995087e+00  1.001328152e+00  1.001686023e+00  1.001978205e+00
  1.002268464e+00  1.002595410e+00  1.002954702e+00  1.003303475e+00
  1.003651293e+00  1.004001551e+00  1.004355965e+00  1.004715762e+00
  1.005083167e+00  1.005459311e+00  1.005852645e+00  1.006238150e+00
  1.006607120e+00  1.006988994e+00  1.007396902e+00  1.007841274e+00
  1.008245589e+00  1.008630198e+00  1.009106411e+00  1.009537419e+00
  1.009954031e+00  1.010446916e+00  1.010879378e+00  1.011369544e+00
  1.011841335e+00  1.012331403e+00  1.012833464e+00  1.013331613e+00
  1.013869084e+00  1.014369971e+00  1.014942021e+00  1.015465768e+00
  1.016025601e+00  1.016629992e+00  1.017176071e+00  1.017782648e+00
  1.018419264e+00  1.019007506e+00  1.019640389e+00  1.020316957e+00
  1.020974183e+00  1.021625309e+00  1.022319025e+00  1.023045789e+00
  1.023764964e+00  1.024483267e+00  1.025221721e+00  1.026000062e+00
  1.026792262e+00  1.027587802e+00  1.028390755e+00  1.029204225e+00
  1.030052175e+00  1.030926057e+00  1.031804266e+00  1.032692519e+00
  1.033585605e+00  1.034496829e+00  1.035441726e+00  1.036401354e+00
  1.037362964e+00  1.038326341e+00  1.039291914e+00  1.040289833e+00
  1.041308963e+00  1.042320713e+00  1.043314481e+00  1.044318930e+00
  1.045330259e+00  1.046285213e+00  1.047185830e+00  1.048146833e+00
  1.049200026e+00  1.050206242e+00  1.051042730e+00  1.051468864e+00
  1.051327205e+00
@R AREA 101 []
  0.000000000e+00  2.424666549e+00  4.849275227e+00  7.273831446e+00
  9.698236436e+00  1.212235711e+01  1.454612642e+01  1.696952170e+01
  1.939252539e+01  2.181505702e+01  2.423704026e+01  2.665842772e+01
  2.907919314e+01  3.149925799e+01  3.391866013e+01  3.633726292e+01
  3.875541494e+01  4.117258794e+01  4.358907554e+01  4.600435619e+01
  4.841878832e+01  5.083231920e+01  5.324467362e+01  5.565599452e+01
  5.806633203e+01  6.047566900e+01  6.288389097e+01  6.529100220e+01
  6.769702173e+01  7.010195790e+01  7.250581471e+01  7.490859424e+01
  7.731029478e+01  7.971091014e+01  8.211042788e+01  8.450883654e+01
  8.690620674e+01  8.930255259e+01  9.169784870e+01  9.409203900e+01
  9.648511932e+01  9.887725437e+01  1.012683496e+02  1.036583130e+02
  1.060473741e+02  1.084353835e+02  1.108223714e+02  1.132084584e+02
  1.155934744e+02  1.179776621e+02  1.203608061e+02  1.227431569e+02
  1.251245248e+02  1.275051023e+02  1.298848253e+02  1.322637083e+02
  1.346419169e+02  1.370192958e+02  1.393960064e+02  1.417721231e+02
  1.441475492e+02  1.465224318e+02  1.488968804e+02  1.512708250e+02
  1.536443660e+02  1.560176325e+02  1.583907087e+02  1.607635847e+02
  1.631363836e+02  1.655092410e+02  1.678822937e+02  1.702556125e+02
  1.726292995e+02  1.750035233e+02  1.773784626e+02  1.797543092e+02
  1.821312434e+02  1.845094236e+02  1.868890952e+02  1.892705302e+02
  1.916540268e+02  1.940399137e+02  1.964285023e+02  1.988201471e+02
  2.012152948e+02  2.036144447e+02  2.060181576e+02  2.084270281e+02
  2.108416643e+02  2.132628380e+02  2.156914304e+02  2.181284530e+02
  2.205749892e+02  2.230324687e+02  2.255025728e+02  2.279870137e+02
  2.304872813e+02  2.330053097e+02  2.355443302e+02  2.381097368e+02
  2.407096814e+02
@R A 101 []
  0.000000000e+00  1.128313363e-02  2.256575432e-02  3.384816944e-02
  4.513073891e-02  5.641312942e-02  6.769515250e-02  7.897702743e-02
  9.025871404e-02  1.015399628e-01  1.128208242e-01  1.241013151e-01
  1.353813143e-01  1.466606102e-01  1.579396703e-01  1.692179592e-01
  1.804971654e-01  1.917749898e-01  2.030528678e-01  2.143283830e-01
  2.256033519e-01  2.368775825e-01  2.481497061e-01  2.594204113e-01
  2.706900001e-01  2.819583285e-01  2.932247551e-01  3.044892926e-01
  3.157519522e-01  3.270126092e-01  3.382711943e-01  3.495276213e-01
  3.607817173e-01  3.720333292e-01  3.832823195e-01  3.945284786e-01
  4.057719571e-01  4.170127059e-01  4.282504652e-01  4.394847941e-01
  4.507154794e-01  4.619431352e-01  4.731671389e-01  4.843868238e-01
  4.956030632e-01  5.068149549e-01  5.180223833e-01  5.292256437e-01
  5.404237100e-01  5.516174402e-01  5.628054968e-01  5.739887524e-01
  5.851660061e-01  5.963378132e-01  6.075034797e-01  6.186626985e-01
  6.298158566e-01  6.409617720e-01  6.521007218e-01  6.632325975e-01
  6.743564340e-01  6.854723466e-01  6.965802666e-01  7.076792703e-01
  7.187691705e-01  7.298498546e-01  7.409209740e-01  7.519817151e-01
  7.630318063e-01  7.740709493e-01  7.850988319e-01  7.961147646e-01
  8.071181067e-01  8.181084404e-01  8.290853364e-01  8.400483283e-01
  8.509967730e-01  8.619297845e-01  8.728467721e-01  8.837471076e-01
  8.946300967e-01  9.054950133e-01  9.163409300e-01  9.271669176e-01
  9.379721937e-01  9.487558834e-01  9.595169295e-01  9.702539378e-01
  9.809651495e-01  9.916491439e-01  1.002304757e+00  1.012931074e+00
  1.023526401e+00  1.034089350e+00  1.044618896e+00  1.055112183e+00
  1.065564655e+00  1.075970209e+00  1.086321421e+00  1.096608143e+00
  1.106816819e+00
@R RTOR 101 []
  4.750719165e+00  4.750701551e+00  4.750648598e+00  4.750559982e+00
  4.750436127e+00  4.750277169e+00  4.750083009e+00  4.749853959e+00
  4.749590272e+00  4.749292013e+00  4.748959492e+00  4.748593068e+00
  4.748192918e+00  4.747759359e+00  4.747292819e+00  4.746793612e+00
  4.746261958e+00  4.745698467e+00  4.745103458e+00  4.744477380e+00
  4.743820640e+00  4.743133728e+00  4.742417094e+00  4.741671146e+00
  4.740896373e+00  4.740093178e+00  4.739261987e+00  4.738403341e+00
  4.737517718e+00  4.736605519e+00  4.735667178e+00  4.734703103e+00
  4.733713624e+00  4.732699006e+00  4.731659537e+00  4.730595450e+00
  4.729506861e+00  4.728393952e+00  4.727256920e+00  4.726095891e+00
  4.724910966e+00  4.723702206e+00  4.722469734e+00  4.721213638e+00
  4.719933879e+00  4.718630600e+00  4.717303810e+00  4.715953447e+00
  4.714579649e+00  4.713182293e+00  4.711761478e+00  4.710317035e+00
  4.708849093e+00  4.707357492e+00  4.705842201e+00  4.704303190e+00
  4.702740306e+00  4.701153571e+00  4.699542791e+00  4.697907854e+00
  4.696248744e+00  4.694565242e+00  4.692857151e+00  4.691124437e+00
  4.689366904e+00  4.687584296e+00  4.685776421e+00  4.683943159e+00
  4.682084254e+00  4.680199420e+00  4.678288388e+00  4.676350942e+00
  4.674386815e+00  4.672395651e+00  4.670377135e+00  4.668330930e+00
  4.666256677e+00  4.664154026e+00  4.662022565e+00  4.659861860e+00
  4.657671434e+00  4.655450768e+00  4.653199455e+00  4.650917081e+00
  4.648603126e+00  4.646257019e+00  4.643878054e+00  4.641465466e+00
  4.639018516e+00  4.636536292e+00  4.634018197e+00  4.631464184e+00
  4.628874471e+00  4.626249119e+00  4.623587104e+00  4.620885264e+00
  4.618140302e+00  4.615350724e+00  4.612515751e+00  4.609638663e+00
  4.606728349e+00
@R SHIFT 101 []
  2.007191647e-01  2.007015514e-01  2.006485983e-01  2.005599822e-01
  2.004361272e-01  2.002771686e-01  2.000830093e-01  1.998539590e-01
  1.995902725e-01  1.992920126e-01  1.989594916e-01  1.985930675e-01
  1.981929182e-01  1.977593586e-01  1.972928192e-01  1.967936118e-01
  1.962619582e-01  1.956984666e-01  1.951034578e-01  1.944773796e-01
  1.938206401e-01  1.931337278e-01  1.924170937e-01  1.916711455e-01
  1.908963733e-01  1.900931784e-01  1.892619871e-01  1.884033408e-01
  1.875177185e-01  1.866055194e-01  1.856671775e-01  1.847031035e-01
  1.837136243e-01  1.826990064e-01  1.816595371e-01  1.805954503e-01
  1.795068612e-01  1.783939522e-01  1.772569204e-01  1.760958913e-01
  1.749109656e-01  1.737022061e-01  1.724697343e-01  1.712136385e-01
  1.699338795e-01  1.686306003e-01  1.673038098e-01  1.659534472e-01
  1.645796487e-01  1.631822934e-01  1.617614778e-01  1.603170351e-01
  1.588490929e-01  1.573574919e-01  1.558422012e-01  1.543031901e-01
  1.527403060e-01  1.511535705e-01  1.495427911e-01  1.479078541e-01
  1.462487443e-01  1.445652422e-01  1.428571513e-01  1.411244371e-01
  1.393669041e-01  1.375842963e-01  1.357764214e-01  1.339431588e-01
  1.320842539e-01  1.301994205e-01  1.282883879e-01  1.263509423e-01
  1.243868145e-01  1.223956510e-01  1.203771349e-01  1.183309303e-01
  1.162566772e-01  1.141540256e-01  1.120225654e-01  1.098618603e-01
  1.076714339e-01  1.054507675e-01  1.031994550e-01  1.009170814e-01
  9.860312637e-02  9.625701948e-02  9.387805435e-02  9.146546622e-02
  8.901851639e-02  8.653629236e-02  8.401819711e-02  8.146418407e-02
  7.887447088e-02  7.624911932e-02  7.358710367e-02  7.088526405e-02
  6.814030157e-02  6.535072371e-02  6.251575127e-02  5.963866282e-02
  5.672834949e-02
@R ELONG 101 []
  1.282938873e+00  1.282955267e+00  1.283004449e+00  1.283049712e+00
  1.283057854e+00  1.283044481e+00  1.283026525e+00  1.283007670e+00
  1.282990354e+00  1.282971634e+00  1.282948682e+00  1.282922835e+00
  1.282898397e+00  1.282874866e+00  1.282849578e+00  1.282823602e+00
  1.282798680e+00  1.282775406e+00  1.282753583e+00  1.282733496e+00
  1.282715279e+00  1.282699904e+00  1.282688531e+00  1.282680931e+00
  1.282677082e+00  1.282677811e+00  1.282684325e+00  1.282696666e+00
  1.282714932e+00  1.282739960e+00  1.282772278e+00  1.282812381e+00
  1.282860579e+00  1.282917107e+00  1.282982126e+00  1.283056159e+00
  1.283139634e+00  1.283232517e+00  1.283335042e+00  1.283447532e+00
  1.283570439e+00  1.283703896e+00  1.283848041e+00  1.284003264e+00
  1.284169875e+00  1.284348147e+00  1.284538346e+00  1.284740857e+00
  1.284955886e+00  1.285183854e+00  1.285425163e+00  1.285680135e+00
  1.285949121e+00  1.286232537e+00  1.286530906e+00  1.286844610e+00
  1.287174104e+00  1.287519895e+00  1.287882572e+00  1.288262656e+00
  1.288660683e+00  1.289077374e+00  1.289513368e+00  1.289969318e+00
  1.290445972e+00  1.290944185e+00  1.291464807e+00  1.292008640e+00
  1.292576679e+00  1.293170013e+00  1.293789755e+00  1.294437024e+00
  1.295113078e+00  1.295819319e+00  1.296557211e+00  1.297328307e+00
  1.298134272e+00  1.298976998e+00  1.299858534e+00  1.300781112e+00
  1.301747146e+00  1.302759227e+00  1.303820068e+00  1.304932632e+00
  1.306100244e+00  1.307326652e+00  1.308616371e+00  1.309974511e+00
  1.311406506e+00  1.312918240e+00  1.314515659e+00  1.316204903e+00
  1.317993992e+00  1.319892796e+00  1.321912828e+00  1.324067801e+00
  1.326371602e+00  1.328841046e+00  1.331498550e+00  1.334391496e+00
  1.337587430e+00
@R TRIAG 101 []
  0.000000000e+00  3.213729004e-02  3.049459209e-02  2.883431806e-02
  2.717308923e-02  2.550883149e-02  2.383538734e-02  2.215425967e-02
  2.046544531e-02  1.876689854e-02  1.705866067e-02  1.534027900e-02
  1.360996564e-02  1.186728859e-02  1.011258005e-02  8.344712861e-03
  6.562211166e-03  4.765308967e-03  2.953227263e-03  1.125357851e-03
 -7.189203627e-04 -2.580072710e-03 -4.458834284e-03 -6.355890561e-03
 -8.271655319e-03 -1.020690615e-02 -1.216234440e-02 -1.413824860e-02
 -1.613505541e-02 -1.815335898e-02 -2.019365922e-02 -2.225654064e-02
 -2.434285209e-02 -2.645318371e-02 -2.858762114e-02 -3.074650427e-02
 -3.293047905e-02 -3.514005069e-02 -3.737564908e-02 -3.963778700e-02
 -4.192716833e-02 -4.424455067e-02 -4.659053243e-02 -4.896578314e-02
 -5.137113826e-02 -5.380724130e-02 -5.627501353e-02 -5.877539166e-02
 -6.130900800e-02 -6.387696668e-02 -6.648011498e-02 -6.911976496e-02
 -7.179659316e-02 -7.451192473e-02 -7.726688589e-02 -8.006276427e-02
 -8.290092485e-02 -8.578250515e-02 -8.870910328e-02 -9.168228039e-02
 -9.470356079e-02 -9.777462381e-02 -1.008974158e-01 -1.040736429e-01
 -1.073054783e-01 -1.105955379e-01 -1.139468382e-01 -1.173617534e-01
 -1.208429395e-01 -1.243932482e-01 -1.280154490e-01 -1.317124498e-01
 -1.354875200e-01 -1.393443225e-01 -1.432866000e-01 -1.473183970e-01
 -1.514441456e-01 -1.556686552e-01 -1.599969398e-01 -1.644339749e-01
 -1.689855489e-01 -1.736581613e-01 -1.784590997e-01 -1.833971986e-01
 -1.884822129e-01 -1.937248331e-01 -1.991368657e-01 -2.047270414e-01
 -2.105045619e-01 -2.164841120e-01 -2.226834427e-01 -2.291324216e-01
 -2.358688317e-01 -2.429259034e-01 -2.503386491e-01 -2.581145287e-01
 -2.662622154e-01 -2.748325820e-01 -2.839254577e-01 -2.937180893e-01
 -3.043342272e-01
@R PMHD 101 []
  1.597175304e+06  1.596510619e+06  1.594518719e+06  1.591206080e+06
  1.586583442e+06  1.580665766e+06  1.573472141e+06  1.565025679e+06
  1.555353353e+06  1.544485921e+06  1.532457672e+06  1.519306212e+06
  1.505072201e+06  1.489799473e+06  1.473533659e+06  1.456323881e+06
  1.438217784e+06  1.419271353e+06  1.399535788e+06  1.379069909e+06
  1.357926087e+06  1.336160492e+06  1.313831462e+06  1.290993140e+06
  1.267699757e+06  1.244005081e+06  1.219962411e+06  1.195624538e+06
  1.171053286e+06  1.146302816e+06  1.121403961e+06  1.096380086e+06
  1.071256319e+06  1.046057032e+06  1.020806098e+06  9.955274601e+05
  9.702439213e+05  9.449779349e+05  9.197520879e+05  8.945890864e+05
  8.695106884e+05  8.445363529e+05  8.196876873e+05  7.949857357e+05
  7.704480340e+05  7.460959258e+05  7.219477629e+05  6.980196559e+05
  6.743319495e+05  6.508995559e+05  6.277405067e+05  6.048695432e+05
  5.823032172e+05  5.600554490e+05  5.381409645e+05  5.165736673e+05
  4.953656195e+05  4.745308285e+05  4.540801816e+05  4.340247645e+05
  4.143764523e+05  3.951445168e+05  3.763380360e+05  3.579669199e+05
  3.400391389e+05  3.225618839e+05  3.055421452e+05  2.889870145e+05
  2.729020563e+05  2.572921618e+05  2.421616597e+05  2.275147703e+05
  2.133549454e+05  1.996845761e+05  1.865054039e+05  1.738185777e+05
  1.616247423e+05  1.499239044e+05  1.387149275e+05  1.279959837e+05
  1.177644019e+05  1.080165269e+05  9.874800873e+04  8.995352443e+04
  8.162656254e+04  7.375960841e+04  6.634435199e+04  5.937205757e+04
  5.283404725e+04  4.672202472e+04  4.102929950e+04  3.575142940e+04
  3.088498077e+04  2.641899144e+04  2.231032921e+04  1.842630333e+04
  1.450800702e+04  1.042207337e+04  6.665858555e+03  4.079500887e+03
  3.195632385e+03
@R QMHD 101 []
  9.680001285e-01  9.680608742e-01  9.682432281e-01  9.685475320e-01
  9.689743295e-01  9.695243265e-01  9.701983366e-01  9.709972107e-01
  9.719217566e-01  9.729726314e-01  9.741502370e-01  9.754545958e-01
  9.768852197e-01  9.784409256e-01  9.801206354e-01  9.819262100e-01
  9.838608669e-01  9.859242362e-01  9.881155778e-01  9.904338560e-01
  9.928818535e-01  9.954632681e-01  9.981757199e-01  1.001019813e+00
  1.003997779e+00  1.007110992e+00  1.010362345e+00  1.013752647e+00
  1.017282065e+00  1.020951884e+00  1.024766400e+00  1.028728406e+00
  1.032838193e+00  1.037099227e+00  1.041515053e+00  1.046088849e+00
  1.050823268e+00  1.055721583e+00  1.060787574e+00  1.066024892e+00
  1.071437871e+00  1.077030758e+00  1.082807393e+00  1.088771925e+00
  1.094930450e+00  1.101287818e+00  1.107848189e+00  1.114618026e+00
  1.121603019e+00  1.128810045e+00  1.136244681e+00  1.143914375e+00
  1.151825511e+00  1.159986178e+00  1.168404396e+00  1.177087951e+00
  1.186046755e+00  1.195288717e+00  1.204823900e+00  1.214663271e+00
  1.224816835e+00  1.235296217e+00  1.246113725e+00  1.257281702e+00
  1.268813585e+00  1.280723683e+00  1.293027324e+00  1.305739977e+00
  1.318878543e+00  1.332461220e+00  1.346507478e+00  1.361037083e+00
  1.376071224e+00  1.391632927e+00  1.407747505e+00  1.424441245e+00
  1.441741732e+00  1.459679237e+00  1.478287218e+00  1.497601065e+00
  1.517657957e+00  1.538497652e+00  1.560163514e+00  1.582702583e+00
  1.606166806e+00  1.630613260e+00  1.656108300e+00  1.682723408e+00
  1.710535333e+00  1.739631758e+00  1.770115767e+00  1.802081728e+00
  1.835617680e+00  1.870809244e+00  1.907784055e+00  1.946751944e+00
  1.987984380e+00  2.031805009e+00  2.078641737e+00  2.129454902e+00
  2.185519406e+00
@R ER 101 []
  0.000000000e+00  0.000000000e+00  0.000000000e+00  0.000000000e+00
  0.000000000e+00  0.000000000e+00  0.000000000e+00  0.000000000e+00
  0.000000000e+00  0.000000000e+00  0.000000000e+00  0.000000000e+00
  0.000000000e+00  0.000000000e+00  0.000000000e+00  0.000000000e+00
  0.000000000e+00  0.000000000e+00  0.000000000e+00  0.000000000e+00
  0.000000000e+00  0.000000000e+00  0.000000000e+00  0.000000000e+00
  0.000000000e+00  0.000000000e+00  0.000000000e+00  0.000000000e+00
  0.000000000e+00  0.000000000e+00  0.000000000e+00  0.000000000e+00
  0.000000000e+00  0.000000000e+00  0.000000000e+00  0.000000000e+00
  0.000000000e+00  0.000000000e+00  0.000000000e+00  0.000000000e+00
  0.000000000e+00  0.000000000e+00  0.000000000e+00  0.000000000e+00
  0.000000000e+00  0.000000000e+00  0.000000000e+00  0.000000000e+00
  0.000000000e+00  0.000000000e+00  0.000000000e+00  0.000000000e+00
  0.000000000e+00  0.000000000e+00  0.000000000e+00  0.000000000e+00
  0.000000000e+00  0.000000000e+00  0.000000000e+00  0.000000000e+00
  0.000000000e+00  0.000000000e+00  0.000000000e+00  0.000000000e+00
  0.000000000e+00  0.000000000e+00  0.000000000e+00  0.000000000e+00
  0.000000000e+00  0.000000000e+00  0.000000000e+00  0.000000000e+00
  0.000000000e+00  0.000000000e+00  0.000000000e+00  0.000000000e+00
  0.000000000e+00  0.000000000e+00  0.000000000e+00  0.000000000e+00
  0.000000000e+00  0.000000000e+00  0.000000000e+00  0.000000000e+00
  0.000000000e+00  0.000000000e+00  0.000000000e+00  0.000000000e+00
  0.000000000e+00  0.000000000e+00  0.000000000e+00  0.000000000e+00
  0.000000000e+00  0.000000000e+00  0.000000000e+00  0.000000000e+00
  0.000000000e+00  0.000000000e+00  0.000000000e+00  0.000000000e+00
  0.000000000e+00
@R NC1 101 []
  9.985000474e-01  9.385933476e-01  9.154968851e-01  8.985910826e-01
  8.848521701e-01  8.731165151e-01  8.627899334e-01  8.535202425e-01
  8.450797557e-01  8.373113763e-01  8.301004613e-01  8.233609667e-01
  8.170265629e-01  8.110445279e-01  8.053719361e-01  7.999742420e-01
  7.948212031e-01  7.898883048e-01  7.851549645e-01  7.806041999e-01
  7.762193002e-01  7.719866033e-01  7.678946830e-01  7.639325868e-01
  7.600905461e-01  7.563603734e-01  7.527345052e-01  7.492058119e-01
  7.457680723e-01  7.424158052e-01  7.391440488e-01  7.359483333e-01
  7.328248357e-01  7.297699872e-01  7.267802091e-01  7.238523492e-01
  7.209834703e-01  7.181706652e-01  7.154114120e-01  7.127034636e-01
  7.100444281e-01  7.074320312e-01  7.048644729e-01  7.023399126e-01
  6.998563317e-01  6.974122310e-01  6.950060184e-01  6.926361162e-01
  6.903012287e-01  6.879997370e-01  6.857307138e-01  6.834925996e-01
  6.812844364e-01  6.791050266e-01  6.769533300e-01  6.748283190e-01
  6.727288909e-01  6.706542837e-01  6.686035079e-01  6.665756249e-01
  6.645698868e-01  6.625854560e-01  6.606214558e-01  6.586771837e-01
  6.567519296e-01  6.548448934e-01  6.529553302e-01  6.510826327e-01
  6.492260576e-01  6.473849224e-01  6.455585185e-01  6.437461761e-01
  6.419473255e-01  6.401612643e-01  6.383872279e-01  6.366245690e-01
  6.348726052e-01  6.331306677e-01  6.313980159e-01  6.296738535e-01
  6.279574884e-01  6.262481313e-01  6.245448628e-01  6.228467929e-01
  6.211529447e-01  6.194622822e-01  6.177736870e-01  6.160859412e-01
  6.143982017e-01  6.127094707e-01  6.110177363e-01  6.093196101e-01
  6.076090997e-01  6.058830781e-01  6.041447239e-01  6.024076295e-01
  6.006772669e-01  5.989296479e-01  5.970971219e-01  5.951024508e-01
  5.929179633e-01
@R HFAC1 101 []
  1.000000000e+00  9.976258173e-01  9.952535586e-01  9.928832351e-01
  9.905147890e-01  9.881484253e-01  9.857842485e-01  9.834221587e-01
  9.810621870e-01  9.787044239e-01  9.763487764e-01  9.739951908e-01
  9.716436821e-01  9.692941595e-01  9.669463953e-01  9.646004795e-01
  9.622558824e-01  9.599128895e-01  9.575711079e-01  9.552309113e-01
  9.528916658e-01  9.505532379e-01  9.482157802e-01  9.458789332e-01
  9.435424434e-01  9.412062289e-01  9.388701667e-01  9.365339208e-01
  9.341972909e-01  9.318601730e-01  9.295224714e-01  9.271841528e-01
  9.248452954e-01  9.225059401e-01  9.201660162e-01  9.178255260e-01
  9.154844152e-01  9.131425590e-01  9.107999349e-01  9.084566127e-01
  9.061124823e-01  9.037672959e-01  9.014211366e-01  8.990740141e-01
  8.967255957e-01  8.943759596e-01  8.920250206e-01  8.896725728e-01
  8.873186660e-01  8.849629543e-01  8.826056363e-01  8.802462965e-01
  8.778850195e-01  8.755215657e-01  8.731558838e-01  8.707878088e-01
  8.684170577e-01  8.660437215e-01  8.636675165e-01  8.612882087e-01
  8.589057782e-01  8.565199841e-01  8.541305575e-01  8.517374041e-01
  8.493403205e-01  8.469390401e-01  8.445332930e-01  8.421229251e-01
  8.397076593e-01  8.372871980e-01  8.348611983e-01  8.324293754e-01
  8.299914805e-01  8.275471267e-01  8.250958253e-01  8.226371560e-01
  8.201706998e-01  8.176960223e-01  8.152125667e-01  8.127197216e-01
  8.102169086e-01  8.077034132e-01  8.051783354e-01  8.026407372e-01
  8.000896095e-01  7.975239034e-01  7.949425600e-01  7.923444836e-01
  7.897288454e-01  7.870944410e-01  7.844387058e-01  7.817566888e-01
  7.790401892e-01  7.762838449e-01  7.734919624e-01  7.706824806e-01
  7.678672922e-01  7.650191046e-01  7.620556260e-01  7.588901733e-01
  7.554945001e-01
@R HFAC2 101 []
  1.000000000e+00  9.952600784e-01  9.905408195e-01  9.858421380e-01
  9.811638126e-01  9.765061414e-01  9.718692195e-01  9.672527397e-01
  9.626566535e-01  9.580810291e-01  9.535255759e-01  9.489900789e-01
  9.444744581e-01  9.399784316e-01  9.355014584e-01  9.310436061e-01
  9.266037647e-01  9.221823732e-01  9.177785950e-01  9.133930349e-01
  9.090244044e-01  9.046723612e-01  9.003370999e-01  8.960178660e-01
  8.917141067e-01  8.874255900e-01  8.831520067e-01  8.788926633e-01
  8.746471228e-01  8.704151285e-01  8.661964448e-01  8.619909532e-01
  8.577987429e-01  8.536198340e-01  8.494540402e-01  8.453013073e-01
  8.411614873e-01  8.370343051e-01  8.329196679e-01  8.288176473e-01
  8.247279931e-01  8.206502261e-01  8.165844457e-01  8.125306161e-01
  8.084881157e-01  8.044570354e-01  8.004371856e-01  7.964281718e-01
  7.924300359e-01  7.884421476e-01  7.844648096e-01  7.804972809e-01
  7.765396680e-01  7.725915372e-01  7.686527667e-01  7.647230494e-01
  7.608018862e-01  7.568893987e-01  7.529850913e-01  7.490885532e-01
  7.451997245e-01  7.413181889e-01  7.374434863e-01  7.335754398e-01
  7.297137018e-01  7.258578213e-01  7.220073457e-01  7.181620125e-01
  7.143213589e-01  7.104848933e-01  7.066520575e-01  7.028223852e-01
  6.989954719e-01  6.951706930e-01  6.913472629e-01  6.875245156e-01
  6.837017839e-01  6.798783714e-01  6.760533951e-01  6.722258878e-01
  6.683949456e-01  6.645594579e-01  6.607180270e-01  6.568692059e-01
  6.530114384e-01  6.491430912e-01  6.452624703e-01  6.413677972e-01
  6.374577563e-01  6.335305300e-01  6.295822856e-01  6.256055661e-01
  6.215877056e-01  6.175204284e-01  6.134106770e-01  6.092869662e-01
  6.051671808e-01  6.010061759e-01  5.966713524e-01  5.920263304e-01
  5.870300275e-01
