&INEFIT
  IP = 10000000.0 
  R0 = 4.55 
  B0 = 11.0 
  NRHO = 101 
  RHO = 0.0 0.01 0.02 0.03 0.04 0.05 0.06 0.07 0.08 0.09 0.1 0.11 0.12  
    0.13 0.14 0.15 0.16 0.17 0.18 0.19 0.2 0.21 0.22 0.23 0.24 0.25  
    0.26 0.27 0.28 0.29 0.3 0.31 0.32 0.33 0.34 0.35000000000000003  
    0.36 0.37 0.38 0.39 0.4 0.41000000000000003 0.42 0.43 0.44 0.45  
    0.46 0.47000000000000003 0.48 0.49 0.5 0.51 0.52 0.53 0.54 0.55  
    0.56 0.5700000000000001 0.58 0.59 0.6 0.61 0.62 0.63 0.64 0.65 0.66  
    0.67 0.68 0.6900000000000001 0.7000000000000001 0.71 0.72 0.73 0.74  
    0.75 0.76 0.77 0.78 0.79 0.8 0.81 0.8200000000000001  
    0.8300000000000001 0.84 0.85 0.86 0.87 0.88 0.89 0.9 0.91 0.92 0.93  
    0.9400000000000001 0.9500000000000001 0.96 0.97 0.98 0.99 1.0 
  PRESS = 1644255.8610245823 1641784.508136374 1634183.8319612744  
    1623554.957651108 1612189.8256668616 1600109.4723554282  
    1587335.1887289917 1573888.4969394396 1559791.1271378505  
    1545064.9947190653 1529732.1779513387 1513814.8959910728  
    1497335.4872826284 1480316.3883432185 1462780.1129328848  
    1444749.2316095512 1426246.3516691613 1407294.097470894  
    1387915.091147462 1368131.9337004907 1347967.1864809755  
    1327443.3530548231 1306582.8614534729 1285408.0468095972  
    1263941.134377884 1242204.2229408997 1220219.2686000338  
    1198008.0689515232 1175592.2476475562 1152993.2393424609  
    1130232.27502397 1107330.3677295703 1084308.2986479304  
    1061186.6036054087 1037985.5599376458 1014725.1737462335  
    991425.1675404668 968104.9682641763 944783.6957076418  
    921480.1513045848 898212.8073142446 874999.7963885331  
    851858.9015242709 828807.5464005038 805862.7861009018  
    783041.2982212366 760359.374361941 737832.912005749  
    715477.4067804166 693307.9451065238 671339.1972303565  
    649585.4106418694 628060.4038777308 606777.5607094459  
    585749.824716564 564989.694244963 544509.2177502171  
    524319.989526045 504433.1458178371 484859.361321265  
    465608.8460659706 446691.3426843355 428116.1240653271  
    409891.9913934238 392027.2725726089 374529.82103542675  
    357407.01493707695 340665.7567345018 324312.47315037175  
    308353.1155217706 292793.1605331723 277637.6113328601  
    262890.99903104076 248557.38457605537 234640.36100129646  
    221143.05602770433 208068.13499095463 195417.80403046793  
    183193.81341269286 171397.4607307725 160029.59346109067  
    149090.6098342737 138580.4559377043 128498.61490615788  
    118844.07999832889 109615.29540671571 100810.03317109375  
    92425.14463676859 84456.06744358379 76895.85958427552  
    69733.32511836884 62949.406149914 56510.26934317732  
    50353.95529002872 44363.21320780581 38301.2977113762  
    31647.76386993806 23546.020411180623 14374.74971230977  
    6940.86304169341 4170.200636237642 
  JPAR = 999869.3750000007 999786.2500000005 999519.0625  
    999049.9999999995 998384.9999999992 997529.9999999993  
    996484.9999999998 995249.9999999997 993825.0000000007  
    992210.0000000002 990405.0 988410.0000000006 986225.0000000006  
    983850.0000000005 981285.0 978530.0 975584.9999999999  
    972450.0000000002 969125.0000000008 965610.0000000002  
    961905.0000000005 958010.0000000008 953925.0000000005  
    949650.0000000007 945185.0000000007 940530.0000000007  
    935685.0000000009 930650.0000000008 925425.0000000007  
    920010.0000000002 914404.9999999998 908609.9999999998  
    902624.9999999998 896450.0000000002 890085.0 883529.9999999998  
    876784.9999999991 869850.0000000006 862725.0000000008  
    855410.0000000005 847905.0000000005 840210.0000000014  
    832325.000000001 824249.9999999998 815984.9999999994  
    807529.9999999995 798885.0000000001 790049.9999999991  
    781024.9999999979 771809.9999999981 762404.9999999986  
    752810.0000000001 743025.0000000005 733049.9999999987  
    722884.9999999984 712530.0000000007 701985.0000000007  
    691249.9999999999 680324.9999999997 669210.0000000005  
    657905.0000000016 646410.0000000003 634725.0000000005  
    622850.0000000006 610784.9999999994 598529.9999999993 586085.0  
    573450.0000000021 560625.0000000007 547609.9999999986  
    534404.9999999985 521009.99999999924 507425.0000000014  
    493650.0000000005 479685.00000000006 465530.00000000175  
    451185.00000000244 436650.0000000029 421924.9999999998  
    407009.9999999985 391904.9999999985 376609.9999999999  
    361125.0000000013 345449.99999999936 329585.0000000001  
    313530.00000000006 297285.0 280850.0000000002 264224.9999999987  
    247409.99999999956 230405.00000000067 213210.0 195824.9999999986  
    178250.00000000044 160485.00000000247 142530.0000000027  
    124385.00000000099 106049.9999999988 87524.99999999885  
    71184.99999999804 64154.999999996726 
  NLIM = 5 
  RLIM = 5.8 3.3 3.3 5.8 5.8 
  ZLIM = 1.6878788924654637 1.6878788924654637 -1.6878788924654637  
    -1.6878788924654637 1.6878788924654637 
  NBDRY = 15 
  RBDRY = 5.75 5.717889612279765 5.599231274196216 5.333894952548324  
    4.862048988436734 4.215741544340384 3.606248672667517  
    3.3499999999999996 3.606248672667517 4.215741544340384  
    4.862048988436735 5.333894952548324 5.599231274196216  
    5.717889612279765 5.75 
  ZBDRY = 0.0 0.7289246817174976 1.3134768905462901 1.6378788924654637  
    1.6378788924654637 1.3134768905462901 0.7289246817174978  
    2.0574066225675533e-16 -0.7289246817174975 -1.31347689054629  
    -1.6378788924654637 -1.6378788924654637 -1.3134768905462901  
    -0.728924681717498 -4.1148132451351065e-16 
/

