&PROFILE_EXT
  NPSI_EXT = 257 
  PSIN_EXT = 0.0 0.00390625 0.0078125 0.01171875 0.015625 0.01953125  
    0.0234375 0.02734375 0.03125 0.03515625 0.0390625 0.04296875  
    0.046875 0.05078125 0.0546875 0.05859375 0.0625 0.06640625  
    0.0703125 0.07421875 0.078125 0.08203125 0.0859375 0.08984375  
    0.09375 0.09765625 0.1015625 0.10546875 0.109375 0.11328125  
    0.1171875 0.12109375 0.125 0.12890625 0.1328125 0.13671875 0.140625  
    0.14453125 0.1484375 0.15234375 0.15625 0.16015625 0.1640625  
    0.16796875 0.171875 0.17578125 0.1796875 0.18359375 0.1875  
    0.19140625 0.1953125 0.19921875 0.203125 0.20703125 0.2109375  
    0.21484375 0.21875 0.22265625 0.2265625 0.23046875 0.234375  
    0.23828125 0.2421875 0.24609375 0.25 0.25390625 0.2578125  
    0.26171875 0.265625 0.26953125 0.2734375 0.27734375 0.28125  
    0.28515625 0.2890625 0.29296875 0.296875 0.30078125 0.3046875  
    0.30859375 0.3125 0.31640625 0.3203125 0.32421875 0.328125  
    0.33203125 0.3359375 0.33984375 0.34375 0.34765625 0.3515625  
    0.35546875 0.359375 0.36328125 0.3671875 0.37109375 0.375  
    0.37890625 0.3828125 0.38671875 0.390625 0.39453125 0.3984375  
    0.40234375 0.40625 0.41015625 0.4140625 0.41796875 0.421875  
    0.42578125 0.4296875 0.43359375 0.4375 0.44140625 0.4453125  
    0.44921875 0.453125 0.45703125 0.4609375 0.46484375 0.46875  
    0.47265625 0.4765625 0.48046875 0.484375 0.48828125 0.4921875  
    0.49609375 0.5 0.50390625 0.5078125 0.51171875 0.515625 0.51953125  
    0.5234375 0.52734375 0.53125 0.53515625 0.5390625 0.54296875  
    0.546875 0.55078125 0.5546875 0.55859375 0.5625 0.56640625  
    0.5703125 0.57421875 0.578125 0.58203125 0.5859375 0.58984375  
    0.59375 0.59765625 0.6015625 0.60546875 0.609375 0.61328125  
    0.6171875 0.62109375 0.625 0.62890625 0.6328125 0.63671875 0.640625  
    0.64453125 0.6484375 0.65234375 0.65625 0.66015625 0.6640625  
    0.66796875 0.671875 0.67578125 0.6796875 0.68359375 0.6875  
    0.69140625 0.6953125 0.69921875 0.703125 0.70703125 0.7109375  
    0.71484375 0.71875 0.72265625 0.7265625 0.73046875 0.734375  
    0.73828125 0.7421875 0.74609375 0.75 0.75390625 0.7578125  
    0.76171875 0.765625 0.76953125 0.7734375 0.77734375 0.78125  
    0.78515625 0.7890625 0.79296875 0.796875 0.80078125 0.8046875  
    0.80859375 0.8125 0.81640625 0.8203125 0.82421875 0.828125  
    0.83203125 0.8359375 0.83984375 0.84375 0.84765625 0.8515625  
    0.85546875 0.859375 0.86328125 0.8671875 0.87109375 0.875  
    0.87890625 0.8828125 0.88671875 0.890625 0.89453125 0.8984375  
    0.90234375 0.90625 0.91015625 0.9140625 0.91796875 0.921875  
    0.92578125 0.9296875 0.93359375 0.9375 0.94140625 0.9453125  
    0.94921875 0.953125 0.95703125 0.9609375 0.96484375 0.96875  
    0.97265625 0.9765625 0.98046875 0.984375 0.98828125 0.9921875  
    0.99609375 1.0 
  PPRIME_EXT = 668236.083428075 659627.4912952292 651131.2274208091  
    642747.291804815 634475.6844472464 626316.4053481038  
    618269.454507387 610334.831925096 602512.5376012307  
    594802.5715357912 587204.9337287776 579719.6241801897  
    572346.6428900275 565085.9898582911 557937.6650849807  
    550901.668570096 543978.0003136371 537166.660315604  
    530467.6485759966 523880.96509481507 517406.6098720593  
    511044.5829077293 504794.88420182513 498657.51375434676  
    492632.4715652942 486719.7576346674 480729.57135947386  
    474669.34570748545 468833.5812054532 463207.4507593368  
    457789.13901600486 452553.2039929229 447474.7132652798  
    442552.59730668424 437791.59382293804 433164.54858119553  
    428652.4533333845 424273.36084041186 420008.61246999755  
    415836.4193665142 411786.08431201556 407819.63056908094  
    403940.29627164523 400160.5653762033 396442.8797338746  
    392821.3684776247 389258.7453184946 385775.9904119093  
    382355.65108967957 379000.61468049954 375707.394685469  
    372471.8347029935 369292.5188011881 366168.2688574495  
    363092.9483738118 360070.80214666214 357092.8501044509  
    354162.57634616364 351277.819713407 348429.5109701529  
    345634.07416347216 342860.69304771256 340147.4787313484  
    337447.85856060986 334804.4409155221 332182.9207046501  
    329594.9451512996 327054.7596301618 324517.07139871875  
    322042.00696648983 319573.92172740865 317134.67047031375  
    314744.99310705427 312350.3245424844 310007.9703946592  
    307686.22818133305 305368.7534281417 303108.481606215  
    300848.4923551028 298605.1559637037 296413.269807837  
    294215.7285991005 292042.8373777247 289915.0243201812  
    287776.84920117224 285662.4915321956 283591.3821639351  
    281513.21319608425 279454.2655820922 277438.0230823688  
    275416.33916113287 273403.1585147346 271434.3747828951  
    269472.0047421211 267505.5913691873 265576.11128875613  
    263666.4838855185 261747.90365300316 259853.70667588955  
    257992.29236300816 256125.18090412783 254261.51343882887  
    252434.04325386806 250622.0350884575 248799.67109866592  
    246994.13097294763 245221.23212189518 243451.6987759787  
    241676.79558496026 239925.06507462027 238198.3623187283  
    236469.72132262512 234741.17841088263 233036.984430078  
    231351.95774847653 229663.68439164164 227978.10884516512  
    226315.6317322036 224669.79998690228 223021.2414400464  
    221374.7901540558 219749.14637262843 218140.57845804264  
    216530.7603754911 214920.29333524808 213327.3346847326  
    211753.55118261202 210181.09891380026 208604.78847961663  
    207041.35992614646 205498.92261000018 203961.79127093055  
    202419.08475830598 200883.43733215978 199368.15653528296  
    197863.09989570413 196354.01587066456 194846.36002486595  
    193354.46271913603 191876.68039496912 190400.24410187968  
    188922.59160489973 187452.12551120087 185995.9440280972  
    184549.0886826276 183102.75396427448 181655.20855962677  
    180216.85643468532 178794.16610359188 177376.67543549777  
    175955.46144677597 174536.84422714275 173131.8608886864  
    171737.35480158596 170343.62027002103 168949.3693733218  
    167559.77724721696 166181.12077906734 164811.61459638824  
    163443.6913177466 162073.2763799068 160707.79965000192  
    159355.72572552445 158010.3340195119 156662.97684696034  
    155315.49535802752 153975.46177780037 152645.2431087388  
    151319.9089535 149994.95099243557 148668.73109765834  
    147348.36090129835 146039.6451026685 144735.2609274422  
    143427.82533283747 142120.59101670922 140821.811475582  
    139531.5434396444 138243.61785132048 136954.80636712647  
    135665.73437581642 134383.29262580114 133110.52572834014  
    131839.95249910222 130565.60895775378 129292.16798236869  
    128027.95488322905 126770.59465827525 125512.76659645684  
    124253.14067930724 122995.49419446864 121745.22028937747  
    120501.26886361442 119256.95159877736 118009.148468802  
    116764.38543843196 115529.10978053874 114297.41880886955  
    113062.16705723226 111825.82580055628 110595.6476082727  
    109372.15541400044 108149.36846307188 106924.33110597203  
    105699.5580610691 104481.08761819103 103268.6968649126  
    102055.60064974765 100839.33208936115 99626.72423079575  
    98422.85002933952 97221.78016989112 96017.59903755668  
    94814.71952997829 93621.14037149798 92434.7216340042  
    91247.9851173062 90062.30321558997 88887.22707804851  
    87724.63891667005 86566.70313575977 85414.25198718929  
    84278.53475844406 83163.11993493419 82062.18111279968  
    80980.3771328841 79930.42522657108 78914.72099196729  
    77937.93666356854 77013.5600328426 76150.2110128463  
    75360.40352572646 74668.54535615188 74089.0789170638  
    73632.7839715342 73369.16582267074 73357.4756230559  
    73594.44979967526 74184.5306139455 75281.62761835816  
    76875.41995321831 79190.09599489454 82774.79286458208  
    87906.71751824029 94421.14534552516 101528.100686473  
    108756.17236252924 115979.73051700974 120673.15406728764  
    120649.27138462456 115868.58227985709 106616.81181413299  
    93205.86680059292 75432.90350566534 53055.85881513795  
    25722.376645278775 -6567.543004721112 
  FFPRIM_EXT = -0.06647508897686501 0.13076822928118853  
    0.3237657458855328 0.5132490737249313 0.6992253041129248  
    0.8817024208417688 1.0606870026885122 1.2361882576516268  
    1.4082117364986404 1.576771617739576 1.7418675254256581  
    1.9035060410916351 2.0616942313666518 2.2164382600102064  
    2.3677456672942867 2.5156216025524243 2.6600732934713855  
    2.8011066814158405 2.9387287203230077 3.0729436700482884  
    3.2037597866478347 3.3311806391388226 3.4552147642052597  
    3.5758645271844607 3.6931369963176843 3.8070286163103058  
    3.922901348092641 4.040548798340667 4.151668567896252  
    4.25669648917126 4.355701965569465 4.449403553469365  
    4.538508779890874 4.623052792318811 4.702908646968721  
    4.778842090074165 4.851394843708745 4.920061754824455  
    4.985370783328552 5.047937094787619 5.106942297965776  
    5.163451640942428 5.217381860988024 5.268380862106629  
    5.3175070835713765 5.363804732344189 5.40831972048461  
    5.45046856587491 5.490738854773319 5.529054902133478  
    5.565511791374817 5.600230724868089 5.63324895980101  
    5.66460447514674 5.694465761395897 5.722719837348242  
    5.749614045107158 5.775057225299698 5.799104152677787  
    5.822014392533052 5.843326429974864 5.8639026972752735  
    5.882680459123554 5.900955948964796 5.917549591469887  
    5.933408435449708 5.948216916225981 5.9615718102489526  
    5.974737857053507 5.986044149162932 5.997031356739653  
    6.0071000015052745 6.0156699422501205 6.024255733140933  
    6.031272960734221 6.037593000608247 6.043675982968875  
    6.048053191637695 6.052296505194795 6.055959287520566  
    6.058076323551695 6.060223701467714 6.061569930408968  
    6.061545454494253 6.061681885398578 6.061040047046653  
    6.059079123358682 6.057185062772589 6.054639156308564  
    6.050789699841522 6.046961959122971 6.042776409389152  
    6.03724230892002 6.031400431018186 6.025543591509132  
    6.018545050081615 6.010869881135918 6.003311026786015  
    5.994955675862313 5.985568125372862 5.976204098570605  
    5.96661636080251 5.955905125068411 5.944634222470198  
    5.933514095273832 5.921802664075548 5.909062733433109  
    5.896092291575274 5.883133920243395 5.86940781048774  
    5.854859259209215 5.840223683984436 5.8254487438575655  
    5.809871155786413 5.793628337494824 5.7773318209958315  
    5.760822545030917 5.743542144908407 5.725662295728213  
    5.707711281817311 5.6895606639260965 5.670699714790269  
    5.651225714670144 5.631636357834595 5.611917701562785  
    5.591575468284616 5.570560594953662 5.54935623119348  
    5.528105760787515 5.506355107588279 5.483880167040098  
    5.4611031135432215 5.438320676557616 5.4151923046283885  
    5.391355177610267 5.36707923394232 5.342750134304741  
    5.318221984345584 5.293106590924573 5.267444402272682  
    5.241579137750033 5.2155802752066105 5.189220623913522  
    5.162306709056953 5.134970184521293 5.107446684090602  
    5.079782947336996 5.051698639067842 5.023016959992196  
    4.994015895891403 4.964935950820223 4.935608082037919  
    4.905733280850336 4.875392085307972 4.844843962417439  
    4.814123315774852 4.783090793554522 4.751576120101959  
    4.719624454342292 4.6874359932926986 4.65511988589439  
    4.62247705883634 4.589277252413911 4.555696475551069  
    4.521965839462644 4.48803630887169 4.453702961848249  
    4.418899238145622 4.383754506114182 4.348386870516135  
    4.312839321829131 4.276922071932024 4.24047694203799  
    4.203693226855687 4.166766554588323 4.129611442919305  
    4.092006528861485 4.053944317709215 4.015585080160216  
    3.9770138630759475 3.9382140318955745 3.8990004827133893  
    3.8592865598712263 3.8192659411517464 3.779096602097991  
    3.738655012266701 3.6977165835500925 3.656337349498257  
    3.6147081081183794 3.5728635754179754 3.5307020089462586  
    3.4880766697335197 3.4450093915160203 3.4016726598310725  
    3.3581480932353225 3.3142623840283956 3.2698395365838477  
    3.2250272310167363 3.1800117308935407 3.1347275775556414  
    3.088979707564709 3.0427462885173204 2.9961793998816786  
    2.949354478076608 2.902202979432848 2.854560442108637  
    2.8064242536501887 2.7579674437397728 2.709253361597811  
    2.6600987262067637 2.610360019300165 2.5601848385793824  
    2.509726331879322 2.4588661998444135 2.4073852937761044  
    2.355328961235962 2.3028889078438413 2.2500270833646825  
    2.1964850923318187 2.1422013036443364 2.0873739136661396  
    2.03197857803865 1.9757135583145176 1.9184732469056447  
    1.8604009006175648 1.801369967182713 1.7410398773939262  
    1.679335456354556 1.616124202933952 1.5510490498926128  
    1.483878070168346 1.4142689049602142 1.3415722787083717  
    1.265410854994569 1.185499638437546 1.1000059899488006  
    1.007373925814298 0.9076946245917636 0.7982213162877381  
    0.6748963368212519 0.5379868251534957 0.38165984639203887  
    0.19156512058555014 -0.03962760504044711 -0.30768257840831104  
    -0.5920860379435995 -0.880961589525713 -1.1716876690541103  
    -1.3982345957383298 -1.502884371700037 -1.4836846232345158  
    -1.3459750366336694 -1.093337783595052 -0.7149254908734328  
    -0.199972123517579 0.4799455625510409 1.3248275673355083 
  P_EXT = 1644255.8610245825 1597316.1197625261 1568464.3454496711  
    1544232.1350077116 1522462.9794731694 1502312.4779977042  
    1483342.82529515 1465292.2077574325 1447987.2161514936  
    1431309.2797102614 1415166.6813074453 1399491.7761841868  
    1384231.3273799093 1369342.8384169189 1354791.3554873231  
    1340547.804117913 1326587.7507100007 1312890.5226836805  
    1299438.029773027 1286214.40089176 1273206.292986336  
    1260401.1863127877 1247788.65394632 1235358.6648750477  
    1223102.9195400549 1211013.123490516 1199082.5183301207  
    1187304.3680977141 1175672.7936025627 1164182.43436206  
    1152828.2085361285 1141605.1450133035 1130509.2192821337  
    1119536.4994562902 1108683.1604014933 1097945.3444680418  
    1087320.2392378286 1076804.6867160886 1066395.5884542908  
    1056090.4324115661 1045886.7492124671 1035781.5513460501  
    1025773.3540067871 1015859.2718635465 1006037.6904512665  
    996306.5778791466 986663.8109298118 977108.1322394614  
    967637.1769096466 958250.0672086263 948944.5135750831  
    939719.7643304635 930573.7066668652 921505.6787184365  
    912513.6693921601 903597.1923344447 894754.2219342559  
    885984.5030055752 877285.9871954496 868658.5361700486  
    860100.2826024875 851610.8756184336 843189.013630098  
    834833.7273727595 826544.5850532665 818319.8786517987  
    810159.8609842055 802062.6039793598 794028.1688830623  
    786055.5076675796 778143.5300751672 770292.3486814074  
    762500.4380460404 754767.4979439774 747093.158332471  
    739475.9396476371 731916.1804569187 724412.7646068935  
    716964.8885303648 709572.7420857863 702235.1646624216  
    694951.5326671125 687722.0335366153 680545.346549554  
    673421.190346823 666349.6253952552 659329.5386502638  
    652360.4805143089 645442.6236566566 638574.8713122632  
    631756.8001906972 624988.5956913189 618269.4744069309  
    611598.6344215468 604976.3374825481 598402.101593242  
    591875.0625014126 585395.2021756605 578962.4729103914  
    572575.9243799981 566235.274161504 559940.6970345823  
    553691.6561813175 547487.3414125869 541327.8424379895  
    535213.1475178979 529142.5325962086 523115.4814509994  
    517132.17671386397 511192.39640632615 505295.43898318795  
    499441.0080059159 493629.2585816008 487859.849922208  
    482132.16374645446 476446.014375214 470801.5159460943  
    465198.304067246 459635.8245774464 454113.91656894394  
    448632.6778009808 443191.79429834033 437790.73821149126  
    432429.3147095827 427107.6258782431 421825.4591608437  
    416582.29933423403 411377.8756192073 406212.290039507  
    401085.4525999367 395996.88937324466 390946.2337308557  
    385933.551663648 380958.8609949508 376021.7911267771  
    371121.899937187 366259.15907764656 361433.63563028676  
    356645.1206488209 351893.176409989 347177.6352834449  
    342498.51612009807 337855.7719036349 333249.1062861792  
    328678.20931827254 324142.9626102586 319643.4024645886  
    315179.45440900594 310750.77178832423 306357.06676745834  
    301998.3585494382 297674.6885783815 293385.84986214596  
    289131.4928737193 284911.50365315675 280725.89000494545  
    276574.61816504184 272457.4838248494 268374.2177721211  
    264324.68532194255 260308.91555696802 256326.90915413038  
    252378.41366642423 248463.14481927172 244581.07356311294  
    240732.24119376903 236916.56654308282 233133.80606480216  
    229383.77883044275 225666.4220477091 221981.7577791088  
    218329.7554074517 214710.16776997695 211122.77471637892  
    207567.5838971305 204044.6520266137 200553.87213774436  
    197095.00165067063 193667.91469417518 190272.59813573465  
    186909.07801056321 183577.2903346748 180277.00387066806  
    177008.05921403845 173770.49580887437 170564.3739595561  
    167389.55954327493 164245.81945951015 161133.08956837506  
    158051.40857219446 155000.7854355313 151981.1010147822  
    148992.16399826034 146033.90036054677 143106.37358413418  
    140209.6140580381 137343.44277928284 134507.67219559065  
    131702.32352217223 128927.47329917678 126183.06064994138  
    123468.89822328946 120784.89714063771 118131.0873484971  
    115507.50631267129 112914.07569009262 110350.61471414013  
    107817.05850237579 105313.47252219342 102839.87303540087  
    100396.0786235896 97981.93077511089 95597.4507624569  
    93242.68786869865 90917.50072709062 88621.656190775  
    86355.07940624868 84117.79043581925 81909.6523439988  
    79730.34385948844 77579.6522510884 75457.49251798209  
    73363.59672154917 71297.47356799373 69258.6935862012  
    67246.8901133287 65261.42388031435 63301.452921392425  
    61366.11804609138 59454.2932128666 57564.565568948514  
    55695.31358108796 53844.444442424894 52009.31263953018  
    50187.06033301764 48374.00072281588 46564.42306288163  
    44752.15414794328 42930.24525245353 41087.837061011276  
    39212.11687499155 37289.43708604982 35295.155735131826  
    33193.386758511915 30947.13328480417 28530.076150068497  
    25936.458312205024 23163.02926006911 20232.819764026608  
    17244.88091931132 14315.510733175943 11560.750453526347  
    9085.243965978787 6994.067654761724 5397.974609534815  
    4414.594365312241 4170.200636237642 
  F_EXT = 50.49887922398439 50.49954929219331 50.5001124671391  
    50.500570753465134 50.50092615247735 50.50118063634291  
    50.50133607693636 50.50139432297368 50.50135728242955  
    50.501226861548034 50.50100491525524 50.500693372815626  
    50.50029403573443 50.49980879614685 50.499239508484436  
    50.49858808514426 50.497856325725074 50.497046067774086  
    50.496159161674036 50.49519748455339 50.49416282989286  
    50.493057017746835 50.49188189704512 50.4906393157374  
    50.48933092995319 50.48795806262282 50.486521116365026  
    50.48502059791994 50.48345800657516 50.481835496417474  
    50.480156242963616 50.47842354323722 50.476640058621655  
    50.474808240581055 50.472930405835896 50.47100880499842  
    50.46904549561778 50.46704243697779 50.465001440613726  
    50.46292423370324 50.46081241030482 50.458667517261496  
    50.456491002679925 50.454284271064196 50.45204865004055  
    50.449785384452966 50.447495666390274 50.445180612107386  
    50.44284133504242 50.440478887415296 50.438094284353554  
    50.43568847733108 50.43326238796696 50.43081689390244  
    50.42835284336641 50.42587103586526 50.42337228256001  
    50.42085736243001 50.41832701194081 50.4157819062996  
    50.413222758229935 50.410650225270615 50.40806494221658  
    50.40546748026726 50.40285847941172 50.40023855529711  
    50.39760826698678 50.39496816138082 50.39231877934438  
    50.38966068427477 50.38699436165618 50.3843202665316  
    50.38163889000572 50.378950686926885 50.37625612097152  
    50.373555651778155 50.370849714713344 50.36813877274446  
    50.3654232226327 50.3627034365171 50.359979833416844  
    50.357252803967356 50.35452270637603 50.35178991477906  
    50.34905480555831 50.34631774528202 50.34357908907561  
    50.34083916241117 50.3380982816019 50.33535679707605  
    50.332615048475716 50.329873354486665 50.32713202891465  
    50.32439136789614 50.32165165137301 50.31891317874137  
    50.31617626262435 50.3134411919419 50.31070824022659  
    50.30797768923138 50.30524981933114 50.30252489364217  
    50.29980316973971 50.29708490732676 50.294370371047435  
    50.29165982503376 50.28895353148848 50.28625173428042  
    50.28355465982576 50.28086253928751 50.278175625734505  
    50.27549416429768 50.272818382984426 50.27014850805875  
    50.26748476774026 50.264827386931074 50.262176592060754  
    50.25953260532154 50.256895627046624 50.254265859228  
    50.251643524003725 50.24902885155802 50.24642205770176  
    50.24382334667213 50.24123291670066 50.238650961073944  
    50.23607767694409 50.23351326633067 50.23095793273805  
    50.22841187958949 50.22587530014734 50.223348384145865  
    50.22083131187672 50.218324265159715 50.21582744393599  
    50.21334105625394 50.21086528176426 50.2084002847608  
    50.20594623883229 50.20350334140461 50.20107179311991  
    50.19865177552968 50.1962434432793 50.193846948057235  
    50.19146249713651 50.18909028926899 50.18673048817327  
    50.184383230347606 50.182048696006675 50.17972708257197  
    50.177418565688995 50.17512331089213 50.17284148349681  
    50.17057325859754 50.16831881431109 50.16607831174507  
    50.16385189410467 50.16163971108118 50.15944195761116  
    50.15725882583934 50.155090474497165 50.15293705187102  
    50.150798709933355 50.148675619615375 50.14656796061473  
    50.14447590764069 50.14239960949979 50.1403392048431  
    50.13829488357736 50.13626682085172 50.13425516038571  
    50.132260034599405 50.130281639070034 50.12832016602807  
    50.12637575071187 50.12444853211156 50.12253868405399  
    50.120646395683806 50.118771818750375 50.1169151026457  
    50.11507640417637 50.113255889105815 50.111453735893726  
    50.10967011226712 50.107905164081316 50.10615904466244  
    50.10443192925432 50.10272400283959 50.10103542215286  
    50.09936634552677 50.097716931195265 50.09608733851205  
    50.094477756722625 50.09288836221985 50.09131930781035  
    50.08977074001775 50.088242852953115 50.08673584549522  
    50.08524986964764 50.08378507904774 50.08234165201666  
    50.080919787633185 50.07951966918439 50.078141472813925  
    50.07678537117998 50.075451544008644 50.07414018654343  
    50.072851499240485 50.07158567819913 50.07034292633694  
    50.06912344090931 50.06792743019612 50.066755120835126  
    50.06560674353307 50.06448253019417 50.063382725487095  
    50.06230759112343 50.061257407972235 50.0602324677252  
    50.05923307820794 50.05825956357635 50.05731228822333  
    50.05639165112278 50.055498097256994 50.05463213960038  
    50.053794347556405 50.05298533901925 50.052205811211664  
    50.051456600290315 50.050738680625926 50.05005317445628  
    50.04940138072135 50.04878479747404 50.048205258507146  
    50.04766504399869 50.04716696698502 50.04671441173587  
    50.04631137329183 50.0459626012636 50.04567377966991  
    50.045451759324706 50.04530536057266 50.0452477974859  
    50.04529337812847 50.04545461649454 50.045741588499354  
    50.04615861353884 50.04669841183407 50.0473384324762  
    50.04803994685461 50.04875085136452 50.049413845553204  
    50.04997551860463 50.05037975161862 50.05056310747922  
    50.05045874986901 50.05 
/

