 &IN1
 ISHOT =            1,
 ITIME =            2,
 BETAP0 =   0.5000000000000000     ,
 RZERO =    1.700000000000000     ,
 QENP =   0.9499999880790710     ,
 ENP =   0.5000000000000000     ,
 EMP =    1.000000000000000     ,
 PLASMA =    679320.6793206787     ,
 COILS =   0.1859268598892716     ,
           0.1466708313973991     ,
           0.1769023537308785     ,
           0.1344171839496996     ,
           5.3607949119691717E-002,
          -6.9764557534745314E-003,
           0.5195035628245985     ,
          -6.9864995112540906E-002,
          -0.4188811047639248     ,
           0.2438213540808988     ,
           0.1526358385603758     ,
           3.3445122568128975E-002,
          -3.4526410555596916E-002,
          -7.2798860165121007E-002,
          -6.6047850942855549E-002,
           0.5369124501451294     ,
          -9.1128585039068455E-002,
          -3.6240561080229196E-002,
           0.2224616513035135     ,
           0.1677840248165476     ,
           0.1638012481389771     ,
           0.1538816188286672     ,
           8.7833364104501252E-002,
           1.3182031245396256E-002,
          -0.2946697084022284     ,
           0.3885092894528547     ,
           0.4165132499005568     ,
           3.4977178579781651E-002,
           8.5024892703258179E-002,
           0.2067418121229140     ,
           9.5678643718659528E-002,
           6.6363447599983468E-004,
          -4.5152386846025565E-002,
          -6.7950711965448274E-002,
           8.3191334998516761E-002,
           0.4565717761240780     ,
           0.4503417394041446     ,
          -2.8136796760406875E-002,
           3.9657431354888653E-002,
          -4.1405484822065443E-002,
          -1.9685635106396090E-002,
           8.5789154649506174E-003,
           5.0024268749561708E-002,
           0.1097469805305525     ,
 BTOR =    2.000000000000000     ,
 RCENTR =    1.700000000000000     ,
 ICURRT =            2,
 IERCHK =            0,
 KZEROJ =            0,
 RZEROJ =    0.000000000000000     ,
             0.000000000000000     ,
             0.000000000000000     ,
             0.000000000000000     ,
             0.000000000000000     ,
             0.000000000000000     ,
             0.000000000000000     ,
             0.000000000000000     ,
             0.000000000000000     ,
             0.000000000000000     ,
             0.000000000000000     ,
             0.000000000000000     ,
             0.000000000000000     ,
             0.000000000000000     ,
             0.000000000000000     ,
             0.000000000000000     ,
             0.000000000000000     ,
             0.000000000000000     ,
             0.000000000000000     ,
             0.000000000000000     ,
             0.000000000000000     ,
             0.000000000000000     ,
             0.000000000000000     ,
             0.000000000000000     ,
             0.000000000000000     ,
             0.000000000000000     ,
             0.000000000000000     ,
             0.000000000000000     ,
             0.000000000000000     ,
             0.000000000000000     ,
             0.000000000000000     ,
             0.000000000000000     ,
             0.000000000000000     ,
             0.000000000000000     ,
             0.000000000000000     ,
             0.000000000000000     ,
             0.000000000000000     ,
             0.000000000000000     ,
             0.000000000000000     ,
             0.000000000000000     ,
             0.000000000000000     ,
             0.000000000000000     ,
             0.000000000000000     ,
             0.000000000000000     ,
             0.000000000000000     ,
             0.000000000000000     ,
             0.000000000000000     ,
             0.000000000000000     ,
             0.000000000000000     ,
             0.000000000000000     ,
             0.000000000000000     ,
             0.000000000000000     ,
             0.000000000000000     ,
             0.000000000000000     ,
             0.000000000000000     ,
             0.000000000000000     ,
             0.000000000000000     ,
             0.000000000000000     ,
             0.000000000000000     ,
             0.000000000000000     ,
             0.000000000000000     ,
 FWTSI =    1.000000000000000     ,
            1.000000000000000     ,
            1.000000000000000     ,
            1.000000000000000     ,
            1.000000000000000     ,
            1.000000000000000     ,
            1.000000000000000     ,
            1.000000000000000     ,
            1.000000000000000     ,
            1.000000000000000     ,
            1.000000000000000     ,
            1.000000000000000     ,
            1.000000000000000     ,
            1.000000000000000     ,
            1.000000000000000     ,
            1.000000000000000     ,
            1.000000000000000     ,
            1.000000000000000     ,
            0.000000000000000     ,
            0.000000000000000     ,
            0.000000000000000     ,
            0.000000000000000     ,
            0.000000000000000     ,
            0.000000000000000     ,
            0.000000000000000     ,
            0.000000000000000     ,
            0.000000000000000     ,
            0.000000000000000     ,
            0.000000000000000     ,
            0.000000000000000     ,
            0.000000000000000     ,
            0.000000000000000     ,
            0.000000000000000     ,
            0.000000000000000     ,
            0.000000000000000     ,
            0.000000000000000     ,
            0.000000000000000     ,
            0.000000000000000     ,
            0.000000000000000     ,
            0.000000000000000     ,
            0.000000000000000     ,
            0.000000000000000     ,
            0.000000000000000     ,
            0.000000000000000     ,
 FWTCUR =    1.000000000000000     ,
 MXITER =            1,
 NXITER =           99,
 LIMITR =            5,
 XLIM =    2.167032967032967     ,
           1.232967032967033     ,
           1.232967032967033     ,
           2.167032967032967     ,
           2.167032967032967     ,
           2.167032967032967     ,
           0.000000000000000     ,
           0.000000000000000     ,
           0.000000000000000     ,
           0.000000000000000     ,
           0.000000000000000     ,
           0.000000000000000     ,
           0.000000000000000     ,
           0.000000000000000     ,
           0.000000000000000     ,
           0.000000000000000     ,
           0.000000000000000     ,
           0.000000000000000     ,
           0.000000000000000     ,
           0.000000000000000     ,
           0.000000000000000     ,
           0.000000000000000     ,
           0.000000000000000     ,
           0.000000000000000     ,
           0.000000000000000     ,
           0.000000000000000     ,
           0.000000000000000     ,
           0.000000000000000     ,
           0.000000000000000     ,
           0.000000000000000     ,
           0.000000000000000     ,
           0.000000000000000     ,
           0.000000000000000     ,
           0.000000000000000     ,
           0.000000000000000     ,
           0.000000000000000     ,
           0.000000000000000     ,
           0.000000000000000     ,
           0.000000000000000     ,
           0.000000000000000     ,
           0.000000000000000     ,
           0.000000000000000     ,
           0.000000000000000     ,
           0.000000000000000     ,
           0.000000000000000     ,
           0.000000000000000     ,
           0.000000000000000     ,
           0.000000000000000     ,
           0.000000000000000     ,
           0.000000000000000     ,
           0.000000000000000     ,
           0.000000000000000     ,
           0.000000000000000     ,
           0.000000000000000     ,
           0.000000000000000     ,
           0.000000000000000     ,
           0.000000000000000     ,
           0.000000000000000     ,
           0.000000000000000     ,
           0.000000000000000     ,
           0.000000000000000     ,
           0.000000000000000     ,
           0.000000000000000     ,
           0.000000000000000     ,
           0.000000000000000     ,
           0.000000000000000     ,
           0.000000000000000     ,
           0.000000000000000     ,
           0.000000000000000     ,
           0.000000000000000     ,
           0.000000000000000     ,
           0.000000000000000     ,
           0.000000000000000     ,
           0.000000000000000     ,
           0.000000000000000     ,
           0.000000000000000     ,
           0.000000000000000     ,
           0.000000000000000     ,
           0.000000000000000     ,
           0.000000000000000     ,
           0.000000000000000     ,
           0.000000000000000     ,
           0.000000000000000     ,
           0.000000000000000     ,
           0.000000000000000     ,
           0.000000000000000     ,
           0.000000000000000     ,
           0.000000000000000     ,
           0.000000000000000     ,
           0.000000000000000     ,
           0.000000000000000     ,
           0.000000000000000     ,
           0.000000000000000     ,
           0.000000000000000     ,
           0.000000000000000     ,
           0.000000000000000     ,
           0.000000000000000     ,
           0.000000000000000     ,
           0.000000000000000     ,
           0.000000000000000     ,
           0.000000000000000     ,
           0.000000000000000     ,
           0.000000000000000     ,
           0.000000000000000     ,
           0.000000000000000     ,
           0.000000000000000     ,
           0.000000000000000     ,
           0.000000000000000     ,
           0.000000000000000     ,
           0.000000000000000     ,
           0.000000000000000     ,
           0.000000000000000     ,
           0.000000000000000     ,
           0.000000000000000     ,
           0.000000000000000     ,
           0.000000000000000     ,
           0.000000000000000     ,
           0.000000000000000     ,
           0.000000000000000     ,
           0.000000000000000     ,
           0.000000000000000     ,
           0.000000000000000     ,
           0.000000000000000     ,
           0.000000000000000     ,
           0.000000000000000     ,
           0.000000000000000     ,
           0.000000000000000     ,
           0.000000000000000     ,
           0.000000000000000     ,
           0.000000000000000     ,
           0.000000000000000     ,
           0.000000000000000     ,
           0.000000000000000     ,
           0.000000000000000     ,
           0.000000000000000     ,
           0.000000000000000     ,
           0.000000000000000     ,
           0.000000000000000     ,
           0.000000000000000     ,
           0.000000000000000     ,
           0.000000000000000     ,
           0.000000000000000     ,
           0.000000000000000     ,
           0.000000000000000     ,
           0.000000000000000     ,
           0.000000000000000     ,
           0.000000000000000     ,
           0.000000000000000     ,
           0.000000000000000     ,
           0.000000000000000     ,
           0.000000000000000     ,
           0.000000000000000     ,
           0.000000000000000     ,
           0.000000000000000     ,
           0.000000000000000     ,
           0.000000000000000     ,
           0.000000000000000     ,
           0.000000000000000     ,
           0.000000000000000     ,
           0.000000000000000     ,
 YLIM =   0.6306360697123711     ,
          0.6306360697123711     ,
         -0.6306360697123711     ,
         -0.6306360697123711     ,
          0.6306360697123711     ,
          0.6306360697123711     ,
           0.000000000000000     ,
           0.000000000000000     ,
           0.000000000000000     ,
           0.000000000000000     ,
           0.000000000000000     ,
           0.000000000000000     ,
           0.000000000000000     ,
           0.000000000000000     ,
           0.000000000000000     ,
           0.000000000000000     ,
           0.000000000000000     ,
           0.000000000000000     ,
           0.000000000000000     ,
           0.000000000000000     ,
           0.000000000000000     ,
           0.000000000000000     ,
           0.000000000000000     ,
           0.000000000000000     ,
           0.000000000000000     ,
           0.000000000000000     ,
           0.000000000000000     ,
           0.000000000000000     ,
           0.000000000000000     ,
           0.000000000000000     ,
           0.000000000000000     ,
           0.000000000000000     ,
           0.000000000000000     ,
           0.000000000000000     ,
           0.000000000000000     ,
           0.000000000000000     ,
           0.000000000000000     ,
           0.000000000000000     ,
           0.000000000000000     ,
           0.000000000000000     ,
           0.000000000000000     ,
           0.000000000000000     ,
           0.000000000000000     ,
           0.000000000000000     ,
           0.000000000000000     ,
           0.000000000000000     ,
           0.000000000000000     ,
           0.000000000000000     ,
           0.000000000000000     ,
           0.000000000000000     ,
           0.000000000000000     ,
           0.000000000000000     ,
           0.000000000000000     ,
           0.000000000000000     ,
           0.000000000000000     ,
           0.000000000000000     ,
           0.000000000000000     ,
           0.000000000000000     ,
           0.000000000000000     ,
           0.000000000000000     ,
           0.000000000000000     ,
           0.000000000000000     ,
           0.000000000000000     ,
           0.000000000000000     ,
           0.000000000000000     ,
           0.000000000000000     ,
           0.000000000000000     ,
           0.000000000000000     ,
           0.000000000000000     ,
           0.000000000000000     ,
           0.000000000000000     ,
           0.000000000000000     ,
           0.000000000000000     ,
           0.000000000000000     ,
           0.000000000000000     ,
           0.000000000000000     ,
           0.000000000000000     ,
           0.000000000000000     ,
           0.000000000000000     ,
           0.000000000000000     ,
           0.000000000000000     ,
           0.000000000000000     ,
           0.000000000000000     ,
           0.000000000000000     ,
           0.000000000000000     ,
           0.000000000000000     ,
           0.000000000000000     ,
           0.000000000000000     ,
           0.000000000000000     ,
           0.000000000000000     ,
           0.000000000000000     ,
           0.000000000000000     ,
           0.000000000000000     ,
           0.000000000000000     ,
           0.000000000000000     ,
           0.000000000000000     ,
           0.000000000000000     ,
           0.000000000000000     ,
           0.000000000000000     ,
           0.000000000000000     ,
           0.000000000000000     ,
           0.000000000000000     ,
           0.000000000000000     ,
           0.000000000000000     ,
           0.000000000000000     ,
           0.000000000000000     ,
           0.000000000000000     ,
           0.000000000000000     ,
           0.000000000000000     ,
           0.000000000000000     ,
           0.000000000000000     ,
           0.000000000000000     ,
           0.000000000000000     ,
           0.000000000000000     ,
           0.000000000000000     ,
           0.000000000000000     ,
           0.000000000000000     ,
           0.000000000000000     ,
           0.000000000000000     ,
           0.000000000000000     ,
           0.000000000000000     ,
           0.000000000000000     ,
           0.000000000000000     ,
           0.000000000000000     ,
           0.000000000000000     ,
           0.000000000000000     ,
           0.000000000000000     ,
           0.000000000000000     ,
           0.000000000000000     ,
           0.000000000000000     ,
           0.000000000000000     ,
           0.000000000000000     ,
           0.000000000000000     ,
           0.000000000000000     ,
           0.000000000000000     ,
           0.000000000000000     ,
           0.000000000000000     ,
           0.000000000000000     ,
           0.000000000000000     ,
           0.000000000000000     ,
           0.000000000000000     ,
           0.000000000000000     ,
           0.000000000000000     ,
           0.000000000000000     ,
           0.000000000000000     ,
           0.000000000000000     ,
           0.000000000000000     ,
           0.000000000000000     ,
           0.000000000000000     ,
           0.000000000000000     ,
           0.000000000000000     ,
           0.000000000000000     ,
           0.000000000000000     ,
           0.000000000000000     ,
           0.000000000000000     ,
           0.000000000000000     ,
           0.000000000000000     ,
           0.000000000000000     ,
           0.000000000000000     ,
           0.000000000000000     ,
 ERROR =   9.9999997473787516E-005,
 ICONVR =            3,
 IBUNMN =            3,
 BRSP =    53814.16687011719     ,
          -20735.70825195313     ,
           225681.7468872070     ,
           206840.4430541992     ,
           80555.01165771484     ,
          -299796.8600158691     ,
           574240.9578056335     ,
          -56331.66876220703     ,
          -699257.3999023438     ,
           317361.3161621094     ,
           101393.4947509766     ,
          -86407.07250976563     ,
          -102579.8463745117     ,
          -105110.7025756836     ,
          -387706.6391830444     ,
           539983.3971176147     ,
          -137460.4763183594     ,
          -179810.6766662598     ,
           0.000000000000000     ,
           0.000000000000000     ,
           0.000000000000000     ,
           0.000000000000000     ,
           0.000000000000000     ,
           0.000000000000000     ,
           0.000000000000000     ,
           0.000000000000000     ,
           0.000000000000000     ,
           0.000000000000000     ,
           0.000000000000000     ,
           0.000000000000000     ,
           0.000000000000000     ,
           0.000000000000000     ,
           0.000000000000000     ,
           0.000000000000000     ,
           0.000000000000000     ,
           0.000000000000000     ,
           0.000000000000000     ,
           0.000000000000000     ,
           0.000000000000000     ,
           0.000000000000000     ,
           0.000000000000000     ,
           0.000000000000000     ,
           0.000000000000000     ,
           0.000000000000000     ,
           0.000000000000000     ,
           0.000000000000000     ,
           0.000000000000000     ,
           0.000000000000000     ,
           0.000000000000000     ,
           0.000000000000000     ,
           0.000000000000000     ,
           0.000000000000000     ,
           0.000000000000000     ,
           0.000000000000000     ,
           0.000000000000000     ,
           0.000000000000000     ,
           0.000000000000000     ,
           0.000000000000000     ,
           0.000000000000000     ,
           0.000000000000000     ,
           0.000000000000000     ,
           0.000000000000000     ,
           0.000000000000000     ,
           0.000000000000000     ,
           0.000000000000000     ,
           0.000000000000000     ,
           0.000000000000000     ,
           0.000000000000000     ,
           0.000000000000000     ,
           0.000000000000000     ,
           0.000000000000000     ,
           0.000000000000000     ,
           0.000000000000000     ,
           0.000000000000000     ,
           0.000000000000000     ,
           0.000000000000000     ,
           0.000000000000000     ,
           0.000000000000000     ,
           0.000000000000000     ,
           0.000000000000000     ,
           0.000000000000000     ,
           0.000000000000000     ,
           0.000000000000000     ,
           0.000000000000000     ,
           0.000000000000000     ,
           0.000000000000000     ,
           0.000000000000000     ,
           0.000000000000000     ,
           0.000000000000000     ,
           0.000000000000000     ,
           0.000000000000000     ,
           0.000000000000000     ,
           0.000000000000000     ,
           0.000000000000000     ,
           0.000000000000000     ,
           0.000000000000000     ,
           0.000000000000000     ,
           0.000000000000000     ,
           0.000000000000000     ,
           0.000000000000000     ,
           0.000000000000000     ,
           0.000000000000000     ,
           0.000000000000000     ,
           0.000000000000000     ,
           0.000000000000000     ,
           0.000000000000000     ,
           0.000000000000000     ,
           0.000000000000000     ,
           0.000000000000000     ,
           0.000000000000000     ,
           0.000000000000000     ,
           0.000000000000000     ,
           0.000000000000000     ,
           0.000000000000000     ,
           0.000000000000000     ,
           0.000000000000000     ,
           0.000000000000000     ,
           0.000000000000000     ,
           0.000000000000000     ,
           0.000000000000000     ,
           0.000000000000000     ,
           0.000000000000000     ,
           0.000000000000000     ,
           0.000000000000000     ,
           0.000000000000000     ,
           0.000000000000000     ,
           0.000000000000000     ,
           0.000000000000000     ,
           0.000000000000000     ,
           0.000000000000000     ,
           0.000000000000000     ,
           0.000000000000000     ,
           0.000000000000000     ,
           0.000000000000000     ,
           0.000000000000000     ,
           0.000000000000000     ,
           0.000000000000000     ,
           0.000000000000000     ,
           0.000000000000000     ,
           0.000000000000000     ,
           0.000000000000000     ,
           0.000000000000000     ,
           0.000000000000000     ,
           0.000000000000000     ,
           0.000000000000000     ,
           0.000000000000000     ,
           0.000000000000000     ,
           0.000000000000000     ,
           0.000000000000000     ,
           0.000000000000000     ,
           0.000000000000000     ,
           0.000000000000000     ,
           0.000000000000000     ,
           0.000000000000000     ,
           0.000000000000000     ,
           0.000000000000000     ,
           0.000000000000000     ,
           0.000000000000000     ,
           0.000000000000000     ,
           0.000000000000000     ,
           0.000000000000000     ,
           0.000000000000000     ,
           0.000000000000000     ,
           0.000000000000000     ,
           0.000000000000000     ,
           0.000000000000000     ,
           0.000000000000000     ,
           0.000000000000000     ,
           0.000000000000000     ,
           0.000000000000000     ,
           0.000000000000000     ,
           0.000000000000000     ,
           0.000000000000000     ,
           0.000000000000000     ,
           0.000000000000000     ,
           0.000000000000000     ,
           0.000000000000000     ,
           0.000000000000000     ,
           0.000000000000000     ,
           0.000000000000000     ,
           0.000000000000000     ,
           0.000000000000000     ,
           0.000000000000000     ,
           0.000000000000000     ,
           0.000000000000000     ,
           0.000000000000000     ,
           0.000000000000000     ,
           0.000000000000000     ,
           0.000000000000000     ,
           0.000000000000000     ,
           0.000000000000000     ,
           0.000000000000000     ,
           0.000000000000000     ,
           0.000000000000000     ,
           0.000000000000000     ,
           0.000000000000000     ,
           0.000000000000000     ,
           0.000000000000000     ,
           0.000000000000000     ,
           0.000000000000000     ,
           0.000000000000000     ,
           0.000000000000000     ,
           0.000000000000000     ,
           0.000000000000000     ,
           0.000000000000000     ,
           0.000000000000000     ,
           0.000000000000000     ,
           0.000000000000000     ,
           0.000000000000000     ,
           0.000000000000000     ,
           0.000000000000000     ,
           0.000000000000000     ,
           0.000000000000000     ,
           0.000000000000000     ,
           0.000000000000000     ,
           0.000000000000000     ,
           0.000000000000000     ,
           0.000000000000000     ,
           0.000000000000000     ,
           0.000000000000000     ,
           0.000000000000000     ,
           0.000000000000000     ,
           0.000000000000000     ,
           0.000000000000000     ,
           0.000000000000000     ,
           0.000000000000000     ,
           0.000000000000000     ,
           0.000000000000000     ,
           0.000000000000000     ,
           0.000000000000000     ,
           0.000000000000000     ,
           0.000000000000000     ,
           0.000000000000000     ,
           0.000000000000000     ,
           0.000000000000000     ,
           0.000000000000000     ,
           0.000000000000000     ,
           0.000000000000000     ,
           0.000000000000000     ,
           0.000000000000000     ,
           0.000000000000000     ,
           0.000000000000000     ,
           0.000000000000000     ,
           0.000000000000000     ,
           0.000000000000000     ,
           0.000000000000000     ,
           0.000000000000000     ,
           0.000000000000000     ,
           0.000000000000000     ,
           0.000000000000000     ,
           0.000000000000000     ,
           0.000000000000000     ,
           0.000000000000000     ,
           0.000000000000000     ,
           0.000000000000000     ,
           0.000000000000000     ,
           0.000000000000000     ,
           0.000000000000000     ,
           0.000000000000000     ,
           0.000000000000000     ,
           0.000000000000000     ,
           0.000000000000000     ,
           0.000000000000000     ,
           0.000000000000000     ,
           0.000000000000000     ,
           0.000000000000000     ,
           0.000000000000000     ,
           0.000000000000000     ,
           0.000000000000000     ,
           0.000000000000000     ,
           0.000000000000000     ,
           0.000000000000000     ,
           0.000000000000000     ,
           0.000000000000000     ,
           0.000000000000000     ,
           0.000000000000000     ,
           0.000000000000000     ,
           0.000000000000000     ,
           0.000000000000000     ,
           0.000000000000000     ,
           0.000000000000000     ,
           0.000000000000000     ,
           0.000000000000000     ,
           0.000000000000000     ,
           0.000000000000000     ,
           0.000000000000000     ,
           0.000000000000000     ,
           0.000000000000000     ,
           0.000000000000000     ,
           0.000000000000000     ,
           0.000000000000000     ,
           0.000000000000000     ,
           0.000000000000000     ,
           0.000000000000000     ,
           0.000000000000000     ,
           0.000000000000000     ,
           0.000000000000000     ,
           0.000000000000000     ,
           0.000000000000000     ,
           0.000000000000000     ,
           0.000000000000000     ,
           0.000000000000000     ,
           0.000000000000000     ,
           0.000000000000000     ,
           0.000000000000000     ,
           0.000000000000000     ,
           0.000000000000000     ,
           0.000000000000000     ,
           0.000000000000000     ,
           0.000000000000000     ,
           0.000000000000000     ,
           0.000000000000000     ,
           0.000000000000000     ,
           0.000000000000000     ,
           0.000000000000000     ,
           0.000000000000000     ,
           0.000000000000000     ,
           0.000000000000000     ,
           0.000000000000000     ,
           0.000000000000000     ,
           0.000000000000000     ,
           0.000000000000000     ,
           0.000000000000000     ,
           0.000000000000000     ,
           0.000000000000000     ,
           0.000000000000000     ,
           0.000000000000000     ,
           0.000000000000000     ,
           0.000000000000000     ,
           0.000000000000000     ,
           0.000000000000000     ,
           0.000000000000000     ,
           0.000000000000000     ,
           0.000000000000000     ,
           0.000000000000000     ,
           0.000000000000000     ,
           0.000000000000000     ,
           0.000000000000000     ,
           0.000000000000000     ,
           0.000000000000000     ,
           0.000000000000000     ,
           0.000000000000000     ,
           0.000000000000000     ,
           0.000000000000000     ,
           0.000000000000000     ,
           0.000000000000000     ,
           0.000000000000000     ,
           0.000000000000000     ,
           0.000000000000000     ,
           0.000000000000000     ,
           0.000000000000000     ,
           0.000000000000000     ,
           0.000000000000000     ,
           0.000000000000000     ,
           0.000000000000000     ,
           0.000000000000000     ,
           0.000000000000000     ,
           0.000000000000000     ,
           0.000000000000000     ,
           0.000000000000000     ,
           0.000000000000000     ,
           0.000000000000000     ,
           0.000000000000000     ,
           0.000000000000000     ,
           0.000000000000000     ,
           0.000000000000000     ,
           0.000000000000000     ,
           0.000000000000000     ,
           0.000000000000000     ,
           0.000000000000000     ,
           0.000000000000000     ,
           0.000000000000000     ,
           0.000000000000000     ,
           0.000000000000000     ,
           0.000000000000000     ,
           0.000000000000000     ,
           0.000000000000000     ,
           0.000000000000000     ,
           0.000000000000000     ,
           0.000000000000000     ,
           0.000000000000000     ,
           0.000000000000000     ,
           0.000000000000000     ,
           0.000000000000000     ,
           0.000000000000000     ,
           0.000000000000000     ,
           0.000000000000000     ,
           0.000000000000000     ,
           0.000000000000000     ,
           0.000000000000000     ,
           0.000000000000000     ,
           0.000000000000000     ,
           0.000000000000000     ,
           0.000000000000000     ,
           0.000000000000000     ,
           0.000000000000000     ,
           0.000000000000000     ,
           0.000000000000000     ,
           0.000000000000000     ,
           0.000000000000000     ,
           0.000000000000000     ,
           0.000000000000000     ,
           0.000000000000000     ,
           0.000000000000000     ,
           0.000000000000000     ,
           0.000000000000000     ,
           0.000000000000000     ,
           0.000000000000000     ,
           0.000000000000000     ,
           0.000000000000000     ,
           0.000000000000000     ,
           0.000000000000000     ,
           0.000000000000000     ,
           0.000000000000000     ,
           0.000000000000000     ,
           0.000000000000000     ,
           0.000000000000000     ,
           0.000000000000000     ,
           0.000000000000000     ,
           0.000000000000000     ,
           0.000000000000000     ,
           0.000000000000000     ,
           0.000000000000000     ,
           0.000000000000000     ,
           0.000000000000000     ,
           0.000000000000000     ,
           0.000000000000000     ,
           0.000000000000000     ,
           0.000000000000000     ,
           0.000000000000000     ,
           0.000000000000000     ,
           0.000000000000000     ,
           0.000000000000000     ,
           0.000000000000000     ,
           0.000000000000000     ,
           0.000000000000000     ,
           0.000000000000000     ,
           0.000000000000000     ,
           0.000000000000000     ,
           0.000000000000000     ,
           0.000000000000000     ,
           0.000000000000000     ,
           0.000000000000000     ,
           0.000000000000000     ,
           0.000000000000000     ,
           0.000000000000000     ,
           0.000000000000000     ,
           0.000000000000000     ,
           0.000000000000000     ,
           0.000000000000000     ,
           0.000000000000000     ,
           0.000000000000000     ,
           0.000000000000000     ,
           0.000000000000000     ,
           0.000000000000000     ,
           0.000000000000000     ,
           0.000000000000000     ,
           0.000000000000000     ,
           0.000000000000000     ,
           0.000000000000000     ,
           0.000000000000000     ,
           0.000000000000000     ,
           0.000000000000000     ,
           0.000000000000000     ,
           0.000000000000000     ,
           0.000000000000000     ,
           0.000000000000000     ,
           0.000000000000000     ,
           0.000000000000000     ,
           0.000000000000000     ,
           0.000000000000000     ,
           0.000000000000000     ,
           0.000000000000000     ,
           0.000000000000000     ,
           0.000000000000000     ,
           0.000000000000000     ,
           0.000000000000000     ,
           0.000000000000000     ,
           0.000000000000000     ,
           0.000000000000000     ,
           0.000000000000000     ,
           0.000000000000000     ,
           0.000000000000000     ,
           0.000000000000000     ,
           0.000000000000000     ,
           0.000000000000000     ,
           0.000000000000000     ,
           0.000000000000000     ,
           0.000000000000000     ,
           0.000000000000000     ,
           0.000000000000000     ,
           0.000000000000000     ,
           0.000000000000000     ,
           0.000000000000000     ,
           0.000000000000000     ,
           0.000000000000000     ,
           0.000000000000000     ,
           0.000000000000000     ,
           0.000000000000000     ,
           0.000000000000000     ,
           0.000000000000000     ,
           0.000000000000000     ,
           0.000000000000000     ,
           0.000000000000000     ,
           0.000000000000000     ,
           0.000000000000000     ,
           0.000000000000000     ,
           0.000000000000000     ,
           0.000000000000000     ,
           0.000000000000000     ,
           0.000000000000000     ,
           0.000000000000000     ,
           0.000000000000000     ,
           0.000000000000000     ,
           0.000000000000000     ,
           0.000000000000000     ,
           0.000000000000000     ,
           0.000000000000000     ,
           0.000000000000000     ,
           0.000000000000000     ,
           0.000000000000000     ,
           0.000000000000000     ,
           0.000000000000000     ,
           0.000000000000000     ,
           0.000000000000000     ,
           0.000000000000000     ,
           0.000000000000000     ,
           0.000000000000000     ,
           0.000000000000000     ,
           0.000000000000000     ,
           0.000000000000000     ,
           0.000000000000000     ,
           0.000000000000000     ,
           0.000000000000000     ,
           0.000000000000000     ,
           0.000000000000000     ,
           0.000000000000000     ,
           0.000000000000000     ,
           0.000000000000000     ,
           0.000000000000000     ,
           0.000000000000000     ,
           0.000000000000000     ,
           0.000000000000000     ,
           0.000000000000000     ,
           0.000000000000000     ,
           0.000000000000000     ,
           0.000000000000000     ,
           0.000000000000000     ,
           0.000000000000000     ,
           0.000000000000000     ,
           0.000000000000000     ,
           0.000000000000000     ,
           0.000000000000000     ,
           0.000000000000000     ,
           0.000000000000000     ,
           0.000000000000000     ,
           0.000000000000000     ,
           0.000000000000000     ,
           0.000000000000000     ,
           0.000000000000000     ,
           0.000000000000000     ,
           0.000000000000000     ,
           0.000000000000000     ,
           0.000000000000000     ,
           0.000000000000000     ,
           0.000000000000000     ,
           0.000000000000000     ,
           0.000000000000000     ,
           0.000000000000000     ,
           0.000000000000000     ,
           0.000000000000000     ,
           0.000000000000000     ,
           0.000000000000000     ,
           0.000000000000000     ,
           0.000000000000000     ,
           0.000000000000000     ,
           0.000000000000000     ,
           0.000000000000000     ,
           0.000000000000000     ,
           0.000000000000000     ,
           0.000000000000000     ,
           0.000000000000000     ,
           0.000000000000000     ,
           0.000000000000000     ,
           0.000000000000000     ,
           0.000000000000000     ,
           0.000000000000000     ,
           0.000000000000000     ,
           0.000000000000000     ,
           0.000000000000000     ,
           0.000000000000000     ,
           0.000000000000000     ,
           0.000000000000000     ,
           0.000000000000000     ,
           0.000000000000000     ,
           0.000000000000000     ,
           0.000000000000000     ,
           0.000000000000000     ,
           0.000000000000000     ,
           0.000000000000000     ,
           0.000000000000000     ,
           0.000000000000000     ,
           0.000000000000000     ,
           0.000000000000000     ,
           0.000000000000000     ,
           0.000000000000000     ,
           0.000000000000000     ,
           0.000000000000000     ,
           0.000000000000000     ,
           0.000000000000000     ,
           0.000000000000000     ,
 KFFCUR =            0,
 KPPCUR =            0,
 PCURBD =    0.000000000000000     ,
 FCURBD =    0.000000000000000     ,
 VBIT =    10.00000000000000     
 /
 &BASIS
 KPPFNC =            6,
 KPPKNT =            0,
 PPKNT =    0.000000000000000     ,
            0.000000000000000     ,
            0.000000000000000     ,
            0.000000000000000     ,
            0.000000000000000     ,
            0.000000000000000     ,
            0.000000000000000     ,
            0.000000000000000     ,
            0.000000000000000     ,
            0.000000000000000     ,
            0.000000000000000     ,
            0.000000000000000     ,
            0.000000000000000     ,
            0.000000000000000     ,
            0.000000000000000     ,
            0.000000000000000     ,
            0.000000000000000     ,
            0.000000000000000     ,
            0.000000000000000     ,
            0.000000000000000     ,
            0.000000000000000     ,
            0.000000000000000     ,
            0.000000000000000     ,
            0.000000000000000     ,
            0.000000000000000     ,
            0.000000000000000     ,
            0.000000000000000     ,
            0.000000000000000     ,
            0.000000000000000     ,
            0.000000000000000     ,
            0.000000000000000     ,
            0.000000000000000     ,
            0.000000000000000     ,
            0.000000000000000     ,
            0.000000000000000     ,
            0.000000000000000     ,
            0.000000000000000     ,
            0.000000000000000     ,
            0.000000000000000     ,
            0.000000000000000     ,
            0.000000000000000     ,
            0.000000000000000     ,
            0.000000000000000     ,
            0.000000000000000     ,
            0.000000000000000     ,
            0.000000000000000     ,
            0.000000000000000     ,
            0.000000000000000     ,
            0.000000000000000     ,
            0.000000000000000     ,
            0.000000000000000     ,
            0.000000000000000     ,
            0.000000000000000     ,
            0.000000000000000     ,
            0.000000000000000     ,
            0.000000000000000     ,
            0.000000000000000     ,
            0.000000000000000     ,
            0.000000000000000     ,
            0.000000000000000     ,
            0.000000000000000     ,
            0.000000000000000     ,
            0.000000000000000     ,
            0.000000000000000     ,
 PPTENS =    0.000000000000000     ,
 KFFFNC =            6,
 KFFKNT =            0,
 FFKNT =    0.000000000000000     ,
            0.000000000000000     ,
            0.000000000000000     ,
            0.000000000000000     ,
            0.000000000000000     ,
            0.000000000000000     ,
            0.000000000000000     ,
            0.000000000000000     ,
            0.000000000000000     ,
            0.000000000000000     ,
            0.000000000000000     ,
            0.000000000000000     ,
            0.000000000000000     ,
            0.000000000000000     ,
            0.000000000000000     ,
            0.000000000000000     ,
            0.000000000000000     ,
            0.000000000000000     ,
            0.000000000000000     ,
            0.000000000000000     ,
            0.000000000000000     ,
            0.000000000000000     ,
            0.000000000000000     ,
            0.000000000000000     ,
            0.000000000000000     ,
            0.000000000000000     ,
            0.000000000000000     ,
            0.000000000000000     ,
            0.000000000000000     ,
            0.000000000000000     ,
            0.000000000000000     ,
            0.000000000000000     ,
            0.000000000000000     ,
            0.000000000000000     ,
            0.000000000000000     ,
            0.000000000000000     ,
            0.000000000000000     ,
            0.000000000000000     ,
            0.000000000000000     ,
            0.000000000000000     ,
            0.000000000000000     ,
            0.000000000000000     ,
            0.000000000000000     ,
            0.000000000000000     ,
            0.000000000000000     ,
            0.000000000000000     ,
            0.000000000000000     ,
            0.000000000000000     ,
            0.000000000000000     ,
            0.000000000000000     ,
            0.000000000000000     ,
            0.000000000000000     ,
            0.000000000000000     ,
            0.000000000000000     ,
            0.000000000000000     ,
            0.000000000000000     ,
            0.000000000000000     ,
            0.000000000000000     ,
            0.000000000000000     ,
            0.000000000000000     ,
            0.000000000000000     ,
            0.000000000000000     ,
            0.000000000000000     ,
            0.000000000000000     ,
 FFTENS =    0.000000000000000     ,
 KWWFNC =            0,
 KWWKNT =            0,
 WWKNT =    0.000000000000000     ,
            0.000000000000000     ,
            0.000000000000000     ,
            0.000000000000000     ,
            0.000000000000000     ,
            0.000000000000000     ,
            0.000000000000000     ,
            0.000000000000000     ,
            0.000000000000000     ,
            0.000000000000000     ,
            0.000000000000000     ,
            0.000000000000000     ,
            0.000000000000000     ,
            0.000000000000000     ,
            0.000000000000000     ,
            0.000000000000000     ,
            0.000000000000000     ,
            0.000000000000000     ,
            0.000000000000000     ,
            0.000000000000000     ,
            0.000000000000000     ,
            0.000000000000000     ,
            0.000000000000000     ,
            0.000000000000000     ,
            0.000000000000000     ,
            0.000000000000000     ,
            0.000000000000000     ,
            0.000000000000000     ,
            0.000000000000000     ,
            0.000000000000000     ,
            0.000000000000000     ,
            0.000000000000000     ,
            0.000000000000000     ,
            0.000000000000000     ,
            0.000000000000000     ,
            0.000000000000000     ,
            0.000000000000000     ,
            0.000000000000000     ,
            0.000000000000000     ,
            0.000000000000000     ,
            0.000000000000000     ,
            0.000000000000000     ,
            0.000000000000000     ,
            0.000000000000000     ,
            0.000000000000000     ,
            0.000000000000000     ,
            0.000000000000000     ,
            0.000000000000000     ,
            0.000000000000000     ,
            0.000000000000000     ,
            0.000000000000000     ,
            0.000000000000000     ,
            0.000000000000000     ,
            0.000000000000000     ,
            0.000000000000000     ,
            0.000000000000000     ,
            0.000000000000000     ,
            0.000000000000000     ,
            0.000000000000000     ,
            0.000000000000000     ,
            0.000000000000000     ,
            0.000000000000000     ,
            0.000000000000000     ,
            0.000000000000000     ,
 WWTENS =    0.000000000000000     ,
 PPBDRY =    0.000000000000000     ,
             0.000000000000000     ,
             0.000000000000000     ,
             0.000000000000000     ,
             0.000000000000000     ,
             0.000000000000000     ,
             0.000000000000000     ,
             0.000000000000000     ,
             0.000000000000000     ,
             0.000000000000000     ,
             0.000000000000000     ,
             0.000000000000000     ,
             0.000000000000000     ,
             0.000000000000000     ,
             0.000000000000000     ,
             0.000000000000000     ,
             0.000000000000000     ,
             0.000000000000000     ,
             0.000000000000000     ,
             0.000000000000000     ,
             0.000000000000000     ,
             0.000000000000000     ,
             0.000000000000000     ,
             0.000000000000000     ,
             0.000000000000000     ,
             0.000000000000000     ,
             0.000000000000000     ,
             0.000000000000000     ,
             0.000000000000000     ,
             0.000000000000000     ,
             0.000000000000000     ,
             0.000000000000000     ,
             0.000000000000000     ,
             0.000000000000000     ,
             0.000000000000000     ,
             0.000000000000000     ,
             0.000000000000000     ,
             0.000000000000000     ,
             0.000000000000000     ,
             0.000000000000000     ,
             0.000000000000000     ,
             0.000000000000000     ,
             0.000000000000000     ,
             0.000000000000000     ,
             0.000000000000000     ,
             0.000000000000000     ,
             0.000000000000000     ,
             0.000000000000000     ,
             0.000000000000000     ,
             0.000000000000000     ,
             0.000000000000000     ,
             0.000000000000000     ,
             0.000000000000000     ,
             0.000000000000000     ,
             0.000000000000000     ,
             0.000000000000000     ,
             0.000000000000000     ,
             0.000000000000000     ,
             0.000000000000000     ,
             0.000000000000000     ,
             0.000000000000000     ,
             0.000000000000000     ,
             0.000000000000000     ,
             0.000000000000000     ,
 PP2BDRY =    0.000000000000000     ,
              0.000000000000000     ,
              0.000000000000000     ,
              0.000000000000000     ,
              0.000000000000000     ,
              0.000000000000000     ,
              0.000000000000000     ,
              0.000000000000000     ,
              0.000000000000000     ,
              0.000000000000000     ,
              0.000000000000000     ,
              0.000000000000000     ,
              0.000000000000000     ,
              0.000000000000000     ,
              0.000000000000000     ,
              0.000000000000000     ,
              0.000000000000000     ,
              0.000000000000000     ,
              0.000000000000000     ,
              0.000000000000000     ,
              0.000000000000000     ,
              0.000000000000000     ,
              0.000000000000000     ,
              0.000000000000000     ,
              0.000000000000000     ,
              0.000000000000000     ,
              0.000000000000000     ,
              0.000000000000000     ,
              0.000000000000000     ,
              0.000000000000000     ,
              0.000000000000000     ,
              0.000000000000000     ,
              0.000000000000000     ,
              0.000000000000000     ,
              0.000000000000000     ,
              0.000000000000000     ,
              0.000000000000000     ,
              0.000000000000000     ,
              0.000000000000000     ,
              0.000000000000000     ,
              0.000000000000000     ,
              0.000000000000000     ,
              0.000000000000000     ,
              0.000000000000000     ,
              0.000000000000000     ,
              0.000000000000000     ,
              0.000000000000000     ,
              0.000000000000000     ,
              0.000000000000000     ,
              0.000000000000000     ,
              0.000000000000000     ,
              0.000000000000000     ,
              0.000000000000000     ,
              0.000000000000000     ,
              0.000000000000000     ,
              0.000000000000000     ,
              0.000000000000000     ,
              0.000000000000000     ,
              0.000000000000000     ,
              0.000000000000000     ,
              0.000000000000000     ,
              0.000000000000000     ,
              0.000000000000000     ,
              0.000000000000000     ,
 KPPBDRY =            0,
                      0,
                      0,
                      0,
                      0,
                      0,
                      0,
                      0,
                      0,
                      0,
                      0,
                      0,
                      0,
                      0,
                      0,
                      0,
                      0,
                      0,
                      0,
                      0,
                      0,
                      0,
                      0,
                      0,
                      0,
                      0,
                      0,
                      0,
                      0,
                      0,
                      0,
                      0,
                      0,
                      0,
                      0,
                      0,
                      0,
                      0,
                      0,
                      0,
                      0,
                      0,
                      0,
                      0,
                      0,
                      0,
                      0,
                      0,
                      0,
                      0,
                      0,
                      0,
                      0,
                      0,
                      0,
                      0,
                      0,
                      0,
                      0,
                      0,
                      0,
                      0,
                      0,
                      0,
 KPP2BDRY =            0,
                       0,
                       0,
                       0,
                       0,
                       0,
                       0,
                       0,
                       0,
                       0,
                       0,
                       0,
                       0,
                       0,
                       0,
                       0,
                       0,
                       0,
                       0,
                       0,
                       0,
                       0,
                       0,
                       0,
                       0,
                       0,
                       0,
                       0,
                       0,
                       0,
                       0,
                       0,
                       0,
                       0,
                       0,
                       0,
                       0,
                       0,
                       0,
                       0,
                       0,
                       0,
                       0,
                       0,
                       0,
                       0,
                       0,
                       0,
                       0,
                       0,
                       0,
                       0,
                       0,
                       0,
                       0,
                       0,
                       0,
                       0,
                       0,
                       0,
                       0,
                       0,
                       0,
                       0,
 FFBDRY =    0.000000000000000     ,
             0.000000000000000     ,
             0.000000000000000     ,
             0.000000000000000     ,
             0.000000000000000     ,
             0.000000000000000     ,
             0.000000000000000     ,
             0.000000000000000     ,
             0.000000000000000     ,
             0.000000000000000     ,
             0.000000000000000     ,
             0.000000000000000     ,
             0.000000000000000     ,
             0.000000000000000     ,
             0.000000000000000     ,
             0.000000000000000     ,
             0.000000000000000     ,
             0.000000000000000     ,
             0.000000000000000     ,
             0.000000000000000     ,
             0.000000000000000     ,
             0.000000000000000     ,
             0.000000000000000     ,
             0.000000000000000     ,
             0.000000000000000     ,
             0.000000000000000     ,
             0.000000000000000     ,
             0.000000000000000     ,
             0.000000000000000     ,
             0.000000000000000     ,
             0.000000000000000     ,
             0.000000000000000     ,
             0.000000000000000     ,
             0.000000000000000     ,
             0.000000000000000     ,
             0.000000000000000     ,
             0.000000000000000     ,
             0.000000000000000     ,
             0.000000000000000     ,
             0.000000000000000     ,
             0.000000000000000     ,
             0.000000000000000     ,
             0.000000000000000     ,
             0.000000000000000     ,
             0.000000000000000     ,
             0.000000000000000     ,
             0.000000000000000     ,
             0.000000000000000     ,
             0.000000000000000     ,
             0.000000000000000     ,
             0.000000000000000     ,
             0.000000000000000     ,
             0.000000000000000     ,
             0.000000000000000     ,
             0.000000000000000     ,
             0.000000000000000     ,
             0.000000000000000     ,
             0.000000000000000     ,
             0.000000000000000     ,
             0.000000000000000     ,
             0.000000000000000     ,
             0.000000000000000     ,
             0.000000000000000     ,
             0.000000000000000     ,
 FF2BDRY =    0.000000000000000     ,
              0.000000000000000     ,
              0.000000000000000     ,
              0.000000000000000     ,
              0.000000000000000     ,
              0.000000000000000     ,
              0.000000000000000     ,
              0.000000000000000     ,
              0.000000000000000     ,
              0.000000000000000     ,
              0.000000000000000     ,
              0.000000000000000     ,
              0.000000000000000     ,
              0.000000000000000     ,
              0.000000000000000     ,
              0.000000000000000     ,
              0.000000000000000     ,
              0.000000000000000     ,
              0.000000000000000     ,
              0.000000000000000     ,
              0.000000000000000     ,
              0.000000000000000     ,
              0.000000000000000     ,
              0.000000000000000     ,
              0.000000000000000     ,
              0.000000000000000     ,
              0.000000000000000     ,
              0.000000000000000     ,
              0.000000000000000     ,
              0.000000000000000     ,
              0.000000000000000     ,
              0.000000000000000     ,
              0.000000000000000     ,
              0.000000000000000     ,
              0.000000000000000     ,
              0.000000000000000     ,
              0.000000000000000     ,
              0.000000000000000     ,
              0.000000000000000     ,
              0.000000000000000     ,
              0.000000000000000     ,
              0.000000000000000     ,
              0.000000000000000     ,
              0.000000000000000     ,
              0.000000000000000     ,
              0.000000000000000     ,
              0.000000000000000     ,
              0.000000000000000     ,
              0.000000000000000     ,
              0.000000000000000     ,
              0.000000000000000     ,
              0.000000000000000     ,
              0.000000000000000     ,
              0.000000000000000     ,
              0.000000000000000     ,
              0.000000000000000     ,
              0.000000000000000     ,
              0.000000000000000     ,
              0.000000000000000     ,
              0.000000000000000     ,
              0.000000000000000     ,
              0.000000000000000     ,
              0.000000000000000     ,
              0.000000000000000     ,
 KFFBDRY =            0,
                      0,
                      0,
                      0,
                      0,
                      0,
                      0,
                      0,
                      0,
                      0,
                      0,
                      0,
                      0,
                      0,
                      0,
                      0,
                      0,
                      0,
                      0,
                      0,
                      0,
                      0,
                      0,
                      0,
                      0,
                      0,
                      0,
                      0,
                      0,
                      0,
                      0,
                      0,
                      0,
                      0,
                      0,
                      0,
                      0,
                      0,
                      0,
                      0,
                      0,
                      0,
                      0,
                      0,
                      0,
                      0,
                      0,
                      0,
                      0,
                      0,
                      0,
                      0,
                      0,
                      0,
                      0,
                      0,
                      0,
                      0,
                      0,
                      0,
                      0,
                      0,
                      0,
                      0,
 KFF2BDRY =            0,
                       0,
                       0,
                       0,
                       0,
                       0,
                       0,
                       0,
                       0,
                       0,
                       0,
                       0,
                       0,
                       0,
                       0,
                       0,
                       0,
                       0,
                       0,
                       0,
                       0,
                       0,
                       0,
                       0,
                       0,
                       0,
                       0,
                       0,
                       0,
                       0,
                       0,
                       0,
                       0,
                       0,
                       0,
                       0,
                       0,
                       0,
                       0,
                       0,
                       0,
                       0,
                       0,
                       0,
                       0,
                       0,
                       0,
                       0,
                       0,
                       0,
                       0,
                       0,
                       0,
                       0,
                       0,
                       0,
                       0,
                       0,
                       0,
                       0,
                       0,
                       0,
                       0,
                       0,
 WWBDRY =    0.000000000000000     ,
             0.000000000000000     ,
             0.000000000000000     ,
             0.000000000000000     ,
             0.000000000000000     ,
             0.000000000000000     ,
             0.000000000000000     ,
             0.000000000000000     ,
             0.000000000000000     ,
             0.000000000000000     ,
             0.000000000000000     ,
             0.000000000000000     ,
             0.000000000000000     ,
             0.000000000000000     ,
             0.000000000000000     ,
             0.000000000000000     ,
             0.000000000000000     ,
             0.000000000000000     ,
             0.000000000000000     ,
             0.000000000000000     ,
             0.000000000000000     ,
             0.000000000000000     ,
             0.000000000000000     ,
             0.000000000000000     ,
             0.000000000000000     ,
             0.000000000000000     ,
             0.000000000000000     ,
             0.000000000000000     ,
             0.000000000000000     ,
             0.000000000000000     ,
             0.000000000000000     ,
             0.000000000000000     ,
             0.000000000000000     ,
             0.000000000000000     ,
             0.000000000000000     ,
             0.000000000000000     ,
             0.000000000000000     ,
             0.000000000000000     ,
             0.000000000000000     ,
             0.000000000000000     ,
             0.000000000000000     ,
             0.000000000000000     ,
             0.000000000000000     ,
             0.000000000000000     ,
             0.000000000000000     ,
             0.000000000000000     ,
             0.000000000000000     ,
             0.000000000000000     ,
             0.000000000000000     ,
             0.000000000000000     ,
             0.000000000000000     ,
             0.000000000000000     ,
             0.000000000000000     ,
             0.000000000000000     ,
             0.000000000000000     ,
             0.000000000000000     ,
             0.000000000000000     ,
             0.000000000000000     ,
             0.000000000000000     ,
             0.000000000000000     ,
             0.000000000000000     ,
             0.000000000000000     ,
             0.000000000000000     ,
             0.000000000000000     ,
 WW2BDRY =    0.000000000000000     ,
              0.000000000000000     ,
              0.000000000000000     ,
              0.000000000000000     ,
              0.000000000000000     ,
              0.000000000000000     ,
              0.000000000000000     ,
              0.000000000000000     ,
              0.000000000000000     ,
              0.000000000000000     ,
              0.000000000000000     ,
              0.000000000000000     ,
              0.000000000000000     ,
              0.000000000000000     ,
              0.000000000000000     ,
              0.000000000000000     ,
              0.000000000000000     ,
              0.000000000000000     ,
              0.000000000000000     ,
              0.000000000000000     ,
              0.000000000000000     ,
              0.000000000000000     ,
              0.000000000000000     ,
              0.000000000000000     ,
              0.000000000000000     ,
              0.000000000000000     ,
              0.000000000000000     ,
              0.000000000000000     ,
              0.000000000000000     ,
              0.000000000000000     ,
              0.000000000000000     ,
              0.000000000000000     ,
              0.000000000000000     ,
              0.000000000000000     ,
              0.000000000000000     ,
              0.000000000000000     ,
              0.000000000000000     ,
              0.000000000000000     ,
              0.000000000000000     ,
              0.000000000000000     ,
              0.000000000000000     ,
              0.000000000000000     ,
              0.000000000000000     ,
              0.000000000000000     ,
              0.000000000000000     ,
              0.000000000000000     ,
              0.000000000000000     ,
              0.000000000000000     ,
              0.000000000000000     ,
              0.000000000000000     ,
              0.000000000000000     ,
              0.000000000000000     ,
              0.000000000000000     ,
              0.000000000000000     ,
              0.000000000000000     ,
              0.000000000000000     ,
              0.000000000000000     ,
              0.000000000000000     ,
              0.000000000000000     ,
              0.000000000000000     ,
              0.000000000000000     ,
              0.000000000000000     ,
              0.000000000000000     ,
              0.000000000000000     ,
 KWWBDRY =            0,
                      0,
                      0,
                      0,
                      0,
                      0,
                      0,
                      0,
                      0,
                      0,
                      0,
                      0,
                      0,
                      0,
                      0,
                      0,
                      0,
                      0,
                      0,
                      0,
                      0,
                      0,
                      0,
                      0,
                      0,
                      0,
                      0,
                      0,
                      0,
                      0,
                      0,
                      0,
                      0,
                      0,
                      0,
                      0,
                      0,
                      0,
                      0,
                      0,
                      0,
                      0,
                      0,
                      0,
                      0,
                      0,
                      0,
                      0,
                      0,
                      0,
                      0,
                      0,
                      0,
                      0,
                      0,
                      0,
                      0,
                      0,
                      0,
                      0,
                      0,
                      0,
                      0,
                      0,
 KWW2BDRY =            0,
                       0,
                       0,
                       0,
                       0,
                       0,
                       0,
                       0,
                       0,
                       0,
                       0,
                       0,
                       0,
                       0,
                       0,
                       0,
                       0,
                       0,
                       0,
                       0,
                       0,
                       0,
                       0,
                       0,
                       0,
                       0,
                       0,
                       0,
                       0,
                       0,
                       0,
                       0,
                       0,
                       0,
                       0,
                       0,
                       0,
                       0,
                       0,
                       0,
                       0,
                       0,
                       0,
                       0,
                       0,
                       0,
                       0,
                       0,
                       0,
                       0,
                       0,
                       0,
                       0,
                       0,
                       0,
                       0,
                       0,
                       0,
                       0,
                       0,
                       0,
                       0,
                       0,
                       0,
 KEEFNC =            0,
 KEEKNT =            0,
 EEKNT =    0.000000000000000     ,
            0.000000000000000     ,
            0.000000000000000     ,
            0.000000000000000     ,
            0.000000000000000     ,
            0.000000000000000     ,
            0.000000000000000     ,
            0.000000000000000     ,
            0.000000000000000     ,
            0.000000000000000     ,
            0.000000000000000     ,
            0.000000000000000     ,
            0.000000000000000     ,
            0.000000000000000     ,
            0.000000000000000     ,
            0.000000000000000     ,
            0.000000000000000     ,
            0.000000000000000     ,
            0.000000000000000     ,
            0.000000000000000     ,
            0.000000000000000     ,
            0.000000000000000     ,
            0.000000000000000     ,
            0.000000000000000     ,
            0.000000000000000     ,
            0.000000000000000     ,
            0.000000000000000     ,
            0.000000000000000     ,
            0.000000000000000     ,
            0.000000000000000     ,
            0.000000000000000     ,
            0.000000000000000     ,
 EETENS =    5.000000000000000     ,
 EEBDRY =    0.000000000000000     ,
             0.000000000000000     ,
             0.000000000000000     ,
             0.000000000000000     ,
             0.000000000000000     ,
             0.000000000000000     ,
             0.000000000000000     ,
             0.000000000000000     ,
             0.000000000000000     ,
             0.000000000000000     ,
             0.000000000000000     ,
             0.000000000000000     ,
             0.000000000000000     ,
             0.000000000000000     ,
             0.000000000000000     ,
             0.000000000000000     ,
             0.000000000000000     ,
             0.000000000000000     ,
             0.000000000000000     ,
             0.000000000000000     ,
             0.000000000000000     ,
             0.000000000000000     ,
             0.000000000000000     ,
             0.000000000000000     ,
             0.000000000000000     ,
             0.000000000000000     ,
             0.000000000000000     ,
             0.000000000000000     ,
             0.000000000000000     ,
             0.000000000000000     ,
             0.000000000000000     ,
             0.000000000000000     ,
 EE2BDRY =    0.000000000000000     ,
              0.000000000000000     ,
              0.000000000000000     ,
              0.000000000000000     ,
              0.000000000000000     ,
              0.000000000000000     ,
              0.000000000000000     ,
              0.000000000000000     ,
              0.000000000000000     ,
              0.000000000000000     ,
              0.000000000000000     ,
              0.000000000000000     ,
              0.000000000000000     ,
              0.000000000000000     ,
              0.000000000000000     ,
              0.000000000000000     ,
              0.000000000000000     ,
              0.000000000000000     ,
              0.000000000000000     ,
              0.000000000000000     ,
              0.000000000000000     ,
              0.000000000000000     ,
              0.000000000000000     ,
              0.000000000000000     ,
              0.000000000000000     ,
              0.000000000000000     ,
              0.000000000000000     ,
              0.000000000000000     ,
              0.000000000000000     ,
              0.000000000000000     ,
              0.000000000000000     ,
              0.000000000000000     ,
 KEEBDRY =            0,
                      0,
                      0,
                      0,
                      0,
                      0,
                      0,
                      0,
                      0,
                      0,
                      0,
                      0,
                      0,
                      0,
                      0,
                      0,
                      0,
                      0,
                      0,
                      0,
                      0,
                      0,
                      0,
                      0,
                      0,
                      0,
                      0,
                      0,
                      0,
                      0,
                      0,
                      0,
 KEE2BDRY =            0,
                       0,
                       0,
                       0,
                       0,
                       0,
                       0,
                       0,
                       0,
                       0,
                       0,
                       0,
                       0,
                       0,
                       0,
                       0,
                       0,
                       0,
                       0,
                       0,
                       0,
                       0,
                       0,
                       0,
                       0,
                       0,
                       0,
                       0,
                       0,
                       0,
                       0,
                       0
 /
 &INWANT
 PSIWANT =    1.000000000000000     ,
 VZEROJ =    0.000000000000000     ,
             0.000000000000000     ,
             0.000000000000000     ,
             0.000000000000000     ,
             0.000000000000000     ,
             0.000000000000000     ,
             0.000000000000000     ,
             0.000000000000000     ,
             0.000000000000000     ,
             0.000000000000000     ,
             0.000000000000000     ,
             0.000000000000000     ,
             0.000000000000000     ,
             0.000000000000000     ,
             0.000000000000000     ,
             0.000000000000000     ,
             0.000000000000000     ,
             0.000000000000000     ,
             0.000000000000000     ,
             0.000000000000000     ,
             0.000000000000000     ,
             0.000000000000000     ,
             0.000000000000000     ,
             0.000000000000000     ,
             0.000000000000000     ,
             0.000000000000000     ,
             0.000000000000000     ,
             0.000000000000000     ,
             0.000000000000000     ,
             0.000000000000000     ,
             0.000000000000000     ,
             0.000000000000000     ,
             0.000000000000000     ,
             0.000000000000000     ,
             0.000000000000000     ,
             0.000000000000000     ,
             0.000000000000000     ,
             0.000000000000000     ,
             0.000000000000000     ,
             0.000000000000000     ,
             0.000000000000000     ,
             0.000000000000000     ,
             0.000000000000000     ,
             0.000000000000000     ,
             0.000000000000000     ,
             0.000000000000000     ,
             0.000000000000000     ,
             0.000000000000000     ,
             0.000000000000000     ,
             0.000000000000000     ,
             0.000000000000000     ,
             0.000000000000000     ,
             0.000000000000000     ,
             0.000000000000000     ,
             0.000000000000000     ,
             0.000000000000000     ,
             0.000000000000000     ,
             0.000000000000000     ,
             0.000000000000000     ,
             0.000000000000000     ,
             0.000000000000000     
 /
