 # generated by zfastran.py Ver+Oct2009
@R INFLAG 1 []
  1.000000000e+00
@R TIME0 1 [s]
  0.000000000e+00
@R IP 1 []
  9.999999995e+00
@R BCENTR 1 []
  1.100000000e+01
@R RMAJOR 1 []
  4.550000000e+00
@R AMINOR 1 []
  1.108007550e+00
@R ELONGB 1 []
  1.345329649e+00
@R TRIANB 1 []
 -3.152109449e-01
@R RHO 101 []
  0.000000000e+00  1.000000000e-02  2.000000000e-02  3.000000000e-02
  4.000000000e-02  5.000000000e-02  6.000000000e-02  7.000000000e-02
  8.000000000e-02  9.000000000e-02  1.000000000e-01  1.100000000e-01
  1.200000000e-01  1.300000000e-01  1.400000000e-01  1.500000000e-01
  1.600000000e-01  1.700000000e-01  1.800000000e-01  1.900000000e-01
  2.000000000e-01  2.100000000e-01  2.200000000e-01  2.300000000e-01
  2.400000000e-01  2.500000000e-01  2.600000000e-01  2.700000000e-01
  2.800000000e-01  2.900000000e-01  3.000000000e-01  3.100000000e-01
  3.200000000e-01  3.300000000e-01  3.400000000e-01  3.500000000e-01
  3.600000000e-01  3.700000000e-01  3.800000000e-01  3.900000000e-01
  4.000000000e-01  4.100000000e-01  4.200000000e-01  4.300000000e-01
  4.400000000e-01  4.500000000e-01  4.600000000e-01  4.700000000e-01
  4.800000000e-01  4.900000000e-01  5.000000000e-01  5.100000000e-01
  5.200000000e-01  5.300000000e-01  5.400000000e-01  5.500000000e-01
  5.600000000e-01  5.700000000e-01  5.800000000e-01  5.900000000e-01
  6.000000000e-01  6.100000000e-01  6.200000000e-01  6.300000000e-01
  6.400000000e-01  6.500000000e-01  6.600000000e-01  6.700000000e-01
  6.800000000e-01  6.900000000e-01  7.000000000e-01  7.100000000e-01
  7.200000000e-01  7.300000000e-01  7.400000000e-01  7.500000000e-01
  7.600000000e-01  7.700000000e-01  7.800000000e-01  7.900000000e-01
  8.000000000e-01  8.100000000e-01  8.200000000e-01  8.300000000e-01
  8.400000000e-01  8.500000000e-01  8.600000000e-01  8.700000000e-01
  8.800000000e-01  8.900000000e-01  9.000000000e-01  9.100000000e-01
  9.200000000e-01  9.300000000e-01  9.400000000e-01  9.500000000e-01
  9.600000000e-01  9.700000000e-01  9.800000000e-01  9.900000000e-01
  1.000000000e+00
@R AMAIN 1 []
  2.500000000e+00
@R ZMAIN 1 []
  1.000000000e+00
@I NIMP 1 []
                1
@R AIMP 1 []
  8.300000000e+01
@R ZIMP 1 []
  3.600000000e+01
@R FIMP 1 []
  1.772165528e-03
@R ENE 101 []
  2.762306735e+01  2.762306735e+01  2.757546442e+01  2.752446609e+01
  2.747011707e+01  2.741246207e+01  2.735154580e+01  2.728741298e+01
  2.722010832e+01  2.714967653e+01  2.707616232e+01  2.699961042e+01
  2.692006552e+01  2.683757235e+01  2.675217561e+01  2.666392003e+01
  2.657285030e+01  2.647901115e+01  2.638244728e+01  2.628320342e+01
  2.618132427e+01  2.607685454e+01  2.596983895e+01  2.586032222e+01
  2.574834904e+01  2.563396415e+01  2.551721224e+01  2.539813803e+01
  2.527678624e+01  2.515320158e+01  2.502742875e+01  2.489951248e+01
  2.476949748e+01  2.463742845e+01  2.450335012e+01  2.436730718e+01
  2.422934437e+01  2.408950638e+01  2.394783794e+01  2.380438375e+01
  2.365918852e+01  2.351229698e+01  2.336375383e+01  2.321360378e+01
  2.306189155e+01  2.290866184e+01  2.275395937e+01  2.259782885e+01
  2.244031499e+01  2.228146248e+01  2.212131604e+01  2.195992037e+01
  2.179732015e+01  2.163356007e+01  2.146868480e+01  2.130273900e+01
  2.113576729e+01  2.096781426e+01  2.079892444e+01  2.062914227e+01
  2.045851210e+01  2.028707809e+01  2.011488415e+01  1.994197386e+01
  1.976839027e+01  1.959417572e+01  1.941937148e+01  1.924401730e+01
  1.906815074e+01  1.889180620e+01  1.871501356e+01  1.853779614e+01
  1.836016787e+01  1.818212917e+01  1.800366107e+01  1.782471671e+01
  1.764520933e+01  1.746499491e+01  1.728384757e+01  1.710142452e+01
  1.691721648e+01  1.673047789e+01  1.654012960e+01  1.634462484e+01
  1.614176854e+01  1.592848087e+01  1.570050384e+01  1.545206898e+01
  1.517558875e+01  1.486151692e+01  1.449865645e+01  1.407535272e+01
  1.358207892e+01  1.301562760e+01  1.238413291e+01  1.171056221e+01
  1.103138998e+01  1.038887851e+01  9.819731030e+00  9.346060347e+00
  8.972965753e+00
@R TE 101 []
  1.881675760e+01  1.881675760e+01  1.874541711e+01  1.866824538e+01
  1.858536946e+01  1.849691645e+01  1.840301341e+01  1.830378741e+01
  1.819936554e+01  1.808987487e+01  1.797544247e+01  1.785619542e+01
  1.773226079e+01  1.760376565e+01  1.747083709e+01  1.733360217e+01
  1.719218797e+01  1.704672157e+01  1.689733004e+01  1.674414045e+01
  1.658727988e+01  1.642687541e+01  1.626305410e+01  1.609594304e+01
  1.592566930e+01  1.575235995e+01  1.557614207e+01  1.539714273e+01
  1.521548901e+01  1.503130798e+01  1.484472671e+01  1.465587229e+01
  1.446487178e+01  1.427185227e+01  1.407694082e+01  1.388026451e+01
  1.368195041e+01  1.348212561e+01  1.328091717e+01  1.307845216e+01
  1.287485768e+01  1.267026078e+01  1.246478854e+01  1.225856804e+01
  1.205172636e+01  1.184439056e+01  1.163668772e+01  1.142874492e+01
  1.122068923e+01  1.101264773e+01  1.080474748e+01  1.059711557e+01
  1.038987907e+01  1.018316505e+01  9.977100579e+00  9.771812733e+00
  9.567428581e+00  9.364075186e+00  9.161879611e+00  8.960968907e+00
  8.761470117e+00  8.563510263e+00  8.367216341e+00  8.172715301e+00
  7.980134029e+00  7.789599306e+00  7.601237756e+00  7.415175756e+00
  7.231539307e+00  7.050453829e+00  6.872043846e+00  6.696432502e+00
  6.523740816e+00  6.354086533e+00  6.187582354e+00  6.024333210e+00
  5.864432060e+00  5.707953425e+00  5.554943414e+00  5.405404386e+00
  5.259271340e+00  5.116375670e+00  4.976389662e+00  4.838741905e+00
  4.702489477e+00  4.566127398e+00  4.427311121e+00  4.282468169e+00
  4.126292744e+00  3.951178484e+00  3.746797423e+00  3.500332288e+00
  3.198284898e+00  2.830947788e+00  2.399573790e+00  1.923139121e+00
  1.438300093e+00  9.885116223e-01  6.078188840e-01  3.107984791e-01
  9.381087106e-02
@R TI 101 []
  1.901696608e+01  1.901696608e+01  1.894464486e+01  1.886641151e+01
  1.878239486e+01  1.869272377e+01  1.859752706e+01  1.849693357e+01
  1.839107216e+01  1.828007165e+01  1.816406089e+01  1.804316871e+01
  1.791752396e+01  1.778725548e+01  1.765249210e+01  1.751336267e+01
  1.736999602e+01  1.722252100e+01  1.707106644e+01  1.691576119e+01
  1.675673408e+01  1.659411396e+01  1.642802966e+01  1.625861002e+01
  1.608598389e+01  1.591028010e+01  1.573162749e+01  1.555015491e+01
  1.536599118e+01  1.517926517e+01  1.499010569e+01  1.479864159e+01
  1.460500172e+01  1.440931491e+01  1.421171000e+01  1.401231583e+01
  1.381126124e+01  1.360867507e+01  1.340468616e+01  1.319942336e+01
  1.299301549e+01  1.278559140e+01  1.257727993e+01  1.236820992e+01
  1.215851021e+01  1.194830964e+01  1.173773704e+01  1.152692127e+01
  1.131599115e+01  1.110507553e+01  1.089430324e+01  1.068380314e+01
  1.047370404e+01  1.026413480e+01  1.005522425e+01  9.847101223e+00
  9.639894558e+00  9.433733084e+00  9.228745628e+00  9.025061008e+00
  8.822808032e+00  8.622115489e+00  8.423112142e+00  8.225926710e+00
  8.030687849e+00  7.837524113e+00  7.646563902e+00  7.457935376e+00
  7.271766326e+00  7.088183976e+00  6.907314670e+00  6.729283402e+00
  6.554213081e+00  6.382223400e+00  6.213429099e+00  6.047937276e+00
  5.885843250e+00  5.727224180e+00  5.572129224e+00  5.420564389e+00
  5.272469189e+00  5.127680784e+00  4.985879011e+00  4.846502540e+00
  4.708622019e+00  4.570750726e+00  4.430568342e+00  4.284533547e+00
  4.127378238e+00  3.951536597e+00  3.746713880e+00  3.500098985e+00
  3.198145301e+00  2.831023133e+00  2.399812948e+00  1.923358188e+00
  1.438325931e+00  9.883266268e-01  6.075777711e-01  3.107215441e-01
  9.406899116e-02
@R ZEFF 101 []
  3.232928565e+00  3.232928565e+00  3.232094242e+00  3.231190622e+00
  3.230218284e+00  3.229177777e+00  3.228069627e+00  3.226894342e+00
  3.225652417e+00  3.224344339e+00  3.222970594e+00  3.221531669e+00
  3.220028059e+00  3.218460274e+00  3.216828842e+00  3.215134317e+00
  3.213377285e+00  3.211558367e+00  3.209678231e+00  3.207737595e+00
  3.205737235e+00  3.203677993e+00  3.201560783e+00  3.199386601e+00
  3.197156530e+00  3.194871753e+00  3.192533557e+00  3.190143343e+00
  3.187702636e+00  3.185213094e+00  3.182676513e+00  3.180094840e+00
  3.177470178e+00  3.174804799e+00  3.172101144e+00  3.169361838e+00
  3.166589689e+00  3.163787699e+00  3.160959065e+00  3.158107182e+00
  3.155235645e+00  3.152348248e+00  3.149448981e+00  3.146542026e+00
  3.143631747e+00  3.140722685e+00  3.137819537e+00  3.134927151e+00
  3.132050494e+00  3.129194639e+00  3.126364737e+00  3.123565984e+00
  3.120803593e+00  3.118082756e+00  3.115408607e+00  3.112786184e+00
  3.110220384e+00  3.107715920e+00  3.105277282e+00  3.102908689e+00
  3.100614049e+00  3.098396921e+00  3.096260475e+00  3.094207463e+00
  3.092240188e+00  3.090360481e+00  3.088569686e+00  3.086868649e+00
  3.085257711e+00  3.083736719e+00  3.082305025e+00  3.080961513e+00
  3.079704610e+00  3.078532322e+00  3.077442254e+00  3.076431649e+00
  3.075497412e+00  3.074636142e+00  3.073844156e+00  3.073117495e+00
  3.072451932e+00  3.071842944e+00  3.071285670e+00  3.070774835e+00
  3.070304632e+00  3.069868596e+00  3.069459480e+00  3.069069256e+00
  3.068689478e+00  3.068312443e+00  3.067933807e+00  3.067557106e+00
  3.067199046e+00  3.066890622e+00  3.066666015e+00  3.066539165e+00
  3.066489232e+00  3.066477333e+00  3.066475951e+00  3.066475900e+00
  3.066475900e+00
@R OMEGA 101 []
  4.992501875e+03  4.992501875e+03  4.978801804e+03  4.961079526e+03
  4.940120160e+03  4.916382264e+03  4.890178959e+03  4.861743180e+03
  4.831258024e+03  4.798873089e+03  4.764714177e+03  4.728889466e+03
  4.691493659e+03  4.652610886e+03  4.612316799e+03  4.570680145e+03
  4.527763951e+03  4.483626454e+03  4.438321832e+03  4.391900796e+03
  4.344411068e+03  4.295897774e+03  4.246403778e+03  4.195969955e+03
  4.144635428e+03  4.092437767e+03  4.039413164e+03  3.985596584e+03
  3.931021896e+03  3.875721988e+03  3.819728870e+03  3.763073767e+03
  3.705787199e+03  3.647899055e+03  3.589438660e+03  3.530434837e+03
  3.470915960e+03  3.410910006e+03  3.350444605e+03  3.289547080e+03
  3.228244492e+03  3.166563674e+03  3.104531273e+03  3.042173783e+03
  2.979517575e+03  2.916588934e+03  2.853414088e+03  2.790019238e+03
  2.726430588e+03  2.662674375e+03  2.598776897e+03  2.534764544e+03
  2.470663824e+03  2.406501396e+03  2.342304099e+03  2.278098979e+03
  2.213913327e+03  2.149774707e+03  2.085710992e+03  2.021750397e+03
  1.957921519e+03  1.894253376e+03  1.830775447e+03  1.767517715e+03
  1.704510722e+03  1.641785608e+03  1.579374179e+03  1.517308956e+03
  1.455623246e+03  1.394351213e+03  1.333527952e+03  1.273189580e+03
  1.213373329e+03  1.154117653e+03  1.095462349e+03  1.037448686e+03
  9.801195629e+02  9.235196753e+02  8.676957162e+02  8.126966008e+02
  7.585737302e+02  7.053812976e+02  6.531766492e+02  6.020207128e+02
  5.519785103e+02  5.031197796e+02  4.555197357e+02  4.092600162e+02
  3.644298727e+02  3.211276991e+02  2.794630303e+02  2.395592200e+02
  2.015571260e+02  1.656203590e+02  1.319430748e+02  1.007621703e+02
  7.237775876e+01  4.719105135e+01  2.578549737e+01  9.151104569e+00
  2.646771691e-13
@R Q 101 []
  0.000000000e+00  0.000000000e+00  0.000000000e+00  0.000000000e+00
  0.000000000e+00  0.000000000e+00  0.000000000e+00  0.000000000e+00
  0.000000000e+00  0.000000000e+00  0.000000000e+00  0.000000000e+00
  0.000000000e+00  0.000000000e+00  0.000000000e+00  0.000000000e+00
  0.000000000e+00  0.000000000e+00  0.000000000e+00  0.000000000e+00
  0.000000000e+00  0.000000000e+00  0.000000000e+00  0.000000000e+00
  0.000000000e+00  0.000000000e+00  0.000000000e+00  0.000000000e+00
  0.000000000e+00  0.000000000e+00  0.000000000e+00  0.000000000e+00
  0.000000000e+00  0.000000000e+00  0.000000000e+00  0.000000000e+00
  0.000000000e+00  0.000000000e+00  0.000000000e+00  0.000000000e+00
  0.000000000e+00  0.000000000e+00  0.000000000e+00  0.000000000e+00
  0.000000000e+00  0.000000000e+00  0.000000000e+00  0.000000000e+00
  0.000000000e+00  0.000000000e+00  0.000000000e+00  0.000000000e+00
  0.000000000e+00  0.000000000e+00  0.000000000e+00  0.000000000e+00
  0.000000000e+00  0.000000000e+00  0.000000000e+00  0.000000000e+00
  0.000000000e+00  0.000000000e+00  0.000000000e+00  0.000000000e+00
  0.000000000e+00  0.000000000e+00  0.000000000e+00  0.000000000e+00
  0.000000000e+00  0.000000000e+00  0.000000000e+00  0.000000000e+00
  0.000000000e+00  0.000000000e+00  0.000000000e+00  0.000000000e+00
  0.000000000e+00  0.000000000e+00  0.000000000e+00  0.000000000e+00
  0.000000000e+00  0.000000000e+00  0.000000000e+00  0.000000000e+00
  0.000000000e+00  0.000000000e+00  0.000000000e+00  0.000000000e+00
  0.000000000e+00  0.000000000e+00  0.000000000e+00  0.000000000e+00
  0.000000000e+00  0.000000000e+00  0.000000000e+00  0.000000000e+00
  0.000000000e+00  0.000000000e+00  0.000000000e+00  0.000000000e+00
  0.000000000e+00
@R FP 101 []
  0.000000000e+00  0.000000000e+00  0.000000000e+00  0.000000000e+00
  0.000000000e+00  0.000000000e+00  0.000000000e+00  0.000000000e+00
  0.000000000e+00  0.000000000e+00  0.000000000e+00  0.000000000e+00
  0.000000000e+00  0.000000000e+00  0.000000000e+00  0.000000000e+00
  0.000000000e+00  0.000000000e+00  0.000000000e+00  0.000000000e+00
  0.000000000e+00  0.000000000e+00  0.000000000e+00  0.000000000e+00
  0.000000000e+00  0.000000000e+00  0.000000000e+00  0.000000000e+00
  0.000000000e+00  0.000000000e+00  0.000000000e+00  0.000000000e+00
  0.000000000e+00  0.000000000e+00  0.000000000e+00  0.000000000e+00
  0.000000000e+00  0.000000000e+00  0.000000000e+00  0.000000000e+00
  0.000000000e+00  0.000000000e+00  0.000000000e+00  0.000000000e+00
  0.000000000e+00  0.000000000e+00  0.000000000e+00  0.000000000e+00
  0.000000000e+00  0.000000000e+00  0.000000000e+00  0.000000000e+00
  0.000000000e+00  0.000000000e+00  0.000000000e+00  0.000000000e+00
  0.000000000e+00  0.000000000e+00  0.000000000e+00  0.000000000e+00
  0.000000000e+00  0.000000000e+00  0.000000000e+00  0.000000000e+00
  0.000000000e+00  0.000000000e+00  0.000000000e+00  0.000000000e+00
  0.000000000e+00  0.000000000e+00  0.000000000e+00  0.000000000e+00
  0.000000000e+00  0.000000000e+00  0.000000000e+00  0.000000000e+00
  0.000000000e+00  0.000000000e+00  0.000000000e+00  0.000000000e+00
  0.000000000e+00  0.000000000e+00  0.000000000e+00  0.000000000e+00
  0.000000000e+00  0.000000000e+00  0.000000000e+00  0.000000000e+00
  0.000000000e+00  0.000000000e+00  0.000000000e+00  0.000000000e+00
  0.000000000e+00  0.000000000e+00  0.000000000e+00  0.000000000e+00
  0.000000000e+00  0.000000000e+00  0.000000000e+00  0.000000000e+00
  0.000000000e+00
@R CURPAR 101 []
  3.670992509e+00  3.670794263e+00  3.670067126e+00  3.668601931e+00
  3.666331803e+00  3.663285875e+00  3.659494650e+00  3.654978076e+00
  3.649749862e+00  3.643817546e+00  3.637184729e+00  3.629852890e+00
  3.621822548e+00  3.613093860e+00  3.603666866e+00  3.593541574e+00
  3.582717986e+00  3.571196102e+00  3.558975921e+00  3.546057445e+00
  3.532440673e+00  3.518125604e+00  3.503112240e+00  3.487400579e+00
  3.470990623e+00  3.453882370e+00  3.436075822e+00  3.417570978e+00
  3.398367837e+00  3.378466400e+00  3.357866668e+00  3.336568639e+00
  3.314572315e+00  3.291877694e+00  3.268484777e+00  3.244393565e+00
  3.219604056e+00  3.194116251e+00  3.167930150e+00  3.141045754e+00
  3.113463061e+00  3.085182072e+00  3.056202788e+00  3.026525207e+00
  2.996149330e+00  2.965075157e+00  2.933302688e+00  2.900831923e+00
  2.867662862e+00  2.833795505e+00  2.799229852e+00  2.763965903e+00
  2.728003658e+00  2.691343117e+00  2.653984280e+00  2.615927147e+00
  2.577171718e+00  2.537717992e+00  2.497565971e+00  2.456715654e+00
  2.415167041e+00  2.372920132e+00  2.329974927e+00  2.286331426e+00
  2.241989628e+00  2.196949535e+00  2.151211146e+00  2.104774461e+00
  2.057639480e+00  2.009806202e+00  1.961274629e+00  1.912044760e+00
  1.862116594e+00  1.811490132e+00  1.760165375e+00  1.708142321e+00
  1.655420972e+00  1.602001326e+00  1.547883385e+00  1.493067147e+00
  1.437552614e+00  1.381339784e+00  1.324428658e+00  1.266819237e+00
  1.208511519e+00  1.149505507e+00  1.089801213e+00  1.029398741e+00
  9.682987166e-01  9.065041730e-01  8.440272248e-01  7.809085412e-01
  7.172645389e-01  6.533821898e-01  5.898761480e-01  5.278920622e-01
  4.692888129e-01  4.167674327e-01  3.732906889e-01  3.426506292e-01
  3.311407790e-01
@R CURBEAM 101 []
  0.000000000e+00  0.000000000e+00  0.000000000e+00  0.000000000e+00
  0.000000000e+00  0.000000000e+00  0.000000000e+00  0.000000000e+00
  0.000000000e+00  0.000000000e+00  0.000000000e+00  0.000000000e+00
  0.000000000e+00  0.000000000e+00  0.000000000e+00  0.000000000e+00
  0.000000000e+00  0.000000000e+00  0.000000000e+00  0.000000000e+00
  0.000000000e+00  0.000000000e+00  0.000000000e+00  0.000000000e+00
  0.000000000e+00  0.000000000e+00  0.000000000e+00  0.000000000e+00
  0.000000000e+00  0.000000000e+00  0.000000000e+00  0.000000000e+00
  0.000000000e+00  0.000000000e+00  0.000000000e+00  0.000000000e+00
  0.000000000e+00  0.000000000e+00  0.000000000e+00  0.000000000e+00
  0.000000000e+00  0.000000000e+00  0.000000000e+00  0.000000000e+00
  0.000000000e+00  0.000000000e+00  0.000000000e+00  0.000000000e+00
  0.000000000e+00  0.000000000e+00  0.000000000e+00  0.000000000e+00
  0.000000000e+00  0.000000000e+00  0.000000000e+00  0.000000000e+00
  0.000000000e+00  0.000000000e+00  0.000000000e+00  0.000000000e+00
  0.000000000e+00  0.000000000e+00  0.000000000e+00  0.000000000e+00
  0.000000000e+00  0.000000000e+00  0.000000000e+00  0.000000000e+00
  0.000000000e+00  0.000000000e+00  0.000000000e+00  0.000000000e+00
  0.000000000e+00  0.000000000e+00  0.000000000e+00  0.000000000e+00
  0.000000000e+00  0.000000000e+00  0.000000000e+00  0.000000000e+00
  0.000000000e+00  0.000000000e+00  0.000000000e+00  0.000000000e+00
  0.000000000e+00  0.000000000e+00  0.000000000e+00  0.000000000e+00
  0.000000000e+00  0.000000000e+00  0.000000000e+00  0.000000000e+00
  0.000000000e+00  0.000000000e+00  0.000000000e+00  0.000000000e+00
  0.000000000e+00  0.000000000e+00  0.000000000e+00  0.000000000e+00
  0.000000000e+00
@R CURRF 101 []
  2.412427435e-01  4.867266660e-01  8.688033961e-01  8.699787677e-01
  6.139513873e-01  5.685197540e-01  7.063118395e-01  6.766095373e-01
  5.193129876e-01  5.126677792e-01  5.837301800e-01  4.990169282e-01
  3.683677661e-01  3.893536757e-01  4.344723571e-01  3.391965376e-01
  2.306329688e-01  2.601868064e-01  3.189422757e-01  2.766300209e-01
  2.205391391e-01  2.546062615e-01  2.950333183e-01  2.453935596e-01
  1.776960002e-01  1.842109945e-01  2.114013730e-01  1.787179060e-01
  1.270162568e-01  1.317298871e-01  1.611398074e-01  1.452213669e-01
  1.010850622e-01  8.389774501e-02  9.336955754e-02  9.174677240e-02
  7.557361191e-02  6.986171025e-02  7.545965330e-02  7.243200859e-02
  5.900507556e-02  5.099191495e-02  5.151548366e-02  4.859765460e-02
  3.936348106e-02  3.413190087e-02  3.664471286e-02  3.748835898e-02
  3.110753575e-02  2.454974529e-02  2.453251823e-02  2.687540219e-02
  2.419900434e-02  1.742016004e-02  1.355391570e-02  1.491917115e-02
  1.678936992e-02  1.497843169e-02  1.101127432e-02  8.843885858e-03
  9.374946740e-03  1.005800700e-02  8.750026732e-03  6.296754058e-03
  5.222406704e-03  6.305971884e-03  7.681704306e-03  7.172652139e-03
  5.320713819e-03  4.455885479e-03  5.083385328e-03  5.746323592e-03
  5.218981762e-03  4.264291186e-03  3.885860212e-03  4.212354562e-03
  4.854391628e-03  4.807923233e-03  3.916379587e-03  3.170214437e-03
  3.373193304e-03  4.140903278e-03  4.233285627e-03  3.521286624e-03
  2.692618946e-03  2.268692861e-03  2.644132412e-03  3.208381208e-03
  3.031306157e-03  2.266412737e-03  1.505033530e-03  1.105726537e-03
  1.240541022e-03  1.522681490e-03  8.536403470e-04  2.479897311e-05
 -5.293944524e-05 -7.728755111e-05 -5.606466864e-05  4.592051074e-05
  1.259591164e-04
@R CURBOOT 101 []
  0.000000000e+00  0.000000000e+00  0.000000000e+00  0.000000000e+00
  0.000000000e+00  0.000000000e+00  0.000000000e+00  0.000000000e+00
  0.000000000e+00  0.000000000e+00  0.000000000e+00  0.000000000e+00
  0.000000000e+00  0.000000000e+00  0.000000000e+00  0.000000000e+00
  0.000000000e+00  0.000000000e+00  0.000000000e+00  0.000000000e+00
  0.000000000e+00  0.000000000e+00  0.000000000e+00  0.000000000e+00
  0.000000000e+00  0.000000000e+00  0.000000000e+00  0.000000000e+00
  0.000000000e+00  0.000000000e+00  0.000000000e+00  0.000000000e+00
  0.000000000e+00  0.000000000e+00  0.000000000e+00  0.000000000e+00
  0.000000000e+00  0.000000000e+00  0.000000000e+00  0.000000000e+00
  0.000000000e+00  0.000000000e+00  0.000000000e+00  0.000000000e+00
  0.000000000e+00  0.000000000e+00  0.000000000e+00  0.000000000e+00
  0.000000000e+00  0.000000000e+00  0.000000000e+00  0.000000000e+00
  0.000000000e+00  0.000000000e+00  0.000000000e+00  0.000000000e+00
  0.000000000e+00  0.000000000e+00  0.000000000e+00  0.000000000e+00
  0.000000000e+00  0.000000000e+00  0.000000000e+00  0.000000000e+00
  0.000000000e+00  0.000000000e+00  0.000000000e+00  0.000000000e+00
  0.000000000e+00  0.000000000e+00  0.000000000e+00  0.000000000e+00
  0.000000000e+00  0.000000000e+00  0.000000000e+00  0.000000000e+00
  0.000000000e+00  0.000000000e+00  0.000000000e+00  0.000000000e+00
  0.000000000e+00  0.000000000e+00  0.000000000e+00  0.000000000e+00
  0.000000000e+00  0.000000000e+00  0.000000000e+00  0.000000000e+00
  0.000000000e+00  0.000000000e+00  0.000000000e+00  0.000000000e+00
  0.000000000e+00  0.000000000e+00  0.000000000e+00  0.000000000e+00
  0.000000000e+00  0.000000000e+00  0.000000000e+00  0.000000000e+00
  0.000000000e+00
@R ENBEAM 101 []
  0.000000000e+00  0.000000000e+00  0.000000000e+00  0.000000000e+00
  0.000000000e+00  0.000000000e+00  0.000000000e+00  0.000000000e+00
  0.000000000e+00  0.000000000e+00  0.000000000e+00  0.000000000e+00
  0.000000000e+00  0.000000000e+00  0.000000000e+00  0.000000000e+00
  0.000000000e+00  0.000000000e+00  0.000000000e+00  0.000000000e+00
  0.000000000e+00  0.000000000e+00  0.000000000e+00  0.000000000e+00
  0.000000000e+00  0.000000000e+00  0.000000000e+00  0.000000000e+00
  0.000000000e+00  0.000000000e+00  0.000000000e+00  0.000000000e+00
  0.000000000e+00  0.000000000e+00  0.000000000e+00  0.000000000e+00
  0.000000000e+00  0.000000000e+00  0.000000000e+00  0.000000000e+00
  0.000000000e+00  0.000000000e+00  0.000000000e+00  0.000000000e+00
  0.000000000e+00  0.000000000e+00  0.000000000e+00  0.000000000e+00
  0.000000000e+00  0.000000000e+00  0.000000000e+00  0.000000000e+00
  0.000000000e+00  0.000000000e+00  0.000000000e+00  0.000000000e+00
  0.000000000e+00  0.000000000e+00  0.000000000e+00  0.000000000e+00
  0.000000000e+00  0.000000000e+00  0.000000000e+00  0.000000000e+00
  0.000000000e+00  0.000000000e+00  0.000000000e+00  0.000000000e+00
  0.000000000e+00  0.000000000e+00  0.000000000e+00  0.000000000e+00
  0.000000000e+00  0.000000000e+00  0.000000000e+00  0.000000000e+00
  0.000000000e+00  0.000000000e+00  0.000000000e+00  0.000000000e+00
  0.000000000e+00  0.000000000e+00  0.000000000e+00  0.000000000e+00
  0.000000000e+00  0.000000000e+00  0.000000000e+00  0.000000000e+00
  0.000000000e+00  0.000000000e+00  0.000000000e+00  0.000000000e+00
  0.000000000e+00  0.000000000e+00  0.000000000e+00  0.000000000e+00
  0.000000000e+00  0.000000000e+00  0.000000000e+00  0.000000000e+00
  0.000000000e+00
@R WBEAM 101 []
  0.000000000e+00  0.000000000e+00  0.000000000e+00  0.000000000e+00
  0.000000000e+00  0.000000000e+00  0.000000000e+00  0.000000000e+00
  0.000000000e+00  0.000000000e+00  0.000000000e+00  0.000000000e+00
  0.000000000e+00  0.000000000e+00  0.000000000e+00  0.000000000e+00
  0.000000000e+00  0.000000000e+00  0.000000000e+00  0.000000000e+00
  0.000000000e+00  0.000000000e+00  0.000000000e+00  0.000000000e+00
  0.000000000e+00  0.000000000e+00  0.000000000e+00  0.000000000e+00
  0.000000000e+00  0.000000000e+00  0.000000000e+00  0.000000000e+00
  0.000000000e+00  0.000000000e+00  0.000000000e+00  0.000000000e+00
  0.000000000e+00  0.000000000e+00  0.000000000e+00  0.000000000e+00
  0.000000000e+00  0.000000000e+00  0.000000000e+00  0.000000000e+00
  0.000000000e+00  0.000000000e+00  0.000000000e+00  0.000000000e+00
  0.000000000e+00  0.000000000e+00  0.000000000e+00  0.000000000e+00
  0.000000000e+00  0.000000000e+00  0.000000000e+00  0.000000000e+00
  0.000000000e+00  0.000000000e+00  0.000000000e+00  0.000000000e+00
  0.000000000e+00  0.000000000e+00  0.000000000e+00  0.000000000e+00
  0.000000000e+00  0.000000000e+00  0.000000000e+00  0.000000000e+00
  0.000000000e+00  0.000000000e+00  0.000000000e+00  0.000000000e+00
  0.000000000e+00  0.000000000e+00  0.000000000e+00  0.000000000e+00
  0.000000000e+00  0.000000000e+00  0.000000000e+00  0.000000000e+00
  0.000000000e+00  0.000000000e+00  0.000000000e+00  0.000000000e+00
  0.000000000e+00  0.000000000e+00  0.000000000e+00  0.000000000e+00
  0.000000000e+00  0.000000000e+00  0.000000000e+00  0.000000000e+00
  0.000000000e+00  0.000000000e+00  0.000000000e+00  0.000000000e+00
  0.000000000e+00  0.000000000e+00  0.000000000e+00  0.000000000e+00
  0.000000000e+00
@R QBEAME 101 []
  0.000000000e+00  0.000000000e+00  0.000000000e+00  0.000000000e+00
  0.000000000e+00  0.000000000e+00  0.000000000e+00  0.000000000e+00
  0.000000000e+00  0.000000000e+00  0.000000000e+00  0.000000000e+00
  0.000000000e+00  0.000000000e+00  0.000000000e+00  0.000000000e+00
  0.000000000e+00  0.000000000e+00  0.000000000e+00  0.000000000e+00
  0.000000000e+00  0.000000000e+00  0.000000000e+00  0.000000000e+00
  0.000000000e+00  0.000000000e+00  0.000000000e+00  0.000000000e+00
  0.000000000e+00  0.000000000e+00  0.000000000e+00  0.000000000e+00
  0.000000000e+00  0.000000000e+00  0.000000000e+00  0.000000000e+00
  0.000000000e+00  0.000000000e+00  0.000000000e+00  0.000000000e+00
  0.000000000e+00  0.000000000e+00  0.000000000e+00  0.000000000e+00
  0.000000000e+00  0.000000000e+00  0.000000000e+00  0.000000000e+00
  0.000000000e+00  0.000000000e+00  0.000000000e+00  0.000000000e+00
  0.000000000e+00  0.000000000e+00  0.000000000e+00  0.000000000e+00
  0.000000000e+00  0.000000000e+00  0.000000000e+00  0.000000000e+00
  0.000000000e+00  0.000000000e+00  0.000000000e+00  0.000000000e+00
  0.000000000e+00  0.000000000e+00  0.000000000e+00  0.000000000e+00
  0.000000000e+00  0.000000000e+00  0.000000000e+00  0.000000000e+00
  0.000000000e+00  0.000000000e+00  0.000000000e+00  0.000000000e+00
  0.000000000e+00  0.000000000e+00  0.000000000e+00  0.000000000e+00
  0.000000000e+00  0.000000000e+00  0.000000000e+00  0.000000000e+00
  0.000000000e+00  0.000000000e+00  0.000000000e+00  0.000000000e+00
  0.000000000e+00  0.000000000e+00  0.000000000e+00  0.000000000e+00
  0.000000000e+00  0.000000000e+00  0.000000000e+00  0.000000000e+00
  0.000000000e+00  0.000000000e+00  0.000000000e+00  0.000000000e+00
  0.000000000e+00
@R QBEAMI 101 []
  0.000000000e+00  0.000000000e+00  0.000000000e+00  0.000000000e+00
  0.000000000e+00  0.000000000e+00  0.000000000e+00  0.000000000e+00
  0.000000000e+00  0.000000000e+00  0.000000000e+00  0.000000000e+00
  0.000000000e+00  0.000000000e+00  0.000000000e+00  0.000000000e+00
  0.000000000e+00  0.000000000e+00  0.000000000e+00  0.000000000e+00
  0.000000000e+00  0.000000000e+00  0.000000000e+00  0.000000000e+00
  0.000000000e+00  0.000000000e+00  0.000000000e+00  0.000000000e+00
  0.000000000e+00  0.000000000e+00  0.000000000e+00  0.000000000e+00
  0.000000000e+00  0.000000000e+00  0.000000000e+00  0.000000000e+00
  0.000000000e+00  0.000000000e+00  0.000000000e+00  0.000000000e+00
  0.000000000e+00  0.000000000e+00  0.000000000e+00  0.000000000e+00
  0.000000000e+00  0.000000000e+00  0.000000000e+00  0.000000000e+00
  0.000000000e+00  0.000000000e+00  0.000000000e+00  0.000000000e+00
  0.000000000e+00  0.000000000e+00  0.000000000e+00  0.000000000e+00
  0.000000000e+00  0.000000000e+00  0.000000000e+00  0.000000000e+00
  0.000000000e+00  0.000000000e+00  0.000000000e+00  0.000000000e+00
  0.000000000e+00  0.000000000e+00  0.000000000e+00  0.000000000e+00
  0.000000000e+00  0.000000000e+00  0.000000000e+00  0.000000000e+00
  0.000000000e+00  0.000000000e+00  0.000000000e+00  0.000000000e+00
  0.000000000e+00  0.000000000e+00  0.000000000e+00  0.000000000e+00
  0.000000000e+00  0.000000000e+00  0.000000000e+00  0.000000000e+00
  0.000000000e+00  0.000000000e+00  0.000000000e+00  0.000000000e+00
  0.000000000e+00  0.000000000e+00  0.000000000e+00  0.000000000e+00
  0.000000000e+00  0.000000000e+00  0.000000000e+00  0.000000000e+00
  0.000000000e+00  0.000000000e+00  0.000000000e+00  0.000000000e+00
  0.000000000e+00
@R ENALP 101 []
  0.000000000e+00  0.000000000e+00  0.000000000e+00  0.000000000e+00
  0.000000000e+00  0.000000000e+00  0.000000000e+00  0.000000000e+00
  0.000000000e+00  0.000000000e+00  0.000000000e+00  0.000000000e+00
  0.000000000e+00  0.000000000e+00  0.000000000e+00  0.000000000e+00
  0.000000000e+00  0.000000000e+00  0.000000000e+00  0.000000000e+00
  0.000000000e+00  0.000000000e+00  0.000000000e+00  0.000000000e+00
  0.000000000e+00  0.000000000e+00  0.000000000e+00  0.000000000e+00
  0.000000000e+00  0.000000000e+00  0.000000000e+00  0.000000000e+00
  0.000000000e+00  0.000000000e+00  0.000000000e+00  0.000000000e+00
  0.000000000e+00  0.000000000e+00  0.000000000e+00  0.000000000e+00
  0.000000000e+00  0.000000000e+00  0.000000000e+00  0.000000000e+00
  0.000000000e+00  0.000000000e+00  0.000000000e+00  0.000000000e+00
  0.000000000e+00  0.000000000e+00  0.000000000e+00  0.000000000e+00
  0.000000000e+00  0.000000000e+00  0.000000000e+00  0.000000000e+00
  0.000000000e+00  0.000000000e+00  0.000000000e+00  0.000000000e+00
  0.000000000e+00  0.000000000e+00  0.000000000e+00  0.000000000e+00
  0.000000000e+00  0.000000000e+00  0.000000000e+00  0.000000000e+00
  0.000000000e+00  0.000000000e+00  0.000000000e+00  0.000000000e+00
  0.000000000e+00  0.000000000e+00  0.000000000e+00  0.000000000e+00
  0.000000000e+00  0.000000000e+00  0.000000000e+00  0.000000000e+00
  0.000000000e+00  0.000000000e+00  0.000000000e+00  0.000000000e+00
  0.000000000e+00  0.000000000e+00  0.000000000e+00  0.000000000e+00
  0.000000000e+00  0.000000000e+00  0.000000000e+00  0.000000000e+00
  0.000000000e+00  0.000000000e+00  0.000000000e+00  0.000000000e+00
  0.000000000e+00  0.000000000e+00  0.000000000e+00  0.000000000e+00
  0.000000000e+00
@R WALP 101 []
  0.000000000e+00  0.000000000e+00  0.000000000e+00  0.000000000e+00
  0.000000000e+00  0.000000000e+00  0.000000000e+00  0.000000000e+00
  0.000000000e+00  0.000000000e+00  0.000000000e+00  0.000000000e+00
  0.000000000e+00  0.000000000e+00  0.000000000e+00  0.000000000e+00
  0.000000000e+00  0.000000000e+00  0.000000000e+00  0.000000000e+00
  0.000000000e+00  0.000000000e+00  0.000000000e+00  0.000000000e+00
  0.000000000e+00  0.000000000e+00  0.000000000e+00  0.000000000e+00
  0.000000000e+00  0.000000000e+00  0.000000000e+00  0.000000000e+00
  0.000000000e+00  0.000000000e+00  0.000000000e+00  0.000000000e+00
  0.000000000e+00  0.000000000e+00  0.000000000e+00  0.000000000e+00
  0.000000000e+00  0.000000000e+00  0.000000000e+00  0.000000000e+00
  0.000000000e+00  0.000000000e+00  0.000000000e+00  0.000000000e+00
  0.000000000e+00  0.000000000e+00  0.000000000e+00  0.000000000e+00
  0.000000000e+00  0.000000000e+00  0.000000000e+00  0.000000000e+00
  0.000000000e+00  0.000000000e+00  0.000000000e+00  0.000000000e+00
  0.000000000e+00  0.000000000e+00  0.000000000e+00  0.000000000e+00
  0.000000000e+00  0.000000000e+00  0.000000000e+00  0.000000000e+00
  0.000000000e+00  0.000000000e+00  0.000000000e+00  0.000000000e+00
  0.000000000e+00  0.000000000e+00  0.000000000e+00  0.000000000e+00
  0.000000000e+00  0.000000000e+00  0.000000000e+00  0.000000000e+00
  0.000000000e+00  0.000000000e+00  0.000000000e+00  0.000000000e+00
  0.000000000e+00  0.000000000e+00  0.000000000e+00  0.000000000e+00
  0.000000000e+00  0.000000000e+00  0.000000000e+00  0.000000000e+00
  0.000000000e+00  0.000000000e+00  0.000000000e+00  0.000000000e+00
  0.000000000e+00  0.000000000e+00  0.000000000e+00  0.000000000e+00
  0.000000000e+00
@R QTFUSE 101 []
  1.784634832e+00  1.782086757e+00  1.774243681e+00  1.763256659e+00
  1.751479095e+00  1.738918488e+00  1.725583293e+00  1.711482002e+00
  1.696622941e+00  1.681014783e+00  1.664666154e+00  1.647585448e+00
  1.629781284e+00  1.611262866e+00  1.592039664e+00  1.572121612e+00
  1.551518924e+00  1.530242552e+00  1.508304039e+00  1.485715544e+00
  1.462490303e+00  1.438641980e+00  1.414185340e+00  1.389136293e+00
  1.363511679e+00  1.337329461e+00  1.310608869e+00  1.283370494e+00
  1.255636291e+00  1.227429668e+00  1.198775562e+00  1.169700498e+00
  1.140232671e+00  1.110401985e+00  1.080240108e+00  1.049780533e+00
  1.019058547e+00  9.881112631e-01  9.569776738e-01  9.256986143e-01
  8.943167361e-01  8.628763717e-01  8.314235300e-01  8.000058809e-01
  7.686724547e-01  7.374735854e-01  7.064607770e-01  6.756863687e-01
  6.452034140e-01  6.150653289e-01  5.853256270e-01  5.560375867e-01
  5.272538768e-01  4.990262215e-01  4.714049463e-01  4.444386310e-01
  4.181736291e-01  3.926536868e-01  3.679195431e-01  3.440084768e-01
  3.209539848e-01  2.987854250e-01  2.775276797e-01  2.572009322e-01
  2.378204621e-01  2.193964845e-01  2.019340785e-01  1.854331870e-01
  1.698886724e-01  1.552904349e-01  1.416236076e-01  1.288688058e-01
  1.170024281e-01  1.059969895e-01  9.582148402e-02  8.644176118e-02
  7.782088931e-02  6.991949413e-02  6.269604105e-02  5.610702963e-02
  5.010707476e-02  4.464883446e-02  3.968274759e-02  3.515657743e-02
  3.101479627e-02  2.719798888e-02  2.364276993e-02  2.028327306e-02
  1.705625531e-02  1.391295488e-02  1.084074314e-02  7.892728884e-03
  5.209106339e-03  2.994941423e-03  1.426586909e-03  5.288938915e-04
  1.408331116e-04  2.403780458e-05  2.176656258e-06  7.026145498e-08
  5.085017455e-10
@R QTFUSI 101 []
  7.742571777e-01  7.725401093e-01  7.672599363e-01  7.598789057e-01
  7.519954633e-01  7.436244637e-01  7.347814926e-01  7.254824461e-01
  7.157434155e-01  7.055808826e-01  6.950115272e-01  6.840521260e-01
  6.727197216e-01  6.610317466e-01  6.490058638e-01  6.366600201e-01
  6.240123479e-01  6.110813198e-01  5.978856632e-01  5.844443367e-01
  5.707766855e-01  5.569021499e-01  5.428404971e-01  5.286118030e-01
  5.142363300e-01  4.997345657e-01  4.851272350e-01  4.704352950e-01
  4.556798919e-01  4.408823482e-01  4.260641431e-01  4.112468865e-01
  3.964522954e-01  3.817021586e-01  3.670182991e-01  3.524225422e-01
  3.379366481e-01  3.235822666e-01  3.093808957e-01  2.953538132e-01
  2.815220087e-01  2.679060840e-01  2.545261961e-01  2.414019977e-01
  2.285524928e-01  2.159959718e-01  2.037499268e-01  1.918309142e-01
  1.802544854e-01  1.690350608e-01  1.581858359e-01  1.477186801e-01
  1.376440343e-01  1.279708327e-01  1.187064045e-01  1.098564193e-01
  1.014248119e-01  9.341374659e-02  8.582359301e-02  7.865290220e-02
  7.189842931e-02  6.555516024e-02  5.961635551e-02  5.407362994e-02
  4.891704447e-02  4.413521391e-02  3.971543774e-02  3.564384686e-02
  3.190556005e-02  2.848484945e-02  2.536531438e-02  2.253005672e-02
  1.996185489e-02  1.764333131e-02  1.555711125e-02  1.368596919e-02
  1.201295822e-02  1.052152035e-02  9.195573906e-03  8.019574560e-03
  6.978548716e-03  6.058096518e-03  5.244363809e-03  4.523988551e-03
  3.884035090e-03  3.311952165e-03  2.795635938e-03  2.323751962e-03
  1.886577329e-03  1.477686630e-03  1.096590743e-03  7.514820066e-04
  4.593342365e-04  2.394713764e-04  1.007447227e-04  3.194544423e-05
  6.993122235e-06  9.322989205e-07  6.139380888e-08  1.291633856e-09
  5.076219217e-12
@R QRFE 101 []
  4.511612601e-01  7.836442988e-01  1.262708517e+00  1.202592513e+00
  8.558204322e-01  8.416788080e-01  1.039309337e+00  9.701860529e-01
  7.579394423e-01  7.826475134e-01  8.811919336e-01  7.393549197e-01
  5.689247760e-01  6.298243098e-01  6.870665376e-01  5.232283117e-01
  3.724802282e-01  4.432675157e-01  5.316908812e-01  4.553933332e-01
  3.817707881e-01  4.566507399e-01  5.176126510e-01  4.242879444e-01
  3.207113395e-01  3.475218447e-01  3.923170126e-01  3.275931586e-01
  2.437920083e-01  2.689590646e-01  3.281150551e-01  2.995040788e-01
  2.305826304e-01  2.202582904e-01  2.543339946e-01  2.607546893e-01
  2.416647349e-01  2.396580094e-01  2.487062302e-01  2.335714702e-01
  1.964084237e-01  1.684806774e-01  1.540940868e-01  1.342494000e-01
  1.111178479e-01  1.040346898e-01  1.106698286e-01  1.071649526e-01
  8.817061806e-02  7.461997457e-02  7.818204039e-02  8.335201442e-02
  7.316440450e-02  5.441455520e-02  4.585666474e-02  5.075414533e-02
  5.515853636e-02  4.930896011e-02  3.909840470e-02  3.559516012e-02
  3.939838843e-02  4.121395883e-02  3.539693141e-02  2.651333969e-02
  2.254905275e-02  2.482660642e-02  2.668545244e-02  2.324118131e-02
  1.757483128e-02  1.527484566e-02  1.737539337e-02  1.961555460e-02
  1.862619393e-02  1.518230865e-02  1.286960900e-02  1.350617458e-02
  1.486579513e-02  1.423610437e-02  1.160706350e-02  9.724422612e-03
  1.043267004e-02  1.229860843e-02  1.229697409e-02  1.026353059e-02
  8.059113755e-03  7.190698642e-03  8.231993336e-03  9.228572862e-03
  8.263503423e-03  6.142703872e-03  4.402782506e-03  3.912221460e-03
  4.596181316e-03  4.892107781e-03  2.777874878e-03  6.958303908e-04
  3.915431871e-04  1.899096869e-04  1.106089335e-04  1.411387879e-04
  1.784860966e-04
@R QRFI 101 []
  3.138014318e+00  4.650343106e+00  6.980592522e+00  7.166644739e+00
  6.612426124e+00  8.128976035e+00  1.009083503e+01  9.518982266e+00
  7.706090310e+00  6.747328933e+00  5.559331288e+00  3.732167643e+00
  2.531599933e+00  1.974012846e+00  1.587997190e+00  1.319805515e+00
  1.069823127e+00  8.078583502e-01  5.954086477e-01  5.009073532e-01
  5.131043210e-01  5.683195356e-01  6.272360870e-01  6.956950636e-01
  7.808595346e-01  8.393901275e-01  7.964906652e-01  6.546254613e-01
  5.079912485e-01  4.140097254e-01  3.480696449e-01  2.768977767e-01
  2.006964897e-01  1.385327210e-01  1.160921182e-01  1.436072904e-01
  1.889267343e-01  2.035697017e-01  1.796112735e-01  1.444322914e-01
  1.104673392e-01  8.898073526e-02  9.831024705e-02  1.219603946e-01
  1.187828497e-01  8.049727371e-02  4.128489065e-02  2.684814834e-02
  3.091890155e-02  3.738014667e-02  3.864885067e-02  3.478836521e-02
  2.995789611e-02  2.675377734e-02  2.255979703e-02  1.724794089e-02
  1.783586951e-02  2.630171654e-02  3.271775042e-02  2.912831962e-02
  2.020208453e-02  1.352670281e-02  9.993968286e-03  8.529464399e-03
  9.873818803e-03  1.239610337e-02  1.224552424e-02  9.647770613e-03
  8.126372914e-03  8.044692512e-03  7.122430216e-03  5.587945471e-03
  5.384009757e-03  5.808550268e-03  4.698050121e-03  2.944698443e-03
  3.107051108e-03  4.561432419e-03  4.515222368e-03  2.792139315e-03
  1.799421032e-03  2.383405956e-03  3.000354581e-03  2.768182947e-03
  2.679425966e-03  3.460122821e-03  4.353673037e-03  4.615109116e-03
  4.627972971e-03  4.933243127e-03  5.164955034e-03  4.607980084e-03
  3.267265474e-03  1.839162861e-03  9.137190064e-04  5.396376943e-04
  4.224865303e-04  3.303644516e-04  2.365615613e-04  1.952495017e-04
  1.941014336e-04
@R QRAD 101 []
 -0.000000000e+00 -0.000000000e+00 -0.000000000e+00 -0.000000000e+00
 -0.000000000e+00 -0.000000000e+00 -0.000000000e+00 -0.000000000e+00
 -0.000000000e+00 -0.000000000e+00 -0.000000000e+00 -0.000000000e+00
 -0.000000000e+00 -0.000000000e+00 -0.000000000e+00 -0.000000000e+00
 -0.000000000e+00 -0.000000000e+00 -0.000000000e+00 -0.000000000e+00
 -0.000000000e+00 -0.000000000e+00 -0.000000000e+00 -0.000000000e+00
 -0.000000000e+00 -0.000000000e+00 -0.000000000e+00 -0.000000000e+00
 -0.000000000e+00 -0.000000000e+00 -0.000000000e+00 -0.000000000e+00
 -0.000000000e+00 -0.000000000e+00 -0.000000000e+00 -0.000000000e+00
 -0.000000000e+00 -0.000000000e+00 -0.000000000e+00 -0.000000000e+00
 -0.000000000e+00 -0.000000000e+00 -0.000000000e+00 -0.000000000e+00
 -0.000000000e+00 -0.000000000e+00 -0.000000000e+00 -0.000000000e+00
 -0.000000000e+00 -0.000000000e+00 -0.000000000e+00 -0.000000000e+00
 -0.000000000e+00 -0.000000000e+00 -0.000000000e+00 -0.000000000e+00
 -0.000000000e+00 -0.000000000e+00 -0.000000000e+00 -0.000000000e+00
 -0.000000000e+00 -0.000000000e+00 -0.000000000e+00 -0.000000000e+00
 -0.000000000e+00 -0.000000000e+00 -0.000000000e+00 -0.000000000e+00
 -0.000000000e+00 -0.000000000e+00 -0.000000000e+00 -0.000000000e+00
 -0.000000000e+00 -0.000000000e+00 -0.000000000e+00 -0.000000000e+00
 -0.000000000e+00 -0.000000000e+00 -0.000000000e+00 -0.000000000e+00
 -0.000000000e+00 -0.000000000e+00 -0.000000000e+00 -0.000000000e+00
 -0.000000000e+00 -0.000000000e+00 -0.000000000e+00 -0.000000000e+00
 -0.000000000e+00 -0.000000000e+00 -0.000000000e+00 -0.000000000e+00
 -0.000000000e+00 -0.000000000e+00 -0.000000000e+00 -0.000000000e+00
 -0.000000000e+00 -0.000000000e+00 -0.000000000e+00 -0.000000000e+00
 -0.000000000e+00
@R QOHM 101 []
  0.000000000e+00  0.000000000e+00  0.000000000e+00  0.000000000e+00
  0.000000000e+00  0.000000000e+00  0.000000000e+00  0.000000000e+00
  0.000000000e+00  0.000000000e+00  0.000000000e+00  0.000000000e+00
  0.000000000e+00  0.000000000e+00  0.000000000e+00  0.000000000e+00
  0.000000000e+00  0.000000000e+00  0.000000000e+00  0.000000000e+00
  0.000000000e+00  0.000000000e+00  0.000000000e+00  0.000000000e+00
  0.000000000e+00  0.000000000e+00  0.000000000e+00  0.000000000e+00
  0.000000000e+00  0.000000000e+00  0.000000000e+00  0.000000000e+00
  0.000000000e+00  0.000000000e+00  0.000000000e+00  0.000000000e+00
  0.000000000e+00  0.000000000e+00  0.000000000e+00  0.000000000e+00
  0.000000000e+00  0.000000000e+00  0.000000000e+00  0.000000000e+00
  0.000000000e+00  0.000000000e+00  0.000000000e+00  0.000000000e+00
  0.000000000e+00  0.000000000e+00  0.000000000e+00  0.000000000e+00
  0.000000000e+00  0.000000000e+00  0.000000000e+00  0.000000000e+00
  0.000000000e+00  0.000000000e+00  0.000000000e+00  0.000000000e+00
  0.000000000e+00  0.000000000e+00  0.000000000e+00  0.000000000e+00
  0.000000000e+00  0.000000000e+00  0.000000000e+00  0.000000000e+00
  0.000000000e+00  0.000000000e+00  0.000000000e+00  0.000000000e+00
  0.000000000e+00  0.000000000e+00  0.000000000e+00  0.000000000e+00
  0.000000000e+00  0.000000000e+00  0.000000000e+00  0.000000000e+00
  0.000000000e+00  0.000000000e+00  0.000000000e+00  0.000000000e+00
  0.000000000e+00  0.000000000e+00  0.000000000e+00  0.000000000e+00
  0.000000000e+00  0.000000000e+00  0.000000000e+00  0.000000000e+00
  0.000000000e+00  0.000000000e+00  0.000000000e+00  0.000000000e+00
  0.000000000e+00  0.000000000e+00  0.000000000e+00  0.000000000e+00
  0.000000000e+00
@R QIONE 101 []
  0.000000000e+00  0.000000000e+00  0.000000000e+00  0.000000000e+00
  0.000000000e+00  0.000000000e+00  0.000000000e+00  0.000000000e+00
  0.000000000e+00  0.000000000e+00  0.000000000e+00  0.000000000e+00
  0.000000000e+00  0.000000000e+00  0.000000000e+00  0.000000000e+00
  0.000000000e+00  0.000000000e+00  0.000000000e+00  0.000000000e+00
  0.000000000e+00  0.000000000e+00  0.000000000e+00  0.000000000e+00
  0.000000000e+00  0.000000000e+00  0.000000000e+00  0.000000000e+00
  0.000000000e+00  0.000000000e+00  0.000000000e+00  0.000000000e+00
  0.000000000e+00  0.000000000e+00  0.000000000e+00  0.000000000e+00
  0.000000000e+00  0.000000000e+00  0.000000000e+00  0.000000000e+00
  0.000000000e+00  0.000000000e+00  0.000000000e+00  0.000000000e+00
  0.000000000e+00  0.000000000e+00  0.000000000e+00  0.000000000e+00
  0.000000000e+00  0.000000000e+00  0.000000000e+00  0.000000000e+00
  0.000000000e+00  0.000000000e+00  0.000000000e+00  0.000000000e+00
  0.000000000e+00  0.000000000e+00  0.000000000e+00  0.000000000e+00
  0.000000000e+00  0.000000000e+00  0.000000000e+00  0.000000000e+00
  0.000000000e+00  0.000000000e+00  0.000000000e+00  0.000000000e+00
  0.000000000e+00  0.000000000e+00  0.000000000e+00  0.000000000e+00
  0.000000000e+00  0.000000000e+00  0.000000000e+00  0.000000000e+00
  0.000000000e+00  0.000000000e+00  0.000000000e+00  0.000000000e+00
  0.000000000e+00  0.000000000e+00  0.000000000e+00  0.000000000e+00
  0.000000000e+00  0.000000000e+00  0.000000000e+00  0.000000000e+00
  0.000000000e+00  0.000000000e+00  0.000000000e+00  0.000000000e+00
  0.000000000e+00  0.000000000e+00  0.000000000e+00  0.000000000e+00
  0.000000000e+00  0.000000000e+00  0.000000000e+00  0.000000000e+00
  0.000000000e+00
@R QIONI 101 []
  0.000000000e+00  0.000000000e+00  0.000000000e+00  0.000000000e+00
  0.000000000e+00  0.000000000e+00  0.000000000e+00  0.000000000e+00
  0.000000000e+00  0.000000000e+00  0.000000000e+00  0.000000000e+00
  0.000000000e+00  0.000000000e+00  0.000000000e+00  0.000000000e+00
  0.000000000e+00  0.000000000e+00  0.000000000e+00  0.000000000e+00
  0.000000000e+00  0.000000000e+00  0.000000000e+00  0.000000000e+00
  0.000000000e+00  0.000000000e+00  0.000000000e+00  0.000000000e+00
  0.000000000e+00  0.000000000e+00  0.000000000e+00  0.000000000e+00
  0.000000000e+00  0.000000000e+00  0.000000000e+00  0.000000000e+00
  0.000000000e+00  0.000000000e+00  0.000000000e+00  0.000000000e+00
  0.000000000e+00  0.000000000e+00  0.000000000e+00  0.000000000e+00
  0.000000000e+00  0.000000000e+00  0.000000000e+00  0.000000000e+00
  0.000000000e+00  0.000000000e+00  0.000000000e+00  0.000000000e+00
  0.000000000e+00  0.000000000e+00  0.000000000e+00  0.000000000e+00
  0.000000000e+00  0.000000000e+00  0.000000000e+00  0.000000000e+00
  0.000000000e+00  0.000000000e+00  0.000000000e+00  0.000000000e+00
  0.000000000e+00  0.000000000e+00  0.000000000e+00  0.000000000e+00
  0.000000000e+00  0.000000000e+00  0.000000000e+00  0.000000000e+00
  0.000000000e+00  0.000000000e+00  0.000000000e+00  0.000000000e+00
  0.000000000e+00  0.000000000e+00  0.000000000e+00  0.000000000e+00
  0.000000000e+00  0.000000000e+00  0.000000000e+00  0.000000000e+00
  0.000000000e+00  0.000000000e+00  0.000000000e+00  0.000000000e+00
  0.000000000e+00  0.000000000e+00  0.000000000e+00  0.000000000e+00
  0.000000000e+00  0.000000000e+00  0.000000000e+00  0.000000000e+00
  0.000000000e+00  0.000000000e+00  0.000000000e+00  0.000000000e+00
  0.000000000e+00
@R QCX 101 []
  0.000000000e+00  0.000000000e+00  0.000000000e+00  0.000000000e+00
  0.000000000e+00  0.000000000e+00  0.000000000e+00  0.000000000e+00
  0.000000000e+00  0.000000000e+00  0.000000000e+00  0.000000000e+00
  0.000000000e+00  0.000000000e+00  0.000000000e+00  0.000000000e+00
  0.000000000e+00  0.000000000e+00  0.000000000e+00  0.000000000e+00
  0.000000000e+00  0.000000000e+00  0.000000000e+00  0.000000000e+00
  0.000000000e+00  0.000000000e+00  0.000000000e+00  0.000000000e+00
  0.000000000e+00  0.000000000e+00  0.000000000e+00  0.000000000e+00
  0.000000000e+00  0.000000000e+00  0.000000000e+00  0.000000000e+00
  0.000000000e+00  0.000000000e+00  0.000000000e+00  0.000000000e+00
  0.000000000e+00  0.000000000e+00  0.000000000e+00  0.000000000e+00
  0.000000000e+00  0.000000000e+00  0.000000000e+00  0.000000000e+00
  0.000000000e+00  0.000000000e+00  0.000000000e+00  0.000000000e+00
  0.000000000e+00  0.000000000e+00  0.000000000e+00  0.000000000e+00
  0.000000000e+00  0.000000000e+00  0.000000000e+00  0.000000000e+00
  0.000000000e+00  0.000000000e+00  0.000000000e+00  0.000000000e+00
  0.000000000e+00  0.000000000e+00  0.000000000e+00  0.000000000e+00
  0.000000000e+00  0.000000000e+00  0.000000000e+00  0.000000000e+00
  0.000000000e+00  0.000000000e+00  0.000000000e+00  0.000000000e+00
  0.000000000e+00  0.000000000e+00  0.000000000e+00  0.000000000e+00
  0.000000000e+00  0.000000000e+00  0.000000000e+00  0.000000000e+00
  0.000000000e+00  0.000000000e+00  0.000000000e+00  0.000000000e+00
  0.000000000e+00  0.000000000e+00  0.000000000e+00  0.000000000e+00
  0.000000000e+00  0.000000000e+00  0.000000000e+00  0.000000000e+00
  0.000000000e+00  0.000000000e+00  0.000000000e+00  0.000000000e+00
  0.000000000e+00
@R STORQUEB 101 []
  0.000000000e+00  0.000000000e+00  0.000000000e+00  0.000000000e+00
  0.000000000e+00  0.000000000e+00  0.000000000e+00  0.000000000e+00
  0.000000000e+00  0.000000000e+00  0.000000000e+00  0.000000000e+00
  0.000000000e+00  0.000000000e+00  0.000000000e+00  0.000000000e+00
  0.000000000e+00  0.000000000e+00  0.000000000e+00  0.000000000e+00
  0.000000000e+00  0.000000000e+00  0.000000000e+00  0.000000000e+00
  0.000000000e+00  0.000000000e+00  0.000000000e+00  0.000000000e+00
  0.000000000e+00  0.000000000e+00  0.000000000e+00  0.000000000e+00
  0.000000000e+00  0.000000000e+00  0.000000000e+00  0.000000000e+00
  0.000000000e+00  0.000000000e+00  0.000000000e+00  0.000000000e+00
  0.000000000e+00  0.000000000e+00  0.000000000e+00  0.000000000e+00
  0.000000000e+00  0.000000000e+00  0.000000000e+00  0.000000000e+00
  0.000000000e+00  0.000000000e+00  0.000000000e+00  0.000000000e+00
  0.000000000e+00  0.000000000e+00  0.000000000e+00  0.000000000e+00
  0.000000000e+00  0.000000000e+00  0.000000000e+00  0.000000000e+00
  0.000000000e+00  0.000000000e+00  0.000000000e+00  0.000000000e+00
  0.000000000e+00  0.000000000e+00  0.000000000e+00  0.000000000e+00
  0.000000000e+00  0.000000000e+00  0.000000000e+00  0.000000000e+00
  0.000000000e+00  0.000000000e+00  0.000000000e+00  0.000000000e+00
  0.000000000e+00  0.000000000e+00  0.000000000e+00  0.000000000e+00
  0.000000000e+00  0.000000000e+00  0.000000000e+00  0.000000000e+00
  0.000000000e+00  0.000000000e+00  0.000000000e+00  0.000000000e+00
  0.000000000e+00  0.000000000e+00  0.000000000e+00  0.000000000e+00
  0.000000000e+00  0.000000000e+00  0.000000000e+00  0.000000000e+00
  0.000000000e+00  0.000000000e+00  0.000000000e+00  0.000000000e+00
  0.000000000e+00
@R STORQUE 101 []
  0.000000000e+00  0.000000000e+00  0.000000000e+00  0.000000000e+00
  0.000000000e+00  0.000000000e+00  0.000000000e+00  0.000000000e+00
  0.000000000e+00  0.000000000e+00  0.000000000e+00  0.000000000e+00
  0.000000000e+00  0.000000000e+00  0.000000000e+00  0.000000000e+00
  0.000000000e+00  0.000000000e+00  0.000000000e+00  0.000000000e+00
  0.000000000e+00  0.000000000e+00  0.000000000e+00  0.000000000e+00
  0.000000000e+00  0.000000000e+00  0.000000000e+00  0.000000000e+00
  0.000000000e+00  0.000000000e+00  0.000000000e+00  0.000000000e+00
  0.000000000e+00  0.000000000e+00  0.000000000e+00  0.000000000e+00
  0.000000000e+00  0.000000000e+00  0.000000000e+00  0.000000000e+00
  0.000000000e+00  0.000000000e+00  0.000000000e+00  0.000000000e+00
  0.000000000e+00  0.000000000e+00  0.000000000e+00  0.000000000e+00
  0.000000000e+00  0.000000000e+00  0.000000000e+00  0.000000000e+00
  0.000000000e+00  0.000000000e+00  0.000000000e+00  0.000000000e+00
  0.000000000e+00  0.000000000e+00  0.000000000e+00  0.000000000e+00
  0.000000000e+00  0.000000000e+00  0.000000000e+00  0.000000000e+00
  0.000000000e+00  0.000000000e+00  0.000000000e+00  0.000000000e+00
  0.000000000e+00  0.000000000e+00  0.000000000e+00  0.000000000e+00
  0.000000000e+00  0.000000000e+00  0.000000000e+00  0.000000000e+00
  0.000000000e+00  0.000000000e+00  0.000000000e+00  0.000000000e+00
  0.000000000e+00  0.000000000e+00  0.000000000e+00  0.000000000e+00
  0.000000000e+00  0.000000000e+00  0.000000000e+00  0.000000000e+00
  0.000000000e+00  0.000000000e+00  0.000000000e+00  0.000000000e+00
  0.000000000e+00  0.000000000e+00  0.000000000e+00  0.000000000e+00
  0.000000000e+00  0.000000000e+00  0.000000000e+00  0.000000000e+00
  0.000000000e+00
@R SION 101 []
  0.000000000e+00  0.000000000e+00  0.000000000e+00  0.000000000e+00
  0.000000000e+00  0.000000000e+00  0.000000000e+00  0.000000000e+00
  0.000000000e+00  0.000000000e+00  0.000000000e+00  0.000000000e+00
  0.000000000e+00  0.000000000e+00  0.000000000e+00  0.000000000e+00
  0.000000000e+00  0.000000000e+00  0.000000000e+00  0.000000000e+00
  0.000000000e+00  0.000000000e+00  0.000000000e+00  0.000000000e+00
  0.000000000e+00  0.000000000e+00  0.000000000e+00  0.000000000e+00
  0.000000000e+00  0.000000000e+00  0.000000000e+00  0.000000000e+00
  0.000000000e+00  0.000000000e+00  0.000000000e+00  0.000000000e+00
  0.000000000e+00  0.000000000e+00  0.000000000e+00  0.000000000e+00
  0.000000000e+00  0.000000000e+00  0.000000000e+00  0.000000000e+00
  0.000000000e+00  0.000000000e+00  0.000000000e+00  0.000000000e+00
  0.000000000e+00  0.000000000e+00  0.000000000e+00  0.000000000e+00
  0.000000000e+00  0.000000000e+00  0.000000000e+00  0.000000000e+00
  0.000000000e+00  0.000000000e+00  0.000000000e+00  0.000000000e+00
  0.000000000e+00  0.000000000e+00  0.000000000e+00  0.000000000e+00
  0.000000000e+00  0.000000000e+00  0.000000000e+00  0.000000000e+00
  0.000000000e+00  0.000000000e+00  0.000000000e+00  0.000000000e+00
  0.000000000e+00  0.000000000e+00  0.000000000e+00  0.000000000e+00
  0.000000000e+00  0.000000000e+00  0.000000000e+00  0.000000000e+00
  0.000000000e+00  0.000000000e+00  0.000000000e+00  0.000000000e+00
  0.000000000e+00  0.000000000e+00  0.000000000e+00  0.000000000e+00
  0.000000000e+00  0.000000000e+00  0.000000000e+00  0.000000000e+00
  0.000000000e+00  0.000000000e+00  0.000000000e+00  0.000000000e+00
  0.000000000e+00  0.000000000e+00  0.000000000e+00  0.000000000e+00
  0.000000000e+00
@R CHIE 101 []
  0.000000000e+00  0.000000000e+00  0.000000000e+00  0.000000000e+00
  0.000000000e+00  0.000000000e+00  0.000000000e+00  0.000000000e+00
  0.000000000e+00  0.000000000e+00  0.000000000e+00  0.000000000e+00
  0.000000000e+00  0.000000000e+00  0.000000000e+00  0.000000000e+00
  0.000000000e+00  0.000000000e+00  0.000000000e+00  0.000000000e+00
  0.000000000e+00  0.000000000e+00  0.000000000e+00  0.000000000e+00
  0.000000000e+00  0.000000000e+00  0.000000000e+00  0.000000000e+00
  0.000000000e+00  0.000000000e+00  0.000000000e+00  0.000000000e+00
  0.000000000e+00  0.000000000e+00  0.000000000e+00  0.000000000e+00
  0.000000000e+00  0.000000000e+00  0.000000000e+00  0.000000000e+00
  0.000000000e+00  0.000000000e+00  0.000000000e+00  0.000000000e+00
  0.000000000e+00  0.000000000e+00  0.000000000e+00  0.000000000e+00
  0.000000000e+00  0.000000000e+00  0.000000000e+00  0.000000000e+00
  0.000000000e+00  0.000000000e+00  0.000000000e+00  0.000000000e+00
  0.000000000e+00  0.000000000e+00  0.000000000e+00  0.000000000e+00
  0.000000000e+00  0.000000000e+00  0.000000000e+00  0.000000000e+00
  0.000000000e+00  0.000000000e+00  0.000000000e+00  0.000000000e+00
  0.000000000e+00  0.000000000e+00  0.000000000e+00  0.000000000e+00
  0.000000000e+00  0.000000000e+00  0.000000000e+00  0.000000000e+00
  0.000000000e+00  0.000000000e+00  0.000000000e+00  0.000000000e+00
  0.000000000e+00  0.000000000e+00  0.000000000e+00  0.000000000e+00
  0.000000000e+00  0.000000000e+00  0.000000000e+00  0.000000000e+00
  0.000000000e+00  0.000000000e+00  0.000000000e+00  0.000000000e+00
  0.000000000e+00  0.000000000e+00  0.000000000e+00  0.000000000e+00
  0.000000000e+00  0.000000000e+00  0.000000000e+00  0.000000000e+00
  0.000000000e+00
@R CHII 101 []
  0.000000000e+00  0.000000000e+00  0.000000000e+00  0.000000000e+00
  0.000000000e+00  0.000000000e+00  0.000000000e+00  0.000000000e+00
  0.000000000e+00  0.000000000e+00  0.000000000e+00  0.000000000e+00
  0.000000000e+00  0.000000000e+00  0.000000000e+00  0.000000000e+00
  0.000000000e+00  0.000000000e+00  0.000000000e+00  0.000000000e+00
  0.000000000e+00  0.000000000e+00  0.000000000e+00  0.000000000e+00
  0.000000000e+00  0.000000000e+00  0.000000000e+00  0.000000000e+00
  0.000000000e+00  0.000000000e+00  0.000000000e+00  0.000000000e+00
  0.000000000e+00  0.000000000e+00  0.000000000e+00  0.000000000e+00
  0.000000000e+00  0.000000000e+00  0.000000000e+00  0.000000000e+00
  0.000000000e+00  0.000000000e+00  0.000000000e+00  0.000000000e+00
  0.000000000e+00  0.000000000e+00  0.000000000e+00  0.000000000e+00
  0.000000000e+00  0.000000000e+00  0.000000000e+00  0.000000000e+00
  0.000000000e+00  0.000000000e+00  0.000000000e+00  0.000000000e+00
  0.000000000e+00  0.000000000e+00  0.000000000e+00  0.000000000e+00
  0.000000000e+00  0.000000000e+00  0.000000000e+00  0.000000000e+00
  0.000000000e+00  0.000000000e+00  0.000000000e+00  0.000000000e+00
  0.000000000e+00  0.000000000e+00  0.000000000e+00  0.000000000e+00
  0.000000000e+00  0.000000000e+00  0.000000000e+00  0.000000000e+00
  0.000000000e+00  0.000000000e+00  0.000000000e+00  0.000000000e+00
  0.000000000e+00  0.000000000e+00  0.000000000e+00  0.000000000e+00
  0.000000000e+00  0.000000000e+00  0.000000000e+00  0.000000000e+00
  0.000000000e+00  0.000000000e+00  0.000000000e+00  0.000000000e+00
  0.000000000e+00  0.000000000e+00  0.000000000e+00  0.000000000e+00
  0.000000000e+00  0.000000000e+00  0.000000000e+00  0.000000000e+00
  0.000000000e+00
