&IN1
  ICONVR = 3 
  MXITER = -1 
  NXITER = 51 
  ERROR = 0.0001 
  RELAX = 0.5 
  IOUT = 4 
  ICURRT = 2 
  KPPFNC = 6 
  KPPCUR = 3 
  KFFFNC = 6 
  KFFCUR = 3 
  ISHOT = 1 
  ITIME = 1 
  ITIMEU = 0 
  ITEK = 0 
  ITRACE = 1 
  PLASMA = 10000000.0 
  BTOR = 11.0 
  RCENTR = 4.55 
  RZERO = 4.55 
  LIMITR = 5 
  XLIM = 6.0 3.5 3.5 6.0 6.0 
  YLIM = 1.93 1.93 -1.93 -1.93 1.93 
  NBDRY = 15 
  RBDRY = 5.75 5.717889612279765 5.599231274196216 5.333894952548324  
    4.862048988436734 4.215741544340384 3.606248672667517  
    3.3499999999999996 3.606248672667517 4.215741544340384  
    4.862048988436735 5.333894952548324 5.599231274196216  
    5.717889612279765 5.75 
  ZBDRY = 0.0 0.7289246817174976 1.3134768905462901 1.6378788924654637  
    1.6378788924654637 1.3134768905462901 0.7289246817174978  
    2.0574066225675533e-16 -0.7289246817174975 -1.31347689054629  
    -1.6378788924654637 -1.6378788924654637 -1.3134768905462901  
    -0.728924681717498 0.0 
  IERCHK = 0 
  NEXTRA = 0 
  SCRAPE = 0.01 
  PSIBRY = 0.0 
  CFCOIL = -10.0 
  ENP = 1.0 
  EMP = 1.0 
  FCURBD = 0 
  PCURBD = 0 
  FCZERO = 1.0 1.0 1.0 1.0 1.0 1.0 1.0 1.0 1.0 1.0 1.0 1.0 1.0 1.0 1.0  
    1.0 
  FCSUM = 1.0 1.0 1.0 1.0 1.0 1.0 1.0 1.0 1.0 1.0 1.0 1.0 1.0 1.0 1.0  
    1.0 
  IFREF = 2 
  PRBDRY = 10283.104791070422 
  KBETAPR = 1 
  FWTBDRY = 1.0 1.0 1.0 1.0 1.0 1.0 1.0 1.0 1.0 1.0 1.0 1.0 1.0 1.0 1.0 
  FWTBDRY(2) = 10.0 
  FWTBDRY(3) = 10.0 
  FWTBDRY(4) = 10.0 
  FWTBDRY(5) = 10.0 
  FWTBDRY(9) = 10.0 
  FWTBDRY(10) = 10.0 
  FWTBDRY(11) = 10.0 
  FWTBDRY(12) = 10.0 
/

&PROFILE_EXT
  NPSI_EXT = 257 
  PSIN_EXT = 0.0 0.00390625 0.0078125 0.01171875 0.015625 0.01953125  
    0.0234375 0.02734375 0.03125 0.03515625 0.0390625 0.04296875  
    0.046875 0.05078125 0.0546875 0.05859375 0.0625 0.06640625  
    0.0703125 0.07421875 0.078125 0.08203125 0.0859375 0.08984375  
    0.09375 0.09765625 0.1015625 0.10546875 0.109375 0.11328125  
    0.1171875 0.12109375 0.125 0.12890625 0.1328125 0.13671875 0.140625  
    0.14453125 0.1484375 0.15234375 0.15625 0.16015625 0.1640625  
    0.16796875 0.171875 0.17578125 0.1796875 0.18359375 0.1875  
    0.19140625 0.1953125 0.19921875 0.203125 0.20703125 0.2109375  
    0.21484375 0.21875 0.22265625 0.2265625 0.23046875 0.234375  
    0.23828125 0.2421875 0.24609375 0.25 0.25390625 0.2578125  
    0.26171875 0.265625 0.26953125 0.2734375 0.27734375 0.28125  
    0.28515625 0.2890625 0.29296875 0.296875 0.30078125 0.3046875  
    0.30859375 0.3125 0.31640625 0.3203125 0.32421875 0.328125  
    0.33203125 0.3359375 0.33984375 0.34375 0.34765625 0.3515625  
    0.35546875 0.359375 0.36328125 0.3671875 0.37109375 0.375  
    0.37890625 0.3828125 0.38671875 0.390625 0.39453125 0.3984375  
    0.40234375 0.40625 0.41015625 0.4140625 0.41796875 0.421875  
    0.42578125 0.4296875 0.43359375 0.4375 0.44140625 0.4453125  
    0.44921875 0.453125 0.45703125 0.4609375 0.46484375 0.46875  
    0.47265625 0.4765625 0.48046875 0.484375 0.48828125 0.4921875  
    0.49609375 0.5 0.50390625 0.5078125 0.51171875 0.515625 0.51953125  
    0.5234375 0.52734375 0.53125 0.53515625 0.5390625 0.54296875  
    0.546875 0.55078125 0.5546875 0.55859375 0.5625 0.56640625  
    0.5703125 0.57421875 0.578125 0.58203125 0.5859375 0.58984375  
    0.59375 0.59765625 0.6015625 0.60546875 0.609375 0.61328125  
    0.6171875 0.62109375 0.625 0.62890625 0.6328125 0.63671875 0.640625  
    0.64453125 0.6484375 0.65234375 0.65625 0.66015625 0.6640625  
    0.66796875 0.671875 0.67578125 0.6796875 0.68359375 0.6875  
    0.69140625 0.6953125 0.69921875 0.703125 0.70703125 0.7109375  
    0.71484375 0.71875 0.72265625 0.7265625 0.73046875 0.734375  
    0.73828125 0.7421875 0.74609375 0.75 0.75390625 0.7578125  
    0.76171875 0.765625 0.76953125 0.7734375 0.77734375 0.78125  
    0.78515625 0.7890625 0.79296875 0.796875 0.80078125 0.8046875  
    0.80859375 0.8125 0.81640625 0.8203125 0.82421875 0.828125  
    0.83203125 0.8359375 0.83984375 0.84375 0.84765625 0.8515625  
    0.85546875 0.859375 0.86328125 0.8671875 0.87109375 0.875  
    0.87890625 0.8828125 0.88671875 0.890625 0.89453125 0.8984375  
    0.90234375 0.90625 0.91015625 0.9140625 0.91796875 0.921875  
    0.92578125 0.9296875 0.93359375 0.9375 0.94140625 0.9453125  
    0.94921875 0.953125 0.95703125 0.9609375 0.96484375 0.96875  
    0.97265625 0.9765625 0.98046875 0.984375 0.98828125 0.9921875  
    0.99609375 1.0 
  PPRIME_EXT = 561954.1988805155 554833.0036679927 547805.854479814  
    540872.7513159795 534033.6941764893 527288.6830613432  
    520637.71797054145 514080.7989040838 507617.9258619704  
    501249.0988442012 494974.31785077625 488793.5828816955  
    482706.893936959 476714.2510165666 470815.6541205185  
    465011.1032488146 459300.59840145486 453684.1395784394  
    448161.7267797681 442733.3600054411 437399.0392554583  
    432158.7645298196 427012.5358285252 421960.35315157496  
    417002.216498969 412138.1258707072 407206.778998701  
    402217.0305509403 397417.73380282026 392790.4518523086  
    388340.90022587345 384045.5118167347 379878.5874802441  
    375841.75188850483 371942.8583735747 368159.6488541835  
    364466.8263109941 360881.40385672136 357404.50275552913  
    353998.2472308243 350687.99633884453 347463.888737871  
    344293.9015206336 341219.8048354685 338195.7893935101  
    335243.2390344601 332357.37361307506 329516.64093027706  
    326750.51868159045 324019.2881795019 321355.52993887704  
    318728.2581530801 316156.3168543038 313624.4649684675  
    311137.3702938501 308693.4484871215 306283.9392500294  
    303922.7219278088 301583.4601014409 299299.54888341815  
    297026.7722732512 294809.47152829356 292606.1512174811  
    290442.8053499543 288312.04660325975 286194.019302883  
    284132.03067353735 282061.8782401695 280052.02006036136  
    278045.62233174127 276063.7687747283 274132.65213353  
    272179.73441014846 270287.65971648693 268405.01305682695  
    266523.43753590365 264704.4655310466 262867.27061523846  
    261060.58792329364 259299.94197471853 257510.77113502397  
    255765.71507357707 254052.8495726498 252316.21469222702  
    250629.27474133595 248966.15713585587 247277.2183030792  
    245633.88223843885 244016.6644558149 242375.84405121751  
    240774.71586274783 239205.67663503284 237610.05276907093  
    236037.79786905815 234509.8058792017 232966.05306529818  
    231425.0049919187 229929.31695697893 228434.13647923846  
    226924.53714960895 225452.7820028116 224006.2127551352  
    222538.13046538067 221079.42715111555 219662.95099341613  
    218249.0928559779 216817.39816145104 215410.31082930614  
    214035.4352873416 212651.7498246269 211260.44463211508  
    209898.64794648113 208558.31578250683 207206.06566838757  
    205853.67832519324 204530.25448264 203221.96558030363  
    201902.244333594 200584.7296681385 199293.93390136026  
    198016.98244881153 196730.1384014741 195443.433968483  
    194180.60278716998 192934.12057127306 191680.02152930677  
    190421.35208844196 189182.52724110603 187964.3887923828  
    186742.48141802597 185511.02702874574 184293.24179143595  
    183099.71063949112 181908.4339362044 180705.1564398086  
    179507.4039302964 178333.5280018469 177169.32223630446  
    175995.80235419236 174820.16989329574 173661.19084620068  
    172517.76729586138 171374.1162482942 170225.61358726665  
    169079.6688575197 167949.1786652242 166831.8756999725  
    165712.0693160519 164584.67566484277 163464.8768834509  
    162364.73159478453 161270.07449158368 160167.45514196763  
    159063.52174988194 157972.33791203052 156893.9783295601  
    155817.38756796034 154737.4631849833 153655.5296512673  
    152583.9222444263 151527.49230910084 150471.91871651966  
    149408.46397409483 148346.1928246582 147298.28131333942  
    146259.6639085585 145219.3178826842 144176.24337898922  
    143133.2972994421 142100.31056600352 141079.2786908773  
    140057.85634072835 139029.2704151618 138002.21963900604  
    136988.64503101114 135982.60344599184 134974.02162398247  
    133962.88567805968 132952.1357018164 131950.275968333  
    130958.66969567329 129966.36426817576 128967.3163936858  
    127969.41990113811 126983.69468982679 126004.6078988425  
    125022.73060540063 124038.12345702005 123053.96647751352  
    122078.07355435754 121111.07723886138 120142.97267784736  
    119168.6122479075 118195.75280336813 117234.47515137511  
    116278.96988688174 115320.34642356836 114359.18877004077  
    113400.35221165494 112450.6358143031 111508.37063195885  
    110564.80933316567 109617.34520213565 108675.46711995208  
    107747.15815581148 106824.97551881615 105902.30376779141  
    104983.56117632371 104076.89565678062 103187.18977811983  
    102312.41300665171 101448.33634086029 100598.43794725943  
    99782.51246905612 99010.57952693469 98269.85850579914  
    97571.32668293352 96950.87696223776 96422.1951224728  
    95982.05563966982 95678.11405382658 95565.00006100134  
    95640.28469461825 95973.90516432418 96699.63738040118  
    97858.4537660353 99473.91135569316 101831.84577332225  
    105183.88584537094 109474.0476927837 115042.22673394717  
    122543.66106604415 132151.97070821765 143952.6868205546  
    158909.24001763598 177790.8670974365 200568.41306875984  
    227557.00577842043 259145.99706145242 295716.0110622961  
    336457.3382633645 378178.021341144 419229.1859412815  
    459878.01428551786 493876.65659539646 515106.55430686823  
    523370.50926695485 518886.6873445007 502173.25725999  
    472967.8339634709 431829.6885692943 381040.93641046016  
    321535.87239392713 252889.43008397613 174886.98480579024  
    87136.75321900018 -10361.264678120613 
  FFPRIM_EXT = 6.475681010525957 6.618915717422649 6.755754345217152  
    6.8897179749044835 7.0208105268321965 7.149035808596787  
    7.2743968415336555 7.396901686297435 7.516550857050188  
    7.63335761470551 7.7473178157950064 7.85843435454903  
    7.966710962301066 8.072150952515914 8.174759846123202  
    8.274540349976233 8.371495840650326 8.465630139723837  
    8.556946196410584 8.645448352822905 8.731140593851398  
    8.81402392816387 8.894103858355813 8.971381383703154  
    9.045862555688405 9.117541606611999 9.190948978116527  
    9.265840573190975 9.335231907953585 9.399656363122581  
    9.45896717759716 9.51382533431077 9.564953259841086  
    9.612309158286516 9.655673380438762 9.695670499902416  
    9.733013484557542 9.767229145849356 9.798284860906493  
    9.82724279590866 9.853396034822222 9.877017689830563  
    9.899008647107951 9.918201545914954 9.935875478780934  
    9.95143874049031 9.965017695408392 9.97722231144656  
    9.98722648095152 9.996140405959537 10.00305527974487  
    10.008833052413717 10.01295400766886 10.015837787741333  
    10.017362223284366 10.01756302569478 10.016690770565814  
    10.014353503908708 10.01129131278844 10.006570301403029  
    10.001420333162214 9.99461195151119 9.987293213779534  
    9.978751130317294 9.969178277054349 9.959137547474038  
    9.947415419541667 9.935801591635055 9.922398016798809  
    9.908772877982418 9.894351296801414 9.878395287121531  
    9.862925817825264 9.845650956143043 9.82798453082535  
    9.810170309737952 9.790495759365822 9.771199220183213  
    9.750941026640257 9.729278320687277 9.708279804958437  
    9.685939428549094 9.662574274252407 9.639740451511031  
    9.615410462698733 9.590287024354687 9.565749600953607  
    9.539827379293051 9.513047581908243 9.486788938640338  
    9.459307360105763 9.430802440153034 9.402898138436829  
    9.374221666181949 9.344184788790141 9.314442087622705  
    9.284494854940183 9.253162142614038 9.221672941523313  
    9.190445481144664 9.158040426857898 9.124795648299225  
    9.091999224281937 9.058809215805983 9.024316140421792  
    8.989601040551015 8.9552324206777 8.920047394619617  
    8.883828979601411 8.847701319904093 8.81163881121346  
    8.774619903166824 8.736855583369822 8.699263974461928  
    8.661529732782233 8.622851579758198 8.58359971431663  
    8.544503050260598 8.505192781208223 8.464994547447557  
    8.424254601057852 8.38362437371487 8.342834654335316  
    8.301231964939118 8.25901316385501 8.216834937148288  
    8.174620452916226 8.1317012105331 8.088044888965856  
    8.044317490190977 8.000682333258982 7.956507971261555  
    7.911498001447514 7.86624599399711 7.821144036973077  
    7.775719089148833 7.72946728932758 7.682767736408358  
    7.6361380798548115 7.589385787811752 7.541997643507207  
    7.493998003653443 7.44581475976419 7.397574351748448  
    7.349075769247637 7.299967875482525 7.250307402485243  
    7.200514795823618 7.150729569576848 7.100543872274872  
    7.049628186333056 6.998356263540973 6.9470922981460115  
    6.8956605898382755 6.843680289427537 6.791141810580337  
    6.738339961309962 6.685413344731653 6.632327818039931  
    6.578749862912494 6.524541896975925 6.47008487347344  
    6.415616475692614 6.360894698713002 6.305560302808189  
    6.249741454678793 6.193733516524412 6.137565241027465  
    6.081160846079248 6.024251697766392 5.9667749552871  
    5.909060270014878 5.85129304052691 5.793241029164511  
    5.734576930958607 5.675452041003769 5.616135517466212  
    5.556628330248462 5.496851335092944 5.436573121893957  
    5.375749285854253 5.3146693318722935 5.253497057170394  
    5.192021870599034 5.129941785086579 5.0673966365441006  
    5.004637420975712 4.941662482120772 4.878385690876643  
    4.814595167088002 4.750266558672026 4.6856611020208  
    4.620916945005796 4.555827717287914 4.490117436759241  
    4.42393147547581 4.357504813565665 4.290821489310458  
    4.2237493797445165 4.156101142130426 4.087912617879312  
    4.019412362449275 3.9506703098967186 3.881432633460329  
    3.8114766869390975 3.740990497161931 3.670149326738815  
    3.5988367722549137 3.5268317214231484 3.4539955537261164  
    3.3803767473008586 3.306086324713049 3.2310325739785166  
    3.154689234783152 3.0767842849954734 2.997653770241122  
    2.917012155406881 2.833913353205129 2.747993412745883  
    2.6593418996355425 2.566710420261452 2.4686714381913673  
    2.3653064375630724 2.254776297232017 2.1335713955278557  
    2.0006660293021605 1.8555005816214805 1.6905510146982674  
    1.4992334859936056 1.2831705712715513 1.0335155661825195  
    0.733077392253173 0.37745801847955396 -0.035332248489600815  
    -0.5304895971889755 -1.1280502422633387 -1.8268951602692032  
    -2.6349504386682803 -3.562115635185634 -4.618372228694836  
    -5.78250215787873 -6.970508166266052 -8.139396797555516  
    -9.297670527646222 -10.282458563794986 -10.93402491890408  
    -11.248501962622399 -11.232016303151479 -10.898453403972184  
    -10.24143420707216 -9.275533578582095 -8.05900563719426  
    -6.612018523084568 -4.921887536856591 -2.977849038902617  
    -0.7534114676015294 1.7514251770789997 
/

