&INSTATE
  DENSITY_MODEL = 1 
  MODEL_SHAPE = 1 
  NBDRY = 15 
  USE_INPED = 0 
  R0 = 4.55 
  A0 = 1.2 
  KAPPA = 1.4 
  DELTA = -0.5 
  B0 = 11.0 
  IP = 10.0 
  N_ION = 2 
  Z_ION = 1 1 
  A_ION = 2 3 
  F_ION = 0.5 0.5 
  N_IMP = 1 
  Z_IMP = 36 
  A_IMP = 84 
  F_IMP = 0.001 
  N_MIN = 0 
  Z_MIN = 1 
  A_MIN = 1 
  N_BEAM = 1 
  Z_BEAM = 1 
  A_BEAM = 2 
  N_FUSION = 1 
  Z_FUSION = 2 
  A_FUSION = 4 
  NRHO = 101 
  NE_AXIS = 27.6 
  NE_PED = 15.0 
  NE_SEP = 9.0 
  NE_ALPHA = 1.5 
  NE_BETA = 1.1 
  NE_FIT = 1 
  NE_XMID = 0.975 
  NE_XWID = 0.05 
  TE_AXIS = 18.8 
  TE_PED = 2.0 
  TE_SEP = 0.08 
  TE_ALPHA = 1.5 
  TE_BETA = 1.5 
  TE_FIT = 1 
  TE_XMID = 0.975 
  TE_XWID = 0.05 
  TI_AXIS = 19.0 
  TI_PED = 2.0 
  TI_SEP = 0.08 
  TI_ALPHA = 1.5 
  TI_BETA = 1.5 
  TI_FIT = 1 
  TI_XMID = 0.975 
  TI_XWID = 0.05 
  ZEFF_AXIS = 2.26 
  OMEGA_AXIS = 5000.0 
  OMEGA_SEP = 0.0 
  OMEGA_ALPHA = 1.5 
  OMEGA_BETA = 1.5 
  JPAR_AXIS = 1.0 
  JPAR_SEP = 0.05 
  JPAR_ALPHA = 2.0 
  JPAR_BETA = 1.0 
  NBEAM_AXIS = 0.0 
  NBEAM_SEP = 0.0 
  NBEAM_ALPHA = 1.5 
  NBEAM_BETA = 1.5 
  TBEAMI = 20.0 20.0 20.0 20.0 20.0 20.0 20.0 20.0 20.0 20.0 20.0 20.0  
    20.0 20.0 20.0 20.0 20.0 20.0 20.0 20.0 20.0 20.0 20.0 20.0 20.0  
    20.0 20.0 20.0 20.0 20.0 20.0 20.0 20.0 20.0 20.0 20.0 20.0 20.0  
    20.0 20.0 20.0 20.0 20.0 20.0 20.0 20.0 20.0 20.0 20.0 20.0 20.0  
    20.0 20.0 20.0 20.0 20.0 20.0 20.0 20.0 20.0 20.0 20.0 20.0 20.0  
    20.0 20.0 20.0 20.0 20.0 20.0 20.0 20.0 20.0 20.0 20.0 20.0 20.0  
    20.0 20.0 20.0 20.0 20.0 20.0 20.0 20.0 20.0 20.0 20.0 20.0 20.0  
    20.0 20.0 20.0 20.0 20.0 20.0 20.0 20.0 20.0 20.0 20.0 
  BETAN_PED = -1.0 
  XMID = 0.975 
  XWID = 0.05 
  PRESSURE_MODEL = 'full' 
  H98_TARGET = 0.8 
  BETAN_TARGET = 1.25 
  BETAN_BEAM_TARGET = 0.0 
  CURRENT_MODEL = 'broad' 
  RHO_JBDRY = 0.85 
  RHO_JPEAK = 0.65 
  JAXIS = 0.6 
  JAXIS_PRIME = 1.0 
  JBDRY_PRIME = -1.0 
  PE_IC = -0.026751934 -0.018215219 -0.011381516 -0.010828491  
    0.012952043 0.18822614 0.33566152 0.27687265 0.5866693 1.2153689  
    1.1289086 0.97127151 0.80418006 0.74178047 0.68917187 0.5196498  
    0.43169531 0.3820608 0.32883188 0.27903802 0.2247765 0.18971748  
    0.16913188 0.13525273 0.10612134 0.08705696 0.080384933 0.069881502  
    0.047562162 0.032157874 0.027743716 0.022976339 0.013608249  
    0.0071033332 0.0067654608 0.0050360634 -0.00069353814 -0.0048474487  
    -0.0050091386 -0.0046582429 -0.006839262 -0.0081518516  
    -0.0072608733 -0.0078729976 -0.010283258 -0.011149009 -0.010247531  
    -0.0089638483 -0.0091852771 -0.0093745589 -0.0087364409  
    -0.0080028915 -0.0076276743 -0.00733435 -0.0059867147 -0.0036000113  
    -0.0030993241 -0.002207998 -0.0017669872 -0.00071796974  
    0.0012405196 0.0028335579 0.0044123573 0.0058507959 0.0075398941  
    0.0093234627 0.011234727 0.012786097 0.01413919 0.015619651  
    0.017125499 0.018609398 0.01986247 0.020946787 0.02187562  
    0.023025091 0.023708489 0.023914126 0.024018124 0.024092598  
    0.013679493 0.0041817432 0.0010776514 0.0003955196 0.00023271662  
    0.00031127395 0.00030005859 0.00021094479 0.00014289613  
    0.00012145374 0.00014747009 0.00013569439 0.00012109475  
    0.00011981384 0.00011326664 9.3495434e-05 7.2362455e-05  
    6.2594495e-05 7.4737452e-05 0.00011816878 0.00017467841 
  PI_IC = 0.041688426 0.039475651 0.041925299 0.050626052 0.089209079  
    0.33985109 0.52787911 0.46728903 1.2743664 2.8665359 3.4643897  
    3.8660851 4.2402546 4.5074942 4.5596717 3.8259005 3.6978497  
    3.7170297 3.2996676 2.7947338 2.3345783 2.0026022 1.6647487  
    1.2154015 0.8937629 0.67068363 0.53286737 0.41087745 0.29403502  
    0.20955609 0.15689041 0.12274595 0.12100686 0.12350968 0.13129895  
    0.13131897 0.12436647 0.11125144 0.10679282 0.11262243 0.12187927  
    0.12702989 0.12526732 0.11294223 0.08363495 0.072128309 0.071478215  
    0.081293464 0.077745475 0.068576327 0.05743905 0.051586321  
    0.04826586 0.044498545 0.044893404 0.051794773 0.05045163  
    0.045036078 0.032387254 0.032347945 0.035694652 0.035513755  
    0.032720782 0.021498766 0.016763191 0.0143494 0.013322757  
    0.0077986178 -0.00073052172 -0.0035996992 -0.0051644537  
    -0.0062250127 -0.010969767 -0.014598909 -0.015528825 -0.014649254  
    -0.013523942 -0.017466352 -0.018680255 -0.017840135 -0.0053173826  
    0.002654727 0.0032505412 0.0033969713 0.0036335903 0.0045394275  
    0.0042826241 0.0028220379 0.002130791 0.0020241821 0.0024899164  
    0.0022825689 0.0020591608 0.0021450532 0.0020913207 0.00175598  
    0.0013510429 0.0011076943 0.0011863142 0.0017623332 0.0025285306 
  NE = 27.62152795 27.62152795 27.57962042 27.5347897 27.48707274  
    27.43650651 27.38312796 27.32697405 27.26808174 27.20648799  
    27.14222975 27.07534399 27.00586767 26.93383774 26.85929115  
    26.78226488 26.70279588 26.6209211 26.53667751 26.45010207  
    26.36123172 26.27010344 26.17675418 26.0812209 25.98354055  
    25.8837501 25.78188651 25.67798673 25.57208772 25.46422644  
    25.35443985 25.2427649 25.12923857 25.01389779 24.89677955  
    24.77792078 24.65735845 24.53512953 24.41127096 24.2858197  
    24.15881273 24.030286979999996 23.90027943 23.76882703 23.63596674  
    23.50173551 23.36617032 23.2293081 23.09118584 22.95184047  
    22.81130897 22.66962828 22.52683538 22.38296721 22.23806073  
    22.09215291 21.9452807 21.79748107 21.64879096 21.49924735  
    21.34888717 21.19774741 21.04586501 20.89327693 20.74002014  
    20.58613158 20.43164822 20.27660702 20.12104494 19.96499893  
    19.808505949999997 19.65160297 19.49432693 19.33671478 19.17880349  
    19.02062998 18.86223116 18.70364387 18.54490483 18.38605044  
    18.22711648 18.06813727 17.909144059999996 17.75016126 17.59119842  
    17.43223251 17.2731694 17.11375957 16.95341446 16.79080687  
    16.62300587 16.44362335 16.23893447 15.98018266 15.610223759999993  
    15.02823147999999 14.10088862 12.7684607 11.22924556 9.889374176  
    8.995597301 
  TE = 18.81353837 18.81353837 18.73889432 18.65814032 18.57140316  
    18.47880962 18.3804865 18.27656056 18.16715861 18.05240741  
    17.93243376 17.80736444 17.67732623 17.54244592 17.4028503  
    17.25866614 17.11002023 16.95703935 16.7998503 16.63857984  
    16.47335478 16.30430188 16.13154794 15.95521974 15.77544407  
    15.5923477 15.40605743 15.21670003 15.02440229 14.829291  
    14.63149294 14.43113489 14.22834364 14.02324597 13.81596866  
    13.606638509999998 13.39538229 13.18232679 12.96759879 12.75132508  
    12.53363244 12.31464766 12.09449752 11.8733088 11.65120828  
    11.42832276 11.20477902 10.98070384 10.756224 10.53146629  
    10.30655749 10.08162439 9.856793774 9.632192422 9.40794712  
    9.184184652 8.961031803 8.738615355999997 8.517062095 8.296498806  
    8.077052272 7.858849277 7.642016605 7.426681041 7.21296937  
    7.001008374 6.790924838 6.582845547 6.376897285 6.1732068349999984  
    5.971900982999998 5.773106511 5.576950205 5.383558849 5.193059227  
    5.005578123 4.82124232 4.640178604 4.462513756 4.28837456  
    4.117887791 3.951180215 3.788378559999998 3.629609460999998  
    3.474999287 3.324673678 3.17875627 3.03736518 2.900603346  
    2.768531967 2.641097544 2.517931726 2.397804541 2.277149397  
    2.146230237999998 1.980269526999997 1.725990276 1.315281543  
    0.7838897289 0.3389295349 0.097417519 
  TI = 19.01365725 19.01365725 18.93811656 18.8563913 18.76860981  
    18.67490044 18.5753915 18.47021134 18.3594883 18.24335071  
    18.1219269 17.99534522 17.86373399 17.72722156 17.58593625  
    17.44000641 17.28956037 17.13472647 16.97563304 16.81240842  
    16.64518094 16.47407895 16.29923076 16.12076473 15.93880919  
    15.75349247 15.56494291 15.37328884 15.17865861 14.98118054  
    14.78098297 14.57819424 14.37294268 14.16535663 13.95556443  
    13.743694409999998 13.52987491 13.31423426 13.0969008 12.87800286  
    12.65766878 12.436026899999998 12.21320555 11.98933306 11.76453778  
    11.53894804 11.31269218 11.085898519999999 10.85869541 10.63121119  
    10.40357418 10.17591273 9.948355162 9.721029823 9.494065045  
    9.267589165 9.041730517 8.816617438999998 8.592378264 8.369141331  
    8.147034973 7.926187527 7.706727329 7.488782715 7.27248202  
    7.05795358 6.845325731 6.634726808 6.426285149 6.2201290879999975  
    6.0163869609999985 5.815187103 5.616657852 5.420927542 5.22812451  
    5.038377091 4.85181362 4.668562434 4.488751867 4.312510253  
    4.13996592 3.971247186 3.8064823359999984 3.6457995609999982  
    3.489326804 3.337191306 3.189518385 3.046428037 2.908025571  
    2.774375783 2.645431741 2.520838777 2.399397152 2.277606986  
    2.1458700469999976 1.9796400019999971 1.72579751 1.315670783  
    0.7839587413 0.3386339897 0.09758684835 
  OMEGA = 4992.501875 4992.501875 4978.801804 4961.079526 4940.12016  
    4916.382264 4890.178959 4861.74318 4831.258024 4798.873089  
    4764.714177 4728.889466 4691.493659 4652.610886 4612.316799  
    4570.680145 4527.763951 4483.626454 4438.321832 4391.900796  
    4344.411068 4295.897774 4246.403778 4195.969955 4144.635428  
    4092.437767 4039.413164 3985.596584 3931.021896 3875.721988  
    3819.72887 3763.073767 3705.787199 3647.899055 3589.43866  
    3530.4348369999993 3470.91596 3410.910006 3350.444605 3289.54708  
    3228.244492 3166.5636739999995 3104.531273 3042.173783 2979.517575  
    2916.588934 2853.414088 2790.0192379999994 2726.430588 2662.674375  
    2598.776897 2534.764544 2470.663824 2406.501396 2342.304099  
    2278.098979 2213.913327 2149.7747069999996 2085.710992 2021.750397  
    1957.921519 1894.253376 1830.775447 1767.517715 1704.510722  
    1641.785608 1579.374179 1517.308956 1455.623246 1394.3512129999992  
    1333.5279519999992 1273.18958 1213.373329 1154.117653 1095.462349  
    1037.448686 980.1195629 923.5196753 867.6957162 812.6966008  
    758.5737302 705.3812976 653.1766491999995 602.0207127999994  
    551.9785103 503.1197796 455.5197357 409.2600162 364.4298727  
    321.1276991 279.4630303 239.55922 201.557126 165.620359  
    131.94307479999964 100.76217029999968 72.37775876 47.19105135  
    25.78549737 9.151104569 -3.154809747e-12 
  ZEFF = 2.2600000000000002 2.2600000000000002 2.2600000000000002  
    2.2600000000000002 2.2600000000000002 2.2600000000000002  
    2.2600000000000002 2.2600000000000002 2.26 2.2600000000000002 2.26  
    2.26 2.26 2.2600000000000002 2.2600000000000002 2.2600000000000002  
    2.2600000000000002 2.2600000000000002 2.26 2.2600000000000002  
    2.2600000000000002 2.26 2.2600000000000002 2.2600000000000002 2.26  
    2.26 2.2600000000000002 2.2600000000000002 2.26 2.26 2.26  
    2.2600000000000002 2.2600000000000002 2.2600000000000002 2.26  
    2.2600000000000002 2.26 2.26 2.2600000000000002 2.2600000000000002  
    2.26 2.26 2.2600000000000002 2.2600000000000002 2.26 2.26  
    2.2600000000000002 2.2600000000000002 2.2600000000000002 2.26 2.26  
    2.2600000000000002 2.2600000000000002 2.2600000000000002  
    2.2600000000000002 2.26 2.2600000000000002 2.26 2.2600000000000002  
    2.2600000000000002 2.2600000000000002 2.26 2.2600000000000002  
    2.2600000000000002 2.2600000000000002 2.26 2.26 2.2600000000000002  
    2.26 2.2600000000000002 2.26 2.2600000000000002 2.26 2.26  
    2.2600000000000002 2.26 2.2600000000000002 2.26 2.2600000000000002  
    2.26 2.2600000000000002 2.26 2.2600000000000002 2.26  
    2.2600000000000002 2.26 2.26 2.2599999999999993 2.26  
    2.2600000000000002 2.2600000000000002 2.26 2.26 2.2600000000000002  
    2.2600000000000002 2.2600000000000002 2.26 2.2600000000000002  
    2.2600000000000002 2.26 2.2600000000000002 
  J_OH = 0.0 0.0 0.0 0.0 0.0 0.0 0.0 0.0 0.0 0.0 0.0 0.0 0.0 0.0 0.0  
    0.0 0.0 0.0 0.0 0.0 0.0 0.0 0.0 0.0 0.0 0.0 0.0 0.0 0.0 0.0 0.0 0.0  
    0.0 0.0 0.0 0.0 0.0 0.0 0.0 0.0 0.0 0.0 0.0 0.0 0.0 0.0 0.0 0.0 0.0  
    0.0 0.0 0.0 0.0 0.0 0.0 0.0 0.0 0.0 0.0 0.0 0.0 0.0 0.0 0.0 0.0 0.0  
    0.0 0.0 0.0 0.0 0.0 0.0 0.0 0.0 0.0 0.0 0.0 0.0 0.0 0.0 0.0 0.0 0.0  
    0.0 0.0 0.0 0.0 0.0 0.0 0.0 0.0 0.0 0.0 0.0 0.0 0.0 0.0 0.0 0.0 0.0  
    0.0 
  J_BS = 284366.2938520096 426549.44077801437 578297.9401914647  
    585358.3095695252 578662.6285653742 570732.0958618498  
    564066.8455342377 558970.6764735427 555238.2158374201  
    552579.8453806101 550730.8379605563 549474.7113596512  
    548640.4491677912 548094.6122336152 547733.9126385074  
    547478.8433130666 547266.8700177388 547048.2910767151  
    546784.5611851214 546444.746006798 546005.9184841248  
    545451.0812355637 544765.15742981 543936.5918369099  
    542957.7696480337 541823.0092476651 540527.9445404903  
    539069.7053432072 537446.5034651983 535657.3052140063  
    533701.6660234975 531579.412460948 529291.1229545422  
    526838.4399957361 524223.34915606194 521447.72882520506  
    518513.9345716454 515424.98102741764 512183.8782875778  
    508793.6585142684 505257.5480971356 501578.91664701817  
    497761.3540953355 493808.2614794501 489722.9743891488  
    485509.1016612957 481170.2663438119 476709.997985073  
    472131.6620691071 467438.7093527248 462634.7563983311  
    457723.0550258342 452706.7308531758 447589.23099120654  
    442373.9081154121 437063.83321023104 431661.8618964937  
    426171.04623859026 420594.52334850945 414934.9788358656  
    409194.9979868952 403377.3858035251 397484.74144248146  
    391519.3503530684 385483.56233360595 379379.69930115953  
    373209.847115515 366975.901507317 360679.71241284773  
    354323.0621210298 347907.56042108306 341434.6089267321  
    334905.3900849446 328320.9751985633 321682.4019997969  
    314990.5326253143 308245.8666698663 301448.62674190564  
    294599.0253914512 287697.30032785353 280743.6457454754  
    273738.3852402634 266682.4874444907 259578.5123016131  
    252432.5606211354 245258.68625828257 238089.13656035584  
    230997.1581358265 224146.8099310578 217906.472161508  
    213108.6589278104 211643.98256378798 217795.43628532148  
    240968.56392699096 299667.55751516984 419160.3545232902  
    591949.4756387064 692385.1163817239 556673.7094169433  
    268536.7301745832 -24531.931697263255 
  J_NB = 0.0 0.0 0.0 0.0 0.0 0.0 0.0 0.0 0.0 0.0 0.0 0.0 0.0 0.0 0.0  
    0.0 0.0 0.0 0.0 0.0 0.0 0.0 0.0 0.0 0.0 0.0 0.0 0.0 0.0 0.0 0.0 0.0  
    0.0 0.0 0.0 0.0 0.0 0.0 0.0 0.0 0.0 0.0 0.0 0.0 0.0 0.0 0.0 0.0 0.0  
    0.0 0.0 0.0 0.0 0.0 0.0 0.0 0.0 0.0 0.0 0.0 0.0 0.0 0.0 0.0 0.0 0.0  
    0.0 0.0 0.0 0.0 0.0 0.0 0.0 0.0 0.0 0.0 0.0 0.0 0.0 0.0 0.0 0.0 0.0  
    0.0 0.0 0.0 0.0 0.0 0.0 0.0 0.0 0.0 0.0 0.0 0.0 0.0 0.0 0.0 0.0 0.0  
    0.0 
  J_EC = 0.0 0.0 0.0 0.0 0.0 0.0 0.0 0.0 0.0 0.0 0.0 0.0 0.0 0.0 0.0  
    0.0 0.0 0.0 0.0 0.0 0.0 0.0 0.0 0.0 0.0 0.0 0.0 0.0 0.0 0.0 0.0 0.0  
    0.0 0.0 0.0 0.0 0.0 0.0 0.0 0.0 0.0 0.0 0.0 0.0 0.0 0.0 0.0 0.0 0.0  
    0.0 0.0 0.0 0.0 0.0 0.0 0.0 0.0 0.0 0.0 0.0 0.0 0.0 0.0 0.0 0.0 0.0  
    0.0 0.0 0.0 0.0 0.0 0.0 0.0 0.0 0.0 0.0 0.0 0.0 0.0 0.0 0.0 0.0 0.0  
    0.0 0.0 0.0 0.0 0.0 0.0 0.0 0.0 0.0 0.0 0.0 0.0 0.0 0.0 0.0 0.0 0.0  
    0.0 
  J_IC = 0.0 0.0 0.0 0.0 0.0 0.0 0.0 0.0 0.0 0.0 0.0 0.0 0.0 0.0 0.0  
    0.0 0.0 0.0 0.0 0.0 0.0 0.0 0.0 0.0 0.0 0.0 0.0 0.0 0.0 0.0 0.0 0.0  
    0.0 0.0 0.0 0.0 0.0 0.0 0.0 0.0 0.0 0.0 0.0 0.0 0.0 0.0 0.0 0.0 0.0  
    0.0 0.0 0.0 0.0 0.0 0.0 0.0 0.0 0.0 0.0 0.0 0.0 0.0 0.0 0.0 0.0 0.0  
    0.0 0.0 0.0 0.0 0.0 0.0 0.0 0.0 0.0 0.0 0.0 0.0 0.0 0.0 0.0 0.0 0.0  
    0.0 0.0 0.0 0.0 0.0 0.0 0.0 0.0 0.0 0.0 0.0 0.0 0.0 0.0 0.0 0.0 0.0  
    0.0 
  J_LH = 0.0 0.0 0.0 0.0 0.0 0.0 0.0 0.0 0.0 0.0 0.0 0.0 0.0 0.0 0.0  
    0.0 0.0 0.0 0.0 0.0 0.0 0.0 0.0 0.0 0.0 0.0 0.0 0.0 0.0 0.0 0.0 0.0  
    0.0 0.0 0.0 0.0 0.0 0.0 0.0 0.0 0.0 0.0 0.0 0.0 0.0 0.0 0.0 0.0 0.0  
    0.0 0.0 0.0 0.0 0.0 0.0 0.0 0.0 0.0 0.0 0.0 0.0 0.0 0.0 0.0 0.0 0.0  
    0.0 0.0 0.0 0.0 0.0 0.0 0.0 0.0 0.0 0.0 0.0 0.0 0.0 0.0 0.0 0.0 0.0  
    0.0 0.0 0.0 0.0 0.0 0.0 0.0 0.0 0.0 0.0 0.0 0.0 0.0 0.0 0.0 0.0 0.0  
    0.0 
  PE_NB = 0.0 0.0 0.0 0.0 0.0 0.0 0.0 0.0 0.0 0.0 0.0 0.0 0.0 0.0 0.0  
    0.0 0.0 0.0 0.0 0.0 0.0 0.0 0.0 0.0 0.0 0.0 0.0 0.0 0.0 0.0 0.0 0.0  
    0.0 0.0 0.0 0.0 0.0 0.0 0.0 0.0 0.0 0.0 0.0 0.0 0.0 0.0 0.0 0.0 0.0  
    0.0 0.0 0.0 0.0 0.0 0.0 0.0 0.0 0.0 0.0 0.0 0.0 0.0 0.0 0.0 0.0 0.0  
    0.0 0.0 0.0 0.0 0.0 0.0 0.0 0.0 0.0 0.0 0.0 0.0 0.0 0.0 0.0 0.0 0.0  
    0.0 0.0 0.0 0.0 0.0 0.0 0.0 0.0 0.0 0.0 0.0 0.0 0.0 0.0 0.0 0.0 0.0  
    0.0 
  PE_EC = 0.0 0.0 0.0 0.0 0.0 0.0 0.0 0.0 0.0 0.0 0.0 0.0 0.0 0.0 0.0  
    0.0 0.0 0.0 0.0 0.0 0.0 0.0 0.0 0.0 0.0 0.0 0.0 0.0 0.0 0.0 0.0 0.0  
    0.0 0.0 0.0 0.0 0.0 0.0 0.0 0.0 0.0 0.0 0.0 0.0 0.0 0.0 0.0 0.0 0.0  
    0.0 0.0 0.0 0.0 0.0 0.0 0.0 0.0 0.0 0.0 0.0 0.0 0.0 0.0 0.0 0.0 0.0  
    0.0 0.0 0.0 0.0 0.0 0.0 0.0 0.0 0.0 0.0 0.0 0.0 0.0 0.0 0.0 0.0 0.0  
    0.0 0.0 0.0 0.0 0.0 0.0 0.0 0.0 0.0 0.0 0.0 0.0 0.0 0.0 0.0 0.0 0.0  
    0.0 
  PE_LH = 0.0 0.0 0.0 0.0 0.0 0.0 0.0 0.0 0.0 0.0 0.0 0.0 0.0 0.0 0.0  
    0.0 0.0 0.0 0.0 0.0 0.0 0.0 0.0 0.0 0.0 0.0 0.0 0.0 0.0 0.0 0.0 0.0  
    0.0 0.0 0.0 0.0 0.0 0.0 0.0 0.0 0.0 0.0 0.0 0.0 0.0 0.0 0.0 0.0 0.0  
    0.0 0.0 0.0 0.0 0.0 0.0 0.0 0.0 0.0 0.0 0.0 0.0 0.0 0.0 0.0 0.0 0.0  
    0.0 0.0 0.0 0.0 0.0 0.0 0.0 0.0 0.0 0.0 0.0 0.0 0.0 0.0 0.0 0.0 0.0  
    0.0 0.0 0.0 0.0 0.0 0.0 0.0 0.0 0.0 0.0 0.0 0.0 0.0 0.0 0.0 0.0 0.0  
    0.0 
  PE_FUS = 1850557.7071330165 1850557.7071330165 1840483.6405682687  
    1829612.15981806 1817948.81522319 1805498.828506272  
    1792267.1381938355 1778258.4702268597 1763477.3879986214  
    1747928.3560747656 1731615.8003535024 1714544.1805007176  
    1696718.0485868738 1678142.1257498495 1658821.3707654376  
    1638761.0669199622 1617966.8891008976 1596444.9946559763  
    1574202.1095839606 1551245.620088161 1527583.661659042  
    1503225.229856024 1478180.26639436 1452459.7814806276  
    1426075.9519368014 1399042.241951638 1371373.5170398657  
    1343086.1630721914 1314198.2128151762 1284729.4634028317  
    1254701.607525193 1224138.3547155007 1193065.5568119579  
    1161511.324618365 1129506.1519340938 1097083.0133057775  
    1064277.4765961515 1031127.7851818525 997674.933657393  
    963962.7258771645 930037.8136196461 895949.700804761  
    861750.7314605028 827496.033692801 793243.4360150464  
    759053.3296189759 724988.4984776251 691113.8838422245  
    657496.3176556057 624204.1755665081 591306.9901864569  
    558875.0032998974 526978.6575603413 495688.0407408584  
    465072.27653634833 435198.8778064351 406133.0629758654  
    377937.0553351203 350669.3686731976 324384.10578011035  
    299130.2722507882 274951.13909379806 251883.65563684373  
    229957.94397194142 209196.88314860183 189615.80014212977  
    171222.28148881035 154016.11059266195 137989.33897130765  
    123126.48952349252 109404.89048916839 96795.12965031633  
    85261.61757736036 74763.24440306537 65254.11156457647  
    56684.316570014176 49000.77167701878 42148.032936683645  
    36069.11966365914 30706.305227107132 26001.862603654572  
    21898.75031233409 18341.228307945352 15275.394921816032  
    12649.640121120654 10415.009885865195 8525.478518405118  
    6938.120515365921 5613.165654501527 4513.897992810235  
    3606.3119818720784 2858.3441371427666 2238.3422338982864  
    1712.367461358568 1241.1417636751062 785.4636728504776  
    352.08306361803716 68.68017931465255 2.2656315876163573  
    0.002612177759110094 1.874598918622171e-09 
  PE_IONIZATION = 0.0 0.0 0.0 0.0 0.0 0.0 0.0 0.0 0.0 0.0 0.0 0.0 0.0  
    0.0 0.0 0.0 0.0 0.0 0.0 0.0 0.0 0.0 0.0 0.0 0.0 0.0 0.0 0.0 0.0 0.0  
    0.0 0.0 0.0 0.0 0.0 0.0 0.0 0.0 0.0 0.0 0.0 0.0 0.0 0.0 0.0 0.0 0.0  
    0.0 0.0 0.0 0.0 0.0 0.0 0.0 0.0 0.0 0.0 0.0 0.0 0.0 0.0 0.0 0.0 0.0  
    0.0 0.0 0.0 0.0 0.0 0.0 0.0 0.0 0.0 0.0 0.0 0.0 0.0 0.0 0.0 0.0 0.0  
    0.0 0.0 0.0 0.0 0.0 0.0 0.0 0.0 0.0 0.0 0.0 0.0 0.0 0.0 0.0 0.0 0.0  
    0.0 0.0 0.0 
  P_RAD = 0.0 0.0 0.0 0.0 0.0 0.0 0.0 0.0 0.0 0.0 0.0 0.0 0.0 0.0 0.0  
    0.0 0.0 0.0 0.0 0.0 0.0 0.0 0.0 0.0 0.0 0.0 0.0 0.0 0.0 0.0 0.0 0.0  
    0.0 0.0 0.0 0.0 0.0 0.0 0.0 0.0 0.0 0.0 0.0 0.0 0.0 0.0 0.0 0.0 0.0  
    0.0 0.0 0.0 0.0 0.0 0.0 0.0 0.0 0.0 0.0 0.0 0.0 0.0 0.0 0.0 0.0 0.0  
    0.0 0.0 0.0 0.0 0.0 0.0 0.0 0.0 0.0 0.0 0.0 0.0 0.0 0.0 0.0 0.0 0.0  
    0.0 0.0 0.0 0.0 0.0 0.0 0.0 0.0 0.0 0.0 0.0 0.0 0.0 0.0 0.0 0.0 0.0  
    0.0 
  PI_NB = 0.0 0.0 0.0 0.0 0.0 0.0 0.0 0.0 0.0 0.0 0.0 0.0 0.0 0.0 0.0  
    0.0 0.0 0.0 0.0 0.0 0.0 0.0 0.0 0.0 0.0 0.0 0.0 0.0 0.0 0.0 0.0 0.0  
    0.0 0.0 0.0 0.0 0.0 0.0 0.0 0.0 0.0 0.0 0.0 0.0 0.0 0.0 0.0 0.0 0.0  
    0.0 0.0 0.0 0.0 0.0 0.0 0.0 0.0 0.0 0.0 0.0 0.0 0.0 0.0 0.0 0.0 0.0  
    0.0 0.0 0.0 0.0 0.0 0.0 0.0 0.0 0.0 0.0 0.0 0.0 0.0 0.0 0.0 0.0 0.0  
    0.0 0.0 0.0 0.0 0.0 0.0 0.0 0.0 0.0 0.0 0.0 0.0 0.0 0.0 0.0 0.0 0.0  
    0.0 
  PI_LH = 0.0 0.0 0.0 0.0 0.0 0.0 0.0 0.0 0.0 0.0 0.0 0.0 0.0 0.0 0.0  
    0.0 0.0 0.0 0.0 0.0 0.0 0.0 0.0 0.0 0.0 0.0 0.0 0.0 0.0 0.0 0.0 0.0  
    0.0 0.0 0.0 0.0 0.0 0.0 0.0 0.0 0.0 0.0 0.0 0.0 0.0 0.0 0.0 0.0 0.0  
    0.0 0.0 0.0 0.0 0.0 0.0 0.0 0.0 0.0 0.0 0.0 0.0 0.0 0.0 0.0 0.0 0.0  
    0.0 0.0 0.0 0.0 0.0 0.0 0.0 0.0 0.0 0.0 0.0 0.0 0.0 0.0 0.0 0.0 0.0  
    0.0 0.0 0.0 0.0 0.0 0.0 0.0 0.0 0.0 0.0 0.0 0.0 0.0 0.0 0.0 0.0 0.0  
    0.0 
  PI_FUS = 814449.6950135098 814449.6950135098 807315.3424141402  
    799639.8177437262 791437.4894251969 782722.9749311131  
    773511.140613177 763817.1080705083 753656.2591044386  
    743044.2382630283 731996.9617510448 720530.6248679538  
    708661.7070396115 696406.9827231192 683783.5280278716  
    670808.7328615801 657500.3068743263 643876.2905488851  
    629955.0654556657 615755.3613498746 601296.266287822  
    586597.2357753088 571678.0975150936 556559.0614758128  
    541260.7220149246 525804.0631422468 510210.4609467781  
    494501.6810689476 478699.878959509 462827.59117325  
    446907.72783323284 430963.55850295 415018.6954423352  
    399097.0686850085 383222.9005283447 367420.66712683334  
    351715.0591081955 336130.93093855004 320693.2423028578  
    305426.99188829405 290357.1409726719 275508.52499253064  
    260905.75770646328 246573.12189026285 232534.4520035364  
    218813.00307099393 205431.3121622201 192411.0472265521  
    179772.85340952402 167536.18599214128 155719.14309803906  
    144338.29571575683 133408.51702354537 122942.81758331161  
    112952.18746075699 103445.45113417819 94429.13792834421  
    85907.37420317162 77881.79940604547 70351.51261351156  
    63313.04989949123 56760.39916351185 50685.05070210357  
    45076.0875950414 39920.31389448334 35202.419741160025  
    30905.18110783364 27009.689389849213 23495.60649930364  
    20341.438958298666 17524.824704292743 15022.825009517886  
    12812.214522952285 10869.762337284134 9172.497594312796  
    7697.953644154331 6424.386365979473 5330.9627520159975  
    4397.917472453806 3606.6762968152043 2939.946381017241  
    2381.7744886211494 1917.5751678488384 1534.1314871231234  
    1219.5715646435267 963.3241582349915 756.0567487784986  
    589.5989661978242 456.8534641421759 351.69449720382147  
    268.85115495533466 203.7663779849453 152.41513580931067  
    111.07074027540628 76.1212539271759 44.628454101651364  
    17.55972537955054 2.6524640038111986 0.05403917743241029  
    2.8779531990254112e-05 6.662103273483832e-12 
  PI_IONIZATION = 0.0 0.0 0.0 0.0 0.0 0.0 0.0 0.0 0.0 0.0 0.0 0.0 0.0  
    0.0 0.0 0.0 0.0 0.0 0.0 0.0 0.0 0.0 0.0 0.0 0.0 0.0 0.0 0.0 0.0 0.0  
    0.0 0.0 0.0 0.0 0.0 0.0 0.0 0.0 0.0 0.0 0.0 0.0 0.0 0.0 0.0 0.0 0.0  
    0.0 0.0 0.0 0.0 0.0 0.0 0.0 0.0 0.0 0.0 0.0 0.0 0.0 0.0 0.0 0.0 0.0  
    0.0 0.0 0.0 0.0 0.0 0.0 0.0 0.0 0.0 0.0 0.0 0.0 0.0 0.0 0.0 0.0 0.0  
    0.0 0.0 0.0 0.0 0.0 0.0 0.0 0.0 0.0 0.0 0.0 0.0 0.0 0.0 0.0 0.0 0.0  
    0.0 0.0 0.0 
  PI_CX = 0.0 0.0 0.0 0.0 0.0 0.0 0.0 0.0 0.0 0.0 0.0 0.0 0.0 0.0 0.0  
    0.0 0.0 0.0 0.0 0.0 0.0 0.0 0.0 0.0 0.0 0.0 0.0 0.0 0.0 0.0 0.0 0.0  
    0.0 0.0 0.0 0.0 0.0 0.0 0.0 0.0 0.0 0.0 0.0 0.0 0.0 0.0 0.0 0.0 0.0  
    0.0 0.0 0.0 0.0 0.0 0.0 0.0 0.0 0.0 0.0 0.0 0.0 0.0 0.0 0.0 0.0 0.0  
    0.0 0.0 0.0 0.0 0.0 0.0 0.0 0.0 0.0 0.0 0.0 0.0 0.0 0.0 0.0 0.0 0.0  
    0.0 0.0 0.0 0.0 0.0 0.0 0.0 0.0 0.0 0.0 0.0 0.0 0.0 0.0 0.0 0.0 0.0  
    0.0 
  P_OHM = 0.0 0.0 0.0 0.0 0.0 0.0 0.0 0.0 0.0 0.0 0.0 0.0 0.0 0.0 0.0  
    0.0 0.0 0.0 0.0 0.0 0.0 0.0 0.0 0.0 0.0 0.0 0.0 0.0 0.0 0.0 0.0 0.0  
    0.0 0.0 0.0 0.0 0.0 0.0 0.0 0.0 0.0 0.0 0.0 0.0 0.0 0.0 0.0 0.0 0.0  
    0.0 0.0 0.0 0.0 0.0 0.0 0.0 0.0 0.0 0.0 0.0 0.0 0.0 0.0 0.0 0.0 0.0  
    0.0 0.0 0.0 0.0 0.0 0.0 0.0 0.0 0.0 0.0 0.0 0.0 0.0 0.0 0.0 0.0 0.0  
    0.0 0.0 0.0 0.0 0.0 0.0 0.0 0.0 0.0 0.0 0.0 0.0 0.0 0.0 0.0 0.0 0.0  
    0.0 
  P_EI = 0.0 0.0 0.0 0.0 0.0 0.0 0.0 0.0 0.0 0.0 0.0 0.0 0.0 0.0 0.0  
    0.0 0.0 0.0 0.0 0.0 0.0 0.0 0.0 0.0 0.0 0.0 0.0 0.0 0.0 0.0 0.0 0.0  
    0.0 0.0 0.0 0.0 0.0 0.0 0.0 0.0 0.0 0.0 0.0 0.0 0.0 0.0 0.0 0.0 0.0  
    0.0 0.0 0.0 0.0 0.0 0.0 0.0 0.0 0.0 0.0 0.0 0.0 0.0 0.0 0.0 0.0 0.0  
    0.0 0.0 0.0 0.0 0.0 0.0 0.0 0.0 0.0 0.0 0.0 0.0 0.0 0.0 0.0 0.0 0.0  
    0.0 0.0 0.0 0.0 0.0 0.0 0.0 0.0 0.0 0.0 0.0 0.0 0.0 0.0 0.0 0.0 0.0  
    0.0 
  TORQUE_NB = 0.0 0.0 0.0 0.0 0.0 0.0 0.0 0.0 0.0 0.0 0.0 0.0 0.0 0.0  
    0.0 0.0 0.0 0.0 0.0 0.0 0.0 0.0 0.0 0.0 0.0 0.0 0.0 0.0 0.0 0.0 0.0  
    0.0 0.0 0.0 0.0 0.0 0.0 0.0 0.0 0.0 0.0 0.0 0.0 0.0 0.0 0.0 0.0 0.0  
    0.0 0.0 0.0 0.0 0.0 0.0 0.0 0.0 0.0 0.0 0.0 0.0 0.0 0.0 0.0 0.0 0.0  
    0.0 0.0 0.0 0.0 0.0 0.0 0.0 0.0 0.0 0.0 0.0 0.0 0.0 0.0 0.0 0.0 0.0  
    0.0 0.0 0.0 0.0 0.0 0.0 0.0 0.0 0.0 0.0 0.0 0.0 0.0 0.0 0.0 0.0 0.0  
    0.0 0.0 
  TORQUE_IN = 0.0 0.0 0.0 0.0 0.0 0.0 0.0 0.0 0.0 0.0 0.0 0.0 0.0 0.0  
    0.0 0.0 0.0 0.0 0.0 0.0 0.0 0.0 0.0 0.0 0.0 0.0 0.0 0.0 0.0 0.0 0.0  
    0.0 0.0 0.0 0.0 0.0 0.0 0.0 0.0 0.0 0.0 0.0 0.0 0.0 0.0 0.0 0.0 0.0  
    0.0 0.0 0.0 0.0 0.0 0.0 0.0 0.0 0.0 0.0 0.0 0.0 0.0 0.0 0.0 0.0 0.0  
    0.0 0.0 0.0 0.0 0.0 0.0 0.0 0.0 0.0 0.0 0.0 0.0 0.0 0.0 0.0 0.0 0.0  
    0.0 0.0 0.0 0.0 0.0 0.0 0.0 0.0 0.0 0.0 0.0 0.0 0.0 0.0 0.0 0.0 0.0  
    0.0 0.0 
  SE_NB = 0.0 0.0 0.0 0.0 0.0 0.0 0.0 0.0 0.0 0.0 0.0 0.0 0.0 0.0 0.0  
    0.0 0.0 0.0 0.0 0.0 0.0 0.0 0.0 0.0 0.0 0.0 0.0 0.0 0.0 0.0 0.0 0.0  
    0.0 0.0 0.0 0.0 0.0 0.0 0.0 0.0 0.0 0.0 0.0 0.0 0.0 0.0 0.0 0.0 0.0  
    0.0 0.0 0.0 0.0 0.0 0.0 0.0 0.0 0.0 0.0 0.0 0.0 0.0 0.0 0.0 0.0 0.0  
    0.0 0.0 0.0 0.0 0.0 0.0 0.0 0.0 0.0 0.0 0.0 0.0 0.0 0.0 0.0 0.0 0.0  
    0.0 0.0 0.0 0.0 0.0 0.0 0.0 0.0 0.0 0.0 0.0 0.0 0.0 0.0 0.0 0.0 0.0  
    0.0 
  SE_IONIZATION = 0.0 0.0 0.0 0.0 0.0 0.0 0.0 0.0 0.0 0.0 0.0 0.0 0.0  
    0.0 0.0 0.0 0.0 0.0 0.0 0.0 0.0 0.0 0.0 0.0 0.0 0.0 0.0 0.0 0.0 0.0  
    0.0 0.0 0.0 0.0 0.0 0.0 0.0 0.0 0.0 0.0 0.0 0.0 0.0 0.0 0.0 0.0 0.0  
    0.0 0.0 0.0 0.0 0.0 0.0 0.0 0.0 0.0 0.0 0.0 0.0 0.0 0.0 0.0 0.0 0.0  
    0.0 0.0 0.0 0.0 0.0 0.0 0.0 0.0 0.0 0.0 0.0 0.0 0.0 0.0 0.0 0.0 0.0  
    0.0 0.0 0.0 0.0 0.0 0.0 0.0 0.0 0.0 0.0 0.0 0.0 0.0 0.0 0.0 0.0 0.0  
    0.0 0.0 0.0 
  SI_NB = 0.0 0.0 0.0 0.0 0.0 0.0 0.0 0.0 0.0 0.0 0.0 0.0 0.0 0.0 0.0  
    0.0 0.0 0.0 0.0 0.0 0.0 0.0 0.0 0.0 0.0 0.0 0.0 0.0 0.0 0.0 0.0 0.0  
    0.0 0.0 0.0 0.0 0.0 0.0 0.0 0.0 0.0 0.0 0.0 0.0 0.0 0.0 0.0 0.0 0.0  
    0.0 0.0 0.0 0.0 0.0 0.0 0.0 0.0 0.0 0.0 0.0 0.0 0.0 0.0 0.0 0.0 0.0  
    0.0 0.0 0.0 0.0 0.0 0.0 0.0 0.0 0.0 0.0 0.0 0.0 0.0 0.0 0.0 0.0 0.0  
    0.0 0.0 0.0 0.0 0.0 0.0 0.0 0.0 0.0 0.0 0.0 0.0 0.0 0.0 0.0 0.0 0.0  
    0.0 
  SI_IONIZATION = 0.0 0.0 0.0 0.0 0.0 0.0 0.0 0.0 0.0 0.0 0.0 0.0 0.0  
    0.0 0.0 0.0 0.0 0.0 0.0 0.0 0.0 0.0 0.0 0.0 0.0 0.0 0.0 0.0 0.0 0.0  
    0.0 0.0 0.0 0.0 0.0 0.0 0.0 0.0 0.0 0.0 0.0 0.0 0.0 0.0 0.0 0.0 0.0  
    0.0 0.0 0.0 0.0 0.0 0.0 0.0 0.0 0.0 0.0 0.0 0.0 0.0 0.0 0.0 0.0 0.0  
    0.0 0.0 0.0 0.0 0.0 0.0 0.0 0.0 0.0 0.0 0.0 0.0 0.0 0.0 0.0 0.0 0.0  
    0.0 0.0 0.0 0.0 0.0 0.0 0.0 0.0 0.0 0.0 0.0 0.0 0.0 0.0 0.0 0.0 0.0  
    0.0 0.0 0.0 
  SE_PELLET = 0.0 0.0 0.0 0.0 0.0 0.0 0.0 0.0 0.0 0.0 0.0 0.0 0.0 0.0  
    0.0 0.0 0.0 0.0 0.0 0.0 0.0 0.0 0.0 0.0 0.0 0.0 0.0 0.0 0.0 0.0 0.0  
    0.0 0.0 0.0 0.0 0.0 0.0 0.0 0.0 0.0 0.0 0.0 0.0 0.0 0.0 0.0 0.0 0.0  
    0.0 0.0 0.0 0.0 0.0 0.0 0.0 0.0 0.0 0.0 0.0 0.0 0.0 0.0 0.0 0.0 0.0  
    0.0 0.0 0.0 0.0 0.0 0.0 0.0 0.0 0.0 0.0 0.0 0.0 0.0 0.0 0.0 0.0 0.0  
    0.0 0.0 0.0 0.0 0.0 0.0 0.0 0.0 0.0 0.0 0.0 0.0 0.0 0.0 0.0 0.0 0.0  
    0.0 0.0 
  Q = 0.0 0.0 0.0 0.0 0.0 0.0 0.0 0.0 0.0 0.0 0.0 0.0 0.0 0.0 0.0 0.0  
    0.0 0.0 0.0 0.0 0.0 0.0 0.0 0.0 0.0 0.0 0.0 0.0 0.0 0.0 0.0 0.0 0.0  
    0.0 0.0 0.0 0.0 0.0 0.0 0.0 0.0 0.0 0.0 0.0 0.0 0.0 0.0 0.0 0.0 0.0  
    0.0 0.0 0.0 0.0 0.0 0.0 0.0 0.0 0.0 0.0 0.0 0.0 0.0 0.0 0.0 0.0 0.0  
    0.0 0.0 0.0 0.0 0.0 0.0 0.0 0.0 0.0 0.0 0.0 0.0 0.0 0.0 0.0 0.0 0.0  
    0.0 0.0 0.0 0.0 0.0 0.0 0.0 0.0 0.0 0.0 0.0 0.0 0.0 0.0 0.0 0.0 0.0 
  PSIPOL = 0.0 0.0 0.0 0.0 0.0 0.0 0.0 0.0 0.0 0.0 0.0 0.0 0.0 0.0 0.0  
    0.0 0.0 0.0 0.0 0.0 0.0 0.0 0.0 0.0 0.0 0.0 0.0 0.0 0.0 0.0 0.0 0.0  
    0.0 0.0 0.0 0.0 0.0 0.0 0.0 0.0 0.0 0.0 0.0 0.0 0.0 0.0 0.0 0.0 0.0  
    0.0 0.0 0.0 0.0 0.0 0.0 0.0 0.0 0.0 0.0 0.0 0.0 0.0 0.0 0.0 0.0 0.0  
    0.0 0.0 0.0 0.0 0.0 0.0 0.0 0.0 0.0 0.0 0.0 0.0 0.0 0.0 0.0 0.0 0.0  
    0.0 0.0 0.0 0.0 0.0 0.0 0.0 0.0 0.0 0.0 0.0 0.0 0.0 0.0 0.0 0.0 0.0  
    0.0 
  PSI = 0.0 0.0 0.0 0.0 0.0 0.0 0.0 0.0 0.0 0.0 0.0 0.0 0.0 0.0 0.0 0.0  
    0.0 0.0 0.0 0.0 0.0 0.0 0.0 0.0 0.0 0.0 0.0 0.0 0.0 0.0 0.0 0.0 0.0  
    0.0 0.0 0.0 0.0 0.0 0.0 0.0 0.0 0.0 0.0 0.0 0.0 0.0 0.0 0.0 0.0 0.0  
    0.0 0.0 0.0 0.0 0.0 0.0 0.0 0.0 0.0 0.0 0.0 0.0 0.0 0.0 0.0 0.0 0.0  
    0.0 0.0 0.0 0.0 0.0 0.0 0.0 0.0 0.0 0.0 0.0 0.0 0.0 0.0 0.0 0.0 0.0  
    0.0 0.0 0.0 0.0 0.0 0.0 0.0 0.0 0.0 0.0 0.0 0.0 0.0 0.0 0.0 0.0 0.0 
  DENSITY_BEAM = 0.0 0.0 0.0 0.0 0.0 0.0 0.0 0.0 0.0 0.0 0.0 0.0 0.0  
    0.0 0.0 0.0 0.0 0.0 0.0 0.0 0.0 0.0 0.0 0.0 0.0 0.0 0.0 0.0 0.0 0.0  
    0.0 0.0 0.0 0.0 0.0 0.0 0.0 0.0 0.0 0.0 0.0 0.0 0.0 0.0 0.0 0.0 0.0  
    0.0 0.0 0.0 0.0 0.0 0.0 0.0 0.0 0.0 0.0 0.0 0.0 0.0 0.0 0.0 0.0 0.0  
    0.0 0.0 0.0 0.0 0.0 0.0 0.0 0.0 0.0 0.0 0.0 0.0 0.0 0.0 0.0 0.0 0.0  
    0.0 0.0 0.0 0.0 0.0 0.0 0.0 0.0 0.0 0.0 0.0 0.0 0.0 0.0 0.0 0.0 0.0  
    0.0 0.0 0.0 
  WBEAM = 0.0 0.0 0.0 0.0 0.0 0.0 0.0 0.0 0.0 0.0 0.0 0.0 0.0 0.0 0.0  
    0.0 0.0 0.0 0.0 0.0 0.0 0.0 0.0 0.0 0.0 0.0 0.0 0.0 0.0 0.0 0.0 0.0  
    0.0 0.0 0.0 0.0 0.0 0.0 0.0 0.0 0.0 0.0 0.0 0.0 0.0 0.0 0.0 0.0 0.0  
    0.0 0.0 0.0 0.0 0.0 0.0 0.0 0.0 0.0 0.0 0.0 0.0 0.0 0.0 0.0 0.0 0.0  
    0.0 0.0 0.0 0.0 0.0 0.0 0.0 0.0 0.0 0.0 0.0 0.0 0.0 0.0 0.0 0.0 0.0  
    0.0 0.0 0.0 0.0 0.0 0.0 0.0 0.0 0.0 0.0 0.0 0.0 0.0 0.0 0.0 0.0 0.0  
    0.0 
  TBEAM = 0.0 0.0 0.0 0.0 0.0 0.0 0.0 0.0 0.0 0.0 0.0 0.0 0.0 0.0 0.0  
    0.0 0.0 0.0 0.0 0.0 0.0 0.0 0.0 0.0 0.0 0.0 0.0 0.0 0.0 0.0 0.0 0.0  
    0.0 0.0 0.0 0.0 0.0 0.0 0.0 0.0 0.0 0.0 0.0 0.0 0.0 0.0 0.0 0.0 0.0  
    0.0 0.0 0.0 0.0 0.0 0.0 0.0 0.0 0.0 0.0 0.0 0.0 0.0 0.0 0.0 0.0 0.0  
    0.0 0.0 0.0 0.0 0.0 0.0 0.0 0.0 0.0 0.0 0.0 0.0 0.0 0.0 0.0 0.0 0.0  
    0.0 0.0 0.0 0.0 0.0 0.0 0.0 0.0 0.0 0.0 0.0 0.0 0.0 0.0 0.0 0.0 0.0  
    0.0 
  DENSITY_ALPHA = 0.0 0.0 0.0 0.0 0.0 0.0 0.0 0.0 0.0 0.0 0.0 0.0 0.0  
    0.0 0.0 0.0 0.0 0.0 0.0 0.0 0.0 0.0 0.0 0.0 0.0 0.0 0.0 0.0 0.0 0.0  
    0.0 0.0 0.0 0.0 0.0 0.0 0.0 0.0 0.0 0.0 0.0 0.0 0.0 0.0 0.0 0.0 0.0  
    0.0 0.0 0.0 0.0 0.0 0.0 0.0 0.0 0.0 0.0 0.0 0.0 0.0 0.0 0.0 0.0 0.0  
    0.0 0.0 0.0 0.0 0.0 0.0 0.0 0.0 0.0 0.0 0.0 0.0 0.0 0.0 0.0 0.0 0.0  
    0.0 0.0 0.0 0.0 0.0 0.0 0.0 0.0 0.0 0.0 0.0 0.0 0.0 0.0 0.0 0.0 0.0  
    0.0 0.0 0.0 
  WALPHA = 0.0 0.0 0.0 0.0 0.0 0.0 0.0 0.0 0.0 0.0 0.0 0.0 0.0 0.0 0.0  
    0.0 0.0 0.0 0.0 0.0 0.0 0.0 0.0 0.0 0.0 0.0 0.0 0.0 0.0 0.0 0.0 0.0  
    0.0 0.0 0.0 0.0 0.0 0.0 0.0 0.0 0.0 0.0 0.0 0.0 0.0 0.0 0.0 0.0 0.0  
    0.0 0.0 0.0 0.0 0.0 0.0 0.0 0.0 0.0 0.0 0.0 0.0 0.0 0.0 0.0 0.0 0.0  
    0.0 0.0 0.0 0.0 0.0 0.0 0.0 0.0 0.0 0.0 0.0 0.0 0.0 0.0 0.0 0.0 0.0  
    0.0 0.0 0.0 0.0 0.0 0.0 0.0 0.0 0.0 0.0 0.0 0.0 0.0 0.0 0.0 0.0 0.0  
    0.0 
  TALPHA = 0.0 0.0 0.0 0.0 0.0 0.0 0.0 0.0 0.0 0.0 0.0 0.0 0.0 0.0 0.0  
    0.0 0.0 0.0 0.0 0.0 0.0 0.0 0.0 0.0 0.0 0.0 0.0 0.0 0.0 0.0 0.0 0.0  
    0.0 0.0 0.0 0.0 0.0 0.0 0.0 0.0 0.0 0.0 0.0 0.0 0.0 0.0 0.0 0.0 0.0  
    0.0 0.0 0.0 0.0 0.0 0.0 0.0 0.0 0.0 0.0 0.0 0.0 0.0 0.0 0.0 0.0 0.0  
    0.0 0.0 0.0 0.0 0.0 0.0 0.0 0.0 0.0 0.0 0.0 0.0 0.0 0.0 0.0 0.0 0.0  
    0.0 0.0 0.0 0.0 0.0 0.0 0.0 0.0 0.0 0.0 0.0 0.0 0.0 0.0 0.0 0.0 0.0  
    0.0 
  CHIE = 0.0 0.0 0.0 0.0 0.0 0.0 0.0 0.0 0.0 0.0 0.0 0.0 0.0 0.0 0.0  
    0.0 0.0 0.0 0.0 0.0 0.0 0.0 0.0 0.0 0.0 0.0 0.0 0.0 0.0 0.0 0.0 0.0  
    0.0 0.0 0.0 0.0 0.0 0.0 0.0 0.0 0.0 0.0 0.0 0.0 0.0 0.0 0.0 0.0 0.0  
    0.0 0.0 0.0 0.0 0.0 0.0 0.0 0.0 0.0 0.0 0.0 0.0 0.0 0.0 0.0 0.0 0.0  
    0.0 0.0 0.0 0.0 0.0 0.0 0.0 0.0 0.0 0.0 0.0 0.0 0.0 0.0 0.0 0.0 0.0  
    0.0 0.0 0.0 0.0 0.0 0.0 0.0 0.0 0.0 0.0 0.0 0.0 0.0 0.0 0.0 0.0 0.0  
    0.0 
  CHII = 0.0 0.0 0.0 0.0 0.0 0.0 0.0 0.0 0.0 0.0 0.0 0.0 0.0 0.0 0.0  
    0.0 0.0 0.0 0.0 0.0 0.0 0.0 0.0 0.0 0.0 0.0 0.0 0.0 0.0 0.0 0.0 0.0  
    0.0 0.0 0.0 0.0 0.0 0.0 0.0 0.0 0.0 0.0 0.0 0.0 0.0 0.0 0.0 0.0 0.0  
    0.0 0.0 0.0 0.0 0.0 0.0 0.0 0.0 0.0 0.0 0.0 0.0 0.0 0.0 0.0 0.0 0.0  
    0.0 0.0 0.0 0.0 0.0 0.0 0.0 0.0 0.0 0.0 0.0 0.0 0.0 0.0 0.0 0.0 0.0  
    0.0 0.0 0.0 0.0 0.0 0.0 0.0 0.0 0.0 0.0 0.0 0.0 0.0 0.0 0.0 0.0 0.0  
    0.0 
  P_EQ = 0.0 0.0 0.0 0.0 0.0 0.0 0.0 0.0 0.0 0.0 0.0 0.0 0.0 0.0 0.0  
    0.0 0.0 0.0 0.0 0.0 0.0 0.0 0.0 0.0 0.0 0.0 0.0 0.0 0.0 0.0 0.0 0.0  
    0.0 0.0 0.0 0.0 0.0 0.0 0.0 0.0 0.0 0.0 0.0 0.0 0.0 0.0 0.0 0.0 0.0  
    0.0 0.0 0.0 0.0 0.0 0.0 0.0 0.0 0.0 0.0 0.0 0.0 0.0 0.0 0.0 0.0 0.0  
    0.0 0.0 0.0 0.0 0.0 0.0 0.0 0.0 0.0 0.0 0.0 0.0 0.0 0.0 0.0 0.0 0.0  
    0.0 0.0 0.0 0.0 0.0 0.0 0.0 0.0 0.0 0.0 0.0 0.0 0.0 0.0 0.0 0.0 0.0  
    0.0 
  J_TOT = 3055280.5789557234 3055280.5789557234 3054715.7252967423  
    3053286.577505159 3051261.9515562733 3048649.7871404784  
    3045455.755421554 3041680.990662822 3037325.4928642907  
    3032389.262025968 3026872.2981478414 3020774.601229897  
    3014096.1712721433 3006837.0082746176 2998997.1122372695  
    2990576.483160078 2981575.1210431065 2971993.0258863233  
    2961830.197689825 2951086.6364534358 2939762.3421772085  
    2927857.314861326 2915371.554505575 2902305.0611099447  
    2888657.834674456 2874429.875199274 2859621.182684431  
    2844231.75712955 2828261.598534846 2811710.706900506  
    2794579.0822264026 2776866.7245123833 2758573.633758458  
    2739699.8099649013 2720245.2531314874 2700209.9632582464  
    2679593.9403451052 2658397.1843924276 2636619.6953997826  
    2614261.473367029 2591322.518294964 2567802.830182981  
    2543702.409031278 2519021.2548398864 2493759.367607823  
    2467916.7473362433 2441493.3940257304 2414489.307675123  
    2386904.488284192 2358738.9358536825 2329992.6503833886  
    2300665.631872977 2270757.8803230473 2240269.3957334366  
    2209200.1781039573 2177550.2274345756 2145319.543725706  
    2112508.1269769175 2079115.9771877208 2045143.094359155  
    2010589.4784913328 1975455.1295831846 1939740.0476352107  
    1903444.2326478045 1866567.684619877 1829110.4035522805  
    1791072.3894451493 1752453.6422977978 1713254.16211155  
    1673473.9488853768 1633113.002618575 1592171.3233126912  
    1550648.9109668343 1508545.765580859 1465861.8871555142  
    1422597.2756900156 1378751.9311848043 1334325.8536397542  
    1289319.0430548445 1243731.499430775 1197563.2227662515  
    1150814.213061409 1103484.4703172431 1055573.9945333474  
    1007082.7857100748 958010.8438469097 908358.1689440159  
    858124.7610005098 807310.6200171574 755915.7459956257  
    703940.1389327162 651383.7988297039 598246.7256889541  
    544528.9195083537 490230.3802857096 435351.1080230083  
    379891.102721371 324304.06206791085 271765.8698738459  
    231350.47988548514 200172.3748120004 
  RBDRY = 5.75 5.717889612279765 5.599231274196216 5.333894952548324  
    4.862048988436734 4.215741544340384 3.606248672667517  
    3.3499999999999996 3.606248672667517 4.215741544340384  
    4.862048988436735 5.333894952548324 5.599231274196216  
    5.717889612279765 5.75 
  ZBDRY = 0.0 0.7289246817174976 1.3134768905462901 1.6378788924654637  
    1.6378788924654637 1.3134768905462901 0.7289246817174978  
    2.0574066225675533e-16 -0.7289246817174975 -1.31347689054629  
    -1.6378788924654637 -1.6378788924654637 -1.3134768905462901  
    -0.728924681717498 -4.1148132451351065e-16 
  NLIM = 5 
  RLIM = 5.8 3.3 3.3 5.8 5.8 
  ZLIM = 1.6878788924654637 1.6878788924654637 -1.6878788924654637  
    -1.6878788924654637 1.6878788924654637 
  RHO = 0.0 0.01 0.02 0.03 0.04 0.05 0.06 0.07 0.08 0.09 0.1 0.11 0.12  
    0.13 0.14 0.15 0.16 0.17 0.18 0.19 0.2 0.21 0.22 0.23 0.24 0.25  
    0.26 0.27 0.28 0.29 0.3 0.31 0.32 0.33 0.34 0.35 0.36 0.37 0.38  
    0.39 0.4 0.41 0.42 0.43 0.44 0.45 0.46 0.47 0.48 0.49 0.5 0.51 0.52  
    0.53 0.54 0.55 0.56 0.57 0.58 0.59 0.6 0.61 0.62 0.63 0.64 0.65  
    0.66 0.67 0.68 0.69 0.7 0.71 0.72 0.73 0.74 0.75 0.76 0.77 0.78  
    0.79 0.8 0.81 0.82 0.83 0.84 0.85 0.86 0.87 0.88 0.89 0.9 0.91 0.92  
    0.93 0.94 0.95 0.96 0.97 0.98 0.99 1.0 
  MODEL_PROFILE_NE = 'ped' 
  MODEL_PROFILE_TE = 'ped' 
  MODEL_PROFILE_TI = 'ped' 
  MODEL_PROFILE_DENSITY_BEAM = 'parab' 
  MODEL_PROFILE_J_TOT = 'parab' 
  MODEL_PROFILE_OMEGA = 'parab' 
  MODEL_PROFILE_ZEFF = 'const' 
  MODEL_PROFILE_TBEAMI = 'const' 
  MODEL_PROFILE_DENSITY_ALPHA = 'zero' 
  MODEL_PROFILE_WALPHA = 'zero' 
  MODEL_PROFILE_WBEAM = 'derived' 
  J_TOT_AXIS = 1.0 
  J_TOT_SEP = 0.05 
  J_TOT_ALPHA = 2.0 
  J_TOT_BETA = 1.0 
  DENSITY_BEAM_AXIS = 0.0 
  DENSITY_BEAM_SEP = 0.0 
  DENSITY_BEAM_ALPHA = 1.5 
  DENSITY_BEAM_BETA = 1.5 
  TBEAMI_AXIS = 20.0 
  DENSITY_ION_0 = 13.313576471900001 13.313576471900001  
    13.293377042440001 13.2717686354 13.248769060679999  
    13.224396137820001 13.19866767672 13.1716014921 13.143215398679999  
    13.11352721118 13.082554739499999 13.05031580318 13.01682821694  
    12.982109790680001 12.9461783343 12.90905167216 12.87074761416  
    12.8312839702 12.79067855982 12.74894919774 12.70611368904  
    12.66218985808 12.61719551476 12.571148473800001 12.5240665451  
    12.4759675482 12.42686929782 12.37678960386 12.325746281039999  
    12.273757144080001 12.2208400077 12.167012681800001  
    12.112292990739999 12.056698734780001 12.000247743100001  
    11.94295781596 11.8848467729 11.82593243346 11.76623260272  
    11.7057650954 11.64454773586 11.582598324359997 11.51993468526  
    11.45657462846 11.39253596868 11.32783651582 11.26249409424  
    11.1965265042 11.129951574880002 11.06278710654 10.99505092354  
    10.926760830960001 10.857934653160001 10.78859019522 10.71874527186  
    10.64841770262 10.577625297400001 10.50638587574 10.43471724272  
    10.3626372227 10.290163615940001 10.217314251620001 10.14410693482  
    10.07055948026 9.99668970748 9.92251542156 9.84805444204  
    9.773324583640001 9.698343661080001 9.62312948426 9.547699867899999  
    9.47207263154 9.39626558026 9.32029652396 9.24418328218  
    9.16794365036 9.09159541912 9.01515634534 8.93864412806  
    8.862076312080001 8.78547014336 8.70884216414 8.632207436919998  
    8.55557772732 8.47895763844 8.402336069819999 8.3256676508  
    8.248832112739999 8.17154576972 8.093168911340001 8.012288829340001  
    7.925826454699999 7.82716641454 7.70244804212 7.524127852319997  
    7.243607573359995 6.7966283148399995 6.1543980574 5.41249635992  
    4.766678352832 4.335877899082 
  DENSITY_ION_1 = 13.313576471900001 13.313576471900001  
    13.293377042440001 13.2717686354 13.248769060679999  
    13.224396137820001 13.19866767672 13.1716014921 13.143215398679999  
    13.11352721118 13.082554739499999 13.05031580318 13.01682821694  
    12.982109790680001 12.9461783343 12.90905167216 12.87074761416  
    12.8312839702 12.79067855982 12.74894919774 12.70611368904  
    12.66218985808 12.61719551476 12.571148473800001 12.5240665451  
    12.4759675482 12.42686929782 12.37678960386 12.325746281039999  
    12.273757144080001 12.2208400077 12.167012681800001  
    12.112292990739999 12.056698734780001 12.000247743100001  
    11.94295781596 11.8848467729 11.82593243346 11.76623260272  
    11.7057650954 11.64454773586 11.582598324359997 11.51993468526  
    11.45657462846 11.39253596868 11.32783651582 11.26249409424  
    11.1965265042 11.129951574880002 11.06278710654 10.99505092354  
    10.926760830960001 10.857934653160001 10.78859019522 10.71874527186  
    10.64841770262 10.577625297400001 10.50638587574 10.43471724272  
    10.3626372227 10.290163615940001 10.217314251620001 10.14410693482  
    10.07055948026 9.99668970748 9.92251542156 9.84805444204  
    9.773324583640001 9.698343661080001 9.62312948426 9.547699867899999  
    9.47207263154 9.39626558026 9.32029652396 9.24418328218  
    9.16794365036 9.09159541912 9.01515634534 8.93864412806  
    8.862076312080001 8.78547014336 8.70884216414 8.632207436919998  
    8.55557772732 8.47895763844 8.402336069819999 8.3256676508  
    8.248832112739999 8.17154576972 8.093168911340001 8.012288829340001  
    7.925826454699999 7.82716641454 7.70244804212 7.524127852319997  
    7.243607573359995 6.7966283148399995 6.1543980574 5.41249635992  
    4.766678352832 4.335877899082 
  DENSITY_IMP_0 = 0.027621527950000002 0.027621527950000002  
    0.027579620420000003 0.027534789700000003 0.02748707274  
    0.02743650651 0.02738312796 0.02732697405 0.02726808174  
    0.02720648799 0.02714222975 0.02707534399 0.027005867670000003  
    0.02693383774 0.026859291150000002 0.02678226488 0.02670279588  
    0.0266209211 0.026536677510000002 0.026450102070000002  
    0.02636123172 0.02627010344 0.02617675418 0.026081220900000004  
    0.02598354055 0.025883750100000002 0.02578188651 0.02567798673  
    0.02557208772 0.02546422644 0.02535443985 0.025242764900000002  
    0.02512923857 0.025013897790000003 0.02489677955 0.02477792078  
    0.02465735845 0.024535129529999998 0.02441127096  
    0.024285819700000003 0.024158812730000003 0.024030286979999996  
    0.02390027943 0.023768827030000002 0.02363596674 0.02350173551  
    0.023366170319999997 0.023229308100000002 0.02309118584  
    0.022951840470000002 0.02281130897 0.022669628280000003  
    0.022526835380000002 0.02238296721 0.022238060730000002  
    0.02209215291 0.021945280700000003 0.02179748107 0.02164879096  
    0.02149924735 0.02134888717 0.021197747410000002 0.02104586501  
    0.02089327693 0.02074002014 0.02058613158 0.02043164822  
    0.02027660702 0.020121044940000003 0.019964998930000002  
    0.019808505949999996 0.01965160297 0.01949432693 0.01933671478  
    0.01917880349 0.01902062998 0.01886223116 0.01870364387  
    0.01854490483 0.018386050440000003 0.01822711648  
    0.018068137270000003 0.017909144059999996 0.017750161259999998  
    0.017591198420000002 0.01743223251 0.0172731694  
    0.017113759569999998 0.01695341446 0.01679080687 0.01662300587  
    0.01644362335 0.01623893447 0.01598018266 0.015610223759999993  
    0.01502823147999999 0.01410088862 0.012768460700000001  
    0.011229245560000002 0.009889374176 0.008995597301 
  DENSITY_TH = 26.654774471750002 26.654774471750002 26.6143337053  
    26.5710720605 26.5250251941 26.476228782150002 26.4247184814  
    26.37052995825 26.3136988791 26.25426091035 26.19225170875  
    26.12770695035 26.06066230155 25.9911534191 25.91921595975  
    25.844885609200002 25.7681980242 25.6891888615 25.60789379715  
    25.52434849755 25.4385886098 25.3506498196 25.2605677837  
    25.168378168500002 25.07411663075 24.9778188465 24.87952048215  
    24.77925719445 24.6770646498 24.572978514600003 24.467034455249998  
    24.359268128500002 24.249715220049996 24.138411367350002  
    24.025392265750003 23.9106935527 23.79435090425 23.67639999645  
    23.556876476400003 23.4358160105 23.31325428445 23.189226935699995  
    23.06376964995 22.93691808395 22.8087079041 22.67917476715  
    22.548354358799997 22.4162823165 22.2829943356 22.14852605355  
    22.012913156049997 21.8761912902 21.7383961417 21.59956335765  
    21.45972860445 21.31892755815 21.1771958755 21.034569232549998  
    20.8910832764 20.74677369275 20.60167611905 20.455826250650002  
    20.30925973465 20.16201223745 20.0141194351 19.8656169747  
    19.7165405323 19.566925774300003 19.416808367100003 19.26622396745  
    19.115208241749997 18.96379686605 18.81202548745 18.6599297627  
    18.50754536785 18.3549079307 18.2020530694 18.04901633455  
    17.89583316095 17.742538674600002 17.589167403199998 17.43575246555  
    17.282324017899995 17.1289056159 16.9755064753 16.822104372149997  
    16.668608471 16.51477798505 16.3600449539 16.20312862955  
    16.04120066455 15.868096532749998 15.670571763549999 15.4208762669  
    15.063865928399993 14.50224337819999 13.607357518299999  
    12.3215645755 10.8362219654 9.54324607984 8.680751395465 
  NI = 26.627152943800002 26.627152943800002 26.586754084880003  
    26.5435372708 26.497538121359998 26.448792275640002 26.39733535344  
    26.3432029842 26.286430797359998 26.22705442236 26.165109478999998  
    26.10063160636 26.03365643388 25.964219581360002 25.8923566686  
    25.81810334432 25.74149522832 25.6625679404 25.58135711964  
    25.49789839548 25.41222737808 25.32437971616 25.23439102952  
    25.142296947600002 25.0481330902 24.9519350964 24.85373859564  
    24.75357920772 24.651492562079998 24.547514288160002 24.4416800154  
    24.334025363600002 24.224585981479997 24.113397469560002  
    24.000495486200002 23.88591563192 23.7696935458 23.65186486692  
    23.53246520544 23.4115301908 23.28909547172 23.165196648719995  
    23.03986937052 22.91314925692 22.78507193736 22.65567303164  
    22.52498818848 22.3930530084 22.259903149760003 22.12557421308  
    21.99010184708 21.853521661920002 21.715869306320002 21.57718039044  
    21.43749054372 21.29683540524 21.155250594800002 21.01277175148  
    20.86943448544 20.7252744454 20.580327231880002 20.434628503240003  
    20.28821386964 20.14111896052 19.99337941496 19.84503084312  
    19.69610888408 19.546649167280002 19.396687322160002 19.24625896852  
    19.095399735799997 18.94414526308 18.79253116052 18.64059304792  
    18.48836656436 18.33588730072 18.18319083824 18.03031269068  
    17.87728825612 17.724152624160002 17.57094028672 17.41768432828  
    17.264414873839996 17.11115545464 16.95791527688 16.804672139639997  
    16.6513353016 16.497664225479998 16.34309153944 16.186337822680002  
    16.024577658680002 15.851652909399998 15.65433282908 15.40489608424  
    15.048255704639994 14.48721514671999 13.593256629679999  
    12.3087961148 10.82499271984 9.533356705664 8.671755798164 
  NZ = 0.027621527950000002 0.027621527950000002 0.027579620420000003  
    0.027534789700000003 0.02748707274 0.02743650651 0.02738312796  
    0.02732697405 0.02726808174 0.02720648799 0.02714222975  
    0.02707534399 0.027005867670000003 0.02693383774  
    0.026859291150000002 0.02678226488 0.02670279588 0.0266209211  
    0.026536677510000002 0.026450102070000002 0.02636123172  
    0.02627010344 0.02617675418 0.026081220900000004 0.02598354055  
    0.025883750100000002 0.02578188651 0.02567798673 0.02557208772  
    0.02546422644 0.02535443985 0.025242764900000002 0.02512923857  
    0.025013897790000003 0.02489677955 0.02477792078 0.02465735845  
    0.024535129529999998 0.02441127096 0.024285819700000003  
    0.024158812730000003 0.024030286979999996 0.02390027943  
    0.023768827030000002 0.02363596674 0.02350173551  
    0.023366170319999997 0.023229308100000002 0.02309118584  
    0.022951840470000002 0.02281130897 0.022669628280000003  
    0.022526835380000002 0.02238296721 0.022238060730000002  
    0.02209215291 0.021945280700000003 0.02179748107 0.02164879096  
    0.02149924735 0.02134888717 0.021197747410000002 0.02104586501  
    0.02089327693 0.02074002014 0.02058613158 0.02043164822  
    0.02027660702 0.020121044940000003 0.019964998930000002  
    0.019808505949999996 0.01965160297 0.01949432693 0.01933671478  
    0.01917880349 0.01902062998 0.01886223116 0.01870364387  
    0.01854490483 0.018386050440000003 0.01822711648  
    0.018068137270000003 0.017909144059999996 0.017750161259999998  
    0.017591198420000002 0.01743223251 0.0172731694  
    0.017113759569999998 0.01695341446 0.01679080687 0.01662300587  
    0.01644362335 0.01623893447 0.01598018266 0.015610223759999993  
    0.01502823147999999 0.01410088862 0.012768460700000001  
    0.011229245560000002 0.009889374176 0.008995597301 
  DENSITY_HE = 2.395023867660874 2.395023867660874 2.3794189842535793  
    2.362599273315763 2.344582882968367 2.3253879619098035  
    2.305032705948923 2.283535431574522 2.2609146277917107  
    2.2371890164331347 2.21237761332659 2.1864997976391063  
    2.1595753650781955 2.131624601482613 2.1026683440237695  
    2.072728063108104 2.0418259200145377 2.0099848501762145  
    1.9772286411097206 1.9435820122039797 1.909070694951399  
    1.87372153201897 1.8375625502229558 1.800623071382341  
    1.7629337943697199 1.7245269008238342 1.6854361525119521  
    1.64569698909611 1.6053466354872292 1.5644241931408944  
    1.5229707450033518 1.4810294456838566 1.4386456131041172  
    1.3958668049351577 1.3527429010901837 1.3093261510164347  
    1.2656712334152047 1.221835278582114 1.1778778778489603  
    1.1338610704748162 1.0898493042686697 1.045909354892444  
    1.0021102244468918 0.9585229892213818 0.915220616293698  
    0.8722777203310654 0.8297702861401851 0.7877753224871543  
    0.7463704873382178 0.705633630818602 0.6656423041513693  
    0.6264732134508909 0.5882016206442496 0.550900709133595  
    0.5146409096927824 0.4794892059622274 0.4455084224545779  
    0.4127565180400094 0.38128588958850584 0.351142715024806  
    0.3223663379103634 0.29498872893458783 0.26903402371643176  
    0.24451816797009532 0.22144867516929792 0.19982451074166876  
    0.17963611280860475 0.1608655494344523 0.14348681570997185  
    0.12746626309026404 0.11276315420444966 0.09933032715246712  
    0.08711495325407838 0.0760593683356252 0.06610195552636809  
    0.05717805500499786 0.049220880082196244 0.04216241550442795  
    0.03593427849193083 0.03046852476971676 0.02569838508803735  
    0.021558920569408755 0.017987589542076333 0.014924720342827907  
    0.012313888814172379 0.010102198799766367 0.008240465856274876  
    0.0066832992587791875 0.005389069621817554 0.004319727424465469  
    0.0034403926326003827 0.0027185463007032857 0.002122509256035612  
    0.0016188388720552338 0.001169455538711024 0.0007369468690094826  
    0.0003281638928530385 6.332802313743821e-05 2.059366846131837e-06  
    2.3445998678751583e-09 1.670153606086341e-15 
  _NZ_0 = 0.027621527950000002 0.027621527950000002  
    0.027579620420000003 0.027534789700000003 0.02748707274  
    0.02743650651 0.02738312796 0.02732697405 0.02726808174  
    0.02720648799 0.02714222975 0.02707534399 0.027005867670000003  
    0.02693383774 0.026859291150000002 0.02678226488 0.02670279588  
    0.0266209211 0.026536677510000002 0.026450102070000002  
    0.02636123172 0.02627010344 0.02617675418 0.026081220900000004  
    0.02598354055 0.025883750100000002 0.02578188651 0.02567798673  
    0.02557208772 0.02546422644 0.02535443985 0.025242764900000002  
    0.02512923857 0.025013897790000003 0.02489677955 0.02477792078  
    0.02465735845 0.024535129529999998 0.02441127096  
    0.024285819700000003 0.024158812730000003 0.024030286979999996  
    0.02390027943 0.023768827030000002 0.02363596674 0.02350173551  
    0.023366170319999997 0.023229308100000002 0.02309118584  
    0.022951840470000002 0.02281130897 0.022669628280000003  
    0.022526835380000002 0.02238296721 0.022238060730000002  
    0.02209215291 0.021945280700000003 0.02179748107 0.02164879096  
    0.02149924735 0.02134888717 0.021197747410000002 0.02104586501  
    0.02089327693 0.02074002014 0.02058613158 0.02043164822  
    0.02027660702 0.020121044940000003 0.019964998930000002  
    0.019808505949999996 0.01965160297 0.01949432693 0.01933671478  
    0.01917880349 0.01902062998 0.01886223116 0.01870364387  
    0.01854490483 0.018386050440000003 0.01822711648  
    0.018068137270000003 0.017909144059999996 0.017750161259999998  
    0.017591198420000002 0.01743223251 0.0172731694  
    0.017113759569999998 0.01695341446 0.01679080687 0.01662300587  
    0.01644362335 0.01623893447 0.01598018266 0.015610223759999993  
    0.01502823147999999 0.01410088862 0.012768460700000001  
    0.011229245560000002 0.009889374176 0.008995597301 
  PNBE = 0.0 
  PNBI = 0.0 
  PRFE = 4.560369921445038 
  PRFI = 28.235128800774937 
  PFUSE = 66.42922183623732 
  PFUSI = 21.3019950555102 
  PEI = 2.80799892992613 
  PRAD = -24.484901293923325 
  AREA = 270.1976934 
/


