@R RHO 101 []
0.000000e+00 1.000000e-02 2.000000e-02 3.000000e-02 4.000000e-02 
5.000000e-02 6.000000e-02 7.000000e-02 8.000000e-02 9.000000e-02 
1.000000e-01 1.100000e-01 1.200000e-01 1.300000e-01 1.400000e-01 
1.500000e-01 1.600000e-01 1.700000e-01 1.800000e-01 1.900000e-01 
2.000000e-01 2.100000e-01 2.200000e-01 2.300000e-01 2.400000e-01 
2.500000e-01 2.600000e-01 2.700000e-01 2.800000e-01 2.900000e-01 
3.000000e-01 3.100000e-01 3.200000e-01 3.300000e-01 3.400000e-01 
3.500000e-01 3.600000e-01 3.700000e-01 3.800000e-01 3.900000e-01 
4.000000e-01 4.100000e-01 4.200000e-01 4.300000e-01 4.400000e-01 
4.500000e-01 4.600000e-01 4.700000e-01 4.800000e-01 4.900000e-01 
5.000000e-01 5.100000e-01 5.200000e-01 5.300000e-01 5.400000e-01 
5.500000e-01 5.600000e-01 5.700000e-01 5.800000e-01 5.900000e-01 
6.000000e-01 6.100000e-01 6.200000e-01 6.300000e-01 6.400000e-01 
6.500000e-01 6.600000e-01 6.700000e-01 6.800000e-01 6.900000e-01 
7.000000e-01 7.100000e-01 7.200000e-01 7.300000e-01 7.400000e-01 
7.500000e-01 7.600000e-01 7.700000e-01 7.800000e-01 7.900000e-01 
8.000000e-01 8.100000e-01 8.200000e-01 8.300000e-01 8.400000e-01 
8.500000e-01 8.600000e-01 8.700000e-01 8.800000e-01 8.900000e-01 
9.000000e-01 9.100000e-01 9.200000e-01 9.300000e-01 9.400000e-01 
9.500000e-01 9.600000e-01 9.700000e-01 9.800000e-01 9.900000e-01 
1.000000e+00 
@R ENE 101 []
2.762153e+01 2.762153e+01 2.757962e+01 2.753479e+01 2.748707e+01 
2.743651e+01 2.738313e+01 2.732697e+01 2.726808e+01 2.720649e+01 
2.714223e+01 2.707534e+01 2.700587e+01 2.693384e+01 2.685929e+01 
2.678226e+01 2.670280e+01 2.662092e+01 2.653668e+01 2.645010e+01 
2.636123e+01 2.627010e+01 2.617675e+01 2.608122e+01 2.598354e+01 
2.588375e+01 2.578189e+01 2.567799e+01 2.557209e+01 2.546423e+01 
2.535444e+01 2.524276e+01 2.512924e+01 2.501390e+01 2.489678e+01 
2.477792e+01 2.465736e+01 2.453513e+01 2.441127e+01 2.428582e+01 
2.415881e+01 2.403029e+01 2.390028e+01 2.376883e+01 2.363597e+01 
2.350174e+01 2.336617e+01 2.322931e+01 2.309119e+01 2.295184e+01 
2.281131e+01 2.266963e+01 2.252684e+01 2.238297e+01 2.223806e+01 
2.209215e+01 2.194528e+01 2.179748e+01 2.164879e+01 2.149925e+01 
2.134889e+01 2.119775e+01 2.104587e+01 2.089328e+01 2.074002e+01 
2.058613e+01 2.043165e+01 2.027661e+01 2.012104e+01 1.996500e+01 
1.980851e+01 1.965160e+01 1.949433e+01 1.933671e+01 1.917880e+01 
1.902063e+01 1.886223e+01 1.870364e+01 1.854490e+01 1.838605e+01 
1.822712e+01 1.806814e+01 1.790914e+01 1.775016e+01 1.759120e+01 
1.743223e+01 1.727317e+01 1.711376e+01 1.695341e+01 1.679081e+01 
1.662301e+01 1.644362e+01 1.623893e+01 1.598018e+01 1.561022e+01 
1.502823e+01 1.410089e+01 1.276846e+01 1.122925e+01 9.889374e+00 
8.995597e+00 
@R TE 101 []
1.881354e+01 1.881354e+01 1.873889e+01 1.865814e+01 1.857140e+01 
1.847881e+01 1.838049e+01 1.827656e+01 1.816716e+01 1.805241e+01 
1.793243e+01 1.780736e+01 1.767733e+01 1.754245e+01 1.740285e+01 
1.725867e+01 1.711002e+01 1.695704e+01 1.679985e+01 1.663858e+01 
1.647335e+01 1.630430e+01 1.613155e+01 1.595522e+01 1.577544e+01 
1.559235e+01 1.540606e+01 1.521670e+01 1.502440e+01 1.482929e+01 
1.463149e+01 1.443113e+01 1.422834e+01 1.402325e+01 1.381597e+01 
1.360664e+01 1.339538e+01 1.318233e+01 1.296760e+01 1.275133e+01 
1.253363e+01 1.231465e+01 1.209450e+01 1.187331e+01 1.165121e+01 
1.142832e+01 1.120478e+01 1.098070e+01 1.075622e+01 1.053147e+01 
1.030656e+01 1.008162e+01 9.856794e+00 9.632192e+00 9.407947e+00 
9.184185e+00 8.961032e+00 8.738615e+00 8.517062e+00 8.296499e+00 
8.077052e+00 7.858849e+00 7.642017e+00 7.426681e+00 7.212969e+00 
7.001008e+00 6.790925e+00 6.582846e+00 6.376897e+00 6.173207e+00 
5.971901e+00 5.773107e+00 5.576950e+00 5.383559e+00 5.193059e+00 
5.005578e+00 4.821242e+00 4.640179e+00 4.462514e+00 4.288375e+00 
4.117888e+00 3.951180e+00 3.788379e+00 3.629609e+00 3.474999e+00 
3.324674e+00 3.178756e+00 3.037365e+00 2.900603e+00 2.768532e+00 
2.641098e+00 2.517932e+00 2.397805e+00 2.277149e+00 2.146230e+00 
1.980270e+00 1.725990e+00 1.315282e+00 7.838897e-01 3.389295e-01 
9.741752e-02 
@R TI 101 []
1.901366e+01 1.901366e+01 1.893812e+01 1.885639e+01 1.876861e+01 
1.867490e+01 1.857539e+01 1.847021e+01 1.835949e+01 1.824335e+01 
1.812193e+01 1.799535e+01 1.786373e+01 1.772722e+01 1.758594e+01 
1.744001e+01 1.728956e+01 1.713473e+01 1.697563e+01 1.681241e+01 
1.664518e+01 1.647408e+01 1.629923e+01 1.612076e+01 1.593881e+01 
1.575349e+01 1.556494e+01 1.537329e+01 1.517866e+01 1.498118e+01 
1.478098e+01 1.457819e+01 1.437294e+01 1.416536e+01 1.395556e+01 
1.374369e+01 1.352987e+01 1.331423e+01 1.309690e+01 1.287800e+01 
1.265767e+01 1.243603e+01 1.221321e+01 1.198933e+01 1.176454e+01 
1.153895e+01 1.131269e+01 1.108590e+01 1.085870e+01 1.063121e+01 
1.040357e+01 1.017591e+01 9.948355e+00 9.721030e+00 9.494065e+00 
9.267589e+00 9.041731e+00 8.816617e+00 8.592378e+00 8.369141e+00 
8.147035e+00 7.926188e+00 7.706727e+00 7.488783e+00 7.272482e+00 
7.057954e+00 6.845326e+00 6.634727e+00 6.426285e+00 6.220129e+00 
6.016387e+00 5.815187e+00 5.616658e+00 5.420928e+00 5.228125e+00 
5.038377e+00 4.851814e+00 4.668562e+00 4.488752e+00 4.312510e+00 
4.139966e+00 3.971247e+00 3.806482e+00 3.645800e+00 3.489327e+00 
3.337191e+00 3.189518e+00 3.046428e+00 2.908026e+00 2.774376e+00 
2.645432e+00 2.520839e+00 2.399397e+00 2.277607e+00 2.145870e+00 
1.979640e+00 1.725798e+00 1.315671e+00 7.839587e-01 3.386340e-01 
9.758685e-02 
@R FP 102 []
1.401546e-12 1.401546e-12 1.121695e-02 3.364580e-02 6.727797e-02 
1.121002e-01 1.680946e-01 2.352385e-01 3.135051e-01 4.028633e-01 
5.032777e-01 6.147087e-01 7.371136e-01 8.704400e-01 1.014645e+00 
1.169658e+00 1.335471e+00 1.511985e+00 1.699116e+00 1.896813e+00 
2.104943e+00 2.323494e+00 2.552363e+00 2.791430e+00 3.040622e+00 
3.299855e+00 3.569033e+00 3.848052e+00 4.136800e+00 4.435166e+00 
4.743040e+00 5.060305e+00 5.386842e+00 5.722533e+00 6.067257e+00 
6.420886e+00 6.783284e+00 7.154307e+00 7.533796e+00 7.921632e+00 
8.317696e+00 8.721787e+00 9.133752e+00 9.553487e+00 9.980769e+00 
1.041546e+01 1.085740e+01 1.130640e+01 1.176230e+01 1.222490e+01 
1.269403e+01 1.316951e+01 1.365113e+01 1.413873e+01 1.463208e+01 
1.513098e+01 1.563527e+01 1.614467e+01 1.665903e+01 1.717812e+01 
1.770170e+01 1.822955e+01 1.876149e+01 1.929724e+01 1.983657e+01 
2.037926e+01 2.092510e+01 2.147380e+01 2.202510e+01 2.257878e+01 
2.313459e+01 2.369228e+01 2.425154e+01 2.481213e+01 2.537377e+01 
2.593621e+01 2.649916e+01 2.706233e+01 2.762541e+01 2.818813e+01 
2.875018e+01 2.931129e+01 2.987112e+01 3.042933e+01 3.098562e+01 
3.153966e+01 3.209112e+01 3.263963e+01 3.318479e+01 3.372626e+01 
3.426366e+01 3.479658e+01 3.532455e+01 3.584715e+01 3.636385e+01 
3.687403e+01 3.737718e+01 3.787280e+01 3.836045e+01 3.883943e+01 
3.930830e+01 3.953665e+01 
@R CURPAR 102 []
3.055281e+00 3.055281e+00 3.055281e+00 3.054151e+00 3.052422e+00 
3.050102e+00 3.047198e+00 3.043714e+00 3.039648e+00 3.035003e+00 
3.029776e+00 3.023969e+00 3.017581e+00 3.010612e+00 3.003062e+00 
2.994932e+00 2.986221e+00 2.976929e+00 2.967057e+00 2.956604e+00 
2.945570e+00 2.933955e+00 2.921760e+00 2.908983e+00 2.895627e+00 
2.881689e+00 2.867171e+00 2.852072e+00 2.836392e+00 2.820131e+00 
2.803290e+00 2.785868e+00 2.767865e+00 2.749282e+00 2.730118e+00 
2.710373e+00 2.690047e+00 2.669141e+00 2.647654e+00 2.625586e+00 
2.602937e+00 2.579708e+00 2.555898e+00 2.531507e+00 2.506535e+00 
2.480983e+00 2.454850e+00 2.428137e+00 2.400842e+00 2.372967e+00 
2.344511e+00 2.315474e+00 2.285857e+00 2.255659e+00 2.224880e+00 
2.193520e+00 2.161580e+00 2.129059e+00 2.095957e+00 2.062275e+00 
2.028011e+00 1.993167e+00 1.957743e+00 1.921737e+00 1.885151e+00 
1.847984e+00 1.810237e+00 1.771908e+00 1.732999e+00 1.693509e+00 
1.653439e+00 1.612787e+00 1.571555e+00 1.529743e+00 1.487349e+00 
1.444375e+00 1.400820e+00 1.356684e+00 1.311968e+00 1.266670e+00 
1.220793e+00 1.174334e+00 1.127295e+00 1.079674e+00 1.031474e+00 
9.826920e-01 9.333297e-01 8.833866e-01 8.328629e-01 7.817584e-01 
7.300731e-01 6.778072e-01 6.249604e-01 5.715330e-01 5.175248e-01 
4.629359e-01 4.077663e-01 3.520159e-01 2.965922e-01 2.469395e-01 
2.157614e-01 2.157614e-01 
