 19-Aug-25 07/09/2014
     1               1
  0.000000000E+00
*   0.000             1               0 MAR   3   2 CLC    40   41
  0.000000000E+00 0.170000000E+03 0.200000000E+01 0.679320679E+06
  0.679320679E+06 0.172117550E+03 0.857940178E+00 0.413483194E+02
  0.133787328E+01-0.342168074E+00-0.310047663E+00 0.769545538E+07
  0.175869561E+03 0.184536978E+01 0.226934969E+01 0.851822641E+00
  0.425326017E+00 0.863987942E+00 0.100000000E+11 0.107099573E+02
  0.100000000E+11 0.100000000E+11 0.199182736E+01-0.124184389E+01
  0.767434804E+02 0.106340599E+03 0.514574243E+02
  0.000000000E+00 0.000000000E+00 0.000000000E+00
  0.825082266E+02 0.794926559E+02
  0.000000000E+00 0.000000000E+00
  0.163662037E+01 0.279555072E+00 0.200969098E+01 0.705334661E+00
  0.763086417E+00 0.218222165E+01-0.500000000E+02-0.500000000E+02
 -0.500000000E+02 0.304208603E+00 0.701158789E+04 0.152666029E+06
  0.792484827E-04 0.128551804E+01 0.953650920E+00 0.803966656E-02
  0.127423978E+01 0.172656836E+03 0.000000000E+00 0.000000000E+00
 -0.999000000E+03-0.999000000E+03-0.999000000E+03-0.999000000E+03
 -0.100000000E+03-0.500000000E+02 0.194605143E+01 0.191574172E+01
  0.915909099E+01 0.399108852E+02 0.100000000E+03 0.107099573E+02
  0.177476951E+03 0.209620646E+01 0.468113836E+00 0.000000000E+00
  0.999333855E+00 0.200141814E+01 0.358699738E+06 0.000000000E+00
  0.000000000E+00 0.000000000E+00 0.850116322E+00 0.100000000E+02
    44   60   18    6
  0.171797189E+00 0.132035391E+00 0.186225036E+00 0.154695259E+00
  0.726836880E-01-0.138067750E-01 0.545667222E+00-0.622521274E-01
 -0.467271713E+00 0.243190882E+00 0.137735831E+00 0.120852637E-01
 -0.438636837E-01-0.672353027E-01-0.827001656E-01 0.557502826E+00
 -0.691564917E-01 0.151087532E-01 0.215860625E+00 0.152941547E+00
  0.161497398E+00 0.168963271E+00 0.105567066E+00 0.270099036E-01
 -0.330932686E+00 0.405411078E+00 0.434512186E+00 0.322102580E-01
  0.824446126E-01 0.200014008E+00 0.776939798E-01-0.138500905E-01
 -0.469375156E-01-0.573928974E-01 0.121102110E+00 0.482424409E+00
  0.470852856E+00-0.420393183E-01 0.283762306E-01-0.176806976E-01
  0.172588356E-01 0.249562822E-01 0.751736627E-01 0.138261839E+00
  0.111241354E+00 0.249832888E+00 0.250394472E+00-0.148308234E+00
 -0.256652675E+00-0.439949822E-01 0.283020458E+00 0.637001369E+00
  0.293612036E+00-0.158616928E+00-0.333815360E+00-0.888791506E-01
  0.230364094E+00 0.315055344E+00 0.250585672E+00-0.389937210E-01
  0.135646456E+00 0.273741376E+00 0.197239035E+00 0.201130755E+00
  0.197915431E+00 0.188139018E+00 0.244996476E+00-0.105331934E+00
 -0.311994399E+00-0.285057824E+00-0.612689217E-01 0.296624633E+00
  0.354879440E+00 0.261349389E+00 0.389274190E+00 0.764655032E+00
  0.305946788E+00 0.408473330E-01-0.195092694E+00-0.270368261E+00
 -0.708417042E-01 0.862500622E-01 0.313736928E+00 0.248363079E+00
  0.356781739E+00 0.106221454E+00-0.599971701E-01-0.248376832E+00
 -0.304579501E+00-0.106014481E+00 0.241874795E+00 0.188741877E+00
  0.196948606E+00 0.201472908E+00 0.194150307E+00 0.270646071E+00
  0.137403720E+00-0.352515251E-01 0.114045372E+00 0.249747438E+00
  0.252568090E+00-0.133468566E+00-0.261917672E+00-0.423069759E-01
  0.221538356E+05-0.658019213E+05 0.252417317E+06 0.248538186E+06
  0.110357297E+06-0.308800938E+06 0.616639458E+06-0.389345694E+05
 -0.774818281E+06 0.349085622E+06 0.749109103E+05-0.134434328E+06
 -0.122171032E+06-0.103707820E+06-0.409397052E+06 0.557228612E+06
 -0.119840548E+06-0.128981318E+06
  0.000000000E+00 0.000000000E+00 0.000000000E+00 0.000000000E+00
  0.000000000E+00 0.000000000E+00
  0.000000000E+00 0.000000000E+00 0.000000000E+00 0.000000000E+00
  0.000000000E+00 0.000000000E+00 0.000000000E+00 0.000000000E+00
  0.000000000E+00 0.000000000E+00 0.551343812E+02 0.000000000E+00
  0.231521035E+00 0.194882825E+00 0.400000006E+02-0.133621508E+00
 -0.112506426E+01 0.000000000E+00 0.999000000E+03 0.191833475E+01
 -0.100000000E+02 0.953650920E+00 0.000000000E+00 0.488633356E-01
 -0.100000000E+02 0.000000000E+00 0.218509592E+01 0.000000000E+00
  0.135162576E+00 0.222940078E+01 0.130769231E+01 0.213240649E+01
  0.335998955E+02 0.394908691E+01-0.890000000E+02-0.890000000E+02
 -0.890000000E+02-0.890000000E+02-0.890000000E+02-0.890000000E+02
 -0.890000000E+02-0.890000000E+02-0.890000000E+02-0.890000000E+02
 -0.890000000E+02-0.890000000E+02-0.890000000E+02-0.890000000E+02
 -0.890000000E+02 0.000000000E+00 0.714895292E+00 0.952481952E+00
  0.141039226E+03 0.184937500E+03 0.000000000E+00 0.828537492E+00
  0.100000000E+01 0.000000000E+00 0.000000000E+00 0.000000000E+00
                                            EQG
