@I NRHO 1 []
101
@R RHOB 1 []
1.382081e+00
@R RHO 101 []
0.000000e+00 1.000000e-02 2.000000e-02 3.000000e-02 4.000000e-02 
5.000000e-02 6.000000e-02 7.000000e-02 8.000000e-02 9.000000e-02 
1.000000e-01 1.100000e-01 1.200000e-01 1.300000e-01 1.400000e-01 
1.500000e-01 1.600000e-01 1.700000e-01 1.800000e-01 1.900000e-01 
2.000000e-01 2.100000e-01 2.200000e-01 2.300000e-01 2.400000e-01 
2.500000e-01 2.600000e-01 2.700000e-01 2.800000e-01 2.900000e-01 
3.000000e-01 3.100000e-01 3.200000e-01 3.300000e-01 3.400000e-01 
3.500000e-01 3.600000e-01 3.700000e-01 3.800000e-01 3.900000e-01 
4.000000e-01 4.100000e-01 4.200000e-01 4.300000e-01 4.400000e-01 
4.500000e-01 4.600000e-01 4.700000e-01 4.800000e-01 4.900000e-01 
5.000000e-01 5.100000e-01 5.200000e-01 5.300000e-01 5.400000e-01 
5.500000e-01 5.600000e-01 5.700000e-01 5.800000e-01 5.900000e-01 
6.000000e-01 6.100000e-01 6.200000e-01 6.300000e-01 6.400000e-01 
6.500000e-01 6.600000e-01 6.700000e-01 6.800000e-01 6.900000e-01 
7.000000e-01 7.100000e-01 7.200000e-01 7.300000e-01 7.400000e-01 
7.500000e-01 7.600000e-01 7.700000e-01 7.800000e-01 7.900000e-01 
8.000000e-01 8.100000e-01 8.200000e-01 8.300000e-01 8.400000e-01 
8.500000e-01 8.600000e-01 8.700000e-01 8.800000e-01 8.900000e-01 
9.000000e-01 9.100000e-01 9.200000e-01 9.300000e-01 9.400000e-01 
9.500000e-01 9.600000e-01 9.700000e-01 9.800000e-01 9.900000e-01 
1.000000e+00 
@R VOLP 101 []
0.000000e+00 2.689323e+00 5.378401e+00 8.066992e+00 1.075485e+01 
1.344174e+01 1.612743e+01 1.881168e+01 2.149428e+01 2.417501e+01 
2.685365e+01 2.953001e+01 3.220390e+01 3.487512e+01 3.754352e+01 
4.020892e+01 4.287117e+01 4.553014e+01 4.818569e+01 5.083770e+01 
5.348605e+01 5.613066e+01 5.877144e+01 6.140828e+01 6.404113e+01 
6.666991e+01 6.929455e+01 7.191503e+01 7.453131e+01 7.714336e+01 
7.975109e+01 8.235442e+01 8.495326e+01 8.754751e+01 9.013709e+01 
9.272192e+01 9.530190e+01 9.787695e+01 1.004470e+02 1.030119e+02 
1.055716e+02 1.081261e+02 1.106751e+02 1.132187e+02 1.157567e+02 
1.182890e+02 1.208156e+02 1.233363e+02 1.258511e+02 1.283599e+02 
1.308625e+02 1.333589e+02 1.358491e+02 1.383328e+02 1.408101e+02 
1.432809e+02 1.457450e+02 1.482024e+02 1.506531e+02 1.530970e+02 
1.555341e+02 1.579642e+02 1.603875e+02 1.628037e+02 1.652131e+02 
1.676155e+02 1.700110e+02 1.723997e+02 1.747816e+02 1.771569e+02 
1.795256e+02 1.818880e+02 1.842443e+02 1.865948e+02 1.889397e+02 
1.912795e+02 1.936146e+02 1.959456e+02 1.982731e+02 2.005979e+02 
2.029209e+02 2.052432e+02 2.075664e+02 2.098919e+02 2.122216e+02 
2.145571e+02 2.169005e+02 2.192544e+02 2.216227e+02 2.240106e+02 
2.264251e+02 2.288746e+02 2.313655e+02 2.338941e+02 2.364257e+02 
2.388750e+02 2.411328e+02 2.431804e+02 2.452637e+02 2.478838e+02 
2.513510e+02 
@R IPOL 101 []
1.009957e+00 1.009956e+00 1.009955e+00 1.009953e+00 1.009950e+00 
1.009945e+00 1.009939e+00 1.009932e+00 1.009923e+00 1.009912e+00 
1.009899e+00 1.009884e+00 1.009867e+00 1.009847e+00 1.009823e+00 
1.009797e+00 1.009767e+00 1.009734e+00 1.009696e+00 1.009655e+00 
1.009608e+00 1.009557e+00 1.009500e+00 1.009439e+00 1.009372e+00 
1.009298e+00 1.009220e+00 1.009134e+00 1.009043e+00 1.008945e+00 
1.008841e+00 1.008730e+00 1.008613e+00 1.008490e+00 1.008361e+00 
1.008226e+00 1.008085e+00 1.007940e+00 1.007789e+00 1.007632e+00 
1.007472e+00 1.007306e+00 1.007136e+00 1.006962e+00 1.006784e+00 
1.006603e+00 1.006418e+00 1.006230e+00 1.006039e+00 1.005845e+00 
1.005649e+00 1.005451e+00 1.005251e+00 1.005050e+00 1.004847e+00 
1.004644e+00 1.004440e+00 1.004235e+00 1.004031e+00 1.003826e+00 
1.003623e+00 1.003420e+00 1.003218e+00 1.003018e+00 1.002819e+00 
1.002623e+00 1.002429e+00 1.002237e+00 1.002048e+00 1.001863e+00 
1.001681e+00 1.001503e+00 1.001329e+00 1.001159e+00 1.000993e+00 
1.000833e+00 1.000677e+00 1.000527e+00 1.000382e+00 1.000243e+00 
1.000110e+00 9.999834e-01 9.998629e-01 9.997489e-01 9.996415e-01 
9.995411e-01 9.994476e-01 9.993614e-01 9.992826e-01 9.992114e-01 
9.991485e-01 9.990949e-01 9.990529e-01 9.990275e-01 9.990292e-01 
9.990771e-01 9.991961e-01 9.993956e-01 9.996401e-01 9.998584e-01 
9.999756e-01 
@R G11 101 []
0.000000e+00 2.698898e+00 5.398188e+00 8.097747e+00 1.079773e+01 
1.349841e+01 1.619996e+01 1.890253e+01 2.160623e+01 2.431120e+01 
2.701755e+01 2.972522e+01 3.243558e+01 3.514551e+01 3.786062e+01 
4.056558e+01 4.328052e+01 4.600185e+01 4.872025e+01 5.145522e+01 
5.417608e+01 5.690425e+01 5.964376e+01 6.238139e+01 6.511917e+01 
6.785974e+01 7.060414e+01 7.335334e+01 7.610668e+01 7.886300e+01 
8.162291e+01 8.438689e+01 8.715390e+01 8.992361e+01 9.269714e+01 
9.547571e+01 9.826087e+01 1.010566e+02 1.038513e+02 1.066434e+02 
1.094539e+02 1.122713e+02 1.150802e+02 1.179112e+02 1.207434e+02 
1.235775e+02 1.264292e+02 1.292797e+02 1.321439e+02 1.350168e+02 
1.378934e+02 1.407884e+02 1.436835e+02 1.465951e+02 1.495206e+02 
1.524450e+02 1.554003e+02 1.583540e+02 1.613199e+02 1.643151e+02 
1.673150e+02 1.703228e+02 1.733600e+02 1.764179e+02 1.794823e+02 
1.825649e+02 1.856786e+02 1.888165e+02 1.919707e+02 1.951443e+02 
1.983483e+02 2.015888e+02 2.048567e+02 2.081528e+02 2.114791e+02 
2.148420e+02 2.182522e+02 2.217070e+02 2.252031e+02 2.287460e+02 
2.323375e+02 2.359939e+02 2.397207e+02 2.435115e+02 2.473737e+02 
2.513155e+02 2.553655e+02 2.595327e+02 2.638086e+02 2.682007e+02 
2.727438e+02 2.774589e+02 2.823534e+02 2.875293e+02 2.930895e+02 
2.990663e+02 3.055308e+02 3.124557e+02 3.198353e+02 3.279686e+02 
3.373345e+02 
@R G22 101 []
0.000000e+00 1.373309e-02 2.746832e-02 4.120522e-02 5.494472e-02 
6.868832e-02 8.243715e-02 9.619206e-02 1.099538e-01 1.237233e-01 
1.375012e-01 1.512875e-01 1.650894e-01 1.788912e-01 1.927217e-01 
2.065031e-01 2.203381e-01 2.342088e-01 2.480679e-01 2.620151e-01 
2.758943e-01 2.898152e-01 3.037984e-01 3.177768e-01 3.317614e-01 
3.457657e-01 3.597955e-01 3.738560e-01 3.879443e-01 4.020549e-01 
4.161910e-01 4.303552e-01 4.445423e-01 4.587508e-01 4.729866e-01 
4.872560e-01 5.015671e-01 5.159404e-01 5.303168e-01 5.446883e-01 
5.591626e-01 5.736806e-01 5.881646e-01 6.027699e-01 6.173904e-01 
6.320305e-01 6.467689e-01 6.615110e-01 6.763325e-01 6.912080e-01 
7.061118e-01 7.211189e-01 7.361362e-01 7.512476e-01 7.664395e-01 
7.816352e-01 7.969984e-01 8.123622e-01 8.277978e-01 8.433930e-01 
8.590202e-01 8.746971e-01 8.905325e-01 9.064826e-01 9.224735e-01 
9.385653e-01 9.548239e-01 9.712128e-01 9.876917e-01 1.004276e+00 
1.021021e+00 1.037958e+00 1.055039e+00 1.072268e+00 1.089655e+00 
1.107230e+00 1.125049e+00 1.143096e+00 1.161352e+00 1.179845e+00 
1.198583e+00 1.217649e+00 1.237070e+00 1.256813e+00 1.276913e+00 
1.297405e+00 1.318428e+00 1.340024e+00 1.362152e+00 1.384861e+00 
1.408349e+00 1.432730e+00 1.458013e+00 1.484612e+00 1.512796e+00 
1.542297e+00 1.573041e+00 1.604915e+00 1.638867e+00 1.678006e+00 
1.725389e+00 
@R G33 101 []
9.140125e-01 9.140270e-01 9.140702e-01 9.141418e-01 9.142421e-01 
9.143708e-01 9.145276e-01 9.147124e-01 9.149251e-01 9.151650e-01 
9.154321e-01 9.157260e-01 9.160461e-01 9.163922e-01 9.167638e-01 
9.171603e-01 9.175813e-01 9.180264e-01 9.184948e-01 9.189861e-01 
9.194998e-01 9.200352e-01 9.205917e-01 9.211690e-01 9.217663e-01 
9.223832e-01 9.230193e-01 9.236737e-01 9.243458e-01 9.250351e-01 
9.257415e-01 9.264648e-01 9.272052e-01 9.279624e-01 9.287363e-01 
9.295270e-01 9.303342e-01 9.311579e-01 9.319978e-01 9.328541e-01 
9.337266e-01 9.346150e-01 9.355194e-01 9.364396e-01 9.373754e-01 
9.383268e-01 9.392937e-01 9.402758e-01 9.412730e-01 9.422852e-01 
9.433121e-01 9.443536e-01 9.454094e-01 9.464795e-01 9.475633e-01 
9.486608e-01 9.497717e-01 9.508955e-01 9.520320e-01 9.531808e-01 
9.543414e-01 9.555133e-01 9.566961e-01 9.578892e-01 9.590919e-01 
9.603035e-01 9.615232e-01 9.627502e-01 9.639834e-01 9.652218e-01 
9.664642e-01 9.677091e-01 9.689551e-01 9.702003e-01 9.714429e-01 
9.726806e-01 9.739108e-01 9.751309e-01 9.763378e-01 9.775279e-01 
9.786967e-01 9.798392e-01 9.809491e-01 9.820195e-01 9.830432e-01 
9.840132e-01 9.849222e-01 9.857592e-01 9.865088e-01 9.871503e-01 
9.876547e-01 9.879890e-01 9.881275e-01 9.880845e-01 9.879967e-01 
9.881929e-01 9.890854e-01 9.907374e-01 9.921996e-01 9.915457e-01 
9.876972e-01 
@R GRADRHO 101 []
1.006482e+00 9.970361e-01 9.970879e-01 9.971423e-01 9.972108e-01 
9.973004e-01 9.974130e-01 9.975455e-01 9.976958e-01 9.978646e-01 
9.980506e-01 9.982507e-01 9.984845e-01 9.987011e-01 9.989800e-01 
9.991218e-01 9.993853e-01 9.997109e-01 9.999939e-01 1.000431e+00 
1.000717e+00 1.001062e+00 1.001492e+00 1.001890e+00 1.002277e+00 
1.002673e+00 1.003085e+00 1.003518e+00 1.003965e+00 1.004418e+00 
1.004879e+00 1.005351e+00 1.005828e+00 1.006305e+00 1.006791e+00 
1.007290e+00 1.007810e+00 1.008368e+00 1.008906e+00 1.009417e+00 
1.010000e+00 1.010598e+00 1.011143e+00 1.011768e+00 1.012381e+00 
1.012986e+00 1.013645e+00 1.014282e+00 1.014954e+00 1.015640e+00 
1.016321e+00 1.017049e+00 1.017757e+00 1.018502e+00 1.019272e+00 
1.020016e+00 1.020838e+00 1.021630e+00 1.022435e+00 1.023306e+00 
1.024162e+00 1.025013e+00 1.025921e+00 1.026856e+00 1.027775e+00 
1.028709e+00 1.029692e+00 1.030700e+00 1.031709e+00 1.032723e+00 
1.033768e+00 1.034854e+00 1.035954e+00 1.037063e+00 1.038182e+00 
1.039320e+00 1.040496e+00 1.041694e+00 1.042899e+00 1.044114e+00 
1.045332e+00 1.046578e+00 1.047852e+00 1.049121e+00 1.050385e+00 
1.051637e+00 1.052913e+00 1.054202e+00 1.055460e+00 1.056672e+00 
1.057869e+00 1.059027e+00 1.060069e+00 1.061096e+00 1.062315e+00 
1.064052e+00 1.066855e+00 1.070767e+00 1.074678e+00 1.076571e+00 
1.075555e+00 
@R AREA 101 []
0.000000e+00 2.681587e+00 5.362989e+00 8.044203e+00 1.072518e+01 
1.340588e+01 1.608620e+01 1.876607e+01 2.144542e+01 2.412418e+01 
2.680229e+01 2.947970e+01 3.215634e+01 3.483213e+01 3.750711e+01 
4.018113e+01 4.285465e+01 4.552685e+01 4.819824e+01 5.086827e+01 
5.353712e+01 5.620496e+01 5.887149e+01 6.153670e+01 6.420066e+01 
6.686339e+01 6.952487e+01 7.218507e+01 7.484396e+01 7.750154e+01 
8.015783e+01 8.281283e+01 8.546653e+01 8.811898e+01 9.077019e+01 
9.342016e+01 9.606890e+01 9.871635e+01 1.013625e+02 1.040076e+02 
1.066514e+02 1.092940e+02 1.119355e+02 1.145759e+02 1.172151e+02 
1.198533e+02 1.224904e+02 1.251265e+02 1.277616e+02 1.303958e+02 
1.330291e+02 1.356615e+02 1.382931e+02 1.409241e+02 1.435543e+02 
1.461840e+02 1.488131e+02 1.514418e+02 1.540702e+02 1.566983e+02 
1.593262e+02 1.619542e+02 1.645823e+02 1.672106e+02 1.698394e+02 
1.724688e+02 1.750989e+02 1.777301e+02 1.803624e+02 1.829962e+02 
1.856318e+02 1.882694e+02 1.909094e+02 1.935521e+02 1.961980e+02 
1.988475e+02 2.015011e+02 2.041594e+02 2.068229e+02 2.094924e+02 
2.121688e+02 2.148528e+02 2.175455e+02 2.202479e+02 2.229614e+02 
2.256876e+02 2.284281e+02 2.311848e+02 2.339602e+02 2.367568e+02 
2.395779e+02 2.424272e+02 2.453095e+02 2.482306e+02 2.511966e+02 
2.542127e+02 2.572798e+02 2.603952e+02 2.635610e+02 2.668023e+02 
2.701802e+02 
@R A 101 []
0.000000e+00 1.224373e-02 2.448712e-02 3.673051e-02 4.897394e-02 
6.121713e-02 7.346025e-02 8.570330e-02 9.794615e-02 1.101889e-01 
1.224314e-01 1.346736e-01 1.469157e-01 1.591573e-01 1.713988e-01 
1.836399e-01 1.958827e-01 2.081235e-01 2.203649e-01 2.326045e-01 
2.448430e-01 2.570814e-01 2.693183e-01 2.815536e-01 2.937876e-01 
3.060205e-01 3.182519e-01 3.304816e-01 3.427096e-01 3.549355e-01 
3.671593e-01 3.793807e-01 3.915998e-01 4.038163e-01 4.160303e-01 
4.282415e-01 4.404498e-01 4.526548e-01 4.648562e-01 4.770544e-01 
4.892492e-01 5.014397e-01 5.136263e-01 5.258091e-01 5.379868e-01 
5.501606e-01 5.623292e-01 5.744929e-01 5.866513e-01 5.988043e-01 
6.109515e-01 6.230929e-01 6.352278e-01 6.473566e-01 6.594782e-01 
6.715932e-01 6.837007e-01 6.958003e-01 7.078924e-01 7.199760e-01 
7.320508e-01 7.441168e-01 7.561736e-01 7.682203e-01 7.802569e-01 
7.922831e-01 8.042984e-01 8.163020e-01 8.282935e-01 8.402728e-01 
8.522392e-01 8.641920e-01 8.761305e-01 8.880542e-01 8.999626e-01 
9.118550e-01 9.237306e-01 9.355884e-01 9.474277e-01 9.592475e-01 
9.710471e-01 9.828254e-01 9.945808e-01 1.006312e+00 1.018018e+00 
1.029698e+00 1.041348e+00 1.052969e+00 1.064556e+00 1.076108e+00 
1.087622e+00 1.099093e+00 1.110519e+00 1.121898e+00 1.133225e+00 
1.144498e+00 1.155734e+00 1.166976e+00 1.178247e+00 1.189465e+00 
1.200517e+00 
@R RTOR 101 []
4.759215e+00 4.759193e+00 4.759129e+00 4.759022e+00 4.758872e+00 
4.758680e+00 4.758445e+00 4.758168e+00 4.757849e+00 4.757488e+00 
4.757085e+00 4.756641e+00 4.756157e+00 4.755632e+00 4.755066e+00 
4.754461e+00 4.753816e+00 4.753133e+00 4.752411e+00 4.751650e+00 
4.750853e+00 4.750018e+00 4.749147e+00 4.748239e+00 4.747296e+00 
4.746318e+00 4.745305e+00 4.744258e+00 4.743177e+00 4.742063e+00 
4.740916e+00 4.739737e+00 4.738527e+00 4.737284e+00 4.736009e+00 
4.734704e+00 4.733367e+00 4.731999e+00 4.730600e+00 4.729170e+00 
4.727710e+00 4.726219e+00 4.724696e+00 4.723144e+00 4.721560e+00 
4.719946e+00 4.718301e+00 4.716624e+00 4.714917e+00 4.713179e+00 
4.711410e+00 4.709610e+00 4.707778e+00 4.705915e+00 4.704020e+00 
4.702093e+00 4.700134e+00 4.698143e+00 4.696120e+00 4.694063e+00 
4.691974e+00 4.689852e+00 4.687697e+00 4.685507e+00 4.683284e+00 
4.681026e+00 4.678734e+00 4.676407e+00 4.674044e+00 4.671645e+00 
4.669210e+00 4.666738e+00 4.664229e+00 4.661683e+00 4.659098e+00 
4.656474e+00 4.653811e+00 4.651109e+00 4.648366e+00 4.645582e+00 
4.642756e+00 4.639888e+00 4.636976e+00 4.634021e+00 4.631022e+00 
4.627977e+00 4.624887e+00 4.621750e+00 4.618566e+00 4.615333e+00 
4.612052e+00 4.608722e+00 4.605341e+00 4.601908e+00 4.598421e+00 
4.594877e+00 4.591248e+00 4.587479e+00 4.583531e+00 4.579468e+00 
4.575374e+00 
@R SHIFT 101 []
2.092149e-01 2.091933e-01 2.091288e-01 2.090218e-01 2.088721e-01 
2.086796e-01 2.084448e-01 2.081678e-01 2.078486e-01 2.074877e-01 
2.070852e-01 2.066415e-01 2.061568e-01 2.056317e-01 2.050662e-01 
2.044610e-01 2.038164e-01 2.031328e-01 2.024106e-01 2.016505e-01 
2.008528e-01 2.000179e-01 1.991466e-01 1.982391e-01 1.972960e-01 
1.963178e-01 1.953049e-01 1.942578e-01 1.931771e-01 1.920631e-01 
1.909165e-01 1.897375e-01 1.885265e-01 1.872837e-01 1.860094e-01 
1.847038e-01 1.833669e-01 1.819990e-01 1.806002e-01 1.791704e-01 
1.777098e-01 1.762185e-01 1.746965e-01 1.731436e-01 1.715601e-01 
1.699457e-01 1.683005e-01 1.666244e-01 1.649174e-01 1.631794e-01 
1.614102e-01 1.596098e-01 1.577780e-01 1.559146e-01 1.540197e-01 
1.520929e-01 1.501341e-01 1.481430e-01 1.461196e-01 1.440635e-01 
1.419745e-01 1.398523e-01 1.376967e-01 1.355075e-01 1.332841e-01 
1.310264e-01 1.287340e-01 1.264066e-01 1.240437e-01 1.216450e-01 
1.192099e-01 1.167381e-01 1.142292e-01 1.116826e-01 1.090978e-01 
1.064743e-01 1.038115e-01 1.011089e-01 9.836580e-02 9.558166e-02 
9.275580e-02 8.988752e-02 8.697618e-02 8.402112e-02 8.102167e-02 
7.797711e-02 7.488673e-02 7.174982e-02 6.856554e-02 6.533316e-02 
6.205214e-02 5.872197e-02 5.534120e-02 5.190822e-02 4.842128e-02 
4.487728e-02 4.124850e-02 3.747872e-02 3.353104e-02 2.946764e-02 
2.537415e-02 
@R ELONG 101 []
1.320455e+00 1.320445e+00 1.320417e+00 1.320392e+00 1.320365e+00 
1.320348e+00 1.320324e+00 1.320292e+00 1.320258e+00 1.320222e+00 
1.320182e+00 1.320140e+00 1.320095e+00 1.320049e+00 1.320002e+00 
1.319953e+00 1.319904e+00 1.319855e+00 1.319807e+00 1.319760e+00 
1.319715e+00 1.319672e+00 1.319632e+00 1.319596e+00 1.319564e+00 
1.319536e+00 1.319515e+00 1.319499e+00 1.319490e+00 1.319488e+00 
1.319494e+00 1.319508e+00 1.319531e+00 1.319564e+00 1.319606e+00 
1.319658e+00 1.319720e+00 1.319793e+00 1.319877e+00 1.319972e+00 
1.320078e+00 1.320197e+00 1.320327e+00 1.320470e+00 1.320626e+00 
1.320795e+00 1.320978e+00 1.321175e+00 1.321387e+00 1.321613e+00 
1.321855e+00 1.322112e+00 1.322386e+00 1.322677e+00 1.322986e+00 
1.323313e+00 1.323659e+00 1.324025e+00 1.324411e+00 1.324818e+00 
1.325248e+00 1.325700e+00 1.326177e+00 1.326679e+00 1.327207e+00 
1.327763e+00 1.328348e+00 1.328963e+00 1.329611e+00 1.330292e+00 
1.331009e+00 1.331764e+00 1.332559e+00 1.333396e+00 1.334279e+00 
1.335210e+00 1.336192e+00 1.337229e+00 1.338325e+00 1.339485e+00 
1.340714e+00 1.342016e+00 1.343399e+00 1.344871e+00 1.346438e+00 
1.348111e+00 1.349901e+00 1.351820e+00 1.353881e+00 1.356100e+00 
1.358495e+00 1.361094e+00 1.363929e+00 1.367051e+00 1.370509e+00 
1.374311e+00 1.378389e+00 1.382628e+00 1.387050e+00 1.392004e+00 
1.398012e+00 
@R TRIAG 101 []
0.000000e+00 2.924216e-02 2.702723e-02 2.481841e-02 2.259785e-02 
2.036467e-02 1.812257e-02 1.586859e-02 1.360152e-02 1.132206e-02 
9.028582e-03 6.719795e-03 4.395889e-03 2.055295e-03 -3.038070e-04 
-2.681549e-03 -5.079193e-03 -7.497384e-03 -9.937102e-03 -1.239874e-02 
-1.488361e-02 -1.739237e-02 -1.992560e-02 -2.248441e-02 -2.506949e-02 
-2.768167e-02 -3.032211e-02 -3.299164e-02 -3.569097e-02 -3.842084e-02 
-4.118169e-02 -4.397414e-02 -4.679922e-02 -4.965784e-02 -5.255049e-02 
-5.547782e-02 -5.844070e-02 -6.143985e-02 -6.447601e-02 -6.755029e-02 
-7.066362e-02 -7.381687e-02 -7.701122e-02 -8.024785e-02 -8.352762e-02 
-8.685221e-02 -9.022259e-02 -9.364023e-02 -9.710654e-02 -1.006232e-01 
-1.041917e-01 -1.078138e-01 -1.114913e-01 -1.152266e-01 -1.190226e-01 
-1.228819e-01 -1.268065e-01 -1.307988e-01 -1.348614e-01 -1.389965e-01 
-1.432070e-01 -1.474958e-01 -1.518661e-01 -1.563208e-01 -1.608636e-01 
-1.654984e-01 -1.702290e-01 -1.750597e-01 -1.799952e-01 -1.850408e-01 
-1.902020e-01 -1.954849e-01 -2.008962e-01 -2.064435e-01 -2.121350e-01 
-2.179796e-01 -2.239874e-01 -2.301700e-01 -2.365409e-01 -2.431141e-01 
-2.499040e-01 -2.569255e-01 -2.641926e-01 -2.717211e-01 -2.795309e-01 
-2.876507e-01 -2.961206e-01 -3.049839e-01 -3.142868e-01 -3.240566e-01 
-3.343273e-01 -3.451809e-01 -3.567757e-01 -3.693108e-01 -3.828024e-01 
-3.971550e-01 -4.123958e-01 -4.285234e-01 -4.452218e-01 -4.628319e-01 
-4.829571e-01 
