@R RHO 101 []
0.000000e+00 1.000000e-02 2.000000e-02 3.000000e-02 4.000000e-02 
5.000000e-02 6.000000e-02 7.000000e-02 8.000000e-02 9.000000e-02 
1.000000e-01 1.100000e-01 1.200000e-01 1.300000e-01 1.400000e-01 
1.500000e-01 1.600000e-01 1.700000e-01 1.800000e-01 1.900000e-01 
2.000000e-01 2.100000e-01 2.200000e-01 2.300000e-01 2.400000e-01 
2.500000e-01 2.600000e-01 2.700000e-01 2.800000e-01 2.900000e-01 
3.000000e-01 3.100000e-01 3.200000e-01 3.300000e-01 3.400000e-01 
3.500000e-01 3.600000e-01 3.700000e-01 3.800000e-01 3.900000e-01 
4.000000e-01 4.100000e-01 4.200000e-01 4.300000e-01 4.400000e-01 
4.500000e-01 4.600000e-01 4.700000e-01 4.800000e-01 4.900000e-01 
5.000000e-01 5.100000e-01 5.200000e-01 5.300000e-01 5.400000e-01 
5.500000e-01 5.600000e-01 5.700000e-01 5.800000e-01 5.900000e-01 
6.000000e-01 6.100000e-01 6.200000e-01 6.300000e-01 6.400000e-01 
6.500000e-01 6.600000e-01 6.700000e-01 6.800000e-01 6.900000e-01 
7.000000e-01 7.100000e-01 7.200000e-01 7.300000e-01 7.400000e-01 
7.500000e-01 7.600000e-01 7.700000e-01 7.800000e-01 7.900000e-01 
8.000000e-01 8.100000e-01 8.200000e-01 8.300000e-01 8.400000e-01 
8.500000e-01 8.600000e-01 8.700000e-01 8.800000e-01 8.900000e-01 
9.000000e-01 9.100000e-01 9.200000e-01 9.300000e-01 9.400000e-01 
9.500000e-01 9.600000e-01 9.700000e-01 9.800000e-01 9.900000e-01 
1.000000e+00 
@R ENE 101 []
2.762589e+01 2.762589e+01 2.757565e+01 2.752191e+01 2.746472e+01 
2.740411e+01 2.734013e+01 2.727282e+01 2.720224e+01 2.712842e+01 
2.705141e+01 2.697125e+01 2.688798e+01 2.680166e+01 2.671232e+01 
2.662001e+01 2.652478e+01 2.642666e+01 2.632570e+01 2.622195e+01 
2.611545e+01 2.600625e+01 2.589439e+01 2.577990e+01 2.566285e+01 
2.554327e+01 2.542120e+01 2.529669e+01 2.516979e+01 2.504054e+01 
2.490898e+01 2.477516e+01 2.463912e+01 2.450090e+01 2.436056e+01 
2.421813e+01 2.407365e+01 2.392719e+01 2.377876e+01 2.362843e+01 
2.347624e+01 2.332222e+01 2.316643e+01 2.300891e+01 2.284970e+01 
2.268885e+01 2.252640e+01 2.236239e+01 2.219688e+01 2.202990e+01 
2.186149e+01 2.169171e+01 2.152060e+01 2.134820e+01 2.117455e+01 
2.099970e+01 2.082369e+01 2.064658e+01 2.046839e+01 2.028919e+01 
2.010900e+01 1.992788e+01 1.974587e+01 1.956301e+01 1.937935e+01 
1.919493e+01 1.900980e+01 1.882400e+01 1.863757e+01 1.845056e+01 
1.826302e+01 1.807498e+01 1.788650e+01 1.769761e+01 1.750836e+01 
1.731880e+01 1.712897e+01 1.693891e+01 1.674866e+01 1.655828e+01 
1.636780e+01 1.617727e+01 1.598673e+01 1.579621e+01 1.560574e+01 
1.541533e+01 1.522493e+01 1.503440e+01 1.484341e+01 1.465115e+01 
1.445585e+01 1.425367e+01 1.403646e+01 1.378731e+01 1.347289e+01 
1.303438e+01 1.239255e+01 1.150685e+01 1.048974e+01 9.595754e+00 
8.994727e+00 
@R TE 101 []
1.881385e+01 1.881385e+01 1.874421e+01 1.866890e+01 1.858805e+01 
1.850176e+01 1.841016e+01 1.831337e+01 1.821149e+01 1.810466e+01 
1.799298e+01 1.787657e+01 1.775556e+01 1.763005e+01 1.750018e+01 
1.736604e+01 1.722777e+01 1.708547e+01 1.693927e+01 1.678929e+01 
1.663563e+01 1.647843e+01 1.631779e+01 1.615384e+01 1.598668e+01 
1.581644e+01 1.564325e+01 1.546720e+01 1.528842e+01 1.510704e+01 
1.492316e+01 1.473690e+01 1.454838e+01 1.435772e+01 1.416504e+01 
1.397045e+01 1.377408e+01 1.357603e+01 1.337642e+01 1.317538e+01 
1.297302e+01 1.276946e+01 1.256482e+01 1.235921e+01 1.215274e+01 
1.194555e+01 1.173774e+01 1.152944e+01 1.132076e+01 1.111181e+01 
1.090272e+01 1.069360e+01 1.048458e+01 1.027576e+01 1.006727e+01 
9.859218e+00 9.651729e+00 9.444918e+00 9.238903e+00 9.033801e+00 
8.829729e+00 8.626805e+00 8.425146e+00 8.224871e+00 8.026095e+00 
7.828938e+00 7.633516e+00 7.439947e+00 7.248348e+00 7.058836e+00 
6.871531e+00 6.686547e+00 6.504005e+00 6.324019e+00 6.146710e+00 
5.972192e+00 5.800585e+00 5.632006e+00 5.466572e+00 5.304400e+00 
5.145608e+00 4.990314e+00 4.838634e+00 4.690684e+00 4.546581e+00 
4.406434e+00 4.270346e+00 4.138394e+00 4.010598e+00 3.886828e+00 
3.766589e+00 3.648474e+00 3.528819e+00 3.398489e+00 3.235649e+00 
2.992476e+00 2.585024e+00 1.940152e+00 1.150758e+00 4.883412e-01 
9.727423e-02 
@R TI 101 []
1.901400e+01 1.901400e+01 1.894346e+01 1.886718e+01 1.878527e+01 
1.869786e+01 1.860507e+01 1.850702e+01 1.840382e+01 1.829560e+01 
1.818246e+01 1.806454e+01 1.794195e+01 1.781481e+01 1.768324e+01 
1.754736e+01 1.740729e+01 1.726314e+01 1.711503e+01 1.696309e+01 
1.680744e+01 1.664818e+01 1.648545e+01 1.631936e+01 1.615002e+01 
1.597757e+01 1.580211e+01 1.562377e+01 1.544266e+01 1.525891e+01 
1.507263e+01 1.488394e+01 1.469297e+01 1.449982e+01 1.430463e+01 
1.410750e+01 1.390856e+01 1.370793e+01 1.350573e+01 1.330206e+01 
1.309706e+01 1.289085e+01 1.268353e+01 1.247524e+01 1.226609e+01 
1.205619e+01 1.184567e+01 1.163465e+01 1.142325e+01 1.121158e+01 
1.099976e+01 1.078792e+01 1.057617e+01 1.036463e+01 1.015341e+01 
9.942652e+00 9.732458e+00 9.522951e+00 9.314250e+00 9.106474e+00 
8.899743e+00 8.694174e+00 8.489887e+00 8.287001e+00 8.085636e+00 
7.885910e+00 7.687941e+00 7.491850e+00 7.297756e+00 7.105776e+00 
6.916031e+00 6.728639e+00 6.543719e+00 6.361391e+00 6.181773e+00 
6.004985e+00 5.831144e+00 5.660372e+00 5.492785e+00 5.328505e+00 
5.167648e+00 5.010335e+00 4.856683e+00 4.706812e+00 4.560837e+00 
4.418871e+00 4.281018e+00 4.147357e+00 4.017912e+00 3.892559e+00 
3.770813e+00 3.651287e+00 3.530362e+00 3.398985e+00 3.235468e+00 
2.992168e+00 2.585111e+00 1.940506e+00 1.150690e+00 4.880439e-01 
9.747924e-02 
@R FP 102 []
-3.632650e-12 -3.632650e-12 1.120666e-02 3.361472e-02 6.721567e-02 
1.119964e-01 1.679390e-01 2.350208e-01 3.132150e-01 4.024906e-01 
5.028123e-01 6.141406e-01 7.364326e-01 8.696362e-01 1.013708e+00 
1.168580e+00 1.334240e+00 1.510592e+00 1.697553e+00 1.895070e+00 
2.103011e+00 2.321364e+00 2.550027e+00 2.788879e+00 3.037847e+00 
3.296850e+00 3.565790e+00 3.844564e+00 4.133059e+00 4.431166e+00 
4.738774e+00 5.055768e+00 5.382029e+00 5.717437e+00 6.061874e+00 
6.415212e+00 6.777316e+00 7.148043e+00 7.527233e+00 7.914766e+00 
8.310525e+00 8.714313e+00 9.125973e+00 9.545402e+00 9.972382e+00 
1.040677e+01 1.084841e+01 1.129711e+01 1.175272e+01 1.221503e+01 
1.268387e+01 1.315908e+01 1.364042e+01 1.412775e+01 1.462084e+01 
1.511949e+01 1.562354e+01 1.613271e+01 1.664684e+01 1.716572e+01 
1.768909e+01 1.821675e+01 1.874851e+01 1.928410e+01 1.982327e+01 
2.036583e+01 2.091154e+01 2.146013e+01 2.201134e+01 2.256494e+01 
2.312069e+01 2.367832e+01 2.423755e+01 2.479812e+01 2.535976e+01 
2.592222e+01 2.648520e+01 2.704841e+01 2.761155e+01 2.817433e+01 
2.873648e+01 2.929768e+01 2.985761e+01 3.041595e+01 3.097236e+01 
3.152654e+01 3.207814e+01 3.262679e+01 3.317209e+01 3.371369e+01 
3.425123e+01 3.478427e+01 3.531236e+01 3.583506e+01 3.635183e+01 
3.686205e+01 3.736525e+01 3.786098e+01 3.834891e+01 3.882842e+01 
3.929812e+01 3.952713e+01 
@R CURPAR 102 []
3.055355e+00 3.055355e+00 3.055355e+00 3.054225e+00 3.052496e+00 
3.050176e+00 3.047272e+00 3.043787e+00 3.039722e+00 3.035076e+00 
3.029849e+00 3.024042e+00 3.017654e+00 3.010685e+00 3.003135e+00 
2.995005e+00 2.986293e+00 2.977001e+00 2.967129e+00 2.956675e+00 
2.945641e+00 2.934026e+00 2.921830e+00 2.909054e+00 2.895697e+00 
2.881759e+00 2.867240e+00 2.852141e+00 2.836461e+00 2.820200e+00 
2.803358e+00 2.785936e+00 2.767932e+00 2.749349e+00 2.730184e+00 
2.710438e+00 2.690112e+00 2.669205e+00 2.647718e+00 2.625649e+00 
2.603000e+00 2.579770e+00 2.555960e+00 2.531568e+00 2.506596e+00 
2.481043e+00 2.454910e+00 2.428195e+00 2.400900e+00 2.373024e+00 
2.344568e+00 2.315530e+00 2.285912e+00 2.255714e+00 2.224934e+00 
2.193574e+00 2.161632e+00 2.129111e+00 2.096008e+00 2.062325e+00 
2.028061e+00 1.993216e+00 1.957790e+00 1.921784e+00 1.885197e+00 
1.848029e+00 1.810280e+00 1.771951e+00 1.733041e+00 1.693550e+00 
1.653479e+00 1.612826e+00 1.571593e+00 1.529780e+00 1.487385e+00 
1.444410e+00 1.400854e+00 1.356717e+00 1.311999e+00 1.266701e+00 
1.220822e+00 1.174362e+00 1.127322e+00 1.079701e+00 1.031499e+00 
9.827158e-01 9.333523e-01 8.834081e-01 8.328831e-01 7.817773e-01 
7.300908e-01 6.778236e-01 6.249756e-01 5.715469e-01 5.175374e-01 
4.629471e-01 4.077762e-01 3.520245e-01 2.965994e-01 2.469455e-01 
2.157667e-01 2.157667e-01 
