 29-Jul-25 07/09/2014
     1               1
  0.100000000E+01
*   1.000             1               0 MAR   3   2 CLC    40   41
  0.000000000E+00 0.170000000E+03 0.200000000E+01 0.679320679E+06
  0.679320679E+06 0.172202083E+03 0.749782717E+00 0.414328526E+02
  0.135000885E+01-0.371484599E+00-0.307374845E+00 0.779708658E+07
  0.176995331E+03 0.180283198E+01 0.233410679E+01 0.120415628E+01
  0.610555921E+00 0.857125012E+00 0.100000000E+11 0.105408910E+02
  0.100000000E+11 0.100000000E+11 0.202599591E+01-0.120822556E+01
  0.769919426E+02 0.108308729E+03 0.535577268E+02
  0.000000000E+00 0.000000000E+00 0.000000000E+00
  0.826873489E+02 0.796969018E+02
  0.000000000E+00 0.000000000E+00
  0.162606680E+01 0.277280430E+00 0.204674182E+01 0.107162180E+01
  0.773976846E+00 0.221808422E+01-0.500000000E+02-0.500000000E+02
 -0.500000000E+02 0.302775206E+00 0.709607141E+04 0.218447774E+06
  0.709808500E-04 0.129069044E+01 0.972403938E+00 0.562992785E-02
  0.128027274E+01 0.172557119E+03 0.000000000E+00 0.000000000E+00
 -0.999000000E+03-0.999000000E+03-0.999000000E+03-0.999000000E+03
 -0.100000000E+03-0.500000000E+02 0.194674780E+01 0.191684263E+01
  0.568724584E+01 0.396544127E+02 0.100000000E+03 0.105408910E+02
  0.177375020E+03 0.200187823E+01 0.465707415E+00 0.000000000E+00
  0.101531132E+01 0.200242674E+01 0.363263202E+06 0.000000000E+00
  0.000000000E+00 0.000000000E+00 0.862425163E+00 0.100000000E+02
    44   60   18    6
  0.177444573E+00 0.140943324E+00 0.189145077E+00 0.151102170E+00
  0.645377404E-01-0.224696262E-01 0.543930358E+00-0.737687649E-01
 -0.476933668E+00 0.244445608E+00 0.146298687E+00 0.230754563E-01
 -0.400746206E-01-0.724254373E-01-0.886519493E-01 0.558880538E+00
 -0.843458380E-01-0.170687454E-01 0.218670880E+00 0.160116003E+00
  0.167164677E+00 0.168177881E+00 0.100064679E+00 0.181346933E-01
 -0.339490396E+00 0.402796704E+00 0.432268083E+00 0.235861127E-01
  0.754141763E-01 0.204336202E+00 0.873083329E-01-0.696360929E-02
 -0.475896112E-01-0.655560571E-01 0.997378561E-01 0.479405507E+00
  0.469348843E+00-0.474441893E-01 0.239916872E-01-0.334494834E-01
 -0.611485643E-02 0.139625483E-01 0.597458717E-01 0.122371404E+00
  0.106966600E+00 0.235676181E+00 0.226304400E+00-0.157458065E+00
 -0.259237799E+00-0.364137441E-01 0.297707847E+00 0.645934690E+00
  0.296546399E+00-0.158288963E+00-0.333886306E+00-0.862600165E-01
  0.238292218E+00 0.323114251E+00 0.255956248E+00-0.358036919E-01
  0.115960768E+00 0.242272345E+00 0.173087268E+00 0.202143195E+00
  0.221740338E+00 0.213955176E+00 0.286921539E+00-0.103078853E+00
 -0.315744598E+00-0.290234651E+00-0.618246094E-01 0.301527377E+00
  0.360884117E+00 0.276580909E+00 0.400392245E+00 0.773534484E+00
  0.308977567E+00 0.423781427E-01-0.194976994E+00-0.269800044E+00
 -0.679976251E-01 0.914892193E-01 0.321759304E+00 0.253673326E+00
  0.362801603E+00 0.108591404E+00-0.604929936E-01-0.252621929E+00
 -0.308124628E+00-0.103728993E+00 0.283058620E+00 0.215340340E+00
  0.220720346E+00 0.202392853E+00 0.170001431E+00 0.239438322E+00
  0.117934525E+00-0.322866062E-01 0.109644574E+00 0.235585816E+00
  0.228563893E+00-0.143141700E+00-0.264622651E+00-0.342903438E-01
  0.313908004E+05-0.439746168E+05 0.257531225E+06 0.243382093E+06
  0.102087374E+06-0.316642310E+06 0.620637163E+06-0.498734997E+05
 -0.780151215E+06 0.338194566E+06 0.913670033E+05-0.108871622E+06
 -0.112302063E+06-0.105905667E+06-0.414088082E+06 0.569032250E+06
 -0.132104997E+06-0.163281473E+06
  0.000000000E+00 0.000000000E+00 0.000000000E+00 0.000000000E+00
  0.000000000E+00 0.000000000E+00
  0.000000000E+00 0.000000000E+00 0.000000000E+00 0.000000000E+00
  0.000000000E+00 0.000000000E+00 0.000000000E+00 0.000000000E+00
  0.000000000E+00 0.000000000E+00 0.558779148E+02 0.000000000E+00
  0.250575254E+00 0.191662775E+01 0.400000006E+02-0.152496949E+00
 -0.116213450E+01 0.000000000E+00 0.999000000E+03 0.190810086E+01
 -0.100000000E+02 0.972403938E+00 0.000000000E+00 0.380420075E-01
 -0.100000000E+02 0.000000000E+00 0.217116543E+01 0.000000000E+00
  0.147870390E+00 0.276452925E+01 0.130769231E+01 0.213419820E+01
  0.339225709E+02 0.276515074E+01-0.890000000E+02-0.890000000E+02
 -0.890000000E+02-0.890000000E+02-0.890000000E+02-0.890000000E+02
 -0.890000000E+02-0.890000000E+02-0.890000000E+02-0.890000000E+02
 -0.890000000E+02-0.890000000E+02-0.890000000E+02-0.890000000E+02
 -0.890000000E+02 0.000000000E+00 0.699861533E+00 0.941944094E+00
  0.141615346E+03 0.186265625E+03 0.000000000E+00 0.818911791E+00
  0.100000000E+01 0.000000000E+00 0.000000000E+00 0.000000000E+00
                                            EQG
