&IN1
  ICONVR = 3 
  MXITER = -1 
  NXITER = 51 
  ERROR = 0.0001 
  RELAX = 0.5 
  IOUT = 4 
  ICURRT = 2 
  KPPFNC = 6 
  KPPCUR = 3 
  KFFFNC = 6 
  KFFCUR = 3 
  ISHOT = 1 
  ITIME = 1 
  ITIMEU = 0 
  ITEK = 0 
  ITRACE = 1 
  PLASMA = 10000000.0 
  BTOR = 11.0 
  RCENTR = 4.55 
  RZERO = 4.55 
  LIMITR = 5 
  XLIM = 6.0 3.5 3.5 6.0 6.0 
  YLIM = 1.93 1.93 -1.93 -1.93 1.93 
  NBDRY = 15 
  RBDRY = 5.75 5.717889612279765 5.599231274196216 5.333894952548324  
    4.862048988436734 4.215741544340384 3.606248672667517  
    3.3499999999999996 3.606248672667517 4.215741544340384  
    4.862048988436735 5.333894952548324 5.599231274196216  
    5.717889612279765 5.75 
  ZBDRY = 0.0 0.7289246817174976 1.3134768905462901 1.6378788924654637  
    1.6378788924654637 1.3134768905462901 0.7289246817174978  
    2.0574066225675533e-16 -0.7289246817174975 -1.31347689054629  
    -1.6378788924654637 -1.6378788924654637 -1.3134768905462901  
    -0.728924681717498 0.0 
  IERCHK = 0 
  NEXTRA = 0 
  SCRAPE = 0.01 
  PSIBRY = 0.0 
  CFCOIL = -10.0 
  ENP = 1.0 
  EMP = 1.0 
  FCURBD = 0 
  PCURBD = 0 
  FCZERO = 1.0 1.0 1.0 1.0 1.0 1.0 1.0 1.0 1.0 1.0 1.0 1.0 1.0 1.0 1.0  
    1.0 
  FCSUM = 1.0 1.0 1.0 1.0 1.0 1.0 1.0 1.0 1.0 1.0 1.0 1.0 1.0 1.0 1.0  
    1.0 
  IFREF = 2 
  PRBDRY = 10258.011897665348 
  KBETAPR = 1 
  FWTBDRY = 1.0 1.0 1.0 1.0 1.0 1.0 1.0 1.0 1.0 1.0 1.0 1.0 1.0 1.0 1.0 
  FWTBDRY(2) = 10.0 
  FWTBDRY(3) = 10.0 
  FWTBDRY(4) = 10.0 
  FWTBDRY(5) = 10.0 
  FWTBDRY(9) = 10.0 
  FWTBDRY(10) = 10.0 
  FWTBDRY(11) = 10.0 
  FWTBDRY(12) = 10.0 
/

&PROFILE_EXT
  NPSI_EXT = 257 
  PSIN_EXT = 0.0 0.00390625 0.0078125 0.01171875 0.015625 0.01953125  
    0.0234375 0.02734375 0.03125 0.03515625 0.0390625 0.04296875  
    0.046875 0.05078125 0.0546875 0.05859375 0.0625 0.06640625  
    0.0703125 0.07421875 0.078125 0.08203125 0.0859375 0.08984375  
    0.09375 0.09765625 0.1015625 0.10546875 0.109375 0.11328125  
    0.1171875 0.12109375 0.125 0.12890625 0.1328125 0.13671875 0.140625  
    0.14453125 0.1484375 0.15234375 0.15625 0.16015625 0.1640625  
    0.16796875 0.171875 0.17578125 0.1796875 0.18359375 0.1875  
    0.19140625 0.1953125 0.19921875 0.203125 0.20703125 0.2109375  
    0.21484375 0.21875 0.22265625 0.2265625 0.23046875 0.234375  
    0.23828125 0.2421875 0.24609375 0.25 0.25390625 0.2578125  
    0.26171875 0.265625 0.26953125 0.2734375 0.27734375 0.28125  
    0.28515625 0.2890625 0.29296875 0.296875 0.30078125 0.3046875  
    0.30859375 0.3125 0.31640625 0.3203125 0.32421875 0.328125  
    0.33203125 0.3359375 0.33984375 0.34375 0.34765625 0.3515625  
    0.35546875 0.359375 0.36328125 0.3671875 0.37109375 0.375  
    0.37890625 0.3828125 0.38671875 0.390625 0.39453125 0.3984375  
    0.40234375 0.40625 0.41015625 0.4140625 0.41796875 0.421875  
    0.42578125 0.4296875 0.43359375 0.4375 0.44140625 0.4453125  
    0.44921875 0.453125 0.45703125 0.4609375 0.46484375 0.46875  
    0.47265625 0.4765625 0.48046875 0.484375 0.48828125 0.4921875  
    0.49609375 0.5 0.50390625 0.5078125 0.51171875 0.515625 0.51953125  
    0.5234375 0.52734375 0.53125 0.53515625 0.5390625 0.54296875  
    0.546875 0.55078125 0.5546875 0.55859375 0.5625 0.56640625  
    0.5703125 0.57421875 0.578125 0.58203125 0.5859375 0.58984375  
    0.59375 0.59765625 0.6015625 0.60546875 0.609375 0.61328125  
    0.6171875 0.62109375 0.625 0.62890625 0.6328125 0.63671875 0.640625  
    0.64453125 0.6484375 0.65234375 0.65625 0.66015625 0.6640625  
    0.66796875 0.671875 0.67578125 0.6796875 0.68359375 0.6875  
    0.69140625 0.6953125 0.69921875 0.703125 0.70703125 0.7109375  
    0.71484375 0.71875 0.72265625 0.7265625 0.73046875 0.734375  
    0.73828125 0.7421875 0.74609375 0.75 0.75390625 0.7578125  
    0.76171875 0.765625 0.76953125 0.7734375 0.77734375 0.78125  
    0.78515625 0.7890625 0.79296875 0.796875 0.80078125 0.8046875  
    0.80859375 0.8125 0.81640625 0.8203125 0.82421875 0.828125  
    0.83203125 0.8359375 0.83984375 0.84375 0.84765625 0.8515625  
    0.85546875 0.859375 0.86328125 0.8671875 0.87109375 0.875  
    0.87890625 0.8828125 0.88671875 0.890625 0.89453125 0.8984375  
    0.90234375 0.90625 0.91015625 0.9140625 0.91796875 0.921875  
    0.92578125 0.9296875 0.93359375 0.9375 0.94140625 0.9453125  
    0.94921875 0.953125 0.95703125 0.9609375 0.96484375 0.96875  
    0.97265625 0.9765625 0.98046875 0.984375 0.98828125 0.9921875  
    0.99609375 1.0 
  PPRIME_EXT = 560998.1158981071 553891.0146660202 546877.7403279883  
    539958.2928840113 533132.6723340896 526400.8786782228  
    519762.911916411 513218.7720486543 506768.4590749527  
    500411.97299530613 494149.3138097145 487980.481518178  
    481905.4761206965 475924.2976172701 470036.94600789866  
    464243.4212925823 458543.723471321 452937.8525441147  
    447425.80851096346 442007.59137186734 436683.20112682617  
    431452.63777584006 426315.901318909 421272.9917560329  
    416323.909087212 411468.653312446 406546.3105744147  
    401565.9308989438 396774.7275914129 392155.6726748892  
    387713.90899907635 383425.83597716875 379266.35490944574  
    375236.515799318 371343.8026158882 367567.13614558  
    363880.77186638425 360300.23643571546 356829.55705744657  
    353429.5314054844 350123.2684250262 346904.9812286013  
    343739.71132320876 340669.74133632204 337651.2884301814  
    334701.9285746323 331821.45074653265 328983.98596707603  
    326222.3913264365 323495.09744497156 320834.85316129983  
    318211.45953611145 315642.9014073863 313114.48291032435  
    310630.8801518065 308189.84858353104 305783.9985610851  
    303425.2305569544 301089.49588953063 298808.4470480663  
    296538.0540773355 294324.6727470447 292122.4390463169  
    289963.6145583327 287833.52228772803 285719.5829221477  
    283659.1286362636 281591.2627988053 279585.0262121334  
    277578.4981617719 275601.7541591322 273670.85046941973  
    271720.0378481846 269832.6880258535 267948.7913942223  
    266071.3828942695 264254.36879915686 262416.6932571683  
    260615.3330531725 258854.7704071066 257066.23878176213  
    255326.48955433187 253612.77163081476 251877.3369445424  
    250195.22687770752 248530.86621827574 246843.43523131683  
    245205.20885969553 243586.86714255932 241946.6138299558  
    240350.47228178708 238781.25434513163 237185.26000038354  
    235617.8245164836 234090.86486710148 232545.09151000093  
    231008.31451484698 229516.2566093289 228018.8776323498  
    226510.59896536422 225043.34249332524 223596.80570641556  
    222127.8231916009 220672.76484890314 219258.94246374123  
    217843.5848400808 216412.8821321379 215010.13144100836  
    213636.12020392055 212250.64551128488 210861.77361589466  
    209504.21089519063 208163.5711755784 206809.7210053136  
    205460.50728081499 204141.0345307815 202831.9388653016  
    201510.82846853585 200196.60945837997 198909.57870470666  
    197631.88145233924 196343.73844546906 195059.95146653394  
    193800.82502483326 192554.10964705958 191298.75517181674  
    190042.2266381544 188807.01909659727 187589.51667475599  
    186366.53459303948 185136.18676418831 183921.66354027024  
    182729.8409615425 181538.01133442036 180334.78083206736  
    179139.44604482572 177968.28426103265 176804.55741711298  
    175630.34938885446 174455.70956190611 173300.0134559145  
    172158.52679200185 171014.21281606113 169865.31447730534  
    168721.9598499413 167594.63153167858 166477.6860823395  
    165357.34045519552 164230.82302195503 163113.60596914077  
    162015.59665245333 160921.3420163459 159818.43972951232  
    158715.43322815816 157627.28611827217 156550.98071385943  
    155474.19579085725 154394.10023303106 153313.92465535318  
    152245.1671756563 151190.03281994877 150134.55105972185  
    149071.36653198482 148010.67201421503 146965.48242257143  
    145928.37043834213 144888.01776339364 143845.09477513115  
    142804.2013637246 141773.9980518499 140754.0145045295  
    139732.79322884756 138704.7831962887 137679.47352846048  
    136668.44913944512 135663.82819414185 134655.4629439641  
    133644.71356091887 132636.04827952222 131636.86187023678  
    130646.35122268097 129654.44976060832 128656.16682748447  
    127660.05438266287 126676.7932095688 125699.18094830448  
    124717.74250681992 123733.74348511161 122751.71327984933  
    121778.41598823512 120812.60099492954 119845.11439174545  
    118871.78251617207 117900.86451201339 116941.9694948237  
    115987.98685867581 115030.06629225035 114069.8312145228  
    113113.38825606553 112166.26785220325 111225.18667407906  
    110282.49976030889 109336.56694708797 108397.01798090106  
    107470.95361304659 106550.26271658274 105628.72562683409  
    104711.58945977662 103807.59638974516 102920.30618509417  
    102046.89627147303 101184.10213733724 100336.60038274631  
    99523.7165567464 98753.93517466233 98014.80024825907  
    97318.73639269319 96701.71274580261 96175.8723404693  
    95738.47727251152 95438.10986893368 95328.817712647  
    95407.76820198132 95746.54948073602 96478.0936975457  
    97640.45133917747 99261.90522447237 101629.28643138395  
    104987.96964084043 109281.31394673593 114859.29535039258  
    122372.82061186475 131981.82954071314 143784.76928733216  
    158748.90254218446 177627.81343171356 200388.57865665382  
    227351.96002221858 258904.9218664479 295427.43256702786  
    336080.31506098626 377674.7471019778 418611.381441327  
    459120.555660759 492929.41561658494 513984.68622695503  
    522121.18617216515 517551.87841434486 500794.0912191445  
    471584.2263866365 430498.5568895684 379814.1903499042  
    320454.45472225395 252001.93457439676 174245.84109171887  
    86800.34611034204 -10334.550370424986 
  FFPRIM_EXT = 6.503967640806195 6.648011647564613 6.784396024040907  
    6.917900616373517 7.048542617425362 7.176325897886388  
    7.301253037946118 7.423332167650175 7.54256367671683  
    7.658960662462695 7.772519159121776 7.883241951814009  
    7.991132630560162 8.096194379542714 8.1984329145801  
    8.297850640903249 8.394450674252152 8.488237092062644  
    8.579213117540231 8.667382639186823 8.752749298225162  
    8.835314470637996 8.915084125415778 8.992058507165314  
    9.066243035173892 9.137632487585929 9.210745677014465  
    9.285332933731826 9.354458018063811 9.418613878109976  
    9.477669124401535 9.532285810245707 9.583169426177331  
    9.63029440570801 9.67345165870777 9.713232593346838  
    9.75036238147369 9.784409519574407 9.815259737420952  
    9.84401193872436 9.87002290497523 9.893451583918546  
    9.915280342083399 9.934328493198981 9.951817892782438  
    9.967263172545731 9.980662601393078 9.992746607299008  
    10.00259622984495 10.0113715508659 10.018159811552335  
    10.023800569306548 10.027799833823117 10.030559824941392  
    10.031957820176768 10.032048458592474 10.031046372976874  
    10.028612992616727 10.025424967599253 10.020595998561852  
    10.01535243271774 10.008406885279367 10.001029440182533  
    9.992333173061798 9.982714692964109 9.972534226629998  
    9.960742753165182 9.949038449898538 9.935505379622288  
    9.92185440814067 9.90726108775148 9.891269249363525  
    9.875713080729668 9.858279535520392 9.840621530418737  
    9.822666131577105 9.802909870616855 9.783598044737936  
    9.763161505985734 9.74146530540931 9.720420683515894  
    9.69790698333842 9.674540132220137 9.65164662322982  
    9.627150541670995 9.60202921001611 9.577423535248096  
    9.551334975760899 9.524558205548423 9.498254442631005  
    9.470603542310233 9.442072421221209 9.414150507439917  
    9.385314200235289 9.355219985996298 9.325504162422844  
    9.29541064747907 9.263949062405398 9.232492615557291  
    9.201200639251137 9.168639525146313 9.135362575370195  
    9.102564531976782 9.069248243021136 9.03465002309461  
    8.999944304520815 8.965521244197074 8.930190948984784  
    8.893919137308224 8.857810058490891 8.821650500279052  
    8.784485603164246 8.746701495521744 8.709126336791574  
    8.671276129684847 8.632458394108637 8.593197441478429  
    8.554109598926486 8.514681543270221 8.474352575251842  
    8.433604915016456 8.392981510865567 8.35208111253131  
    8.310345164205339 8.268103136249069 8.225932008828938  
    8.183632720894284 8.140586351147217 8.096881867137977  
    8.0531536321418 8.00946012557849 7.9651691592859795  
    7.920083671043656 7.874817564820644 7.82968551993636  
    7.784166310396174 7.737812466239923 7.691071099539395  
    7.644431073255147 7.597623555922757 7.550119498083808  
    7.502039233015655 7.453844289129458 7.405585998811196  
    7.356991124428216 7.307770683476001 7.258071103736963  
    7.208265088363813 7.158430879779737 7.108149654429432  
    7.057145858764302 7.00583338339721 6.954551061670589  
    6.903070143856603 6.850981105100374 6.798359580458772  
    6.745537536794203 6.692591144212436 6.639432702725145  
    6.5857509237667715 6.531481246312022 6.476995889662694  
    6.4224951588584975 6.367706066848945 6.312272643721679  
    6.256387755603548 6.200355937912777 6.144160230265859  
    6.087676283344857 6.030667513340732 5.973139760317743  
    5.915397799902505 5.857592930585246 5.799471272682244  
    5.740715138390749 5.681528701404421 5.622184120743357  
    5.562645471534473 5.502791536301016 5.442420195565765  
    5.381546080482016 5.320434719474561 5.259221267342673  
    5.197678048921227 5.135512993396685 5.072909362444841  
    5.010119390599637 4.947110492967543 4.883760926217494  
    4.819883941647555 4.7555041039712815 4.690863562565462  
    4.626075976101685 4.560920304480138 4.495130141110777  
    4.428886802521731 4.362425931437443 4.295704085996979  
    4.228554800941122 4.160823951939599 4.092591093989938  
    4.024054790229826 3.9552584412066265 3.8859459836923045  
    3.815920621900092 3.74538401206929 3.6744994679968346  
    3.603131427309163 3.5310467987829983 3.4581370777646643  
    3.3844689403700805 3.310131676034697 3.2350042611896184  
    3.1585702133529283 3.080594730742953 3.0014068240350573  
    2.9206833702962527 2.837477382167835 2.751466750805287  
    2.662722244800535 2.569968406835019 2.4717966507690985  
    2.3683049634973856 2.257602993680017 2.1361978621884083  
    2.0031431612558572 1.8577569567990633 1.69248502267811  
    1.500906126469335 1.2846600992778492 1.0346328401727098  
    0.7337463099467619 0.37796587104613094 -0.03503800325821671  
    -0.5305555159127628 -1.1281955612812984 -1.826714828846221  
    -2.6341485244477 -3.5602566653397014 -4.6149161974148765  
    -5.77601327265463 -6.959462712203334 -8.123363832778189  
    -9.275046880925666 -10.250773863878116 -10.892407180650604  
    -11.19690195835588 -11.170240072321764 -10.826334816657438  
    -10.158879047188385 -9.183075167616927 -7.957442325953137  
    -6.502620541665964 -4.8067359892536725 -2.8599813560950413  
    -0.638009332705801 1.859180080961778 
/

