&PROFILE_EXT
  NPSI_EXT = 257 
  PSIN_EXT = 0.0 0.00390625 0.0078125 0.01171875 0.015625 0.01953125  
    0.0234375 0.02734375 0.03125 0.03515625 0.0390625 0.04296875  
    0.046875 0.05078125 0.0546875 0.05859375 0.0625 0.06640625  
    0.0703125 0.07421875 0.078125 0.08203125 0.0859375 0.08984375  
    0.09375 0.09765625 0.1015625 0.10546875 0.109375 0.11328125  
    0.1171875 0.12109375 0.125 0.12890625 0.1328125 0.13671875 0.140625  
    0.14453125 0.1484375 0.15234375 0.15625 0.16015625 0.1640625  
    0.16796875 0.171875 0.17578125 0.1796875 0.18359375 0.1875  
    0.19140625 0.1953125 0.19921875 0.203125 0.20703125 0.2109375  
    0.21484375 0.21875 0.22265625 0.2265625 0.23046875 0.234375  
    0.23828125 0.2421875 0.24609375 0.25 0.25390625 0.2578125  
    0.26171875 0.265625 0.26953125 0.2734375 0.27734375 0.28125  
    0.28515625 0.2890625 0.29296875 0.296875 0.30078125 0.3046875  
    0.30859375 0.3125 0.31640625 0.3203125 0.32421875 0.328125  
    0.33203125 0.3359375 0.33984375 0.34375 0.34765625 0.3515625  
    0.35546875 0.359375 0.36328125 0.3671875 0.37109375 0.375  
    0.37890625 0.3828125 0.38671875 0.390625 0.39453125 0.3984375  
    0.40234375 0.40625 0.41015625 0.4140625 0.41796875 0.421875  
    0.42578125 0.4296875 0.43359375 0.4375 0.44140625 0.4453125  
    0.44921875 0.453125 0.45703125 0.4609375 0.46484375 0.46875  
    0.47265625 0.4765625 0.48046875 0.484375 0.48828125 0.4921875  
    0.49609375 0.5 0.50390625 0.5078125 0.51171875 0.515625 0.51953125  
    0.5234375 0.52734375 0.53125 0.53515625 0.5390625 0.54296875  
    0.546875 0.55078125 0.5546875 0.55859375 0.5625 0.56640625  
    0.5703125 0.57421875 0.578125 0.58203125 0.5859375 0.58984375  
    0.59375 0.59765625 0.6015625 0.60546875 0.609375 0.61328125  
    0.6171875 0.62109375 0.625 0.62890625 0.6328125 0.63671875 0.640625  
    0.64453125 0.6484375 0.65234375 0.65625 0.66015625 0.6640625  
    0.66796875 0.671875 0.67578125 0.6796875 0.68359375 0.6875  
    0.69140625 0.6953125 0.69921875 0.703125 0.70703125 0.7109375  
    0.71484375 0.71875 0.72265625 0.7265625 0.73046875 0.734375  
    0.73828125 0.7421875 0.74609375 0.75 0.75390625 0.7578125  
    0.76171875 0.765625 0.76953125 0.7734375 0.77734375 0.78125  
    0.78515625 0.7890625 0.79296875 0.796875 0.80078125 0.8046875  
    0.80859375 0.8125 0.81640625 0.8203125 0.82421875 0.828125  
    0.83203125 0.8359375 0.83984375 0.84375 0.84765625 0.8515625  
    0.85546875 0.859375 0.86328125 0.8671875 0.87109375 0.875  
    0.87890625 0.8828125 0.88671875 0.890625 0.89453125 0.8984375  
    0.90234375 0.90625 0.91015625 0.9140625 0.91796875 0.921875  
    0.92578125 0.9296875 0.93359375 0.9375 0.94140625 0.9453125  
    0.94921875 0.953125 0.95703125 0.9609375 0.96484375 0.96875  
    0.97265625 0.9765625 0.98046875 0.984375 0.98828125 0.9921875  
    0.99609375 1.0 
  PPRIME_EXT = 592147.1548891634 584654.1169188682 577259.9627512916  
    569964.692386434 562768.3058242952 555670.8030648753  
    548672.1841081743 541772.4489541922 534971.5976029289  
    528269.6300543845 521666.5463085589 515162.3463654523  
    508757.0302250645 502450.59788739553 496243.0493524455  
    490134.3846202143 484124.603690702 478213.7065639085  
    472401.6932398339 466688.5637184782 461074.3179998414  
    455558.9560839234 450142.47797072434 444824.88366024406  
    439606.1731524827 434486.3464474402 429298.73836598126  
    424049.55118656956 418989.9410764119 414121.68637860194  
    409434.52186096564 404907.65080887213 400526.5243308729  
    396279.15403927537 392168.0442047194 388186.0392105572  
    384301.60940323595 380520.9263437632 376862.86255255016  
    373279.93749682745 369789.3836466325 366396.3030995104  
    363058.27827252104 359819.3748197139 356635.80423781695  
    353525.85006125516 350485.16027992294 347494.8306379233  
    344578.5063997571 341703.1249432305 338894.8441223629  
    336128.09095483413 333416.1378264229 330749.9660825381  
    328125.8883265847 325553.1892406935 323009.5762850067  
    320522.71063408203 318055.53625869623 315643.9951018519  
    313253.60303801374 310905.30981810647 308593.0789083375  
    306298.49172670906 304061.19837038894 301820.04429094767  
    299643.36835165357 297468.44477029576 295328.5422538988  
    293234.05618752574 291123.7810626925 289082.34932791116  
    287039.7589413322 285013.16805698123 283045.8131922748  
    281056.43505209906 279115.17058941233 277206.495221438  
    275274.3296855136 273401.7268872628 271542.8214603799  
    269670.46216516546 267860.0710637085 266053.56562320935  
    264235.7455771432 262475.92299404053 260719.44541344699  
    258950.60421260074 257237.30837593987 255535.69943556166  
    253812.44690683065 252133.33616614007 250480.6012138837  
    248805.35241672857 247159.89627694414 245553.40433232178  
    243927.2995409824 242305.96533947554 240732.79733645503  
    239164.53606165014 237576.97934486243 236020.14492876723  
    234496.2664433965 232958.24672532093 231420.8981210875  
    229921.41652227018 228432.9726065118 226928.5954481976  
    225442.28964067166 223989.1259837122 222532.70568716677  
    221065.61759028153 219623.8781871057 218208.9904575213  
    216785.81608213246 215355.637903443 213951.67101976307  
    212570.97656636516 211181.75827718788 209786.44045668628  
    208414.76274137656 207065.3812591447 205710.22687304072  
    204348.01539459088 203004.12049552056 201682.74555243817  
    200361.1755623733 199031.69683614845 197711.88599720428  
    196414.1897032458 195124.86867288465 193828.5502516622  
    192531.44492499874 191253.0394456619 189992.44218331436  
    188728.6370517306 187456.10402169492 186194.9690090327  
    184956.97500044794 183723.07640227955 182478.27632044314  
    181235.6160841916 180013.7160564653 178803.93461712563  
    177588.9363097541 176370.04700360136 175159.8713481839  
    173965.6479819188 172778.75107777442 171588.10983321484  
    170392.91990904388 169208.22895210254 168041.87191445177  
    166877.8994480599 165705.08935493208 164533.2751088746  
    163377.5864794355 162232.74012174638 161085.78310116712  
    159935.50925544972 158786.9962853029 157650.6692914677  
    156526.1536436712 155400.22516984254 154266.96489017335  
    153137.66920865374 152024.6354879919 150918.19593254046  
    149806.77575189242 148692.85904745932 147584.13726554037  
    146486.7609980431 145396.30608719244 144303.39740882796  
    143204.74792626593 142111.23013441166 141032.57763636566  
    139957.8576286396 138876.86384836026 137793.9005562921  
    136718.49702855345 135652.98368618757 134590.44245717116  
    133524.99882657817 132455.50556700787 131392.10832471418  
    130341.56489655291 129292.59597025375 128236.46102032563  
    127179.37717928665 126132.29621326432 125093.15663533648  
    124052.83135939745 123009.09021203476 121964.63549557772  
    120928.07456259236 119900.62956806639 118871.7598857203  
    117836.29152247343 116803.2353773413 115782.38870405592  
    114766.2635338198 113744.76551840964 112721.22168093271  
    111705.9036559521 110700.39866480665 109696.53216291525  
    108691.07256696551 107688.6821156446 106697.95690735304  
    105719.23837714529 104745.64836690688 103776.68184031312  
    102821.87981277218 101892.5045609048 100986.43457482336  
    100096.69730582103 99235.11338598648 98429.62265507091  
    97686.06285596837 96990.60346503045 96378.87041391182  
    95906.47569741853 95571.82525496243 95388.38768685577  
    95463.07584145384 95871.85022387543 96600.82870454839  
    97822.61688972416 99768.32532635867 102438.90510944523  
    106043.91454317723 111092.53516132117 117785.7196346657  
    126224.993932162 137239.7360368445 151480.73775515106  
    168955.62906304793 190184.2303992979 215677.96869149336  
    245776.25155702847 279453.4652845323 314205.6990056811  
    349644.4419472523 384199.132402556 411198.8019016707  
    426874.4737463946 431484.7585165257 424645.83390226064  
    405986.699885907 375196.2442457303 334166.77890210936  
    284557.6366405833 225904.62913016876 157767.8580274525  
    79482.04531495374 -8952.80900979042 
  FFPRIM_EXT = 2.0572436839937245 2.223176060103089 2.3830790064435012  
    2.5399238524500722 2.693716044343951 2.8444618764083778  
    2.9921661372698285 3.136835687821673 3.2784747537453622  
    3.4170956350641664 3.552695791584541 3.6852810341612336  
    3.8148559827569426 3.941425737753515 4.064994281773745  
    4.1855673866997485 4.30315036546442 4.417747306880649  
    4.529362536957158 4.637999895374516 4.7436656946998745  
    4.8463634905014406 4.946097165394489 5.042871109124988  
    5.136690125876266 5.227551415566413 5.320147500572167  
    5.414306987706926 5.502968483373074 5.586096311263514  
    5.663992072207322 5.737243774068465 5.806262611881142  
    5.871390062274854 5.932559301333024 5.989973423689752  
    6.044520607633453 6.096032913163453 6.143981693090691  
    6.189699266490737 6.232707212320397 6.272861623819061  
    6.3113552159952855 6.346956225107691 6.380888295121981  
    6.412646809782087 6.442349199096274 6.470530231929664  
    6.496525725695803 6.521263242472786 6.5440128919281175  
    6.565488719578527 6.585323161089394 6.60376554463989  
    6.620921762175075 6.636532129882566 6.6512211321944825  
    6.6642181248982 6.676553394015221 6.687230103804287  
    6.6972014144638425 6.705894562406458 6.713469681161954  
    6.720447099308235 6.725715826859582 6.73098064530469  
    6.734345165235272 6.737545780015831 6.739667778391042  
    6.740412178901649 6.741483953077802 6.740536777996327  
    6.739506542319315 6.737925060349063 6.734584169391636  
    6.731737953488692 6.727452319928009 6.722146497149064  
    6.717378108749799 6.7108511332983625 6.703825757350375  
    6.6970599627265255 6.6884679032368295 6.679647191724053  
    6.671026214330068 6.660690380224585 6.65014160645725  
    6.6398189145543665 6.627846459461443 6.6154283261560565  
    6.603491661446542 6.590224259206229 6.576104804634618  
    6.562483842766461 6.547927838711015 6.532175791115829  
    6.516837630625341 6.501250006392306 6.484216546269498  
    6.466919790716254 6.450030121506309 6.432176551317572  
    6.413289981070436 6.394661577395611 6.375890927144827  
    6.355955917434439 6.33558661383948 6.315525556349904  
    6.294845290751136 6.27312504905517 6.25135655693008  
    6.229749257872514 6.207321812904393 6.184024938621081  
    6.160815967393891 6.137665370950824 6.11366695134815  
    6.088893120572543 6.064210057097509 6.039557288956372  
    6.014125129927288 5.987942344723717 5.961771319402022  
    5.935651756476105 5.908894347197021 5.881378419907322  
    5.853718851736966 5.826128398928114 5.798131066038504  
    5.769385190442046 5.740259880839028 5.711172298580137  
    5.681955718632571 5.652081599977635 5.621570176630394  
    5.5909877081236985 5.560485878759948 5.529521699179  
    5.497773286696978 5.465749332000582 5.433856978098463  
    5.401747602898698 5.368916777297855 5.335591406508149  
    5.302238540097127 5.268823916509728 5.2350063658391734  
    5.200588491005002 5.165800373070127 5.130937788974304  
    5.096022645397971 5.060650581923607 5.0246074423459985  
    4.988318242005444 4.952086221955364 4.915647710019382  
    4.878590814662976 4.8410533095226 4.803383677559333  
    4.765614867771296 4.727610012408606 4.689086840211047  
    4.6500500540252965 4.610851182187526 4.571650473160545  
    4.532146629542131 4.4920056590854625 4.451479406898367  
    4.41087749745045 4.370135557609496 4.329047773193614  
    4.287444167768063 4.245436502257059 4.203273885871379  
    4.161045827210282 4.118462829685779 4.075259198135688  
    4.031718312460251 3.9881120035596913 3.9443281391417973  
    3.90011246259811 3.8553943529317336 3.8103513977346024  
    3.7651407372595638 3.7197950183709914 3.674042263736929  
    3.6276931246150905 3.5810421561029875 3.534322743298341  
    3.48737043904854 3.439889233628456 3.39192549024275  
    3.343718052483233 3.29532601111182 3.2466773059683565  
    3.1975383129326405 3.1478664855785774 3.0979374904170833  
    3.047889783637646 2.997484009502468 2.9464516901453344  
    2.8949809733758682 2.8433370838988106 2.791432680306526  
    2.7389921092036853 2.6859618361742266 2.632549837779697  
    2.5788403903496113 2.5247097042409825 2.4699251438265044  
    2.4144666607082277 2.3585093770800922 2.3020664088947242  
    2.2448841832064175 2.1866556851305625 2.1274268065934043  
    2.0673813337059785 2.006209139925213 1.9431672873323582  
    1.8780936651481022 1.8113547931768825 1.7420166948777152  
    1.6686119710804301 1.5911842139247292 1.509389963723922  
    1.420427404387904 1.3223056589617745 1.215412217298758  
    1.0952389417394734 0.9557463875732466 0.7969572821384241  
    0.6134118836853101 0.3917892884157117 0.12691415500396738  
    -0.18374972110048532 -0.5618983488435655 -1.0245255152799253  
    -1.5716446052640873 -2.216716269569938 -2.9730938362855825  
    -3.849609736122586 -4.8191669269914446 -5.816044892265258  
    -6.830704296668289 -7.822417680569233 -8.616746035465042  
    -9.11537666729716 -9.325340636090873 -9.237269166372203  
    -8.842082652311916 -8.131930293312559 -7.155411001829285  
    -5.9524800038221155 -4.507105258215293 -2.804181363392965  
    -0.8068862612651051 1.4847800482048115 
  P_EXT = 1640498.2213811646 1598660.9875905584 1573013.5638462468  
    1551486.5264248913 1532152.8911947785 1514258.4803202136  
    1497412.4618727518 1481381.227418899 1466010.1553990021  
    1451193.4258172426 1436849.45938349 1422917.942832845  
    1409351.4495446342 1396112.2221870574 1383169.1043990585  
    1370496.3150175982 1358072.1036449326 1345877.958174845  
    1333898.020126749 1322118.107690352 1310526.3062681868  
    1299111.7370568677 1287864.8374105967 1276777.0455039016  
    1265840.713603872 1255048.6955272334 1244394.9638689966  
    1233873.3889955524 1223478.8990781878 1213206.8541225954  
    1203052.5553014432 1193011.8564814203 1183080.946619444  
    1173256.4274568174 1163534.9811446026 1153913.2844489054  
    1144388.4933945616 1134958.3295507443 1125619.8500613659  
    1116370.4955215426 1107208.5874752481 1098131.348260937  
    1089137.1386876882 1080224.1716434353 1071390.0676590467  
    1062633.9668949437 1053953.2844308522 1045347.308626102  
    1036813.917550477 1028352.0492681791 1019960.2595788788  
    1011637.1084542496 1003381.6684265072 995192.3474117622  
    987068.4356909625 979008.4602372365 971011.6196046111  
    963076.8700578079 955202.9884889576 947389.6267601878  
    939634.9680416291 931939.3303960906 924300.541238998  
    916719.0963116584 909193.1523347899 901722.55543393  
    894306.5854425405 886943.859778167 879634.8855063475  
    872377.6163130077 865172.4471022019 858018.5628904365  
    850914.6543618042 843861.3715082242 836857.0608596415  
    829901.4776865698 822994.7084264073 816134.9977823305  
    809322.8270933462 802557.7298892853 795838.294679847  
    789165.10355587 782537.3948153578 775953.9712608858  
    769415.485947051 762921.1491615549 756469.9091365337  
    750062.3325372795 743697.7751339898 737375.0603542022  
    731094.7018206418 724856.4386445258 718659.0414066158  
    712502.6944895517 706387.4920663732 700312.2251390694  
    694276.7378599788 688281.471452513 682325.5931204485  
    676408.2723774207 670529.9410517509 664690.5088848295  
    658888.9436761986 653125.0577166965 647399.2272683991  
    641710.858973087 636059.2048509816 630444.4696574677  
    624866.7332511107 619325.1801165687 613819.4142562085  
    608349.7540054584 602916.0501925426 597517.4854750161  
    592153.8540435771 586825.471024989 581532.1042384102  
    576272.99029094 571047.9819704262 565857.3655940872  
    560700.9311429309 555577.9781957185 550488.3271890724  
    545432.2222349197 540409.5481518598 535419.6907540561  
    530462.3747959363 525537.7618299341 520645.87247943925  
    515786.2514612057 510958.478601528 506162.57442514575  
    501398.68610829394 496666.59615269635 491965.76727665856  
    487296.02387060877 482657.5723792075 478050.42601209006  
    473474.0783080565 468928.1474798707 464412.7800445141  
    459928.1366776015 455473.9053039075 451049.5981840455  
    446655.17682233045 442290.7836161783 437956.37536247366  
    433651.6096086418 429376.17243425694 425130.0365100815  
    420913.32944772486 416726.0176748573 412567.67623471556  
    408438.02134914265 404337.18032919744 400265.2886627547  
    396222.118209525 392207.26957871695 388220.67045567237  
    384262.4006945996 380332.4923758011 376430.7826145864  
    372556.9220477191 368710.7831173453 364892.50301338575  
    361102.1646441603 357339.4813357737 353604.11826444976  
    349896.10069956 346215.5334544444 342562.3920414157  
    338936.45739597327 335337.47593764577 331765.40057701775  
    328220.34938053123 324702.3710299195 321211.1731057103  
    317746.48473864363 314308.37687172275 310896.9687113719  
    307512.19523886265 304153.80779421935 300821.64326855354  
    297515.7096052245 294236.10315091966 290982.834461202  
    287755.6201680817 284554.2579455826 281378.8515946061  
    278229.5277948006 275106.1677472965 272008.50387105567  
    268936.4701509712 265890.13438816974 262869.556709695  
    259874.66364199348 256905.20003753953 253961.06812936798  
    251042.3918367926 248149.25609145686 245281.45052500477  
    242438.72541075846 239621.11903142696 236828.74777217666  
    234061.5390638917 231319.23115839384 228601.68205936084  
    225908.91231944907 223240.91507043727 220597.51347066188  
    217978.3768760555 215383.30309662202 212812.18899110192  
    210264.82708632183 207740.71210056526 205239.2052607688  
    202759.83577952365 200302.11441712582 197865.0093623976  
    195446.96754239628 193046.64921673626 190662.61523077748  
    188292.01099210966 185931.2890431508 183577.0793522714  
    181224.52586994803 178866.00808510196 176493.40759460404  
    174097.51708933138 171662.75713975087 169170.89472075886  
    166602.6967660159 163928.84648039416 161109.99414052276  
    158105.1953991083 154863.29282489483 151309.8874584043  
    147365.54311118065 142945.98733692445 137950.42521271826  
    132270.70528362406 125799.09939310438 118478.97142461583  
    110296.54763294227 101241.45914637813 91409.60321471142  
    81053.84823011013 70446.72820753077 59866.7448991212  
    49599.9764859808 39942.83588992418 31179.125436364382  
    23531.955118009093 17218.828010565503 12468.09296476006  
    9521.001562756925 8634.953105904688 
  F_EXT = 50.548840440000006 50.547853095667676 50.54678576470666  
    50.54564002761579 50.54441747459897 50.54311967272005  
    50.54174811324016 50.54030427142257 50.538789632676185  
    50.537205686851166 50.535553933483385 50.53383587170407  
    50.53205300952121 50.53020682951724 50.52829873851138  
    50.526330148440024 50.52430260763957 50.522217660053364  
    50.52007672850414 50.51788121802845 50.51563262523655  
    50.51333243981432 50.510982090839555 50.5085829876605  
    50.506136590758864 50.50364408189587 50.501105676733424  
    50.498521552282696 50.49589289917506 50.493221384073564  
    50.490509586275046 50.487760159511964 50.48497533544416  
    50.48215714112561 50.47930747184117 50.476428117508036  
    50.473520772830625 50.47058702202169 50.467628376910625  
    50.4646462642812 50.46164195997139 50.45861666172365  
    50.455571597100395 50.452507899942006 50.44942666819846  
    50.44632890750501 50.44321561240288 50.440087716726545  
    50.43694607516975 50.43379150964922 50.43062483107998  
    50.4274468372419 50.42425828965611 50.42105991761811  
    50.417852365602656 50.41463626629891 50.41141229656746  
    50.40818112800231 50.40494337040167 50.401699596807845  
    50.398450309320125 50.395196002273735 50.391937263345824  
    50.3886746361617 50.385408567426516 50.382139448360846  
    50.37886777257664 50.37559400834674 50.37231861936022  
    50.36904202229689 50.36576460957771 50.3624867732711  
    50.35920898381774 50.35593166889559 50.35265511342325  
    50.349379575552845 50.34610544925863 50.34283313992809  
    50.33956299689659 50.336295345973575 50.3330305173545  
    50.329768820015815 50.32651054981232 50.3232559809791  
    50.32000541290358 50.31675915045313 50.31351753480007  
    50.310280864533496 50.307049343282564 50.303823171004524  
    50.300602684409604 50.297388229925545 50.294180018528074  
    50.29097824897181 50.28778318877583 50.284595116314684  
    50.281414256969654 50.27824082593497 50.27507505317992  
    50.271917174014106 50.2687674319381 50.265626064955676  
    50.262493293534234 50.259369321129356 50.256254346209104  
    50.253148563796046 50.25005219194748 50.246965459029454  
    50.24388861090078 50.24082187087302 50.237765354994806  
    50.23471920753741 50.23168366274692 50.2286589873664  
    50.22564535210459 50.22264292337607 50.21965189956908  
    50.21667248131248 50.21370481536494 50.210749063339414  
    50.20780543619071 50.20487415493871 50.20195536473081  
    50.19904921646511 50.196155894922526 50.19327560101006  
    50.19040849776947 50.1875547445096 50.18471450385546  
    50.181887947020925 50.1790752695874 50.17627664094607  
    50.17349219247606 50.17072204565682 50.1679664163742  
    50.165225503165686 50.16249944543587 50.159788366733636  
    50.15709246707042 50.15441193136541 50.15174686439227  
    50.14909737575216 50.146463645539484 50.14384589012832  
    50.14124428004171 50.13865896080563 50.13609004911092  
    50.13353766499347 50.131002032510345 50.128483333369005  
    50.125981675984065 50.12349713870144 50.121029897709576  
    50.11858016203837 50.11614811241358 50.113733903695184  
    50.111337638123175 50.108959415794146 50.10659941851587  
    50.10425782548606 50.1019347916598 50.099630454799374  
    50.09734498322635 50.095078536835594 50.09283125144259  
    50.0906032597523 50.088394720468315 50.08620579558685  
    50.08403661293575 50.08188731573396 50.079758075367735  
    50.077649079193264 50.075560465220704 50.07349236516731  
    50.07144491772708 50.06941827462038 50.06741262492209  
    50.06542814076694 50.06346492656505 50.0615231076862  
    50.059602870810835 50.05770443035194 50.0558278867121  
    50.05397336541439 50.05214104409558 50.05033112880611  
    50.04854376760795 50.046779101135115 50.04503729348558  
    50.0433185132036 50.04162292062222 50.039950672089134  
    50.03830192146926 50.03667683872048 50.035075610393  
    50.03349842743274 50.03194542316891 50.030416745151214  
    50.0289125778134 50.02743312428096 50.025978580160825  
    50.02454913038312 50.023144942209285 50.02176620201854  
    50.02041313177671 50.01908596765881 50.01778487602856  
    50.01651004395698 50.01526169864114 50.01404010907538  
    50.01284557133884 50.011678386448395 50.010538851444025  
    50.0094272913831 50.00834412250319 50.00728981057745  
    50.00626483446969 50.00526976037051 50.00430530692701  
    50.003372359072785 50.00247195555295 50.00160534789703  
    50.00077402106847 49.99997985223817 49.99922531269123  
    49.9985134475896 49.99784789458371 49.99723323288928  
    49.99667553951662 49.99618252613665 49.99576381070328  
    49.99543141023637 49.99520039471763 49.995089673165154  
    49.99512305976786 49.995329978614095 49.99574550076923  
    49.99640997194983 49.99737106518727 49.99868030103664  
    50.00038806302074 50.002540871914036 50.00517683964164  
    50.0083081317612 50.01191472924749 50.01594013597093  
    50.020274806024915 50.02478767966117 50.029331716692454  
    50.03375503053296 50.03791294883298 50.04166669820016  
    50.0448934584422 50.0474710756542 50.049269905700335  
    50.05015728879155 50.05 
/

