 &IN1
 ISHOT =            1,
 ITIME =            2,
 BETAP0 =   0.5000000000000000     ,
 RZERO =    1.700000000000000     ,
 QENP =   0.9499999880790710     ,
 ENP =   0.5000000000000000     ,
 EMP =    1.000000000000000     ,
 PLASMA =    679320.6793206788     ,
 COILS =   0.1755982849547027     ,
           0.1388391880499727     ,
           0.1895663935375561     ,
           0.1530654572078888     ,
           6.6930370499530267E-002,
          -2.1333699993291346E-002,
           0.5462112472358156     ,
          -7.1821530482005014E-002,
          -0.4792869415758653     ,
           0.2445736105458911     ,
           0.1441271143638695     ,
           1.9390581107846028E-002,
          -4.1777118400376373E-002,
          -7.1367335124372502E-002,
          -8.8263765624788049E-002,
           0.5595097990500225     ,
          -8.0116157533179203E-002,
          -7.0266693494231910E-003,
           0.2179546053954904     ,
           0.1581186626550278     ,
           0.1663907854542729     ,
           0.1694459235317019     ,
           0.1020571163855775     ,
           2.0230989947052847E-002,
          -0.3410759764607673     ,
           0.4044612561185806     ,
           0.4339962072847824     ,
           2.4977926702247362E-002,
           7.6558312101549356E-002,
           0.2035032525804148     ,
           8.4418588998017074E-002,
          -9.5150672021466574E-003,
          -4.7888106643506109E-002,
          -6.3521002015994088E-002,
           0.1065660037088193     ,
           0.4813249181797892     ,
           0.4706586787721008     ,
          -4.7026191907267839E-002,
           2.4337758685710538E-002,
          -2.8851771582337652E-002,
           1.0635550375979041E-003,
           1.7143544110951703E-002,
           6.4487312549518144E-002,
           0.1274332265220544     ,
 BTOR =    2.000000000000000     ,
 RCENTR =    1.700000000000000     ,
 ICURRT =            2,
 IERCHK =            0,
 KZEROJ =            0,
 RZEROJ =    0.000000000000000     ,
             0.000000000000000     ,
             0.000000000000000     ,
             0.000000000000000     ,
             0.000000000000000     ,
             0.000000000000000     ,
             0.000000000000000     ,
             0.000000000000000     ,
             0.000000000000000     ,
             0.000000000000000     ,
             0.000000000000000     ,
             0.000000000000000     ,
             0.000000000000000     ,
             0.000000000000000     ,
             0.000000000000000     ,
             0.000000000000000     ,
             0.000000000000000     ,
             0.000000000000000     ,
             0.000000000000000     ,
             0.000000000000000     ,
             0.000000000000000     ,
             0.000000000000000     ,
             0.000000000000000     ,
             0.000000000000000     ,
             0.000000000000000     ,
             0.000000000000000     ,
             0.000000000000000     ,
             0.000000000000000     ,
             0.000000000000000     ,
             0.000000000000000     ,
             0.000000000000000     ,
             0.000000000000000     ,
             0.000000000000000     ,
             0.000000000000000     ,
             0.000000000000000     ,
             0.000000000000000     ,
             0.000000000000000     ,
             0.000000000000000     ,
             0.000000000000000     ,
             0.000000000000000     ,
             0.000000000000000     ,
             0.000000000000000     ,
             0.000000000000000     ,
             0.000000000000000     ,
             0.000000000000000     ,
             0.000000000000000     ,
             0.000000000000000     ,
             0.000000000000000     ,
             0.000000000000000     ,
             0.000000000000000     ,
             0.000000000000000     ,
             0.000000000000000     ,
             0.000000000000000     ,
             0.000000000000000     ,
             0.000000000000000     ,
             0.000000000000000     ,
             0.000000000000000     ,
             0.000000000000000     ,
             0.000000000000000     ,
             0.000000000000000     ,
             0.000000000000000     ,
 FWTSI =    1.000000000000000     ,
            1.000000000000000     ,
            1.000000000000000     ,
            1.000000000000000     ,
            1.000000000000000     ,
            1.000000000000000     ,
            1.000000000000000     ,
            1.000000000000000     ,
            1.000000000000000     ,
            1.000000000000000     ,
            1.000000000000000     ,
            1.000000000000000     ,
            1.000000000000000     ,
            1.000000000000000     ,
            1.000000000000000     ,
            1.000000000000000     ,
            1.000000000000000     ,
            1.000000000000000     ,
            0.000000000000000     ,
            0.000000000000000     ,
            0.000000000000000     ,
            0.000000000000000     ,
            0.000000000000000     ,
            0.000000000000000     ,
            0.000000000000000     ,
            0.000000000000000     ,
            0.000000000000000     ,
            0.000000000000000     ,
            0.000000000000000     ,
            0.000000000000000     ,
            0.000000000000000     ,
            0.000000000000000     ,
            0.000000000000000     ,
            0.000000000000000     ,
            0.000000000000000     ,
            0.000000000000000     ,
            0.000000000000000     ,
            0.000000000000000     ,
            0.000000000000000     ,
            0.000000000000000     ,
            0.000000000000000     ,
            0.000000000000000     ,
            0.000000000000000     ,
            0.000000000000000     ,
 FWTCUR =    1.000000000000000     ,
 MXITER =            1,
 NXITER =           99,
 LIMITR =            5,
 XLIM =    2.241758241758242     ,
           1.307692307692308     ,
           1.307692307692308     ,
           2.241758241758242     ,
           2.241758241758242     ,
           2.241758241758242     ,
           0.000000000000000     ,
           0.000000000000000     ,
           0.000000000000000     ,
           0.000000000000000     ,
           0.000000000000000     ,
           0.000000000000000     ,
           0.000000000000000     ,
           0.000000000000000     ,
           0.000000000000000     ,
           0.000000000000000     ,
           0.000000000000000     ,
           0.000000000000000     ,
           0.000000000000000     ,
           0.000000000000000     ,
           0.000000000000000     ,
           0.000000000000000     ,
           0.000000000000000     ,
           0.000000000000000     ,
           0.000000000000000     ,
           0.000000000000000     ,
           0.000000000000000     ,
           0.000000000000000     ,
           0.000000000000000     ,
           0.000000000000000     ,
           0.000000000000000     ,
           0.000000000000000     ,
           0.000000000000000     ,
           0.000000000000000     ,
           0.000000000000000     ,
           0.000000000000000     ,
           0.000000000000000     ,
           0.000000000000000     ,
           0.000000000000000     ,
           0.000000000000000     ,
           0.000000000000000     ,
           0.000000000000000     ,
           0.000000000000000     ,
           0.000000000000000     ,
           0.000000000000000     ,
           0.000000000000000     ,
           0.000000000000000     ,
           0.000000000000000     ,
           0.000000000000000     ,
           0.000000000000000     ,
           0.000000000000000     ,
           0.000000000000000     ,
           0.000000000000000     ,
           0.000000000000000     ,
           0.000000000000000     ,
           0.000000000000000     ,
           0.000000000000000     ,
           0.000000000000000     ,
           0.000000000000000     ,
           0.000000000000000     ,
           0.000000000000000     ,
           0.000000000000000     ,
           0.000000000000000     ,
           0.000000000000000     ,
           0.000000000000000     ,
           0.000000000000000     ,
           0.000000000000000     ,
           0.000000000000000     ,
           0.000000000000000     ,
           0.000000000000000     ,
           0.000000000000000     ,
           0.000000000000000     ,
           0.000000000000000     ,
           0.000000000000000     ,
           0.000000000000000     ,
           0.000000000000000     ,
           0.000000000000000     ,
           0.000000000000000     ,
           0.000000000000000     ,
           0.000000000000000     ,
           0.000000000000000     ,
           0.000000000000000     ,
           0.000000000000000     ,
           0.000000000000000     ,
           0.000000000000000     ,
           0.000000000000000     ,
           0.000000000000000     ,
           0.000000000000000     ,
           0.000000000000000     ,
           0.000000000000000     ,
           0.000000000000000     ,
           0.000000000000000     ,
           0.000000000000000     ,
           0.000000000000000     ,
           0.000000000000000     ,
           0.000000000000000     ,
           0.000000000000000     ,
           0.000000000000000     ,
           0.000000000000000     ,
           0.000000000000000     ,
           0.000000000000000     ,
           0.000000000000000     ,
           0.000000000000000     ,
           0.000000000000000     ,
           0.000000000000000     ,
           0.000000000000000     ,
           0.000000000000000     ,
           0.000000000000000     ,
           0.000000000000000     ,
           0.000000000000000     ,
           0.000000000000000     ,
           0.000000000000000     ,
           0.000000000000000     ,
           0.000000000000000     ,
           0.000000000000000     ,
           0.000000000000000     ,
           0.000000000000000     ,
           0.000000000000000     ,
           0.000000000000000     ,
           0.000000000000000     ,
           0.000000000000000     ,
           0.000000000000000     ,
           0.000000000000000     ,
           0.000000000000000     ,
           0.000000000000000     ,
           0.000000000000000     ,
           0.000000000000000     ,
           0.000000000000000     ,
           0.000000000000000     ,
           0.000000000000000     ,
           0.000000000000000     ,
           0.000000000000000     ,
           0.000000000000000     ,
           0.000000000000000     ,
           0.000000000000000     ,
           0.000000000000000     ,
           0.000000000000000     ,
           0.000000000000000     ,
           0.000000000000000     ,
           0.000000000000000     ,
           0.000000000000000     ,
           0.000000000000000     ,
           0.000000000000000     ,
           0.000000000000000     ,
           0.000000000000000     ,
           0.000000000000000     ,
           0.000000000000000     ,
           0.000000000000000     ,
           0.000000000000000     ,
           0.000000000000000     ,
           0.000000000000000     ,
           0.000000000000000     ,
           0.000000000000000     ,
           0.000000000000000     ,
           0.000000000000000     ,
           0.000000000000000     ,
           0.000000000000000     ,
           0.000000000000000     ,
           0.000000000000000     ,
           0.000000000000000     ,
 YLIM =   0.7210989010989012     ,
          0.7210989010989012     ,
         -0.7210989010989012     ,
         -0.7210989010989012     ,
          0.7210989010989012     ,
          0.7210989010989012     ,
           0.000000000000000     ,
           0.000000000000000     ,
           0.000000000000000     ,
           0.000000000000000     ,
           0.000000000000000     ,
           0.000000000000000     ,
           0.000000000000000     ,
           0.000000000000000     ,
           0.000000000000000     ,
           0.000000000000000     ,
           0.000000000000000     ,
           0.000000000000000     ,
           0.000000000000000     ,
           0.000000000000000     ,
           0.000000000000000     ,
           0.000000000000000     ,
           0.000000000000000     ,
           0.000000000000000     ,
           0.000000000000000     ,
           0.000000000000000     ,
           0.000000000000000     ,
           0.000000000000000     ,
           0.000000000000000     ,
           0.000000000000000     ,
           0.000000000000000     ,
           0.000000000000000     ,
           0.000000000000000     ,
           0.000000000000000     ,
           0.000000000000000     ,
           0.000000000000000     ,
           0.000000000000000     ,
           0.000000000000000     ,
           0.000000000000000     ,
           0.000000000000000     ,
           0.000000000000000     ,
           0.000000000000000     ,
           0.000000000000000     ,
           0.000000000000000     ,
           0.000000000000000     ,
           0.000000000000000     ,
           0.000000000000000     ,
           0.000000000000000     ,
           0.000000000000000     ,
           0.000000000000000     ,
           0.000000000000000     ,
           0.000000000000000     ,
           0.000000000000000     ,
           0.000000000000000     ,
           0.000000000000000     ,
           0.000000000000000     ,
           0.000000000000000     ,
           0.000000000000000     ,
           0.000000000000000     ,
           0.000000000000000     ,
           0.000000000000000     ,
           0.000000000000000     ,
           0.000000000000000     ,
           0.000000000000000     ,
           0.000000000000000     ,
           0.000000000000000     ,
           0.000000000000000     ,
           0.000000000000000     ,
           0.000000000000000     ,
           0.000000000000000     ,
           0.000000000000000     ,
           0.000000000000000     ,
           0.000000000000000     ,
           0.000000000000000     ,
           0.000000000000000     ,
           0.000000000000000     ,
           0.000000000000000     ,
           0.000000000000000     ,
           0.000000000000000     ,
           0.000000000000000     ,
           0.000000000000000     ,
           0.000000000000000     ,
           0.000000000000000     ,
           0.000000000000000     ,
           0.000000000000000     ,
           0.000000000000000     ,
           0.000000000000000     ,
           0.000000000000000     ,
           0.000000000000000     ,
           0.000000000000000     ,
           0.000000000000000     ,
           0.000000000000000     ,
           0.000000000000000     ,
           0.000000000000000     ,
           0.000000000000000     ,
           0.000000000000000     ,
           0.000000000000000     ,
           0.000000000000000     ,
           0.000000000000000     ,
           0.000000000000000     ,
           0.000000000000000     ,
           0.000000000000000     ,
           0.000000000000000     ,
           0.000000000000000     ,
           0.000000000000000     ,
           0.000000000000000     ,
           0.000000000000000     ,
           0.000000000000000     ,
           0.000000000000000     ,
           0.000000000000000     ,
           0.000000000000000     ,
           0.000000000000000     ,
           0.000000000000000     ,
           0.000000000000000     ,
           0.000000000000000     ,
           0.000000000000000     ,
           0.000000000000000     ,
           0.000000000000000     ,
           0.000000000000000     ,
           0.000000000000000     ,
           0.000000000000000     ,
           0.000000000000000     ,
           0.000000000000000     ,
           0.000000000000000     ,
           0.000000000000000     ,
           0.000000000000000     ,
           0.000000000000000     ,
           0.000000000000000     ,
           0.000000000000000     ,
           0.000000000000000     ,
           0.000000000000000     ,
           0.000000000000000     ,
           0.000000000000000     ,
           0.000000000000000     ,
           0.000000000000000     ,
           0.000000000000000     ,
           0.000000000000000     ,
           0.000000000000000     ,
           0.000000000000000     ,
           0.000000000000000     ,
           0.000000000000000     ,
           0.000000000000000     ,
           0.000000000000000     ,
           0.000000000000000     ,
           0.000000000000000     ,
           0.000000000000000     ,
           0.000000000000000     ,
           0.000000000000000     ,
           0.000000000000000     ,
           0.000000000000000     ,
           0.000000000000000     ,
           0.000000000000000     ,
           0.000000000000000     ,
           0.000000000000000     ,
           0.000000000000000     ,
           0.000000000000000     ,
           0.000000000000000     ,
           0.000000000000000     ,
           0.000000000000000     ,
           0.000000000000000     ,
 ERROR =   9.9999997473787516E-005,
 ICONVR =            3,
 IBUNMN =            3,
 BRSP =    26954.81066894531     ,
          -49777.09094238281     ,
           259032.1298217773     ,
           247074.5838012695     ,
           105237.6649169922     ,
          -315999.4102249146     ,
           623162.8550529480     ,
          -47335.12359619141     ,
          -785090.4809570313     ,
           343059.6765747070     ,
           87730.52026367188     ,
          -117669.0666503906     ,
          -116241.3265991211     ,
          -105798.1111450195     ,
          -414164.2415695190     ,
           567121.6158065796     ,
          -128742.7036132813     ,
          -152511.8558959961     ,
           0.000000000000000     ,
           0.000000000000000     ,
           0.000000000000000     ,
           0.000000000000000     ,
           0.000000000000000     ,
           0.000000000000000     ,
           0.000000000000000     ,
           0.000000000000000     ,
           0.000000000000000     ,
           0.000000000000000     ,
           0.000000000000000     ,
           0.000000000000000     ,
           0.000000000000000     ,
           0.000000000000000     ,
           0.000000000000000     ,
           0.000000000000000     ,
           0.000000000000000     ,
           0.000000000000000     ,
           0.000000000000000     ,
           0.000000000000000     ,
           0.000000000000000     ,
           0.000000000000000     ,
           0.000000000000000     ,
           0.000000000000000     ,
           0.000000000000000     ,
           0.000000000000000     ,
           0.000000000000000     ,
           0.000000000000000     ,
           0.000000000000000     ,
           0.000000000000000     ,
           0.000000000000000     ,
           0.000000000000000     ,
           0.000000000000000     ,
           0.000000000000000     ,
           0.000000000000000     ,
           0.000000000000000     ,
           0.000000000000000     ,
           0.000000000000000     ,
           0.000000000000000     ,
           0.000000000000000     ,
           0.000000000000000     ,
           0.000000000000000     ,
           0.000000000000000     ,
           0.000000000000000     ,
           0.000000000000000     ,
           0.000000000000000     ,
           0.000000000000000     ,
           0.000000000000000     ,
           0.000000000000000     ,
           0.000000000000000     ,
           0.000000000000000     ,
           0.000000000000000     ,
           0.000000000000000     ,
           0.000000000000000     ,
           0.000000000000000     ,
           0.000000000000000     ,
           0.000000000000000     ,
           0.000000000000000     ,
           0.000000000000000     ,
           0.000000000000000     ,
           0.000000000000000     ,
           0.000000000000000     ,
           0.000000000000000     ,
           0.000000000000000     ,
           0.000000000000000     ,
           0.000000000000000     ,
           0.000000000000000     ,
           0.000000000000000     ,
           0.000000000000000     ,
           0.000000000000000     ,
           0.000000000000000     ,
           0.000000000000000     ,
           0.000000000000000     ,
           0.000000000000000     ,
           0.000000000000000     ,
           0.000000000000000     ,
           0.000000000000000     ,
           0.000000000000000     ,
           0.000000000000000     ,
           0.000000000000000     ,
           0.000000000000000     ,
           0.000000000000000     ,
           0.000000000000000     ,
           0.000000000000000     ,
           0.000000000000000     ,
           0.000000000000000     ,
           0.000000000000000     ,
           0.000000000000000     ,
           0.000000000000000     ,
           0.000000000000000     ,
           0.000000000000000     ,
           0.000000000000000     ,
           0.000000000000000     ,
           0.000000000000000     ,
           0.000000000000000     ,
           0.000000000000000     ,
           0.000000000000000     ,
           0.000000000000000     ,
           0.000000000000000     ,
           0.000000000000000     ,
           0.000000000000000     ,
           0.000000000000000     ,
           0.000000000000000     ,
           0.000000000000000     ,
           0.000000000000000     ,
           0.000000000000000     ,
           0.000000000000000     ,
           0.000000000000000     ,
           0.000000000000000     ,
           0.000000000000000     ,
           0.000000000000000     ,
           0.000000000000000     ,
           0.000000000000000     ,
           0.000000000000000     ,
           0.000000000000000     ,
           0.000000000000000     ,
           0.000000000000000     ,
           0.000000000000000     ,
           0.000000000000000     ,
           0.000000000000000     ,
           0.000000000000000     ,
           0.000000000000000     ,
           0.000000000000000     ,
           0.000000000000000     ,
           0.000000000000000     ,
           0.000000000000000     ,
           0.000000000000000     ,
           0.000000000000000     ,
           0.000000000000000     ,
           0.000000000000000     ,
           0.000000000000000     ,
           0.000000000000000     ,
           0.000000000000000     ,
           0.000000000000000     ,
           0.000000000000000     ,
           0.000000000000000     ,
           0.000000000000000     ,
           0.000000000000000     ,
           0.000000000000000     ,
           0.000000000000000     ,
           0.000000000000000     ,
           0.000000000000000     ,
           0.000000000000000     ,
           0.000000000000000     ,
           0.000000000000000     ,
           0.000000000000000     ,
           0.000000000000000     ,
           0.000000000000000     ,
           0.000000000000000     ,
           0.000000000000000     ,
           0.000000000000000     ,
           0.000000000000000     ,
           0.000000000000000     ,
           0.000000000000000     ,
           0.000000000000000     ,
           0.000000000000000     ,
           0.000000000000000     ,
           0.000000000000000     ,
           0.000000000000000     ,
           0.000000000000000     ,
           0.000000000000000     ,
           0.000000000000000     ,
           0.000000000000000     ,
           0.000000000000000     ,
           0.000000000000000     ,
           0.000000000000000     ,
           0.000000000000000     ,
           0.000000000000000     ,
           0.000000000000000     ,
           0.000000000000000     ,
           0.000000000000000     ,
           0.000000000000000     ,
           0.000000000000000     ,
           0.000000000000000     ,
           0.000000000000000     ,
           0.000000000000000     ,
           0.000000000000000     ,
           0.000000000000000     ,
           0.000000000000000     ,
           0.000000000000000     ,
           0.000000000000000     ,
           0.000000000000000     ,
           0.000000000000000     ,
           0.000000000000000     ,
           0.000000000000000     ,
           0.000000000000000     ,
           0.000000000000000     ,
           0.000000000000000     ,
           0.000000000000000     ,
           0.000000000000000     ,
           0.000000000000000     ,
           0.000000000000000     ,
           0.000000000000000     ,
           0.000000000000000     ,
           0.000000000000000     ,
           0.000000000000000     ,
           0.000000000000000     ,
           0.000000000000000     ,
           0.000000000000000     ,
           0.000000000000000     ,
           0.000000000000000     ,
           0.000000000000000     ,
           0.000000000000000     ,
           0.000000000000000     ,
           0.000000000000000     ,
           0.000000000000000     ,
           0.000000000000000     ,
           0.000000000000000     ,
           0.000000000000000     ,
           0.000000000000000     ,
           0.000000000000000     ,
           0.000000000000000     ,
           0.000000000000000     ,
           0.000000000000000     ,
           0.000000000000000     ,
           0.000000000000000     ,
           0.000000000000000     ,
           0.000000000000000     ,
           0.000000000000000     ,
           0.000000000000000     ,
           0.000000000000000     ,
           0.000000000000000     ,
           0.000000000000000     ,
           0.000000000000000     ,
           0.000000000000000     ,
           0.000000000000000     ,
           0.000000000000000     ,
           0.000000000000000     ,
           0.000000000000000     ,
           0.000000000000000     ,
           0.000000000000000     ,
           0.000000000000000     ,
           0.000000000000000     ,
           0.000000000000000     ,
           0.000000000000000     ,
           0.000000000000000     ,
           0.000000000000000     ,
           0.000000000000000     ,
           0.000000000000000     ,
           0.000000000000000     ,
           0.000000000000000     ,
           0.000000000000000     ,
           0.000000000000000     ,
           0.000000000000000     ,
           0.000000000000000     ,
           0.000000000000000     ,
           0.000000000000000     ,
           0.000000000000000     ,
           0.000000000000000     ,
           0.000000000000000     ,
           0.000000000000000     ,
           0.000000000000000     ,
           0.000000000000000     ,
           0.000000000000000     ,
           0.000000000000000     ,
           0.000000000000000     ,
           0.000000000000000     ,
           0.000000000000000     ,
           0.000000000000000     ,
           0.000000000000000     ,
           0.000000000000000     ,
           0.000000000000000     ,
           0.000000000000000     ,
           0.000000000000000     ,
           0.000000000000000     ,
           0.000000000000000     ,
           0.000000000000000     ,
           0.000000000000000     ,
           0.000000000000000     ,
           0.000000000000000     ,
           0.000000000000000     ,
           0.000000000000000     ,
           0.000000000000000     ,
           0.000000000000000     ,
           0.000000000000000     ,
           0.000000000000000     ,
           0.000000000000000     ,
           0.000000000000000     ,
           0.000000000000000     ,
           0.000000000000000     ,
           0.000000000000000     ,
           0.000000000000000     ,
           0.000000000000000     ,
           0.000000000000000     ,
           0.000000000000000     ,
           0.000000000000000     ,
           0.000000000000000     ,
           0.000000000000000     ,
           0.000000000000000     ,
           0.000000000000000     ,
           0.000000000000000     ,
           0.000000000000000     ,
           0.000000000000000     ,
           0.000000000000000     ,
           0.000000000000000     ,
           0.000000000000000     ,
           0.000000000000000     ,
           0.000000000000000     ,
           0.000000000000000     ,
           0.000000000000000     ,
           0.000000000000000     ,
           0.000000000000000     ,
           0.000000000000000     ,
           0.000000000000000     ,
           0.000000000000000     ,
           0.000000000000000     ,
           0.000000000000000     ,
           0.000000000000000     ,
           0.000000000000000     ,
           0.000000000000000     ,
           0.000000000000000     ,
           0.000000000000000     ,
           0.000000000000000     ,
           0.000000000000000     ,
           0.000000000000000     ,
           0.000000000000000     ,
           0.000000000000000     ,
           0.000000000000000     ,
           0.000000000000000     ,
           0.000000000000000     ,
           0.000000000000000     ,
           0.000000000000000     ,
           0.000000000000000     ,
           0.000000000000000     ,
           0.000000000000000     ,
           0.000000000000000     ,
           0.000000000000000     ,
           0.000000000000000     ,
           0.000000000000000     ,
           0.000000000000000     ,
           0.000000000000000     ,
           0.000000000000000     ,
           0.000000000000000     ,
           0.000000000000000     ,
           0.000000000000000     ,
           0.000000000000000     ,
           0.000000000000000     ,
           0.000000000000000     ,
           0.000000000000000     ,
           0.000000000000000     ,
           0.000000000000000     ,
           0.000000000000000     ,
           0.000000000000000     ,
           0.000000000000000     ,
           0.000000000000000     ,
           0.000000000000000     ,
           0.000000000000000     ,
           0.000000000000000     ,
           0.000000000000000     ,
           0.000000000000000     ,
           0.000000000000000     ,
           0.000000000000000     ,
           0.000000000000000     ,
           0.000000000000000     ,
           0.000000000000000     ,
           0.000000000000000     ,
           0.000000000000000     ,
           0.000000000000000     ,
           0.000000000000000     ,
           0.000000000000000     ,
           0.000000000000000     ,
           0.000000000000000     ,
           0.000000000000000     ,
           0.000000000000000     ,
           0.000000000000000     ,
           0.000000000000000     ,
           0.000000000000000     ,
           0.000000000000000     ,
           0.000000000000000     ,
           0.000000000000000     ,
           0.000000000000000     ,
           0.000000000000000     ,
           0.000000000000000     ,
           0.000000000000000     ,
           0.000000000000000     ,
           0.000000000000000     ,
           0.000000000000000     ,
           0.000000000000000     ,
           0.000000000000000     ,
           0.000000000000000     ,
           0.000000000000000     ,
           0.000000000000000     ,
           0.000000000000000     ,
           0.000000000000000     ,
           0.000000000000000     ,
           0.000000000000000     ,
           0.000000000000000     ,
           0.000000000000000     ,
           0.000000000000000     ,
           0.000000000000000     ,
           0.000000000000000     ,
           0.000000000000000     ,
           0.000000000000000     ,
           0.000000000000000     ,
           0.000000000000000     ,
           0.000000000000000     ,
           0.000000000000000     ,
           0.000000000000000     ,
           0.000000000000000     ,
           0.000000000000000     ,
           0.000000000000000     ,
           0.000000000000000     ,
           0.000000000000000     ,
           0.000000000000000     ,
           0.000000000000000     ,
           0.000000000000000     ,
           0.000000000000000     ,
           0.000000000000000     ,
           0.000000000000000     ,
           0.000000000000000     ,
           0.000000000000000     ,
           0.000000000000000     ,
           0.000000000000000     ,
           0.000000000000000     ,
           0.000000000000000     ,
           0.000000000000000     ,
           0.000000000000000     ,
           0.000000000000000     ,
           0.000000000000000     ,
           0.000000000000000     ,
           0.000000000000000     ,
           0.000000000000000     ,
           0.000000000000000     ,
           0.000000000000000     ,
           0.000000000000000     ,
           0.000000000000000     ,
           0.000000000000000     ,
           0.000000000000000     ,
           0.000000000000000     ,
           0.000000000000000     ,
           0.000000000000000     ,
           0.000000000000000     ,
           0.000000000000000     ,
           0.000000000000000     ,
           0.000000000000000     ,
           0.000000000000000     ,
           0.000000000000000     ,
           0.000000000000000     ,
           0.000000000000000     ,
           0.000000000000000     ,
           0.000000000000000     ,
           0.000000000000000     ,
           0.000000000000000     ,
           0.000000000000000     ,
           0.000000000000000     ,
           0.000000000000000     ,
           0.000000000000000     ,
           0.000000000000000     ,
           0.000000000000000     ,
           0.000000000000000     ,
           0.000000000000000     ,
           0.000000000000000     ,
           0.000000000000000     ,
           0.000000000000000     ,
           0.000000000000000     ,
           0.000000000000000     ,
           0.000000000000000     ,
           0.000000000000000     ,
           0.000000000000000     ,
           0.000000000000000     ,
           0.000000000000000     ,
           0.000000000000000     ,
           0.000000000000000     ,
           0.000000000000000     ,
           0.000000000000000     ,
           0.000000000000000     ,
           0.000000000000000     ,
           0.000000000000000     ,
           0.000000000000000     ,
           0.000000000000000     ,
           0.000000000000000     ,
           0.000000000000000     ,
           0.000000000000000     ,
           0.000000000000000     ,
           0.000000000000000     ,
           0.000000000000000     ,
           0.000000000000000     ,
           0.000000000000000     ,
           0.000000000000000     ,
           0.000000000000000     ,
           0.000000000000000     ,
           0.000000000000000     ,
           0.000000000000000     ,
           0.000000000000000     ,
           0.000000000000000     ,
           0.000000000000000     ,
           0.000000000000000     ,
           0.000000000000000     ,
           0.000000000000000     ,
           0.000000000000000     ,
           0.000000000000000     ,
           0.000000000000000     ,
           0.000000000000000     ,
           0.000000000000000     ,
           0.000000000000000     ,
           0.000000000000000     ,
           0.000000000000000     ,
           0.000000000000000     ,
           0.000000000000000     ,
           0.000000000000000     ,
           0.000000000000000     ,
           0.000000000000000     ,
           0.000000000000000     ,
           0.000000000000000     ,
           0.000000000000000     ,
           0.000000000000000     ,
           0.000000000000000     ,
           0.000000000000000     ,
           0.000000000000000     ,
           0.000000000000000     ,
           0.000000000000000     ,
           0.000000000000000     ,
           0.000000000000000     ,
           0.000000000000000     ,
           0.000000000000000     ,
           0.000000000000000     ,
           0.000000000000000     ,
           0.000000000000000     ,
           0.000000000000000     ,
           0.000000000000000     ,
           0.000000000000000     ,
           0.000000000000000     ,
           0.000000000000000     ,
           0.000000000000000     ,
           0.000000000000000     ,
           0.000000000000000     ,
           0.000000000000000     ,
           0.000000000000000     ,
           0.000000000000000     ,
           0.000000000000000     ,
           0.000000000000000     ,
           0.000000000000000     ,
           0.000000000000000     ,
           0.000000000000000     ,
           0.000000000000000     ,
           0.000000000000000     ,
           0.000000000000000     ,
           0.000000000000000     ,
           0.000000000000000     ,
           0.000000000000000     ,
           0.000000000000000     ,
           0.000000000000000     ,
           0.000000000000000     ,
           0.000000000000000     ,
           0.000000000000000     ,
           0.000000000000000     ,
           0.000000000000000     ,
           0.000000000000000     ,
           0.000000000000000     ,
           0.000000000000000     ,
           0.000000000000000     ,
           0.000000000000000     ,
           0.000000000000000     ,
           0.000000000000000     ,
           0.000000000000000     ,
           0.000000000000000     ,
           0.000000000000000     ,
           0.000000000000000     ,
           0.000000000000000     ,
           0.000000000000000     ,
           0.000000000000000     ,
           0.000000000000000     ,
           0.000000000000000     ,
           0.000000000000000     ,
           0.000000000000000     ,
           0.000000000000000     ,
           0.000000000000000     ,
           0.000000000000000     ,
           0.000000000000000     ,
           0.000000000000000     ,
           0.000000000000000     ,
           0.000000000000000     ,
           0.000000000000000     ,
           0.000000000000000     ,
           0.000000000000000     ,
           0.000000000000000     ,
           0.000000000000000     ,
           0.000000000000000     ,
           0.000000000000000     ,
           0.000000000000000     ,
           0.000000000000000     ,
           0.000000000000000     ,
           0.000000000000000     ,
           0.000000000000000     ,
           0.000000000000000     ,
           0.000000000000000     ,
           0.000000000000000     ,
           0.000000000000000     ,
           0.000000000000000     ,
           0.000000000000000     ,
           0.000000000000000     ,
           0.000000000000000     ,
           0.000000000000000     ,
 KFFCUR =            0,
 KPPCUR =            0,
 PCURBD =    0.000000000000000     ,
 FCURBD =    0.000000000000000     ,
 VBIT =    10.00000000000000     
 /
 &BASIS
 KPPFNC =            6,
 KPPKNT =            0,
 PPKNT =    0.000000000000000     ,
            0.000000000000000     ,
            0.000000000000000     ,
            0.000000000000000     ,
            0.000000000000000     ,
            0.000000000000000     ,
            0.000000000000000     ,
            0.000000000000000     ,
            0.000000000000000     ,
            0.000000000000000     ,
            0.000000000000000     ,
            0.000000000000000     ,
            0.000000000000000     ,
            0.000000000000000     ,
            0.000000000000000     ,
            0.000000000000000     ,
            0.000000000000000     ,
            0.000000000000000     ,
            0.000000000000000     ,
            0.000000000000000     ,
            0.000000000000000     ,
            0.000000000000000     ,
            0.000000000000000     ,
            0.000000000000000     ,
            0.000000000000000     ,
            0.000000000000000     ,
            0.000000000000000     ,
            0.000000000000000     ,
            0.000000000000000     ,
            0.000000000000000     ,
            0.000000000000000     ,
            0.000000000000000     ,
            0.000000000000000     ,
            0.000000000000000     ,
            0.000000000000000     ,
            0.000000000000000     ,
            0.000000000000000     ,
            0.000000000000000     ,
            0.000000000000000     ,
            0.000000000000000     ,
            0.000000000000000     ,
            0.000000000000000     ,
            0.000000000000000     ,
            0.000000000000000     ,
            0.000000000000000     ,
            0.000000000000000     ,
            0.000000000000000     ,
            0.000000000000000     ,
            0.000000000000000     ,
            0.000000000000000     ,
            0.000000000000000     ,
            0.000000000000000     ,
            0.000000000000000     ,
            0.000000000000000     ,
            0.000000000000000     ,
            0.000000000000000     ,
            0.000000000000000     ,
            0.000000000000000     ,
            0.000000000000000     ,
            0.000000000000000     ,
            0.000000000000000     ,
            0.000000000000000     ,
            0.000000000000000     ,
            0.000000000000000     ,
 PPTENS =    0.000000000000000     ,
 KFFFNC =            6,
 KFFKNT =            0,
 FFKNT =    0.000000000000000     ,
            0.000000000000000     ,
            0.000000000000000     ,
            0.000000000000000     ,
            0.000000000000000     ,
            0.000000000000000     ,
            0.000000000000000     ,
            0.000000000000000     ,
            0.000000000000000     ,
            0.000000000000000     ,
            0.000000000000000     ,
            0.000000000000000     ,
            0.000000000000000     ,
            0.000000000000000     ,
            0.000000000000000     ,
            0.000000000000000     ,
            0.000000000000000     ,
            0.000000000000000     ,
            0.000000000000000     ,
            0.000000000000000     ,
            0.000000000000000     ,
            0.000000000000000     ,
            0.000000000000000     ,
            0.000000000000000     ,
            0.000000000000000     ,
            0.000000000000000     ,
            0.000000000000000     ,
            0.000000000000000     ,
            0.000000000000000     ,
            0.000000000000000     ,
            0.000000000000000     ,
            0.000000000000000     ,
            0.000000000000000     ,
            0.000000000000000     ,
            0.000000000000000     ,
            0.000000000000000     ,
            0.000000000000000     ,
            0.000000000000000     ,
            0.000000000000000     ,
            0.000000000000000     ,
            0.000000000000000     ,
            0.000000000000000     ,
            0.000000000000000     ,
            0.000000000000000     ,
            0.000000000000000     ,
            0.000000000000000     ,
            0.000000000000000     ,
            0.000000000000000     ,
            0.000000000000000     ,
            0.000000000000000     ,
            0.000000000000000     ,
            0.000000000000000     ,
            0.000000000000000     ,
            0.000000000000000     ,
            0.000000000000000     ,
            0.000000000000000     ,
            0.000000000000000     ,
            0.000000000000000     ,
            0.000000000000000     ,
            0.000000000000000     ,
            0.000000000000000     ,
            0.000000000000000     ,
            0.000000000000000     ,
            0.000000000000000     ,
 FFTENS =    0.000000000000000     ,
 KWWFNC =            0,
 KWWKNT =            0,
 WWKNT =    0.000000000000000     ,
            0.000000000000000     ,
            0.000000000000000     ,
            0.000000000000000     ,
            0.000000000000000     ,
            0.000000000000000     ,
            0.000000000000000     ,
            0.000000000000000     ,
            0.000000000000000     ,
            0.000000000000000     ,
            0.000000000000000     ,
            0.000000000000000     ,
            0.000000000000000     ,
            0.000000000000000     ,
            0.000000000000000     ,
            0.000000000000000     ,
            0.000000000000000     ,
            0.000000000000000     ,
            0.000000000000000     ,
            0.000000000000000     ,
            0.000000000000000     ,
            0.000000000000000     ,
            0.000000000000000     ,
            0.000000000000000     ,
            0.000000000000000     ,
            0.000000000000000     ,
            0.000000000000000     ,
            0.000000000000000     ,
            0.000000000000000     ,
            0.000000000000000     ,
            0.000000000000000     ,
            0.000000000000000     ,
            0.000000000000000     ,
            0.000000000000000     ,
            0.000000000000000     ,
            0.000000000000000     ,
            0.000000000000000     ,
            0.000000000000000     ,
            0.000000000000000     ,
            0.000000000000000     ,
            0.000000000000000     ,
            0.000000000000000     ,
            0.000000000000000     ,
            0.000000000000000     ,
            0.000000000000000     ,
            0.000000000000000     ,
            0.000000000000000     ,
            0.000000000000000     ,
            0.000000000000000     ,
            0.000000000000000     ,
            0.000000000000000     ,
            0.000000000000000     ,
            0.000000000000000     ,
            0.000000000000000     ,
            0.000000000000000     ,
            0.000000000000000     ,
            0.000000000000000     ,
            0.000000000000000     ,
            0.000000000000000     ,
            0.000000000000000     ,
            0.000000000000000     ,
            0.000000000000000     ,
            0.000000000000000     ,
            0.000000000000000     ,
 WWTENS =    0.000000000000000     ,
 PPBDRY =    0.000000000000000     ,
             0.000000000000000     ,
             0.000000000000000     ,
             0.000000000000000     ,
             0.000000000000000     ,
             0.000000000000000     ,
             0.000000000000000     ,
             0.000000000000000     ,
             0.000000000000000     ,
             0.000000000000000     ,
             0.000000000000000     ,
             0.000000000000000     ,
             0.000000000000000     ,
             0.000000000000000     ,
             0.000000000000000     ,
             0.000000000000000     ,
             0.000000000000000     ,
             0.000000000000000     ,
             0.000000000000000     ,
             0.000000000000000     ,
             0.000000000000000     ,
             0.000000000000000     ,
             0.000000000000000     ,
             0.000000000000000     ,
             0.000000000000000     ,
             0.000000000000000     ,
             0.000000000000000     ,
             0.000000000000000     ,
             0.000000000000000     ,
             0.000000000000000     ,
             0.000000000000000     ,
             0.000000000000000     ,
             0.000000000000000     ,
             0.000000000000000     ,
             0.000000000000000     ,
             0.000000000000000     ,
             0.000000000000000     ,
             0.000000000000000     ,
             0.000000000000000     ,
             0.000000000000000     ,
             0.000000000000000     ,
             0.000000000000000     ,
             0.000000000000000     ,
             0.000000000000000     ,
             0.000000000000000     ,
             0.000000000000000     ,
             0.000000000000000     ,
             0.000000000000000     ,
             0.000000000000000     ,
             0.000000000000000     ,
             0.000000000000000     ,
             0.000000000000000     ,
             0.000000000000000     ,
             0.000000000000000     ,
             0.000000000000000     ,
             0.000000000000000     ,
             0.000000000000000     ,
             0.000000000000000     ,
             0.000000000000000     ,
             0.000000000000000     ,
             0.000000000000000     ,
             0.000000000000000     ,
             0.000000000000000     ,
             0.000000000000000     ,
 PP2BDRY =    0.000000000000000     ,
              0.000000000000000     ,
              0.000000000000000     ,
              0.000000000000000     ,
              0.000000000000000     ,
              0.000000000000000     ,
              0.000000000000000     ,
              0.000000000000000     ,
              0.000000000000000     ,
              0.000000000000000     ,
              0.000000000000000     ,
              0.000000000000000     ,
              0.000000000000000     ,
              0.000000000000000     ,
              0.000000000000000     ,
              0.000000000000000     ,
              0.000000000000000     ,
              0.000000000000000     ,
              0.000000000000000     ,
              0.000000000000000     ,
              0.000000000000000     ,
              0.000000000000000     ,
              0.000000000000000     ,
              0.000000000000000     ,
              0.000000000000000     ,
              0.000000000000000     ,
              0.000000000000000     ,
              0.000000000000000     ,
              0.000000000000000     ,
              0.000000000000000     ,
              0.000000000000000     ,
              0.000000000000000     ,
              0.000000000000000     ,
              0.000000000000000     ,
              0.000000000000000     ,
              0.000000000000000     ,
              0.000000000000000     ,
              0.000000000000000     ,
              0.000000000000000     ,
              0.000000000000000     ,
              0.000000000000000     ,
              0.000000000000000     ,
              0.000000000000000     ,
              0.000000000000000     ,
              0.000000000000000     ,
              0.000000000000000     ,
              0.000000000000000     ,
              0.000000000000000     ,
              0.000000000000000     ,
              0.000000000000000     ,
              0.000000000000000     ,
              0.000000000000000     ,
              0.000000000000000     ,
              0.000000000000000     ,
              0.000000000000000     ,
              0.000000000000000     ,
              0.000000000000000     ,
              0.000000000000000     ,
              0.000000000000000     ,
              0.000000000000000     ,
              0.000000000000000     ,
              0.000000000000000     ,
              0.000000000000000     ,
              0.000000000000000     ,
 KPPBDRY =            0,
                      0,
                      0,
                      0,
                      0,
                      0,
                      0,
                      0,
                      0,
                      0,
                      0,
                      0,
                      0,
                      0,
                      0,
                      0,
                      0,
                      0,
                      0,
                      0,
                      0,
                      0,
                      0,
                      0,
                      0,
                      0,
                      0,
                      0,
                      0,
                      0,
                      0,
                      0,
                      0,
                      0,
                      0,
                      0,
                      0,
                      0,
                      0,
                      0,
                      0,
                      0,
                      0,
                      0,
                      0,
                      0,
                      0,
                      0,
                      0,
                      0,
                      0,
                      0,
                      0,
                      0,
                      0,
                      0,
                      0,
                      0,
                      0,
                      0,
                      0,
                      0,
                      0,
                      0,
 KPP2BDRY =            0,
                       0,
                       0,
                       0,
                       0,
                       0,
                       0,
                       0,
                       0,
                       0,
                       0,
                       0,
                       0,
                       0,
                       0,
                       0,
                       0,
                       0,
                       0,
                       0,
                       0,
                       0,
                       0,
                       0,
                       0,
                       0,
                       0,
                       0,
                       0,
                       0,
                       0,
                       0,
                       0,
                       0,
                       0,
                       0,
                       0,
                       0,
                       0,
                       0,
                       0,
                       0,
                       0,
                       0,
                       0,
                       0,
                       0,
                       0,
                       0,
                       0,
                       0,
                       0,
                       0,
                       0,
                       0,
                       0,
                       0,
                       0,
                       0,
                       0,
                       0,
                       0,
                       0,
                       0,
 FFBDRY =    0.000000000000000     ,
             0.000000000000000     ,
             0.000000000000000     ,
             0.000000000000000     ,
             0.000000000000000     ,
             0.000000000000000     ,
             0.000000000000000     ,
             0.000000000000000     ,
             0.000000000000000     ,
             0.000000000000000     ,
             0.000000000000000     ,
             0.000000000000000     ,
             0.000000000000000     ,
             0.000000000000000     ,
             0.000000000000000     ,
             0.000000000000000     ,
             0.000000000000000     ,
             0.000000000000000     ,
             0.000000000000000     ,
             0.000000000000000     ,
             0.000000000000000     ,
             0.000000000000000     ,
             0.000000000000000     ,
             0.000000000000000     ,
             0.000000000000000     ,
             0.000000000000000     ,
             0.000000000000000     ,
             0.000000000000000     ,
             0.000000000000000     ,
             0.000000000000000     ,
             0.000000000000000     ,
             0.000000000000000     ,
             0.000000000000000     ,
             0.000000000000000     ,
             0.000000000000000     ,
             0.000000000000000     ,
             0.000000000000000     ,
             0.000000000000000     ,
             0.000000000000000     ,
             0.000000000000000     ,
             0.000000000000000     ,
             0.000000000000000     ,
             0.000000000000000     ,
             0.000000000000000     ,
             0.000000000000000     ,
             0.000000000000000     ,
             0.000000000000000     ,
             0.000000000000000     ,
             0.000000000000000     ,
             0.000000000000000     ,
             0.000000000000000     ,
             0.000000000000000     ,
             0.000000000000000     ,
             0.000000000000000     ,
             0.000000000000000     ,
             0.000000000000000     ,
             0.000000000000000     ,
             0.000000000000000     ,
             0.000000000000000     ,
             0.000000000000000     ,
             0.000000000000000     ,
             0.000000000000000     ,
             0.000000000000000     ,
             0.000000000000000     ,
 FF2BDRY =    0.000000000000000     ,
              0.000000000000000     ,
              0.000000000000000     ,
              0.000000000000000     ,
              0.000000000000000     ,
              0.000000000000000     ,
              0.000000000000000     ,
              0.000000000000000     ,
              0.000000000000000     ,
              0.000000000000000     ,
              0.000000000000000     ,
              0.000000000000000     ,
              0.000000000000000     ,
              0.000000000000000     ,
              0.000000000000000     ,
              0.000000000000000     ,
              0.000000000000000     ,
              0.000000000000000     ,
              0.000000000000000     ,
              0.000000000000000     ,
              0.000000000000000     ,
              0.000000000000000     ,
              0.000000000000000     ,
              0.000000000000000     ,
              0.000000000000000     ,
              0.000000000000000     ,
              0.000000000000000     ,
              0.000000000000000     ,
              0.000000000000000     ,
              0.000000000000000     ,
              0.000000000000000     ,
              0.000000000000000     ,
              0.000000000000000     ,
              0.000000000000000     ,
              0.000000000000000     ,
              0.000000000000000     ,
              0.000000000000000     ,
              0.000000000000000     ,
              0.000000000000000     ,
              0.000000000000000     ,
              0.000000000000000     ,
              0.000000000000000     ,
              0.000000000000000     ,
              0.000000000000000     ,
              0.000000000000000     ,
              0.000000000000000     ,
              0.000000000000000     ,
              0.000000000000000     ,
              0.000000000000000     ,
              0.000000000000000     ,
              0.000000000000000     ,
              0.000000000000000     ,
              0.000000000000000     ,
              0.000000000000000     ,
              0.000000000000000     ,
              0.000000000000000     ,
              0.000000000000000     ,
              0.000000000000000     ,
              0.000000000000000     ,
              0.000000000000000     ,
              0.000000000000000     ,
              0.000000000000000     ,
              0.000000000000000     ,
              0.000000000000000     ,
 KFFBDRY =            0,
                      0,
                      0,
                      0,
                      0,
                      0,
                      0,
                      0,
                      0,
                      0,
                      0,
                      0,
                      0,
                      0,
                      0,
                      0,
                      0,
                      0,
                      0,
                      0,
                      0,
                      0,
                      0,
                      0,
                      0,
                      0,
                      0,
                      0,
                      0,
                      0,
                      0,
                      0,
                      0,
                      0,
                      0,
                      0,
                      0,
                      0,
                      0,
                      0,
                      0,
                      0,
                      0,
                      0,
                      0,
                      0,
                      0,
                      0,
                      0,
                      0,
                      0,
                      0,
                      0,
                      0,
                      0,
                      0,
                      0,
                      0,
                      0,
                      0,
                      0,
                      0,
                      0,
                      0,
 KFF2BDRY =            0,
                       0,
                       0,
                       0,
                       0,
                       0,
                       0,
                       0,
                       0,
                       0,
                       0,
                       0,
                       0,
                       0,
                       0,
                       0,
                       0,
                       0,
                       0,
                       0,
                       0,
                       0,
                       0,
                       0,
                       0,
                       0,
                       0,
                       0,
                       0,
                       0,
                       0,
                       0,
                       0,
                       0,
                       0,
                       0,
                       0,
                       0,
                       0,
                       0,
                       0,
                       0,
                       0,
                       0,
                       0,
                       0,
                       0,
                       0,
                       0,
                       0,
                       0,
                       0,
                       0,
                       0,
                       0,
                       0,
                       0,
                       0,
                       0,
                       0,
                       0,
                       0,
                       0,
                       0,
 WWBDRY =    0.000000000000000     ,
             0.000000000000000     ,
             0.000000000000000     ,
             0.000000000000000     ,
             0.000000000000000     ,
             0.000000000000000     ,
             0.000000000000000     ,
             0.000000000000000     ,
             0.000000000000000     ,
             0.000000000000000     ,
             0.000000000000000     ,
             0.000000000000000     ,
             0.000000000000000     ,
             0.000000000000000     ,
             0.000000000000000     ,
             0.000000000000000     ,
             0.000000000000000     ,
             0.000000000000000     ,
             0.000000000000000     ,
             0.000000000000000     ,
             0.000000000000000     ,
             0.000000000000000     ,
             0.000000000000000     ,
             0.000000000000000     ,
             0.000000000000000     ,
             0.000000000000000     ,
             0.000000000000000     ,
             0.000000000000000     ,
             0.000000000000000     ,
             0.000000000000000     ,
             0.000000000000000     ,
             0.000000000000000     ,
             0.000000000000000     ,
             0.000000000000000     ,
             0.000000000000000     ,
             0.000000000000000     ,
             0.000000000000000     ,
             0.000000000000000     ,
             0.000000000000000     ,
             0.000000000000000     ,
             0.000000000000000     ,
             0.000000000000000     ,
             0.000000000000000     ,
             0.000000000000000     ,
             0.000000000000000     ,
             0.000000000000000     ,
             0.000000000000000     ,
             0.000000000000000     ,
             0.000000000000000     ,
             0.000000000000000     ,
             0.000000000000000     ,
             0.000000000000000     ,
             0.000000000000000     ,
             0.000000000000000     ,
             0.000000000000000     ,
             0.000000000000000     ,
             0.000000000000000     ,
             0.000000000000000     ,
             0.000000000000000     ,
             0.000000000000000     ,
             0.000000000000000     ,
             0.000000000000000     ,
             0.000000000000000     ,
             0.000000000000000     ,
 WW2BDRY =    0.000000000000000     ,
              0.000000000000000     ,
              0.000000000000000     ,
              0.000000000000000     ,
              0.000000000000000     ,
              0.000000000000000     ,
              0.000000000000000     ,
              0.000000000000000     ,
              0.000000000000000     ,
              0.000000000000000     ,
              0.000000000000000     ,
              0.000000000000000     ,
              0.000000000000000     ,
              0.000000000000000     ,
              0.000000000000000     ,
              0.000000000000000     ,
              0.000000000000000     ,
              0.000000000000000     ,
              0.000000000000000     ,
              0.000000000000000     ,
              0.000000000000000     ,
              0.000000000000000     ,
              0.000000000000000     ,
              0.000000000000000     ,
              0.000000000000000     ,
              0.000000000000000     ,
              0.000000000000000     ,
              0.000000000000000     ,
              0.000000000000000     ,
              0.000000000000000     ,
              0.000000000000000     ,
              0.000000000000000     ,
              0.000000000000000     ,
              0.000000000000000     ,
              0.000000000000000     ,
              0.000000000000000     ,
              0.000000000000000     ,
              0.000000000000000     ,
              0.000000000000000     ,
              0.000000000000000     ,
              0.000000000000000     ,
              0.000000000000000     ,
              0.000000000000000     ,
              0.000000000000000     ,
              0.000000000000000     ,
              0.000000000000000     ,
              0.000000000000000     ,
              0.000000000000000     ,
              0.000000000000000     ,
              0.000000000000000     ,
              0.000000000000000     ,
              0.000000000000000     ,
              0.000000000000000     ,
              0.000000000000000     ,
              0.000000000000000     ,
              0.000000000000000     ,
              0.000000000000000     ,
              0.000000000000000     ,
              0.000000000000000     ,
              0.000000000000000     ,
              0.000000000000000     ,
              0.000000000000000     ,
              0.000000000000000     ,
              0.000000000000000     ,
 KWWBDRY =            0,
                      0,
                      0,
                      0,
                      0,
                      0,
                      0,
                      0,
                      0,
                      0,
                      0,
                      0,
                      0,
                      0,
                      0,
                      0,
                      0,
                      0,
                      0,
                      0,
                      0,
                      0,
                      0,
                      0,
                      0,
                      0,
                      0,
                      0,
                      0,
                      0,
                      0,
                      0,
                      0,
                      0,
                      0,
                      0,
                      0,
                      0,
                      0,
                      0,
                      0,
                      0,
                      0,
                      0,
                      0,
                      0,
                      0,
                      0,
                      0,
                      0,
                      0,
                      0,
                      0,
                      0,
                      0,
                      0,
                      0,
                      0,
                      0,
                      0,
                      0,
                      0,
                      0,
                      0,
 KWW2BDRY =            0,
                       0,
                       0,
                       0,
                       0,
                       0,
                       0,
                       0,
                       0,
                       0,
                       0,
                       0,
                       0,
                       0,
                       0,
                       0,
                       0,
                       0,
                       0,
                       0,
                       0,
                       0,
                       0,
                       0,
                       0,
                       0,
                       0,
                       0,
                       0,
                       0,
                       0,
                       0,
                       0,
                       0,
                       0,
                       0,
                       0,
                       0,
                       0,
                       0,
                       0,
                       0,
                       0,
                       0,
                       0,
                       0,
                       0,
                       0,
                       0,
                       0,
                       0,
                       0,
                       0,
                       0,
                       0,
                       0,
                       0,
                       0,
                       0,
                       0,
                       0,
                       0,
                       0,
                       0,
 KEEFNC =            0,
 KEEKNT =            0,
 EEKNT =    0.000000000000000     ,
            0.000000000000000     ,
            0.000000000000000     ,
            0.000000000000000     ,
            0.000000000000000     ,
            0.000000000000000     ,
            0.000000000000000     ,
            0.000000000000000     ,
            0.000000000000000     ,
            0.000000000000000     ,
            0.000000000000000     ,
            0.000000000000000     ,
            0.000000000000000     ,
            0.000000000000000     ,
            0.000000000000000     ,
            0.000000000000000     ,
            0.000000000000000     ,
            0.000000000000000     ,
            0.000000000000000     ,
            0.000000000000000     ,
            0.000000000000000     ,
            0.000000000000000     ,
            0.000000000000000     ,
            0.000000000000000     ,
            0.000000000000000     ,
            0.000000000000000     ,
            0.000000000000000     ,
            0.000000000000000     ,
            0.000000000000000     ,
            0.000000000000000     ,
            0.000000000000000     ,
            0.000000000000000     ,
 EETENS =    5.000000000000000     ,
 EEBDRY =    0.000000000000000     ,
             0.000000000000000     ,
             0.000000000000000     ,
             0.000000000000000     ,
             0.000000000000000     ,
             0.000000000000000     ,
             0.000000000000000     ,
             0.000000000000000     ,
             0.000000000000000     ,
             0.000000000000000     ,
             0.000000000000000     ,
             0.000000000000000     ,
             0.000000000000000     ,
             0.000000000000000     ,
             0.000000000000000     ,
             0.000000000000000     ,
             0.000000000000000     ,
             0.000000000000000     ,
             0.000000000000000     ,
             0.000000000000000     ,
             0.000000000000000     ,
             0.000000000000000     ,
             0.000000000000000     ,
             0.000000000000000     ,
             0.000000000000000     ,
             0.000000000000000     ,
             0.000000000000000     ,
             0.000000000000000     ,
             0.000000000000000     ,
             0.000000000000000     ,
             0.000000000000000     ,
             0.000000000000000     ,
 EE2BDRY =    0.000000000000000     ,
              0.000000000000000     ,
              0.000000000000000     ,
              0.000000000000000     ,
              0.000000000000000     ,
              0.000000000000000     ,
              0.000000000000000     ,
              0.000000000000000     ,
              0.000000000000000     ,
              0.000000000000000     ,
              0.000000000000000     ,
              0.000000000000000     ,
              0.000000000000000     ,
              0.000000000000000     ,
              0.000000000000000     ,
              0.000000000000000     ,
              0.000000000000000     ,
              0.000000000000000     ,
              0.000000000000000     ,
              0.000000000000000     ,
              0.000000000000000     ,
              0.000000000000000     ,
              0.000000000000000     ,
              0.000000000000000     ,
              0.000000000000000     ,
              0.000000000000000     ,
              0.000000000000000     ,
              0.000000000000000     ,
              0.000000000000000     ,
              0.000000000000000     ,
              0.000000000000000     ,
              0.000000000000000     ,
 KEEBDRY =            0,
                      0,
                      0,
                      0,
                      0,
                      0,
                      0,
                      0,
                      0,
                      0,
                      0,
                      0,
                      0,
                      0,
                      0,
                      0,
                      0,
                      0,
                      0,
                      0,
                      0,
                      0,
                      0,
                      0,
                      0,
                      0,
                      0,
                      0,
                      0,
                      0,
                      0,
                      0,
 KEE2BDRY =            0,
                       0,
                       0,
                       0,
                       0,
                       0,
                       0,
                       0,
                       0,
                       0,
                       0,
                       0,
                       0,
                       0,
                       0,
                       0,
                       0,
                       0,
                       0,
                       0,
                       0,
                       0,
                       0,
                       0,
                       0,
                       0,
                       0,
                       0,
                       0,
                       0,
                       0,
                       0
 /
 &INWANT
 PSIWANT =    1.000000000000000     ,
 VZEROJ =    0.000000000000000     ,
             0.000000000000000     ,
             0.000000000000000     ,
             0.000000000000000     ,
             0.000000000000000     ,
             0.000000000000000     ,
             0.000000000000000     ,
             0.000000000000000     ,
             0.000000000000000     ,
             0.000000000000000     ,
             0.000000000000000     ,
             0.000000000000000     ,
             0.000000000000000     ,
             0.000000000000000     ,
             0.000000000000000     ,
             0.000000000000000     ,
             0.000000000000000     ,
             0.000000000000000     ,
             0.000000000000000     ,
             0.000000000000000     ,
             0.000000000000000     ,
             0.000000000000000     ,
             0.000000000000000     ,
             0.000000000000000     ,
             0.000000000000000     ,
             0.000000000000000     ,
             0.000000000000000     ,
             0.000000000000000     ,
             0.000000000000000     ,
             0.000000000000000     ,
             0.000000000000000     ,
             0.000000000000000     ,
             0.000000000000000     ,
             0.000000000000000     ,
             0.000000000000000     ,
             0.000000000000000     ,
             0.000000000000000     ,
             0.000000000000000     ,
             0.000000000000000     ,
             0.000000000000000     ,
             0.000000000000000     ,
             0.000000000000000     ,
             0.000000000000000     ,
             0.000000000000000     ,
             0.000000000000000     ,
             0.000000000000000     ,
             0.000000000000000     ,
             0.000000000000000     ,
             0.000000000000000     ,
             0.000000000000000     ,
             0.000000000000000     ,
             0.000000000000000     ,
             0.000000000000000     ,
             0.000000000000000     ,
             0.000000000000000     ,
             0.000000000000000     ,
             0.000000000000000     ,
             0.000000000000000     ,
             0.000000000000000     ,
             0.000000000000000     ,
             0.000000000000000     
 /
