&INSTATE
  DENSITY_MODEL = 1 
  MODEL_SHAPE = 1 
  NBDRY = 15 
  USE_INPED = 0 
  R0 = 4.55 
  A0 = 1.2 
  KAPPA = 1.4 
  DELTA = -0.5 
  B0 = 11.0 
  IP = 10.0 
  N_ION = 2 
  Z_ION = 1 1 
  A_ION = 2 3 
  F_ION = 0.5 0.5 
  N_IMP = 1 
  Z_IMP = 36 
  A_IMP = 84 
  F_IMP = 0.001 
  N_MIN = 0 
  Z_MIN = 1 
  A_MIN = 1 
  N_BEAM = 1 
  Z_BEAM = 1 
  A_BEAM = 2 
  N_FUSION = 1 
  Z_FUSION = 2 
  A_FUSION = 4 
  NRHO = 101 
  NE_AXIS = 27.6 
  NE_PED = 15.0 
  NE_SEP = 9.0 
  NE_ALPHA = 1.5 
  NE_BETA = 1.1 
  NE_FIT = 1 
  NE_XMID = 0.975 
  NE_XWID = 0.05 
  TE_AXIS = 18.8 
  TE_PED = 3.0 
  TE_SEP = 0.08 
  TE_ALPHA = 1.5 
  TE_BETA = 1.5 
  TE_FIT = 1 
  TE_XMID = 0.975 
  TE_XWID = 0.05 
  TI_AXIS = 19.0 
  TI_PED = 3.0 
  TI_SEP = 0.08 
  TI_ALPHA = 1.5 
  TI_BETA = 1.5 
  TI_FIT = 1 
  TI_XMID = 0.975 
  TI_XWID = 0.05 
  ZEFF_AXIS = 2.26 
  OMEGA_AXIS = 5000.0 
  OMEGA_SEP = 0.0 
  OMEGA_ALPHA = 1.5 
  OMEGA_BETA = 1.5 
  JPAR_AXIS = 1.0 
  JPAR_SEP = 0.05 
  JPAR_ALPHA = 2.0 
  JPAR_BETA = 1.0 
  NBEAM_AXIS = 0.0 
  NBEAM_SEP = 0.0 
  NBEAM_ALPHA = 1.5 
  NBEAM_BETA = 1.5 
  TBEAMI = 20.0 20.0 20.0 20.0 20.0 20.0 20.0 20.0 20.0 20.0 20.0 20.0  
    20.0 20.0 20.0 20.0 20.0 20.0 20.0 20.0 20.0 20.0 20.0 20.0 20.0  
    20.0 20.0 20.0 20.0 20.0 20.0 20.0 20.0 20.0 20.0 20.0 20.0 20.0  
    20.0 20.0 20.0 20.0 20.0 20.0 20.0 20.0 20.0 20.0 20.0 20.0 20.0  
    20.0 20.0 20.0 20.0 20.0 20.0 20.0 20.0 20.0 20.0 20.0 20.0 20.0  
    20.0 20.0 20.0 20.0 20.0 20.0 20.0 20.0 20.0 20.0 20.0 20.0 20.0  
    20.0 20.0 20.0 20.0 20.0 20.0 20.0 20.0 20.0 20.0 20.0 20.0 20.0  
    20.0 20.0 20.0 20.0 20.0 20.0 20.0 20.0 20.0 20.0 20.0 
  BETAN_PED = -1.0 
  XMID = 0.975 
  XWID = 0.05 
  PRESSURE_MODEL = 'full' 
  H98_TARGET = 0.8 
  BETAN_TARGET = 1.25 
  BETAN_BEAM_TARGET = 0.0 
  CURRENT_MODEL = 'broad' 
  RHO_JBDRY = 0.85 
  RHO_JPEAK = 0.65 
  JAXIS = 0.6 
  JAXIS_PRIME = 1.0 
  JBDRY_PRIME = -1.0 
  PE_IC = -0.026751934 -0.018215219 -0.011381516 -0.010828491  
    0.012952043 0.18822614 0.33566152 0.27687265 0.5866693 1.2153689  
    1.1289086 0.97127151 0.80418006 0.74178047 0.68917187 0.5196498  
    0.43169531 0.3820608 0.32883188 0.27903802 0.2247765 0.18971748  
    0.16913188 0.13525273 0.10612134 0.08705696 0.080384933 0.069881502  
    0.047562162 0.032157874 0.027743716 0.022976339 0.013608249  
    0.0071033332 0.0067654608 0.0050360634 -0.00069353814 -0.0048474487  
    -0.0050091386 -0.0046582429 -0.006839262 -0.0081518516  
    -0.0072608733 -0.0078729976 -0.010283258 -0.011149009 -0.010247531  
    -0.0089638483 -0.0091852771 -0.0093745589 -0.0087364409  
    -0.0080028915 -0.0076276743 -0.00733435 -0.0059867147 -0.0036000113  
    -0.0030993241 -0.002207998 -0.0017669872 -0.00071796974  
    0.0012405196 0.0028335579 0.0044123573 0.0058507959 0.0075398941  
    0.0093234627 0.011234727 0.012786097 0.01413919 0.015619651  
    0.017125499 0.018609398 0.01986247 0.020946787 0.02187562  
    0.023025091 0.023708489 0.023914126 0.024018124 0.024092598  
    0.013679493 0.0041817432 0.0010776514 0.0003955196 0.00023271662  
    0.00031127395 0.00030005859 0.00021094479 0.00014289613  
    0.00012145374 0.00014747009 0.00013569439 0.00012109475  
    0.00011981384 0.00011326664 9.3495434e-05 7.2362455e-05  
    6.2594495e-05 7.4737452e-05 0.00011816878 0.00017467841 
  PI_IC = 0.041688426 0.039475651 0.041925299 0.050626052 0.089209079  
    0.33985109 0.52787911 0.46728903 1.2743664 2.8665359 3.4643897  
    3.8660851 4.2402546 4.5074942 4.5596717 3.8259005 3.6978497  
    3.7170297 3.2996676 2.7947338 2.3345783 2.0026022 1.6647487  
    1.2154015 0.8937629 0.67068363 0.53286737 0.41087745 0.29403502  
    0.20955609 0.15689041 0.12274595 0.12100686 0.12350968 0.13129895  
    0.13131897 0.12436647 0.11125144 0.10679282 0.11262243 0.12187927  
    0.12702989 0.12526732 0.11294223 0.08363495 0.072128309 0.071478215  
    0.081293464 0.077745475 0.068576327 0.05743905 0.051586321  
    0.04826586 0.044498545 0.044893404 0.051794773 0.05045163  
    0.045036078 0.032387254 0.032347945 0.035694652 0.035513755  
    0.032720782 0.021498766 0.016763191 0.0143494 0.013322757  
    0.0077986178 -0.00073052172 -0.0035996992 -0.0051644537  
    -0.0062250127 -0.010969767 -0.014598909 -0.015528825 -0.014649254  
    -0.013523942 -0.017466352 -0.018680255 -0.017840135 -0.0053173826  
    0.002654727 0.0032505412 0.0033969713 0.0036335903 0.0045394275  
    0.0042826241 0.0028220379 0.002130791 0.0020241821 0.0024899164  
    0.0022825689 0.0020591608 0.0021450532 0.0020913207 0.00175598  
    0.0013510429 0.0011076943 0.0011863142 0.0017623332 0.0025285306 
  NE = 27.660475323629775 27.621527947248474 27.57962041885582  
    27.53478969705774 27.487072740460114 27.43650650766887  
    27.383127957289894 27.326974047929106 27.268081738192407  
    27.20648798668571 27.142229752014902 27.075343992785907  
    27.00586766760463 26.93383773507697 26.85929115380884  
    26.782264882406132 26.702795879474774 26.620921103620653  
    26.536677513449686 26.450102067567773 26.361231724580822  
    26.270103443094733 26.176754181715427 26.081220899048798  
    25.983540553700752 25.883750104277205 25.781886509384048  
    25.677986727627207 25.572087717612565 25.464226437946042  
    25.354439847233547 25.242764904080975 25.129238567094237  
    25.013897794879245 24.89677954604189 24.7779207791881  
    24.65735845292376 24.53512952585479 24.411270956587085  
    24.28581970372656 24.158812725879116 24.03028698165066  
    23.900279429647103 23.768827028474345 23.63596673673829  
    23.501735513044853 23.366170315999934 23.229308104209437  
    23.09118583627927 22.95184047081534 22.811308966423557  
    22.669628281709823 22.52683537528004 22.38296720574012  
    22.23806073169596 22.09215291175347 21.945280704518545  
    21.797481068597076 21.64879096259493 21.499247345117933  
    21.348887174771814 21.197747410162087 21.0458650098938  
    20.893276932570977 20.740020136795366 20.586131581163766  
    20.43164822426204 20.276607024652108 20.121044940843237  
    19.964998931229154 19.80850595394999 19.65160296658938  
    19.49432692551011 19.336714784397227 19.178803491063928  
    19.02062998045053 18.862231159282846 18.70364387246196  
    18.544904829450015 18.386050443079725 18.227116476694285  
    18.068137271914647 17.909144059084248 17.7501612618044  
    17.591198416642502 17.43223251175806 17.273169402178688  
    17.11375957331376 16.95341446169541 16.79080686978228  
    16.623005871026304 16.443623353925638 16.238934474547616  
    15.980182662823623 15.610223761005095 15.028231477972675  
    14.100888618521427 12.768460695703181 11.229245555039137  
    9.889374175847271 8.995597300998448 
  TE = 18.87770332054002 18.813846862722343 18.744206883669836  
    18.66890086571881 18.58804629120557 18.501760642466426  
    18.41016140183769 18.31336605165568 18.211492074256718  
    18.10465695197708 17.992978167153105 17.8765732021211  
    17.755559539217376 17.63005466077824 17.500176049140002  
    17.36604118663897 17.227767555611468 17.085472638393796  
    16.93927391732228 16.789288874733206 16.635634992962906  
    16.478429754347683 16.317790641223855 16.153835135927718  
    15.986680720795597 15.816444878163798 15.64324509036863  
    15.467198839746416 15.288423608633451 15.10703687936606  
    14.923156134280541 14.736898855713218 14.548382526000388  
    14.357724627478374 14.165042642483485 13.970454053352029  
    13.774076342420317 13.576026992024659 13.376423484501375  
    13.175383302186765 12.973023927417145 12.769462842528826  
    12.56481752985812 12.35920547174134 12.152744150514792  
    11.945551048514789 11.737743648077643 11.529439431539664  
    11.320755881237169 11.111810479506458 10.902720708683853  
    10.693604051105655 10.484577989108184 10.275760005027747  
    10.067267581200657 9.859218199963221 9.651729343651755  
    9.444918494602568 9.238903135151974 9.033800747636274  
    8.829728814391789 8.626804817754826 8.42514624006169  
    8.224870563648677 8.026095270852077 7.828937844008124  
    7.633515765452948 7.4399465175224115 7.248347582551691  
    7.058836442874274 6.871530580819391 6.686547478705686  
    6.504004618825316 6.3240194834043315 6.146709554503772  
    5.972192313772927 5.80058524183392 5.632005816747132  
    5.466571510185377 5.304399777897526 5.145608035941091  
    4.990313601452915 4.838633545055626 4.690684323072122  
    4.5465808610072695 4.406434269370656 4.27034615015846  
    4.138394402925254 4.010597835580591 3.8868279437620243  
    3.7665892014689715 3.648473631231915 3.5288190460177096  
    3.3984890269121317 3.2356494836080634 2.992476131037774  
    2.5850238727656087 1.9401517032598345 1.1507575300031154  
    0.4883411993048197 0.0972742252898878 
  TI = 19.078686554659033 19.01400254138794 18.943459298531415  
    18.867175848098952 18.785271212100046 18.697864412544188  
    18.60507447144087 18.507020410799566 18.403821252629772  
    18.29559601894097 18.182463731742658 18.064543413044326  
    17.941954084855464 17.81481476918554 17.68324448804407  
    17.54736226344052 17.407287117384392 17.26313807188518  
    17.115034148952354 16.963094370595424 16.80743775882386  
    16.64818333564716 16.485450123074813 16.319357143116303  
    16.15002341778112 15.977567969078757 15.802109819018696  
    15.623767989610434 15.442661502863455 15.258909380787248  
    15.072630645391296 14.8839443186851 14.69296942267813  
    14.499824979379898 14.304630010799869 14.107503538947558  
    13.908564585832428 13.707932173463986 13.505725323851706  
    13.30206305900509 13.097064400933622 12.890848371646785  
    12.683533993154075 12.475240287464972 12.266086276588975  
    12.05619098253557 11.845673427314242 11.634652632934483  
    11.42324762140578 11.21157741473762 10.99976103493949  
    10.78791750402089 10.576165843991294 10.364625076860202  
    10.153414224637096 9.942652309331464 9.732458352952802  
    9.522951377510594 9.314250405014327 9.106474457473492  
    8.899742556897571 8.69417372529606 8.489886984678437  
    8.287001357054185 8.08563586443276 7.885909528823584  
    7.687941372235982 7.491850416679008 7.297755684161085  
    7.105776196689022 6.9160309762655885 6.728639044883468  
    6.543719424510069 6.361391137049593 6.181773204248175  
    6.004984647456746 5.831144487038513 5.660371740888593  
    5.492785420736486 5.328504522912224 5.167648005290198  
    5.010334729726129 4.85668331835225 4.706811794827803  
    4.560836688714134 4.418870799333743 4.281017611957093  
    4.147357352405252 4.017912155229587 3.892559076579302  
    3.770813062787331 3.651287157046417 3.530361930218819  
    3.3989848619399026 3.2354683382235487 2.9921680139846045  
    2.585110957646455 1.940506482635826 1.1506900417509176  
    0.48804387116696624 0.09747924109580776 
  OMEGA = 5000.0 4992.501875312617 4978.801803642982 4961.079525757888  
    4940.120160481929 4916.382264417142 4890.178959126129  
    4861.743180225447 4831.25802397416 4798.873089069974  
    4764.714176680347 4728.889465864889 4691.49365939023  
    4652.610885585978 4612.316799194642 4570.680145336043  
    4527.763951444465 4483.626454078613 4438.321832198482  
    4391.900796207038 4344.4110675304 4295.8977737896985  
    4246.40377795559 4195.969955213296 4144.635427940012  
    4092.4377667839985 4039.4131640577425 3985.596584330529  
    3931.0218961023397 3875.7219876732106 3819.7288697287104  
    3763.0737666988502 3705.7871985828315 3647.8990546422406  
    3589.438660133466 3530.4348370633697 3470.915959800813  
    3410.9100062532852 3350.4446052167536 3289.547080423742  
    3228.2444917459657 3166.5636739510987 3104.5312733661444  
    3042.173782760938 2979.517574732991 2916.588933848409  
    2853.414087771826 2790.0192376008504 2726.430587606626  
    2662.6743745715507 2598.7768969075605 2534.7645437334877  
    2470.6638240877164 2406.5013964525215 2342.304098769215  
    2278.098979128408 2213.9133273276425 2149.774707499308  
    2085.710992025642 2021.7503969748439 1957.9215193134894  
    1894.2533761760671 1830.7754465031953 1767.517715396928  
    1704.510721585523 1641.785608442535 1579.3741790678616  
    1517.308956013494 1455.6232463269953 1394.3512126945195  
    1333.5279515969085 1273.1895795526254 1213.3733287172934  
    1154.1176533507187 1095.4623489609633 1037.44868630746  
    980.1195629133316 923.5196753302642 867.6957161578887  
    812.6966007990841 758.5737302107872 705.3812975972637  
    653.176649248546 602.0207127844636 551.9785102731538  
    503.11977958382886 455.51973573603556 409.26001624745703  
    364.4298727407019 321.12769905204857 279.46303032201934  
    239.55922004571474 201.5571260162476 165.62035903570222  
    131.9430747558399 100.76217026861713 72.37775875708891  
    47.19105134553227 25.78549737185129 9.151104569478662 0.0 
  ZEFF = 2.2600000000000002 2.2600000000000002 2.2600000000000002  
    2.2600000000000002 2.2600000000000002 2.2600000000000002  
    2.2600000000000002 2.26 2.26 2.26 2.26 2.2600000000000002 2.26 2.26  
    2.2600000000000002 2.26 2.26 2.26 2.26 2.2600000000000002 2.26  
    2.2600000000000002 2.26 2.2600000000000002 2.26 2.26  
    2.2600000000000002 2.2600000000000002 2.2600000000000002 2.26  
    2.2600000000000002 2.26 2.26 2.2600000000000002 2.26  
    2.2600000000000002 2.2600000000000002 2.26 2.2600000000000002  
    2.2600000000000002 2.26 2.26 2.26 2.26 2.26 2.2600000000000002 2.26  
    2.26 2.26 2.2600000000000002 2.2600000000000002 2.26 2.26 2.26  
    2.2600000000000002 2.2600000000000002 2.2600000000000002  
    2.2600000000000002 2.2600000000000002 2.26 2.2600000000000002 2.26  
    2.2600000000000002 2.2600000000000002 2.2600000000000002 2.26  
    2.2600000000000002 2.2600000000000002 2.2600000000000002  
    2.2600000000000002 2.26 2.26 2.2600000000000002 2.2600000000000002  
    2.2600000000000002 2.2600000000000002 2.2600000000000002 2.26  
    2.2600000000000002 2.2600000000000002 2.2600000000000002  
    2.2600000000000002 2.2600000000000002 2.2600000000000002 2.26 2.26  
    2.26 2.26 2.2600000000000002 2.2600000000000002 2.2600000000000002  
    2.2600000000000002 2.2600000000000002 2.26 2.2600000000000002  
    2.2600000000000002 2.26 2.26 2.2600000000000002 2.26 2.26 
  J_OH = 0.0 0.0 0.0 0.0 0.0 0.0 0.0 0.0 0.0 0.0 0.0 0.0 0.0 0.0 0.0  
    0.0 0.0 0.0 0.0 0.0 0.0 0.0 0.0 0.0 0.0 0.0 0.0 0.0 0.0 0.0 0.0 0.0  
    0.0 0.0 0.0 0.0 0.0 0.0 0.0 0.0 0.0 0.0 0.0 0.0 0.0 0.0 0.0 0.0 0.0  
    0.0 0.0 0.0 0.0 0.0 0.0 0.0 0.0 0.0 0.0 0.0 0.0 0.0 0.0 0.0 0.0 0.0  
    0.0 0.0 0.0 0.0 0.0 0.0 0.0 0.0 0.0 0.0 0.0 0.0 0.0 0.0 0.0 0.0 0.0  
    0.0 0.0 0.0 0.0 0.0 0.0 0.0 0.0 0.0 0.0 0.0 0.0 0.0 0.0 0.0 0.0 0.0  
    0.0 
  J_BS = 0.0 0.0 0.0 0.0 0.0 0.0 0.0 0.0 0.0 0.0 0.0 0.0 0.0 0.0 0.0  
    0.0 0.0 0.0 0.0 0.0 0.0 0.0 0.0 0.0 0.0 0.0 0.0 0.0 0.0 0.0 0.0 0.0  
    0.0 0.0 0.0 0.0 0.0 0.0 0.0 0.0 0.0 0.0 0.0 0.0 0.0 0.0 0.0 0.0 0.0  
    0.0 0.0 0.0 0.0 0.0 0.0 0.0 0.0 0.0 0.0 0.0 0.0 0.0 0.0 0.0 0.0 0.0  
    0.0 0.0 0.0 0.0 0.0 0.0 0.0 0.0 0.0 0.0 0.0 0.0 0.0 0.0 0.0 0.0 0.0  
    0.0 0.0 0.0 0.0 0.0 0.0 0.0 0.0 0.0 0.0 0.0 0.0 0.0 0.0 0.0 0.0 0.0  
    0.0 
  J_NB = 0.0 0.0 0.0 0.0 0.0 0.0 0.0 0.0 0.0 0.0 0.0 0.0 0.0 0.0 0.0  
    0.0 0.0 0.0 0.0 0.0 0.0 0.0 0.0 0.0 0.0 0.0 0.0 0.0 0.0 0.0 0.0 0.0  
    0.0 0.0 0.0 0.0 0.0 0.0 0.0 0.0 0.0 0.0 0.0 0.0 0.0 0.0 0.0 0.0 0.0  
    0.0 0.0 0.0 0.0 0.0 0.0 0.0 0.0 0.0 0.0 0.0 0.0 0.0 0.0 0.0 0.0 0.0  
    0.0 0.0 0.0 0.0 0.0 0.0 0.0 0.0 0.0 0.0 0.0 0.0 0.0 0.0 0.0 0.0 0.0  
    0.0 0.0 0.0 0.0 0.0 0.0 0.0 0.0 0.0 0.0 0.0 0.0 0.0 0.0 0.0 0.0 0.0  
    0.0 
  J_EC = 0.0 0.0 0.0 0.0 0.0 0.0 0.0 0.0 0.0 0.0 0.0 0.0 0.0 0.0 0.0  
    0.0 0.0 0.0 0.0 0.0 0.0 0.0 0.0 0.0 0.0 0.0 0.0 0.0 0.0 0.0 0.0 0.0  
    0.0 0.0 0.0 0.0 0.0 0.0 0.0 0.0 0.0 0.0 0.0 0.0 0.0 0.0 0.0 0.0 0.0  
    0.0 0.0 0.0 0.0 0.0 0.0 0.0 0.0 0.0 0.0 0.0 0.0 0.0 0.0 0.0 0.0 0.0  
    0.0 0.0 0.0 0.0 0.0 0.0 0.0 0.0 0.0 0.0 0.0 0.0 0.0 0.0 0.0 0.0 0.0  
    0.0 0.0 0.0 0.0 0.0 0.0 0.0 0.0 0.0 0.0 0.0 0.0 0.0 0.0 0.0 0.0 0.0  
    0.0 
  J_IC = 0.0 0.0 0.0 0.0 0.0 0.0 0.0 0.0 0.0 0.0 0.0 0.0 0.0 0.0 0.0  
    0.0 0.0 0.0 0.0 0.0 0.0 0.0 0.0 0.0 0.0 0.0 0.0 0.0 0.0 0.0 0.0 0.0  
    0.0 0.0 0.0 0.0 0.0 0.0 0.0 0.0 0.0 0.0 0.0 0.0 0.0 0.0 0.0 0.0 0.0  
    0.0 0.0 0.0 0.0 0.0 0.0 0.0 0.0 0.0 0.0 0.0 0.0 0.0 0.0 0.0 0.0 0.0  
    0.0 0.0 0.0 0.0 0.0 0.0 0.0 0.0 0.0 0.0 0.0 0.0 0.0 0.0 0.0 0.0 0.0  
    0.0 0.0 0.0 0.0 0.0 0.0 0.0 0.0 0.0 0.0 0.0 0.0 0.0 0.0 0.0 0.0 0.0  
    0.0 
  J_LH = 0.0 0.0 0.0 0.0 0.0 0.0 0.0 0.0 0.0 0.0 0.0 0.0 0.0 0.0 0.0  
    0.0 0.0 0.0 0.0 0.0 0.0 0.0 0.0 0.0 0.0 0.0 0.0 0.0 0.0 0.0 0.0 0.0  
    0.0 0.0 0.0 0.0 0.0 0.0 0.0 0.0 0.0 0.0 0.0 0.0 0.0 0.0 0.0 0.0 0.0  
    0.0 0.0 0.0 0.0 0.0 0.0 0.0 0.0 0.0 0.0 0.0 0.0 0.0 0.0 0.0 0.0 0.0  
    0.0 0.0 0.0 0.0 0.0 0.0 0.0 0.0 0.0 0.0 0.0 0.0 0.0 0.0 0.0 0.0 0.0  
    0.0 0.0 0.0 0.0 0.0 0.0 0.0 0.0 0.0 0.0 0.0 0.0 0.0 0.0 0.0 0.0 0.0  
    0.0 
  PE_NB = 0.0 0.0 0.0 0.0 0.0 0.0 0.0 0.0 0.0 0.0 0.0 0.0 0.0 0.0 0.0  
    0.0 0.0 0.0 0.0 0.0 0.0 0.0 0.0 0.0 0.0 0.0 0.0 0.0 0.0 0.0 0.0 0.0  
    0.0 0.0 0.0 0.0 0.0 0.0 0.0 0.0 0.0 0.0 0.0 0.0 0.0 0.0 0.0 0.0 0.0  
    0.0 0.0 0.0 0.0 0.0 0.0 0.0 0.0 0.0 0.0 0.0 0.0 0.0 0.0 0.0 0.0 0.0  
    0.0 0.0 0.0 0.0 0.0 0.0 0.0 0.0 0.0 0.0 0.0 0.0 0.0 0.0 0.0 0.0 0.0  
    0.0 0.0 0.0 0.0 0.0 0.0 0.0 0.0 0.0 0.0 0.0 0.0 0.0 0.0 0.0 0.0 0.0  
    0.0 
  PE_EC = 0.0 0.0 0.0 0.0 0.0 0.0 0.0 0.0 0.0 0.0 0.0 0.0 0.0 0.0 0.0  
    0.0 0.0 0.0 0.0 0.0 0.0 0.0 0.0 0.0 0.0 0.0 0.0 0.0 0.0 0.0 0.0 0.0  
    0.0 0.0 0.0 0.0 0.0 0.0 0.0 0.0 0.0 0.0 0.0 0.0 0.0 0.0 0.0 0.0 0.0  
    0.0 0.0 0.0 0.0 0.0 0.0 0.0 0.0 0.0 0.0 0.0 0.0 0.0 0.0 0.0 0.0 0.0  
    0.0 0.0 0.0 0.0 0.0 0.0 0.0 0.0 0.0 0.0 0.0 0.0 0.0 0.0 0.0 0.0 0.0  
    0.0 0.0 0.0 0.0 0.0 0.0 0.0 0.0 0.0 0.0 0.0 0.0 0.0 0.0 0.0 0.0 0.0  
    0.0 
  PE_LH = 0.0 0.0 0.0 0.0 0.0 0.0 0.0 0.0 0.0 0.0 0.0 0.0 0.0 0.0 0.0  
    0.0 0.0 0.0 0.0 0.0 0.0 0.0 0.0 0.0 0.0 0.0 0.0 0.0 0.0 0.0 0.0 0.0  
    0.0 0.0 0.0 0.0 0.0 0.0 0.0 0.0 0.0 0.0 0.0 0.0 0.0 0.0 0.0 0.0 0.0  
    0.0 0.0 0.0 0.0 0.0 0.0 0.0 0.0 0.0 0.0 0.0 0.0 0.0 0.0 0.0 0.0 0.0  
    0.0 0.0 0.0 0.0 0.0 0.0 0.0 0.0 0.0 0.0 0.0 0.0 0.0 0.0 0.0 0.0 0.0  
    0.0 0.0 0.0 0.0 0.0 0.0 0.0 0.0 0.0 0.0 0.0 0.0 0.0 0.0 0.0 0.0 0.0  
    0.0 
  PE_FUS = 0.0 0.0 0.0 0.0 0.0 0.0 0.0 0.0 0.0 0.0 0.0 0.0 0.0 0.0 0.0  
    0.0 0.0 0.0 0.0 0.0 0.0 0.0 0.0 0.0 0.0 0.0 0.0 0.0 0.0 0.0 0.0 0.0  
    0.0 0.0 0.0 0.0 0.0 0.0 0.0 0.0 0.0 0.0 0.0 0.0 0.0 0.0 0.0 0.0 0.0  
    0.0 0.0 0.0 0.0 0.0 0.0 0.0 0.0 0.0 0.0 0.0 0.0 0.0 0.0 0.0 0.0 0.0  
    0.0 0.0 0.0 0.0 0.0 0.0 0.0 0.0 0.0 0.0 0.0 0.0 0.0 0.0 0.0 0.0 0.0  
    0.0 0.0 0.0 0.0 0.0 0.0 0.0 0.0 0.0 0.0 0.0 0.0 0.0 0.0 0.0 0.0 0.0  
    0.0 
  PE_IONIZATION = 0.0 0.0 0.0 0.0 0.0 0.0 0.0 0.0 0.0 0.0 0.0 0.0 0.0  
    0.0 0.0 0.0 0.0 0.0 0.0 0.0 0.0 0.0 0.0 0.0 0.0 0.0 0.0 0.0 0.0 0.0  
    0.0 0.0 0.0 0.0 0.0 0.0 0.0 0.0 0.0 0.0 0.0 0.0 0.0 0.0 0.0 0.0 0.0  
    0.0 0.0 0.0 0.0 0.0 0.0 0.0 0.0 0.0 0.0 0.0 0.0 0.0 0.0 0.0 0.0 0.0  
    0.0 0.0 0.0 0.0 0.0 0.0 0.0 0.0 0.0 0.0 0.0 0.0 0.0 0.0 0.0 0.0 0.0  
    0.0 0.0 0.0 0.0 0.0 0.0 0.0 0.0 0.0 0.0 0.0 0.0 0.0 0.0 0.0 0.0 0.0  
    0.0 0.0 0.0 
  P_RAD = 0.0 0.0 0.0 0.0 0.0 0.0 0.0 0.0 0.0 0.0 0.0 0.0 0.0 0.0 0.0  
    0.0 0.0 0.0 0.0 0.0 0.0 0.0 0.0 0.0 0.0 0.0 0.0 0.0 0.0 0.0 0.0 0.0  
    0.0 0.0 0.0 0.0 0.0 0.0 0.0 0.0 0.0 0.0 0.0 0.0 0.0 0.0 0.0 0.0 0.0  
    0.0 0.0 0.0 0.0 0.0 0.0 0.0 0.0 0.0 0.0 0.0 0.0 0.0 0.0 0.0 0.0 0.0  
    0.0 0.0 0.0 0.0 0.0 0.0 0.0 0.0 0.0 0.0 0.0 0.0 0.0 0.0 0.0 0.0 0.0  
    0.0 0.0 0.0 0.0 0.0 0.0 0.0 0.0 0.0 0.0 0.0 0.0 0.0 0.0 0.0 0.0 0.0  
    0.0 
  PI_NB = 0.0 0.0 0.0 0.0 0.0 0.0 0.0 0.0 0.0 0.0 0.0 0.0 0.0 0.0 0.0  
    0.0 0.0 0.0 0.0 0.0 0.0 0.0 0.0 0.0 0.0 0.0 0.0 0.0 0.0 0.0 0.0 0.0  
    0.0 0.0 0.0 0.0 0.0 0.0 0.0 0.0 0.0 0.0 0.0 0.0 0.0 0.0 0.0 0.0 0.0  
    0.0 0.0 0.0 0.0 0.0 0.0 0.0 0.0 0.0 0.0 0.0 0.0 0.0 0.0 0.0 0.0 0.0  
    0.0 0.0 0.0 0.0 0.0 0.0 0.0 0.0 0.0 0.0 0.0 0.0 0.0 0.0 0.0 0.0 0.0  
    0.0 0.0 0.0 0.0 0.0 0.0 0.0 0.0 0.0 0.0 0.0 0.0 0.0 0.0 0.0 0.0 0.0  
    0.0 
  PI_LH = 0.0 0.0 0.0 0.0 0.0 0.0 0.0 0.0 0.0 0.0 0.0 0.0 0.0 0.0 0.0  
    0.0 0.0 0.0 0.0 0.0 0.0 0.0 0.0 0.0 0.0 0.0 0.0 0.0 0.0 0.0 0.0 0.0  
    0.0 0.0 0.0 0.0 0.0 0.0 0.0 0.0 0.0 0.0 0.0 0.0 0.0 0.0 0.0 0.0 0.0  
    0.0 0.0 0.0 0.0 0.0 0.0 0.0 0.0 0.0 0.0 0.0 0.0 0.0 0.0 0.0 0.0 0.0  
    0.0 0.0 0.0 0.0 0.0 0.0 0.0 0.0 0.0 0.0 0.0 0.0 0.0 0.0 0.0 0.0 0.0  
    0.0 0.0 0.0 0.0 0.0 0.0 0.0 0.0 0.0 0.0 0.0 0.0 0.0 0.0 0.0 0.0 0.0  
    0.0 
  PI_FUS = 0.0 0.0 0.0 0.0 0.0 0.0 0.0 0.0 0.0 0.0 0.0 0.0 0.0 0.0 0.0  
    0.0 0.0 0.0 0.0 0.0 0.0 0.0 0.0 0.0 0.0 0.0 0.0 0.0 0.0 0.0 0.0 0.0  
    0.0 0.0 0.0 0.0 0.0 0.0 0.0 0.0 0.0 0.0 0.0 0.0 0.0 0.0 0.0 0.0 0.0  
    0.0 0.0 0.0 0.0 0.0 0.0 0.0 0.0 0.0 0.0 0.0 0.0 0.0 0.0 0.0 0.0 0.0  
    0.0 0.0 0.0 0.0 0.0 0.0 0.0 0.0 0.0 0.0 0.0 0.0 0.0 0.0 0.0 0.0 0.0  
    0.0 0.0 0.0 0.0 0.0 0.0 0.0 0.0 0.0 0.0 0.0 0.0 0.0 0.0 0.0 0.0 0.0  
    0.0 
  PI_IONIZATION = 0.0 0.0 0.0 0.0 0.0 0.0 0.0 0.0 0.0 0.0 0.0 0.0 0.0  
    0.0 0.0 0.0 0.0 0.0 0.0 0.0 0.0 0.0 0.0 0.0 0.0 0.0 0.0 0.0 0.0 0.0  
    0.0 0.0 0.0 0.0 0.0 0.0 0.0 0.0 0.0 0.0 0.0 0.0 0.0 0.0 0.0 0.0 0.0  
    0.0 0.0 0.0 0.0 0.0 0.0 0.0 0.0 0.0 0.0 0.0 0.0 0.0 0.0 0.0 0.0 0.0  
    0.0 0.0 0.0 0.0 0.0 0.0 0.0 0.0 0.0 0.0 0.0 0.0 0.0 0.0 0.0 0.0 0.0  
    0.0 0.0 0.0 0.0 0.0 0.0 0.0 0.0 0.0 0.0 0.0 0.0 0.0 0.0 0.0 0.0 0.0  
    0.0 0.0 0.0 
  PI_CX = 0.0 0.0 0.0 0.0 0.0 0.0 0.0 0.0 0.0 0.0 0.0 0.0 0.0 0.0 0.0  
    0.0 0.0 0.0 0.0 0.0 0.0 0.0 0.0 0.0 0.0 0.0 0.0 0.0 0.0 0.0 0.0 0.0  
    0.0 0.0 0.0 0.0 0.0 0.0 0.0 0.0 0.0 0.0 0.0 0.0 0.0 0.0 0.0 0.0 0.0  
    0.0 0.0 0.0 0.0 0.0 0.0 0.0 0.0 0.0 0.0 0.0 0.0 0.0 0.0 0.0 0.0 0.0  
    0.0 0.0 0.0 0.0 0.0 0.0 0.0 0.0 0.0 0.0 0.0 0.0 0.0 0.0 0.0 0.0 0.0  
    0.0 0.0 0.0 0.0 0.0 0.0 0.0 0.0 0.0 0.0 0.0 0.0 0.0 0.0 0.0 0.0 0.0  
    0.0 
  P_OHM = 0.0 0.0 0.0 0.0 0.0 0.0 0.0 0.0 0.0 0.0 0.0 0.0 0.0 0.0 0.0  
    0.0 0.0 0.0 0.0 0.0 0.0 0.0 0.0 0.0 0.0 0.0 0.0 0.0 0.0 0.0 0.0 0.0  
    0.0 0.0 0.0 0.0 0.0 0.0 0.0 0.0 0.0 0.0 0.0 0.0 0.0 0.0 0.0 0.0 0.0  
    0.0 0.0 0.0 0.0 0.0 0.0 0.0 0.0 0.0 0.0 0.0 0.0 0.0 0.0 0.0 0.0 0.0  
    0.0 0.0 0.0 0.0 0.0 0.0 0.0 0.0 0.0 0.0 0.0 0.0 0.0 0.0 0.0 0.0 0.0  
    0.0 0.0 0.0 0.0 0.0 0.0 0.0 0.0 0.0 0.0 0.0 0.0 0.0 0.0 0.0 0.0 0.0  
    0.0 
  P_EI = 0.0 0.0 0.0 0.0 0.0 0.0 0.0 0.0 0.0 0.0 0.0 0.0 0.0 0.0 0.0  
    0.0 0.0 0.0 0.0 0.0 0.0 0.0 0.0 0.0 0.0 0.0 0.0 0.0 0.0 0.0 0.0 0.0  
    0.0 0.0 0.0 0.0 0.0 0.0 0.0 0.0 0.0 0.0 0.0 0.0 0.0 0.0 0.0 0.0 0.0  
    0.0 0.0 0.0 0.0 0.0 0.0 0.0 0.0 0.0 0.0 0.0 0.0 0.0 0.0 0.0 0.0 0.0  
    0.0 0.0 0.0 0.0 0.0 0.0 0.0 0.0 0.0 0.0 0.0 0.0 0.0 0.0 0.0 0.0 0.0  
    0.0 0.0 0.0 0.0 0.0 0.0 0.0 0.0 0.0 0.0 0.0 0.0 0.0 0.0 0.0 0.0 0.0  
    0.0 
  TORQUE_NB = 0.0 0.0 0.0 0.0 0.0 0.0 0.0 0.0 0.0 0.0 0.0 0.0 0.0 0.0  
    0.0 0.0 0.0 0.0 0.0 0.0 0.0 0.0 0.0 0.0 0.0 0.0 0.0 0.0 0.0 0.0 0.0  
    0.0 0.0 0.0 0.0 0.0 0.0 0.0 0.0 0.0 0.0 0.0 0.0 0.0 0.0 0.0 0.0 0.0  
    0.0 0.0 0.0 0.0 0.0 0.0 0.0 0.0 0.0 0.0 0.0 0.0 0.0 0.0 0.0 0.0 0.0  
    0.0 0.0 0.0 0.0 0.0 0.0 0.0 0.0 0.0 0.0 0.0 0.0 0.0 0.0 0.0 0.0 0.0  
    0.0 0.0 0.0 0.0 0.0 0.0 0.0 0.0 0.0 0.0 0.0 0.0 0.0 0.0 0.0 0.0 0.0  
    0.0 0.0 
  TORQUE_IN = 0.0 0.0 0.0 0.0 0.0 0.0 0.0 0.0 0.0 0.0 0.0 0.0 0.0 0.0  
    0.0 0.0 0.0 0.0 0.0 0.0 0.0 0.0 0.0 0.0 0.0 0.0 0.0 0.0 0.0 0.0 0.0  
    0.0 0.0 0.0 0.0 0.0 0.0 0.0 0.0 0.0 0.0 0.0 0.0 0.0 0.0 0.0 0.0 0.0  
    0.0 0.0 0.0 0.0 0.0 0.0 0.0 0.0 0.0 0.0 0.0 0.0 0.0 0.0 0.0 0.0 0.0  
    0.0 0.0 0.0 0.0 0.0 0.0 0.0 0.0 0.0 0.0 0.0 0.0 0.0 0.0 0.0 0.0 0.0  
    0.0 0.0 0.0 0.0 0.0 0.0 0.0 0.0 0.0 0.0 0.0 0.0 0.0 0.0 0.0 0.0 0.0  
    0.0 0.0 
  SE_NB = 0.0 0.0 0.0 0.0 0.0 0.0 0.0 0.0 0.0 0.0 0.0 0.0 0.0 0.0 0.0  
    0.0 0.0 0.0 0.0 0.0 0.0 0.0 0.0 0.0 0.0 0.0 0.0 0.0 0.0 0.0 0.0 0.0  
    0.0 0.0 0.0 0.0 0.0 0.0 0.0 0.0 0.0 0.0 0.0 0.0 0.0 0.0 0.0 0.0 0.0  
    0.0 0.0 0.0 0.0 0.0 0.0 0.0 0.0 0.0 0.0 0.0 0.0 0.0 0.0 0.0 0.0 0.0  
    0.0 0.0 0.0 0.0 0.0 0.0 0.0 0.0 0.0 0.0 0.0 0.0 0.0 0.0 0.0 0.0 0.0  
    0.0 0.0 0.0 0.0 0.0 0.0 0.0 0.0 0.0 0.0 0.0 0.0 0.0 0.0 0.0 0.0 0.0  
    0.0 
  SE_IONIZATION = 0.0 0.0 0.0 0.0 0.0 0.0 0.0 0.0 0.0 0.0 0.0 0.0 0.0  
    0.0 0.0 0.0 0.0 0.0 0.0 0.0 0.0 0.0 0.0 0.0 0.0 0.0 0.0 0.0 0.0 0.0  
    0.0 0.0 0.0 0.0 0.0 0.0 0.0 0.0 0.0 0.0 0.0 0.0 0.0 0.0 0.0 0.0 0.0  
    0.0 0.0 0.0 0.0 0.0 0.0 0.0 0.0 0.0 0.0 0.0 0.0 0.0 0.0 0.0 0.0 0.0  
    0.0 0.0 0.0 0.0 0.0 0.0 0.0 0.0 0.0 0.0 0.0 0.0 0.0 0.0 0.0 0.0 0.0  
    0.0 0.0 0.0 0.0 0.0 0.0 0.0 0.0 0.0 0.0 0.0 0.0 0.0 0.0 0.0 0.0 0.0  
    0.0 0.0 0.0 
  SI_NB = 0.0 0.0 0.0 0.0 0.0 0.0 0.0 0.0 0.0 0.0 0.0 0.0 0.0 0.0 0.0  
    0.0 0.0 0.0 0.0 0.0 0.0 0.0 0.0 0.0 0.0 0.0 0.0 0.0 0.0 0.0 0.0 0.0  
    0.0 0.0 0.0 0.0 0.0 0.0 0.0 0.0 0.0 0.0 0.0 0.0 0.0 0.0 0.0 0.0 0.0  
    0.0 0.0 0.0 0.0 0.0 0.0 0.0 0.0 0.0 0.0 0.0 0.0 0.0 0.0 0.0 0.0 0.0  
    0.0 0.0 0.0 0.0 0.0 0.0 0.0 0.0 0.0 0.0 0.0 0.0 0.0 0.0 0.0 0.0 0.0  
    0.0 0.0 0.0 0.0 0.0 0.0 0.0 0.0 0.0 0.0 0.0 0.0 0.0 0.0 0.0 0.0 0.0  
    0.0 
  SI_IONIZATION = 0.0 0.0 0.0 0.0 0.0 0.0 0.0 0.0 0.0 0.0 0.0 0.0 0.0  
    0.0 0.0 0.0 0.0 0.0 0.0 0.0 0.0 0.0 0.0 0.0 0.0 0.0 0.0 0.0 0.0 0.0  
    0.0 0.0 0.0 0.0 0.0 0.0 0.0 0.0 0.0 0.0 0.0 0.0 0.0 0.0 0.0 0.0 0.0  
    0.0 0.0 0.0 0.0 0.0 0.0 0.0 0.0 0.0 0.0 0.0 0.0 0.0 0.0 0.0 0.0 0.0  
    0.0 0.0 0.0 0.0 0.0 0.0 0.0 0.0 0.0 0.0 0.0 0.0 0.0 0.0 0.0 0.0 0.0  
    0.0 0.0 0.0 0.0 0.0 0.0 0.0 0.0 0.0 0.0 0.0 0.0 0.0 0.0 0.0 0.0 0.0  
    0.0 0.0 0.0 
  SE_PELLET = 0.0 0.0 0.0 0.0 0.0 0.0 0.0 0.0 0.0 0.0 0.0 0.0 0.0 0.0  
    0.0 0.0 0.0 0.0 0.0 0.0 0.0 0.0 0.0 0.0 0.0 0.0 0.0 0.0 0.0 0.0 0.0  
    0.0 0.0 0.0 0.0 0.0 0.0 0.0 0.0 0.0 0.0 0.0 0.0 0.0 0.0 0.0 0.0 0.0  
    0.0 0.0 0.0 0.0 0.0 0.0 0.0 0.0 0.0 0.0 0.0 0.0 0.0 0.0 0.0 0.0 0.0  
    0.0 0.0 0.0 0.0 0.0 0.0 0.0 0.0 0.0 0.0 0.0 0.0 0.0 0.0 0.0 0.0 0.0  
    0.0 0.0 0.0 0.0 0.0 0.0 0.0 0.0 0.0 0.0 0.0 0.0 0.0 0.0 0.0 0.0 0.0  
    0.0 0.0 
  Q = 0.0 0.0 0.0 0.0 0.0 0.0 0.0 0.0 0.0 0.0 0.0 0.0 0.0 0.0 0.0 0.0  
    0.0 0.0 0.0 0.0 0.0 0.0 0.0 0.0 0.0 0.0 0.0 0.0 0.0 0.0 0.0 0.0 0.0  
    0.0 0.0 0.0 0.0 0.0 0.0 0.0 0.0 0.0 0.0 0.0 0.0 0.0 0.0 0.0 0.0 0.0  
    0.0 0.0 0.0 0.0 0.0 0.0 0.0 0.0 0.0 0.0 0.0 0.0 0.0 0.0 0.0 0.0 0.0  
    0.0 0.0 0.0 0.0 0.0 0.0 0.0 0.0 0.0 0.0 0.0 0.0 0.0 0.0 0.0 0.0 0.0  
    0.0 0.0 0.0 0.0 0.0 0.0 0.0 0.0 0.0 0.0 0.0 0.0 0.0 0.0 0.0 0.0 0.0 
  PSIPOL = 0.0 0.0 0.0 0.0 0.0 0.0 0.0 0.0 0.0 0.0 0.0 0.0 0.0 0.0 0.0  
    0.0 0.0 0.0 0.0 0.0 0.0 0.0 0.0 0.0 0.0 0.0 0.0 0.0 0.0 0.0 0.0 0.0  
    0.0 0.0 0.0 0.0 0.0 0.0 0.0 0.0 0.0 0.0 0.0 0.0 0.0 0.0 0.0 0.0 0.0  
    0.0 0.0 0.0 0.0 0.0 0.0 0.0 0.0 0.0 0.0 0.0 0.0 0.0 0.0 0.0 0.0 0.0  
    0.0 0.0 0.0 0.0 0.0 0.0 0.0 0.0 0.0 0.0 0.0 0.0 0.0 0.0 0.0 0.0 0.0  
    0.0 0.0 0.0 0.0 0.0 0.0 0.0 0.0 0.0 0.0 0.0 0.0 0.0 0.0 0.0 0.0 0.0  
    0.0 
  PSI = 0.0 0.0 0.0 0.0 0.0 0.0 0.0 0.0 0.0 0.0 0.0 0.0 0.0 0.0 0.0 0.0  
    0.0 0.0 0.0 0.0 0.0 0.0 0.0 0.0 0.0 0.0 0.0 0.0 0.0 0.0 0.0 0.0 0.0  
    0.0 0.0 0.0 0.0 0.0 0.0 0.0 0.0 0.0 0.0 0.0 0.0 0.0 0.0 0.0 0.0 0.0  
    0.0 0.0 0.0 0.0 0.0 0.0 0.0 0.0 0.0 0.0 0.0 0.0 0.0 0.0 0.0 0.0 0.0  
    0.0 0.0 0.0 0.0 0.0 0.0 0.0 0.0 0.0 0.0 0.0 0.0 0.0 0.0 0.0 0.0 0.0  
    0.0 0.0 0.0 0.0 0.0 0.0 0.0 0.0 0.0 0.0 0.0 0.0 0.0 0.0 0.0 0.0 0.0 
  DENSITY_BEAM = 0.0 0.0 0.0 0.0 0.0 0.0 0.0 0.0 0.0 0.0 0.0 0.0 0.0  
    0.0 0.0 0.0 0.0 0.0 0.0 0.0 0.0 0.0 0.0 0.0 0.0 0.0 0.0 0.0 0.0 0.0  
    0.0 0.0 0.0 0.0 0.0 0.0 0.0 0.0 0.0 0.0 0.0 0.0 0.0 0.0 0.0 0.0 0.0  
    0.0 0.0 0.0 0.0 0.0 0.0 0.0 0.0 0.0 0.0 0.0 0.0 0.0 0.0 0.0 0.0 0.0  
    0.0 0.0 0.0 0.0 0.0 0.0 0.0 0.0 0.0 0.0 0.0 0.0 0.0 0.0 0.0 0.0 0.0  
    0.0 0.0 0.0 0.0 0.0 0.0 0.0 0.0 0.0 0.0 0.0 0.0 0.0 0.0 0.0 0.0 0.0  
    0.0 0.0 0.0 
  WBEAM = 0.0 0.0 0.0 0.0 0.0 0.0 0.0 0.0 0.0 0.0 0.0 0.0 0.0 0.0 0.0  
    0.0 0.0 0.0 0.0 0.0 0.0 0.0 0.0 0.0 0.0 0.0 0.0 0.0 0.0 0.0 0.0 0.0  
    0.0 0.0 0.0 0.0 0.0 0.0 0.0 0.0 0.0 0.0 0.0 0.0 0.0 0.0 0.0 0.0 0.0  
    0.0 0.0 0.0 0.0 0.0 0.0 0.0 0.0 0.0 0.0 0.0 0.0 0.0 0.0 0.0 0.0 0.0  
    0.0 0.0 0.0 0.0 0.0 0.0 0.0 0.0 0.0 0.0 0.0 0.0 0.0 0.0 0.0 0.0 0.0  
    0.0 0.0 0.0 0.0 0.0 0.0 0.0 0.0 0.0 0.0 0.0 0.0 0.0 0.0 0.0 0.0 0.0  
    0.0 
  TBEAM = 0.0 0.0 0.0 0.0 0.0 0.0 0.0 0.0 0.0 0.0 0.0 0.0 0.0 0.0 0.0  
    0.0 0.0 0.0 0.0 0.0 0.0 0.0 0.0 0.0 0.0 0.0 0.0 0.0 0.0 0.0 0.0 0.0  
    0.0 0.0 0.0 0.0 0.0 0.0 0.0 0.0 0.0 0.0 0.0 0.0 0.0 0.0 0.0 0.0 0.0  
    0.0 0.0 0.0 0.0 0.0 0.0 0.0 0.0 0.0 0.0 0.0 0.0 0.0 0.0 0.0 0.0 0.0  
    0.0 0.0 0.0 0.0 0.0 0.0 0.0 0.0 0.0 0.0 0.0 0.0 0.0 0.0 0.0 0.0 0.0  
    0.0 0.0 0.0 0.0 0.0 0.0 0.0 0.0 0.0 0.0 0.0 0.0 0.0 0.0 0.0 0.0 0.0  
    0.0 
  DENSITY_ALPHA = 0.0 0.0 0.0 0.0 0.0 0.0 0.0 0.0 0.0 0.0 0.0 0.0 0.0  
    0.0 0.0 0.0 0.0 0.0 0.0 0.0 0.0 0.0 0.0 0.0 0.0 0.0 0.0 0.0 0.0 0.0  
    0.0 0.0 0.0 0.0 0.0 0.0 0.0 0.0 0.0 0.0 0.0 0.0 0.0 0.0 0.0 0.0 0.0  
    0.0 0.0 0.0 0.0 0.0 0.0 0.0 0.0 0.0 0.0 0.0 0.0 0.0 0.0 0.0 0.0 0.0  
    0.0 0.0 0.0 0.0 0.0 0.0 0.0 0.0 0.0 0.0 0.0 0.0 0.0 0.0 0.0 0.0 0.0  
    0.0 0.0 0.0 0.0 0.0 0.0 0.0 0.0 0.0 0.0 0.0 0.0 0.0 0.0 0.0 0.0 0.0  
    0.0 0.0 0.0 
  WALPHA = 0.0 0.0 0.0 0.0 0.0 0.0 0.0 0.0 0.0 0.0 0.0 0.0 0.0 0.0 0.0  
    0.0 0.0 0.0 0.0 0.0 0.0 0.0 0.0 0.0 0.0 0.0 0.0 0.0 0.0 0.0 0.0 0.0  
    0.0 0.0 0.0 0.0 0.0 0.0 0.0 0.0 0.0 0.0 0.0 0.0 0.0 0.0 0.0 0.0 0.0  
    0.0 0.0 0.0 0.0 0.0 0.0 0.0 0.0 0.0 0.0 0.0 0.0 0.0 0.0 0.0 0.0 0.0  
    0.0 0.0 0.0 0.0 0.0 0.0 0.0 0.0 0.0 0.0 0.0 0.0 0.0 0.0 0.0 0.0 0.0  
    0.0 0.0 0.0 0.0 0.0 0.0 0.0 0.0 0.0 0.0 0.0 0.0 0.0 0.0 0.0 0.0 0.0  
    0.0 
  TALPHA = 0.0 0.0 0.0 0.0 0.0 0.0 0.0 0.0 0.0 0.0 0.0 0.0 0.0 0.0 0.0  
    0.0 0.0 0.0 0.0 0.0 0.0 0.0 0.0 0.0 0.0 0.0 0.0 0.0 0.0 0.0 0.0 0.0  
    0.0 0.0 0.0 0.0 0.0 0.0 0.0 0.0 0.0 0.0 0.0 0.0 0.0 0.0 0.0 0.0 0.0  
    0.0 0.0 0.0 0.0 0.0 0.0 0.0 0.0 0.0 0.0 0.0 0.0 0.0 0.0 0.0 0.0 0.0  
    0.0 0.0 0.0 0.0 0.0 0.0 0.0 0.0 0.0 0.0 0.0 0.0 0.0 0.0 0.0 0.0 0.0  
    0.0 0.0 0.0 0.0 0.0 0.0 0.0 0.0 0.0 0.0 0.0 0.0 0.0 0.0 0.0 0.0 0.0  
    0.0 
  CHIE = 0.0 0.0 0.0 0.0 0.0 0.0 0.0 0.0 0.0 0.0 0.0 0.0 0.0 0.0 0.0  
    0.0 0.0 0.0 0.0 0.0 0.0 0.0 0.0 0.0 0.0 0.0 0.0 0.0 0.0 0.0 0.0 0.0  
    0.0 0.0 0.0 0.0 0.0 0.0 0.0 0.0 0.0 0.0 0.0 0.0 0.0 0.0 0.0 0.0 0.0  
    0.0 0.0 0.0 0.0 0.0 0.0 0.0 0.0 0.0 0.0 0.0 0.0 0.0 0.0 0.0 0.0 0.0  
    0.0 0.0 0.0 0.0 0.0 0.0 0.0 0.0 0.0 0.0 0.0 0.0 0.0 0.0 0.0 0.0 0.0  
    0.0 0.0 0.0 0.0 0.0 0.0 0.0 0.0 0.0 0.0 0.0 0.0 0.0 0.0 0.0 0.0 0.0  
    0.0 
  CHII = 0.0 0.0 0.0 0.0 0.0 0.0 0.0 0.0 0.0 0.0 0.0 0.0 0.0 0.0 0.0  
    0.0 0.0 0.0 0.0 0.0 0.0 0.0 0.0 0.0 0.0 0.0 0.0 0.0 0.0 0.0 0.0 0.0  
    0.0 0.0 0.0 0.0 0.0 0.0 0.0 0.0 0.0 0.0 0.0 0.0 0.0 0.0 0.0 0.0 0.0  
    0.0 0.0 0.0 0.0 0.0 0.0 0.0 0.0 0.0 0.0 0.0 0.0 0.0 0.0 0.0 0.0 0.0  
    0.0 0.0 0.0 0.0 0.0 0.0 0.0 0.0 0.0 0.0 0.0 0.0 0.0 0.0 0.0 0.0 0.0  
    0.0 0.0 0.0 0.0 0.0 0.0 0.0 0.0 0.0 0.0 0.0 0.0 0.0 0.0 0.0 0.0 0.0  
    0.0 
  P_EQ = 0.0 0.0 0.0 0.0 0.0 0.0 0.0 0.0 0.0 0.0 0.0 0.0 0.0 0.0 0.0  
    0.0 0.0 0.0 0.0 0.0 0.0 0.0 0.0 0.0 0.0 0.0 0.0 0.0 0.0 0.0 0.0 0.0  
    0.0 0.0 0.0 0.0 0.0 0.0 0.0 0.0 0.0 0.0 0.0 0.0 0.0 0.0 0.0 0.0 0.0  
    0.0 0.0 0.0 0.0 0.0 0.0 0.0 0.0 0.0 0.0 0.0 0.0 0.0 0.0 0.0 0.0 0.0  
    0.0 0.0 0.0 0.0 0.0 0.0 0.0 0.0 0.0 0.0 0.0 0.0 0.0 0.0 0.0 0.0 0.0  
    0.0 0.0 0.0 0.0 0.0 0.0 0.0 0.0 0.0 0.0 0.0 0.0 0.0 0.0 0.0 0.0 0.0  
    0.0 
  J_TOT = 0.999905 0.999905 0.9996200000000001 0.999145  
    0.9984799999999999 0.9976250000000001 0.9965799999999999 0.995345  
    0.99392 0.992305 0.9905 0.988505 0.9863200000000001 0.983945  
    0.98138 0.9786250000000001 0.97568 0.972545 0.96922 0.965705 0.962  
    0.958105 0.95402 0.9497450000000001 0.94528 0.940625  
    0.9357800000000001 0.930745 0.92552 0.9201050000000001 0.9145  
    0.908705 0.90272 0.896545 0.89018 0.8836250000000001  
    0.8768800000000001 0.869945 0.86282 0.855505 0.848  
    0.8403050000000001 0.83242 0.8243450000000001 0.81608 0.807625  
    0.79898 0.790145 0.78112 0.7719050000000001 0.7625 0.752905 0.74312  
    0.7331449999999999 0.72298 0.7126250000000001 0.7020799999999999  
    0.6913450000000001 0.68042 0.669305 0.658 0.646505  
    0.6348199999999999 0.622945 0.6108800000000001 0.598625 0.58618  
    0.573545 0.5607199999999999 0.547705 0.5345 0.521105 0.50752  
    0.49374500000000004 0.47978 0.46562499999999996 0.45127999999999996  
    0.436745 0.4220199999999999 0.4071049999999999 0.39199999999999985  
    0.37670499999999985 0.3612200000000001 0.345545 0.3296800000000001  
    0.31362500000000004 0.2973800000000001 0.280945 0.26432  
    0.24750499999999998 0.23049999999999993 0.21330499999999997  
    0.19591999999999998 0.17834499999999986 0.16058000000000006  
    0.14262500000000003 0.12448000000000002 0.10614500000000004  
    0.08762000000000009 0.06890500000000002 0.05 
  RBDRY = 5.75 5.717889612279765 5.599231274196216 5.333894952548324  
    4.862048988436734 4.215741544340384 3.606248672667517  
    3.3499999999999996 3.606248672667517 4.215741544340384  
    4.862048988436735 5.333894952548324 5.599231274196216  
    5.717889612279765 5.75 
  ZBDRY = 0.0 0.7289246817174976 1.3134768905462901 1.6378788924654637  
    1.6378788924654637 1.3134768905462901 0.7289246817174978  
    2.0574066225675533e-16 -0.7289246817174975 -1.31347689054629  
    -1.6378788924654637 -1.6378788924654637 -1.3134768905462901  
    -0.728924681717498 -4.1148132451351065e-16 
  NLIM = 5 
  RLIM = 5.8 3.3 3.3 5.8 5.8 
  ZLIM = 1.6878788924654637 1.6878788924654637 -1.6878788924654637  
    -1.6878788924654637 1.6878788924654637 
  RHO = 0.0 0.01 0.02 0.03 0.04 0.05 0.06 0.07 0.08 0.09 0.1 0.11 0.12  
    0.13 0.14 0.15 0.16 0.17 0.18 0.19 0.2 0.21 0.22 0.23 0.24 0.25  
    0.26 0.27 0.28 0.29 0.3 0.31 0.32 0.33 0.34 0.35 0.36 0.37 0.38  
    0.39 0.4 0.41 0.42 0.43 0.44 0.45 0.46 0.47 0.48 0.49 0.5 0.51 0.52  
    0.53 0.54 0.55 0.56 0.57 0.58 0.59 0.6 0.61 0.62 0.63 0.64 0.65  
    0.66 0.67 0.68 0.69 0.7 0.71 0.72 0.73 0.74 0.75 0.76 0.77 0.78  
    0.79 0.8 0.81 0.82 0.83 0.84 0.85 0.86 0.87 0.88 0.89 0.9 0.91 0.92  
    0.93 0.94 0.95 0.96 0.97 0.98 0.99 1.0 
  MODEL_PROFILE_NE = 'ped' 
  MODEL_PROFILE_TE = 'ped' 
  MODEL_PROFILE_TI = 'ped' 
  MODEL_PROFILE_DENSITY_BEAM = 'parab' 
  MODEL_PROFILE_J_TOT = 'parab' 
  MODEL_PROFILE_OMEGA = 'parab' 
  MODEL_PROFILE_ZEFF = 'const' 
  MODEL_PROFILE_TBEAMI = 'const' 
  MODEL_PROFILE_DENSITY_ALPHA = 'zero' 
  MODEL_PROFILE_WALPHA = 'zero' 
  MODEL_PROFILE_WBEAM = 'derived' 
  J_TOT_AXIS = 1.0 
  J_TOT_SEP = 0.05 
  J_TOT_ALPHA = 2.0 
  J_TOT_BETA = 1.0 
  DENSITY_BEAM_AXIS = 0.0 
  DENSITY_BEAM_SEP = 0.0 
  DENSITY_BEAM_ALPHA = 1.5 
  DENSITY_BEAM_BETA = 1.5 
  TBEAMI_AXIS = 20.0 
  DENSITY_ION_0 = 13.332349105989552 13.313576470573764  
    13.293377041888506 13.27176863398183 13.248769060901775  
    13.224396136696395 13.198667675413729 13.171601491101828  
    13.14321539780874 13.11352720958251 13.082554740471183  
    13.050315804522807 13.01682821578543 12.982109788307099  
    12.94617833613586 12.909051673319755 12.870747613906842  
    12.831283971945155 12.790678561482748 12.748949196567667  
    12.706113691247957 12.662189859571662 12.617195515586836  
    12.571148473341522 12.524066546883763 12.475967550261613  
    12.426869297523112 12.376789602716315 12.325746279889255  
    12.273757143089993 12.22084000636657 12.16701268376703  
    12.112292989339423 12.056698737131796 12.000247741192192  
    11.942957815568665 11.884846774309253 11.825932431462007  
    11.766232601074975 11.705765097196203 11.644547733873734  
    11.582598325155619 11.519934685089904 11.456574627724635  
    11.392535967107856 11.327836517287619 11.262494092311968  
    11.196526506228949 11.129951573086608 11.062787106932994  
    10.995050921816155 10.926760831784135 10.85793465088498  
    10.788590193166737 10.718745272677452 10.648417703465173  
    10.577625299577939 10.50638587506379 10.434717243970756  
    10.362637220346844 10.290163618240015 10.217314251698125  
    10.14410693476881 10.070559481499211 9.996689705935367  
    9.922515422120934 9.848054444094304 9.773324585882316  
    9.69834366148644 9.623129484852452 9.547699869803894  
    9.472072629896081 9.396265578095873 9.320296526079463  
    9.244183282692813 9.167943650577156 9.091595418774332  
    9.015156346526664 8.938644127794907 8.862076313564428  
    8.785470141766645 8.70884216506286 8.632207436478607  
    8.555577728189721 8.478957636821686 8.402336070667385  
    8.325667651850127 8.248832114337233 8.171545770537188  
    8.09316891123506 8.012288829834679 7.925826456592158  
    7.827166416731951 7.702448043480986 7.5241278528044555  
    7.243607572382829 6.796628314127328 6.154398055328933  
    5.412496357528864 4.766678352758385 4.335877899081252 
  DENSITY_ION_1 = 13.332349105989552 13.313576470573764  
    13.293377041888506 13.27176863398183 13.248769060901775  
    13.224396136696395 13.198667675413729 13.171601491101828  
    13.14321539780874 13.11352720958251 13.082554740471183  
    13.050315804522807 13.01682821578543 12.982109788307099  
    12.94617833613586 12.909051673319755 12.870747613906842  
    12.831283971945155 12.790678561482748 12.748949196567667  
    12.706113691247957 12.662189859571662 12.617195515586836  
    12.571148473341522 12.524066546883763 12.475967550261613  
    12.426869297523112 12.376789602716315 12.325746279889255  
    12.273757143089993 12.22084000636657 12.16701268376703  
    12.112292989339423 12.056698737131796 12.000247741192192  
    11.942957815568665 11.884846774309253 11.825932431462007  
    11.766232601074975 11.705765097196203 11.644547733873734  
    11.582598325155619 11.519934685089904 11.456574627724635  
    11.392535967107856 11.327836517287619 11.262494092311968  
    11.196526506228949 11.129951573086608 11.062787106932994  
    10.995050921816155 10.926760831784135 10.85793465088498  
    10.788590193166737 10.718745272677452 10.648417703465173  
    10.577625299577939 10.50638587506379 10.434717243970756  
    10.362637220346844 10.290163618240015 10.217314251698125  
    10.14410693476881 10.070559481499211 9.996689705935367  
    9.922515422120934 9.848054444094304 9.773324585882316  
    9.69834366148644 9.623129484852452 9.547699869803894  
    9.472072629896081 9.396265578095873 9.320296526079463  
    9.244183282692813 9.167943650577156 9.091595418774332  
    9.015156346526664 8.938644127794907 8.862076313564428  
    8.785470141766645 8.70884216506286 8.632207436478607  
    8.555577728189721 8.478957636821686 8.402336070667385  
    8.325667651850127 8.248832114337233 8.171545770537188  
    8.09316891123506 8.012288829834679 7.925826456592158  
    7.827166416731951 7.702448043480986 7.5241278528044555  
    7.243607572382829 6.796628314127328 6.154398055328933  
    5.412496357528864 4.766678352758385 4.335877899081252 
  DENSITY_IMP_0 = 0.027660475323629776 0.027621527947248474  
    0.02757962041885582 0.02753478969705774 0.027487072740460115  
    0.02743650650766887 0.027383127957289893 0.027326974047929106  
    0.027268081738192406 0.02720648798668571 0.027142229752014902  
    0.027075343992785907 0.02700586766760463 0.02693383773507697  
    0.02685929115380884 0.02678226488240613 0.026702795879474776  
    0.026620921103620653 0.026536677513449687 0.026450102067567774  
    0.02636123172458082 0.026270103443094734 0.026176754181715427  
    0.0260812208990488 0.02598354055370075 0.025883750104277205  
    0.02578188650938405 0.02567798672762721 0.025572087717612567  
    0.025464226437946044 0.025354439847233547 0.025242764904080974  
    0.025129238567094238 0.025013897794879246 0.024896779546041893  
    0.0247779207791881 0.02465735845292376 0.02453512952585479  
    0.024411270956587086 0.02428581970372656 0.024158812725879115  
    0.02403028698165066 0.023900279429647103 0.023768827028474344  
    0.02363596673673829 0.023501735513044852 0.023366170315999933  
    0.023229308104209437 0.023091185836279268 0.022951840470815343  
    0.022811308966423558 0.022669628281709823 0.02252683537528004  
    0.02238296720574012 0.02223806073169596 0.02209215291175347  
    0.021945280704518545 0.021797481068597076 0.021648790962594932  
    0.021499247345117933 0.021348887174771815 0.021197747410162088  
    0.021045865009893798 0.020893276932570978 0.020740020136795365  
    0.020586131581163767 0.02043164822426204 0.02027660702465211  
    0.020121044940843238 0.019964998931229154 0.01980850595394999  
    0.01965160296658938 0.01949432692551011 0.019336714784397226  
    0.019178803491063927 0.01902062998045053 0.018862231159282847  
    0.01870364387246196 0.018544904829450017 0.018386050443079727  
    0.018227116476694286 0.01806813727191465 0.01790914405908425  
    0.0177501612618044 0.017591198416642504 0.01743223251175806  
    0.017273169402178688 0.01711375957331376 0.01695341446169541  
    0.01679080686978228 0.016623005871026306 0.01644362335392564  
    0.016238934474547616 0.01598018266282362 0.015610223761005095  
    0.015028231477972675 0.014100888618521427 0.012768460695703181  
    0.011229245555039137 0.009889374175847272 0.008995597300998448 
  DENSITY_TH = 26.692358687302733 26.654774469094775 26.614333704195868  
    26.571072057660718 26.52502519454401 26.47622877990046  
    26.424718478784747 26.370529956251588 26.313698877355673  
    26.254260907151707 26.192251710694382 26.1277069530384  
    26.060662299238466 25.991153414349274 25.91921596342553  
    25.844885611521917 25.76819802369316 25.68918886499393  
    25.607893800478944 25.5243484952029 25.438588614220496  
    25.35064982258642 25.260567785355388 25.16837816758209  
    25.074116634321225 24.977818850627504 24.87952048155561  
    24.779257192160255 24.677064647496124 24.572978512617933  
    24.467034452580375 24.359268132438142 24.24971521724594  
    24.13841137205847 24.025392261930424 23.910693551916516  
    23.79435090707143 23.67639999244987 23.556876473106538  
    23.435816014096133 23.31325428047335 23.189226937292887  
    23.063769649609455 22.936918082477742 22.80870790095245  
    22.67917477008828 22.548354354939935 22.416282320562107  
    22.282994332009494 22.148526054336802 22.012913152598735  
    21.87619129184998 21.73839613714524 21.599563353539214  
    21.4597286060866 21.3189275598421 21.177195879860395  
    21.034569231196176 20.891083278904105 20.746773688038807  
    20.6016761236548 20.455826250806414 20.309259734547513  
    20.162012239930995 20.01411943200753 19.865616975823034  
    19.716540536412868 19.566925778789283 19.416808367913724  
    19.266223968636133 19.11520824556174 18.963796862758752  
    18.812025483117257 18.659929766943325 18.507545368876688  
    18.35490793113476 18.202053068707947 18.049016336925792  
    17.895833160419265 17.742538677571936 17.589167400009984  
    17.435752467397634 17.2823240170163 17.128905617641248  
    16.975506472060015 16.82210437384653 16.66860847310243  
    16.51477798824778 16.360044955536072 16.2031286293399  
    16.041200665540384 15.868096536538241 15.67057176793845  
    15.420876269624797 15.063865929369916 14.50224337624363  
    13.607357516873178 12.32156457135357 10.836221960612768  
    9.543246079692617 8.680751395463503 
  NI = 26.664698211979104 26.62715294114753 26.586754083777013  
    26.54353726796366 26.49753812180355 26.44879227339279  
    26.397335350827458 26.343202982203657 26.28643079561748  
    26.22705441916502 26.165109480942366 26.100631609045614  
    26.03365643157086 25.964219576614198 25.89235667227172  
    25.81810334663951 25.741495227813683 25.66256794389031  
    25.581357122965496 25.497898393135333 25.412227382495914  
    25.324379719143323 25.234391031173672 25.142296946683043  
    25.048133093767525 24.951935100523226 24.853738595046224  
    24.75357920543263 24.65149255977851 24.547514286179986  
    24.44168001273314 24.33402536753406 24.224585978678846  
    24.113397474263593 24.000495482384384 23.88591563113733  
    23.769693548618505 23.651864862924015 23.53246520214995  
    23.411530194392405 23.28909546774747 23.165196650311238  
    23.039869370179808 22.91314925544927 22.78507193421571  
    22.655673034575237 22.524988184623936 22.393053012457898  
    22.259903146173215 22.12557421386599 21.99010184363231  
    21.85352166356827 21.71586930176996 21.577180386333474  
    21.437490545354905 21.296835406930345 21.155250599155877  
    21.01277175012758 20.86943448794151 20.72527444069369  
    20.58032723648003 20.43462850339625 20.28821386953762  
    20.141118962998423 19.993379411870734 19.84503084424187  
    19.696108888188608 19.54664917176463 19.39668732297288  
    19.246258969704904 19.09539973960779 18.944145259792162  
    18.792531156191746 18.640593052158927 18.488366565385626  
    18.33588730115431 18.183190837548665 18.03031269305333  
    17.877288255589814 17.724152627128856 17.57094028353329  
    17.41768433012572 17.264414872957214 17.111155456379443  
    16.957915273643373 16.80467214133477 16.651335303700254  
    16.497664228674466 16.343091541074376 16.18633782247012  
    16.024577659669358 15.851652913184315 15.654332833463902  
    15.404896086961973 15.048255705608911 14.487215144765658  
    13.593256628254656 12.308796110657866 10.824992715057729  
    9.53335670551677 8.671755798162504 
  NZ = 0.027660475323629776 0.027621527947248474 0.02757962041885582  
    0.02753478969705774 0.027487072740460115 0.02743650650766887  
    0.027383127957289893 0.027326974047929106 0.027268081738192406  
    0.02720648798668571 0.027142229752014902 0.027075343992785907  
    0.02700586766760463 0.02693383773507697 0.02685929115380884  
    0.02678226488240613 0.026702795879474776 0.026620921103620653  
    0.026536677513449687 0.026450102067567774 0.02636123172458082  
    0.026270103443094734 0.026176754181715427 0.0260812208990488  
    0.02598354055370075 0.025883750104277205 0.02578188650938405  
    0.02567798672762721 0.025572087717612567 0.025464226437946044  
    0.025354439847233547 0.025242764904080974 0.025129238567094238  
    0.025013897794879246 0.024896779546041893 0.0247779207791881  
    0.02465735845292376 0.02453512952585479 0.024411270956587086  
    0.02428581970372656 0.024158812725879115 0.02403028698165066  
    0.023900279429647103 0.023768827028474344 0.02363596673673829  
    0.023501735513044852 0.023366170315999933 0.023229308104209437  
    0.023091185836279268 0.022951840470815343 0.022811308966423558  
    0.022669628281709823 0.02252683537528004 0.02238296720574012  
    0.02223806073169596 0.02209215291175347 0.021945280704518545  
    0.021797481068597076 0.021648790962594932 0.021499247345117933  
    0.021348887174771815 0.021197747410162088 0.021045865009893798  
    0.020893276932570978 0.020740020136795365 0.020586131581163767  
    0.02043164822426204 0.02027660702465211 0.020121044940843238  
    0.019964998931229154 0.01980850595394999 0.01965160296658938  
    0.01949432692551011 0.019336714784397226 0.019178803491063927  
    0.01902062998045053 0.018862231159282847 0.01870364387246196  
    0.018544904829450017 0.018386050443079727 0.018227116476694286  
    0.01806813727191465 0.01790914405908425 0.0177501612618044  
    0.017591198416642504 0.01743223251175806 0.017273169402178688  
    0.01711375957331376 0.01695341446169541 0.01679080686978228  
    0.016623005871026306 0.01644362335392564 0.016238934474547616  
    0.01598018266282362 0.015610223761005095 0.015028231477972675  
    0.014100888618521427 0.012768460695703181 0.011229245555039137  
    0.009889374175847272 0.008995597300998448 
/

