 25-Jul-25 07/09/2014
     1               1
  0.100000000E+01
*   1.000             1               0 MAR   3   2 CLC    40   41
  0.000000000E+00 0.170000000E+03 0.200000000E+01 0.679320679E+06
  0.679320679E+06 0.172134843E+03 0.817389922E+00 0.413656122E+02
  0.134208538E+01-0.373713965E+00-0.309500000E+00 0.772714698E+07
  0.176175794E+03 0.180421129E+01 0.228997897E+01 0.948263482E+00
  0.475912536E+00 0.857212753E+00 0.100000000E+11 0.106753716E+02
  0.100000000E+11 0.100000000E+11 0.200871000E+01-0.122230627E+01
  0.767663874E+02 0.107033049E+03 0.520938432E+02
  0.000000000E+00 0.000000000E+00 0.000000000E+00
  0.825506425E+02 0.795339139E+02
  0.000000000E+00 0.000000000E+00
  0.159618925E+01 0.278811748E+00 0.201871490E+01 0.799808882E+00
  0.767611486E+00 0.219132859E+01-0.500000000E+02-0.500000000E+02
 -0.500000000E+02 0.304235013E+00 0.703762506E+04 0.170616033E+06
  0.972321121E-04 0.128980181E+01 0.957639332E+00 0.738356782E-02
  0.127636282E+01 0.172472268E+03 0.000000000E+00 0.000000000E+00
 -0.999000000E+03-0.999000000E+03-0.999000000E+03-0.999000000E+03
 -0.100000000E+03-0.500000000E+02 0.194051918E+01 0.191391220E+01
  0.831338028E+01 0.397642995E+02 0.100000000E+03 0.106753716E+02
  0.177646603E+03 0.205823790E+01 0.467367380E+00 0.000000000E+00
  0.100354175E+01 0.199957328E+01 0.359772645E+06 0.000000000E+00
  0.000000000E+00 0.000000000E+00 0.884681247E+00 0.100000000E+02
    44   60   18    6
  0.174335100E+00 0.135194167E+00 0.185981457E+00 0.152027836E+00
  0.690674629E-01-0.152445387E-01 0.543994673E+00-0.656421046E-01
 -0.465214191E+00 0.243918051E+00 0.140705293E+00 0.156041516E-01
 -0.426516536E-01-0.687107256E-01-0.828962001E-01 0.556760877E+00
 -0.735194395E-01 0.601734606E-02 0.217296353E+00 0.155800231E+00
  0.162875989E+00 0.167390257E+00 0.102687817E+00 0.236917620E-01
 -0.329640060E+00 0.404208833E+00 0.433260304E+00 0.305488483E-01
  0.811542519E-01 0.201674140E+00 0.808946323E-01-0.116387269E-01
 -0.470505662E-01-0.597138169E-01 0.114883108E+00 0.480509399E+00
  0.469547208E+00-0.422775668E-01 0.282338255E-01-0.221529407E-01
  0.106475816E-01 0.218883448E-01 0.708001388E-01 0.133640847E+00
  0.109516647E+00 0.244065191E+00 0.241934386E+00-0.147665622E+00
 -0.253229239E+00-0.390838747E-01 0.286892591E+00 0.635277220E+00
  0.291775136E+00-0.157848805E+00-0.332035647E+00-0.873028832E-01
  0.232343183E+00 0.316661026E+00 0.251554821E+00-0.375634671E-01
  0.129533274E+00 0.264430979E+00 0.190359393E+00 0.201761297E+00
  0.205032592E+00 0.195577058E+00 0.256681797E+00-0.104209615E+00
 -0.311719378E+00-0.285290674E+00-0.608769257E-01 0.297344364E+00
  0.355663234E+00 0.265619911E+00 0.390755019E+00 0.761712041E+00
  0.304032495E+00 0.406961464E-01-0.194186478E+00-0.268664638E+00
 -0.692700570E-01 0.879459985E-01 0.315335760E+00 0.249321221E+00
  0.357563037E+00 0.106908464E+00-0.595881867E-01-0.248445164E+00
 -0.304273647E+00-0.104884802E+00 0.253359454E+00 0.196387122E+00
  0.204049138E+00 0.202077126E+00 0.187271752E+00 0.261406962E+00
  0.131365660E+00-0.338977844E-01 0.112272215E+00 0.243996389E+00
  0.244121260E+00-0.133143036E+00-0.258536941E+00-0.372524235E-01
  0.267299626E+05-0.573683132E+05 0.251146373E+06 0.243644610E+06
  0.105760535E+06-0.310167441E+06 0.614928867E+06-0.431123669E+05
 -0.769615783E+06 0.345419077E+06 0.804346753E+05-0.126678964E+06
 -0.119381439E+06-0.104467705E+06-0.409235004E+06 0.558625657E+06
 -0.123484024E+06-0.138421350E+06
  0.000000000E+00 0.000000000E+00 0.000000000E+00 0.000000000E+00
  0.000000000E+00 0.000000000E+00
  0.000000000E+00 0.000000000E+00 0.000000000E+00 0.000000000E+00
  0.000000000E+00 0.000000000E+00 0.000000000E+00 0.000000000E+00
  0.000000000E+00 0.000000000E+00 0.553780848E+02 0.000000000E+00
  0.257449895E+00 0.796942433E+00 0.400000006E+02-0.140988784E+00
 -0.112506289E+01 0.000000000E+00 0.999000000E+03 0.191535624E+01
 -0.100000000E+02 0.957639332E+00 0.000000000E+00 0.600778252E-01
 -0.100000000E+02 0.000000000E+00 0.213208036E+01 0.000000000E+00
  0.195429581E+00 0.238922583E+01 0.130769231E+01 0.213283693E+01
  0.337061392E+02 0.388225199E+01-0.890000000E+02-0.890000000E+02
 -0.890000000E+02-0.890000000E+02-0.890000000E+02-0.890000000E+02
 -0.890000000E+02-0.890000000E+02-0.890000000E+02-0.890000000E+02
 -0.890000000E+02-0.890000000E+02-0.890000000E+02-0.890000000E+02
 -0.890000000E+02 0.000000000E+00 0.706608020E+00 0.947255030E+00
  0.141299425E+03 0.184937500E+03 0.000000000E+00 0.820959459E+00
  0.100000000E+01 0.000000000E+00 0.000000000E+00 0.000000000E+00
                                            EQG
