&INEFIT
  IP = 10000000.0 
  R0 = 4.55 
  B0 = 11.0 
  NRHO = 101 
  RHO = 0.0 0.01 0.02 0.03 0.04 0.05 0.06 0.07 0.08 0.09 0.1 0.11 0.12  
    0.13 0.14 0.15 0.16 0.17 0.18 0.19 0.2 0.21 0.22 0.23 0.24 0.25  
    0.26 0.27 0.28 0.29 0.3 0.31 0.32 0.33 0.34 0.35000000000000003  
    0.36 0.37 0.38 0.39 0.4 0.41000000000000003 0.42 0.43 0.44 0.45  
    0.46 0.47000000000000003 0.48 0.49 0.5 0.51 0.52 0.53 0.54 0.55  
    0.56 0.5700000000000001 0.58 0.59 0.6 0.61 0.62 0.63 0.64 0.65 0.66  
    0.67 0.68 0.6900000000000001 0.7000000000000001 0.71 0.72 0.73 0.74  
    0.75 0.76 0.77 0.78 0.79 0.8 0.81 0.8200000000000001  
    0.8300000000000001 0.84 0.85 0.86 0.87 0.88 0.89 0.9 0.91 0.92 0.93  
    0.9400000000000001 0.9500000000000001 0.96 0.97 0.98 0.99 1.0 
  PRESS = 1641824.4071061371 1639559.206697274 1632594.2256999244  
    1622858.7784762664 1612455.7522236134 1601404.3555558682  
    1589724.0086202777 1577434.3220970072 1564555.0765582277  
    1551106.2021867202 1537107.758853997 1522579.9165579372  
    1507542.93621994 1492017.150841592 1476022.9470208539  
    1459580.7468277602 1442710.9900396354 1425434.1167358288  
    1407770.5502519596 1389740.6804936854 1371364.847609982  
    1352663.3260259377 1333656.308835069 1314363.892551144  
    1294806.0622195292 1275002.6768880463 1254973.4554373433  
    1234737.9627707826 1214315.5963638374 1193725.573173005  
    1172986.916904224 1152118.445640801 1131138.7598308378  
    1110066.2306341557 1088918.9886287076 1067714.912876462  
    1046471.620348749 1025206.4557110365 1003936.4814671003  
    982678.4684625448 961448.886747591 940263.8967990336  
    919139.3411012159 898090.7360858123 877133.264430109  
    856281.7677133539 835550.7394305563 814954.3183628488  
    794506.2823031538 774220.0421353453 754108.6362643347  
    734184.725393392 714460.5876434376 694948.1140067626  
    675658.8041243869 656603.7623715907 637793.6942294501  
    619238.9029105622 600949.28619327 582934.3333987013  
    565203.1224160817 547764.3166401145 530626.1616239207  
    513796.4811636859 497282.6724044172 481091.69937197986  
    465230.0840684119 449703.8938764101 434518.7234475711  
    419679.66841298074 405191.28702939354 391057.5440754083  
    377281.7286675812 363866.33377448417 350812.8794748847  
    338121.6535646473 325791.3306973795 313818.41301971057  
    302196.40865724406 290914.6259191564 279956.4062720355  
    269296.5431248903 258897.53299957706 248704.18469767805  
    238635.99569761922 228576.6707603413 218360.4002869408  
    207755.46471649667 196448.2138847781 184035.77545689337  
    170045.09585507156 154007.29845710122 135618.65957069985  
    114986.45201158788 92865.63884259466 70685.78325407112  
    50203.2981025521 32889.70382843636 19445.127364544354  
    9740.886486118043 5824.041340732582 
  JPAR = 999869.3750000007 999786.2500000003 999519.0625  
    999049.9999999998 998384.9999999995 997529.9999999997  
    996484.9999999998 995249.9999999998 993825.0000000007  
    992210.0000000002 990405.0 988410.0000000006 986225.0000000009  
    983850.0000000007 981285.0000000002 978529.9999999995  
    975584.9999999994 972450.0000000002 969125.0 965610.0000000002  
    961905.0000000006 958010.0000000001 953924.9999999995  
    949650.0000000003 945185.0000000012 940530.0000000009  
    935685.0000000008 930650.0000000006 925424.9999999995  
    920009.9999999999 914405.0000000008 908609.9999999999  
    902624.9999999995 896450.0000000007 890085.0000000005  
    883529.9999999993 876785.0000000001 869850.0000000016  
    862725.0000000009 855410.000000001 847905.0000000009 840210.0  
    832324.9999999995 824249.9999999998 815984.9999999999  
    807530.0000000003 798884.9999999998 790049.9999999994  
    781024.9999999995 771809.9999999988 762404.9999999993  
    752810.0000000007 743025.0 733049.9999999987 722884.9999999979  
    712530.0000000002 701985.0000000006 691249.9999999995  
    680325.0000000006 669210.0000000005 657904.9999999992  
    646409.9999999991 634724.9999999999 622850.0000000009  
    610785.0000000008 598530.0 586085.0000000002 573450.0000000005  
    560625.0000000008 547610.0000000012 534405.0000000021  
    521010.00000000396 507425.0000000039 493650.0000000018  
    479685.00000000023 465530.0000000013 451185.0000000025  
    436650.0000000022 421925.0000000003 407009.9999999996  
    391904.9999999986 376609.9999999994 361125.0000000024  
    345450.00000000256 329585.00000000215 313530.00000000105  
    297284.9999999992 280849.99999999965 264225.0000000014  
    247410.00000000087 230404.9999999993 213209.9999999997  
    195824.99999999988 178249.9999999994 160485.0000000005  
    142530.0000000024 124385.00000000116 106049.9999999997  
    87524.99999999997 71184.9999999989 64154.999999997766 
  NLIM = 5 
  RLIM = 6.0 3.5 3.5 6.0 6.0 
  ZLIM = 1.93 1.93 -1.93 -1.93 1.93 
  NBDRY = 15 
  RBDRY = 5.75 5.717889612279765 5.599231274196216 5.333894952548324  
    4.862048988436734 4.215741544340384 3.606248672667517  
    3.3499999999999996 3.606248672667517 4.215741544340384  
    4.862048988436735 5.333894952548324 5.599231274196216  
    5.717889612279765 5.75 
  ZBDRY = 0.0 0.7289246817174976 1.3134768905462901 1.6378788924654637  
    1.6378788924654637 1.3134768905462901 0.7289246817174978  
    2.0574066225675533e-16 -0.7289246817174975 -1.31347689054629  
    -1.6378788924654637 -1.6378788924654637 -1.3134768905462901  
    -0.728924681717498 0.0 
/

