 &IN1
 ISHOT =            1,
 ITIME =            2,
 BETAP0 =   0.5000000000000000     ,
 RZERO =    1.700000000000000     ,
 QENP =   0.9499999880790710     ,
 ENP =   0.5000000000000000     ,
 EMP =    1.000000000000000     ,
 PLASMA =    679320.6793206776     ,
 COILS =   0.1755957861713972     ,
           0.1388273847590314     ,
           0.1895520328953411     ,
           0.1530593937496764     ,
           6.6936184764904996E-002,
          -2.1313449316982324E-002,
           0.5462017906305497     ,
          -7.1799642079503345E-002,
          -0.4792303578816671     ,
           0.2445722914477800     ,
           0.1441159916329556     ,
           1.9377702229525961E-002,
          -4.1780272774872736E-002,
          -7.1358374685266346E-002,
          -8.8243898036526158E-002,
           0.5594987021635794     ,
          -8.0093505441717214E-002,
          -6.9811647241173795E-003,
           0.2179536948027976     ,
           0.1581120121183967     ,
           0.1663780096662331     ,
           0.1694366227116465     ,
           0.1020574966449221     ,
           2.0242223096781763E-002,
          -0.3410302469313588     ,
           0.4044598832341759     ,
           0.4339927811859094     ,
           2.4996081493256248E-002,
           7.6573386824241210E-002,
           0.2034977028798878     ,
           8.4406854478852711E-002,
          -9.5223831539924218E-003,
          -4.7885366137405926E-002,
          -6.3508014367004054E-002,
           0.1065947455362997     ,
           0.4813206865774213     ,
           0.4706536102469546     ,
          -4.7008584463593739E-002,
           2.4352215373213026E-002,
          -2.8828613801951005E-002,
           1.0968973015705499E-003,
           1.7159968377196074E-002,
           6.4509202318283637E-002,
           0.1274546333805553     ,
 BTOR =    2.000000000000000     ,
 RCENTR =    1.700000000000000     ,
 ICURRT =            2,
 IERCHK =            0,
 KZEROJ =            0,
 RZEROJ =    0.000000000000000     ,
             0.000000000000000     ,
             0.000000000000000     ,
             0.000000000000000     ,
             0.000000000000000     ,
             0.000000000000000     ,
             0.000000000000000     ,
             0.000000000000000     ,
             0.000000000000000     ,
             0.000000000000000     ,
             0.000000000000000     ,
             0.000000000000000     ,
             0.000000000000000     ,
             0.000000000000000     ,
             0.000000000000000     ,
             0.000000000000000     ,
             0.000000000000000     ,
             0.000000000000000     ,
             0.000000000000000     ,
             0.000000000000000     ,
             0.000000000000000     ,
             0.000000000000000     ,
             0.000000000000000     ,
             0.000000000000000     ,
             0.000000000000000     ,
             0.000000000000000     ,
             0.000000000000000     ,
             0.000000000000000     ,
             0.000000000000000     ,
             0.000000000000000     ,
             0.000000000000000     ,
             0.000000000000000     ,
             0.000000000000000     ,
             0.000000000000000     ,
             0.000000000000000     ,
             0.000000000000000     ,
             0.000000000000000     ,
             0.000000000000000     ,
             0.000000000000000     ,
             0.000000000000000     ,
             0.000000000000000     ,
             0.000000000000000     ,
             0.000000000000000     ,
             0.000000000000000     ,
             0.000000000000000     ,
             0.000000000000000     ,
             0.000000000000000     ,
             0.000000000000000     ,
             0.000000000000000     ,
             0.000000000000000     ,
             0.000000000000000     ,
             0.000000000000000     ,
             0.000000000000000     ,
             0.000000000000000     ,
             0.000000000000000     ,
             0.000000000000000     ,
             0.000000000000000     ,
             0.000000000000000     ,
             0.000000000000000     ,
             0.000000000000000     ,
             0.000000000000000     ,
 FWTSI =    1.000000000000000     ,
            1.000000000000000     ,
            1.000000000000000     ,
            1.000000000000000     ,
            1.000000000000000     ,
            1.000000000000000     ,
            1.000000000000000     ,
            1.000000000000000     ,
            1.000000000000000     ,
            1.000000000000000     ,
            1.000000000000000     ,
            1.000000000000000     ,
            1.000000000000000     ,
            1.000000000000000     ,
            1.000000000000000     ,
            1.000000000000000     ,
            1.000000000000000     ,
            1.000000000000000     ,
            0.000000000000000     ,
            0.000000000000000     ,
            0.000000000000000     ,
            0.000000000000000     ,
            0.000000000000000     ,
            0.000000000000000     ,
            0.000000000000000     ,
            0.000000000000000     ,
            0.000000000000000     ,
            0.000000000000000     ,
            0.000000000000000     ,
            0.000000000000000     ,
            0.000000000000000     ,
            0.000000000000000     ,
            0.000000000000000     ,
            0.000000000000000     ,
            0.000000000000000     ,
            0.000000000000000     ,
            0.000000000000000     ,
            0.000000000000000     ,
            0.000000000000000     ,
            0.000000000000000     ,
            0.000000000000000     ,
            0.000000000000000     ,
            0.000000000000000     ,
            0.000000000000000     ,
 FWTCUR =    1.000000000000000     ,
 MXITER =            1,
 NXITER =           99,
 LIMITR =            5,
 XLIM =    2.241758241758242     ,
           1.307692307692308     ,
           1.307692307692308     ,
           2.241758241758242     ,
           2.241758241758242     ,
           2.241758241758242     ,
           0.000000000000000     ,
           0.000000000000000     ,
           0.000000000000000     ,
           0.000000000000000     ,
           0.000000000000000     ,
           0.000000000000000     ,
           0.000000000000000     ,
           0.000000000000000     ,
           0.000000000000000     ,
           0.000000000000000     ,
           0.000000000000000     ,
           0.000000000000000     ,
           0.000000000000000     ,
           0.000000000000000     ,
           0.000000000000000     ,
           0.000000000000000     ,
           0.000000000000000     ,
           0.000000000000000     ,
           0.000000000000000     ,
           0.000000000000000     ,
           0.000000000000000     ,
           0.000000000000000     ,
           0.000000000000000     ,
           0.000000000000000     ,
           0.000000000000000     ,
           0.000000000000000     ,
           0.000000000000000     ,
           0.000000000000000     ,
           0.000000000000000     ,
           0.000000000000000     ,
           0.000000000000000     ,
           0.000000000000000     ,
           0.000000000000000     ,
           0.000000000000000     ,
           0.000000000000000     ,
           0.000000000000000     ,
           0.000000000000000     ,
           0.000000000000000     ,
           0.000000000000000     ,
           0.000000000000000     ,
           0.000000000000000     ,
           0.000000000000000     ,
           0.000000000000000     ,
           0.000000000000000     ,
           0.000000000000000     ,
           0.000000000000000     ,
           0.000000000000000     ,
           0.000000000000000     ,
           0.000000000000000     ,
           0.000000000000000     ,
           0.000000000000000     ,
           0.000000000000000     ,
           0.000000000000000     ,
           0.000000000000000     ,
           0.000000000000000     ,
           0.000000000000000     ,
           0.000000000000000     ,
           0.000000000000000     ,
           0.000000000000000     ,
           0.000000000000000     ,
           0.000000000000000     ,
           0.000000000000000     ,
           0.000000000000000     ,
           0.000000000000000     ,
           0.000000000000000     ,
           0.000000000000000     ,
           0.000000000000000     ,
           0.000000000000000     ,
           0.000000000000000     ,
           0.000000000000000     ,
           0.000000000000000     ,
           0.000000000000000     ,
           0.000000000000000     ,
           0.000000000000000     ,
           0.000000000000000     ,
           0.000000000000000     ,
           0.000000000000000     ,
           0.000000000000000     ,
           0.000000000000000     ,
           0.000000000000000     ,
           0.000000000000000     ,
           0.000000000000000     ,
           0.000000000000000     ,
           0.000000000000000     ,
           0.000000000000000     ,
           0.000000000000000     ,
           0.000000000000000     ,
           0.000000000000000     ,
           0.000000000000000     ,
           0.000000000000000     ,
           0.000000000000000     ,
           0.000000000000000     ,
           0.000000000000000     ,
           0.000000000000000     ,
           0.000000000000000     ,
           0.000000000000000     ,
           0.000000000000000     ,
           0.000000000000000     ,
           0.000000000000000     ,
           0.000000000000000     ,
           0.000000000000000     ,
           0.000000000000000     ,
           0.000000000000000     ,
           0.000000000000000     ,
           0.000000000000000     ,
           0.000000000000000     ,
           0.000000000000000     ,
           0.000000000000000     ,
           0.000000000000000     ,
           0.000000000000000     ,
           0.000000000000000     ,
           0.000000000000000     ,
           0.000000000000000     ,
           0.000000000000000     ,
           0.000000000000000     ,
           0.000000000000000     ,
           0.000000000000000     ,
           0.000000000000000     ,
           0.000000000000000     ,
           0.000000000000000     ,
           0.000000000000000     ,
           0.000000000000000     ,
           0.000000000000000     ,
           0.000000000000000     ,
           0.000000000000000     ,
           0.000000000000000     ,
           0.000000000000000     ,
           0.000000000000000     ,
           0.000000000000000     ,
           0.000000000000000     ,
           0.000000000000000     ,
           0.000000000000000     ,
           0.000000000000000     ,
           0.000000000000000     ,
           0.000000000000000     ,
           0.000000000000000     ,
           0.000000000000000     ,
           0.000000000000000     ,
           0.000000000000000     ,
           0.000000000000000     ,
           0.000000000000000     ,
           0.000000000000000     ,
           0.000000000000000     ,
           0.000000000000000     ,
           0.000000000000000     ,
           0.000000000000000     ,
           0.000000000000000     ,
           0.000000000000000     ,
           0.000000000000000     ,
           0.000000000000000     ,
           0.000000000000000     ,
           0.000000000000000     ,
           0.000000000000000     ,
           0.000000000000000     ,
 YLIM =   0.7210989010989012     ,
          0.7210989010989012     ,
         -0.7210989010989012     ,
         -0.7210989010989012     ,
          0.7210989010989012     ,
          0.7210989010989012     ,
           0.000000000000000     ,
           0.000000000000000     ,
           0.000000000000000     ,
           0.000000000000000     ,
           0.000000000000000     ,
           0.000000000000000     ,
           0.000000000000000     ,
           0.000000000000000     ,
           0.000000000000000     ,
           0.000000000000000     ,
           0.000000000000000     ,
           0.000000000000000     ,
           0.000000000000000     ,
           0.000000000000000     ,
           0.000000000000000     ,
           0.000000000000000     ,
           0.000000000000000     ,
           0.000000000000000     ,
           0.000000000000000     ,
           0.000000000000000     ,
           0.000000000000000     ,
           0.000000000000000     ,
           0.000000000000000     ,
           0.000000000000000     ,
           0.000000000000000     ,
           0.000000000000000     ,
           0.000000000000000     ,
           0.000000000000000     ,
           0.000000000000000     ,
           0.000000000000000     ,
           0.000000000000000     ,
           0.000000000000000     ,
           0.000000000000000     ,
           0.000000000000000     ,
           0.000000000000000     ,
           0.000000000000000     ,
           0.000000000000000     ,
           0.000000000000000     ,
           0.000000000000000     ,
           0.000000000000000     ,
           0.000000000000000     ,
           0.000000000000000     ,
           0.000000000000000     ,
           0.000000000000000     ,
           0.000000000000000     ,
           0.000000000000000     ,
           0.000000000000000     ,
           0.000000000000000     ,
           0.000000000000000     ,
           0.000000000000000     ,
           0.000000000000000     ,
           0.000000000000000     ,
           0.000000000000000     ,
           0.000000000000000     ,
           0.000000000000000     ,
           0.000000000000000     ,
           0.000000000000000     ,
           0.000000000000000     ,
           0.000000000000000     ,
           0.000000000000000     ,
           0.000000000000000     ,
           0.000000000000000     ,
           0.000000000000000     ,
           0.000000000000000     ,
           0.000000000000000     ,
           0.000000000000000     ,
           0.000000000000000     ,
           0.000000000000000     ,
           0.000000000000000     ,
           0.000000000000000     ,
           0.000000000000000     ,
           0.000000000000000     ,
           0.000000000000000     ,
           0.000000000000000     ,
           0.000000000000000     ,
           0.000000000000000     ,
           0.000000000000000     ,
           0.000000000000000     ,
           0.000000000000000     ,
           0.000000000000000     ,
           0.000000000000000     ,
           0.000000000000000     ,
           0.000000000000000     ,
           0.000000000000000     ,
           0.000000000000000     ,
           0.000000000000000     ,
           0.000000000000000     ,
           0.000000000000000     ,
           0.000000000000000     ,
           0.000000000000000     ,
           0.000000000000000     ,
           0.000000000000000     ,
           0.000000000000000     ,
           0.000000000000000     ,
           0.000000000000000     ,
           0.000000000000000     ,
           0.000000000000000     ,
           0.000000000000000     ,
           0.000000000000000     ,
           0.000000000000000     ,
           0.000000000000000     ,
           0.000000000000000     ,
           0.000000000000000     ,
           0.000000000000000     ,
           0.000000000000000     ,
           0.000000000000000     ,
           0.000000000000000     ,
           0.000000000000000     ,
           0.000000000000000     ,
           0.000000000000000     ,
           0.000000000000000     ,
           0.000000000000000     ,
           0.000000000000000     ,
           0.000000000000000     ,
           0.000000000000000     ,
           0.000000000000000     ,
           0.000000000000000     ,
           0.000000000000000     ,
           0.000000000000000     ,
           0.000000000000000     ,
           0.000000000000000     ,
           0.000000000000000     ,
           0.000000000000000     ,
           0.000000000000000     ,
           0.000000000000000     ,
           0.000000000000000     ,
           0.000000000000000     ,
           0.000000000000000     ,
           0.000000000000000     ,
           0.000000000000000     ,
           0.000000000000000     ,
           0.000000000000000     ,
           0.000000000000000     ,
           0.000000000000000     ,
           0.000000000000000     ,
           0.000000000000000     ,
           0.000000000000000     ,
           0.000000000000000     ,
           0.000000000000000     ,
           0.000000000000000     ,
           0.000000000000000     ,
           0.000000000000000     ,
           0.000000000000000     ,
           0.000000000000000     ,
           0.000000000000000     ,
           0.000000000000000     ,
           0.000000000000000     ,
           0.000000000000000     ,
           0.000000000000000     ,
           0.000000000000000     ,
           0.000000000000000     ,
           0.000000000000000     ,
           0.000000000000000     ,
           0.000000000000000     ,
 ERROR =   9.9999997473787516E-005,
 ICONVR =            3,
 IBUNMN =            3,
 BRSP =    26958.54223632813     ,
          -49800.50500488281     ,
           258999.7132568359     ,
           247057.4547729492     ,
           105236.5163574219     ,
          -315980.3087234497     ,
           623130.7389373779     ,
          -47321.34509277344     ,
          -785026.2819824219     ,
           343068.1427001953     ,
           87706.34753417969     ,
          -117700.2407226563     ,
          -116252.6762084961     ,
          -105793.9204101563     ,
          -414145.3649520874     ,
           567089.7787017822     ,
          -128724.7954101563     ,
          -152462.1459655762     ,
           0.000000000000000     ,
           0.000000000000000     ,
           0.000000000000000     ,
           0.000000000000000     ,
           0.000000000000000     ,
           0.000000000000000     ,
           0.000000000000000     ,
           0.000000000000000     ,
           0.000000000000000     ,
           0.000000000000000     ,
           0.000000000000000     ,
           0.000000000000000     ,
           0.000000000000000     ,
           0.000000000000000     ,
           0.000000000000000     ,
           0.000000000000000     ,
           0.000000000000000     ,
           0.000000000000000     ,
           0.000000000000000     ,
           0.000000000000000     ,
           0.000000000000000     ,
           0.000000000000000     ,
           0.000000000000000     ,
           0.000000000000000     ,
           0.000000000000000     ,
           0.000000000000000     ,
           0.000000000000000     ,
           0.000000000000000     ,
           0.000000000000000     ,
           0.000000000000000     ,
           0.000000000000000     ,
           0.000000000000000     ,
           0.000000000000000     ,
           0.000000000000000     ,
           0.000000000000000     ,
           0.000000000000000     ,
           0.000000000000000     ,
           0.000000000000000     ,
           0.000000000000000     ,
           0.000000000000000     ,
           0.000000000000000     ,
           0.000000000000000     ,
           0.000000000000000     ,
           0.000000000000000     ,
           0.000000000000000     ,
           0.000000000000000     ,
           0.000000000000000     ,
           0.000000000000000     ,
           0.000000000000000     ,
           0.000000000000000     ,
           0.000000000000000     ,
           0.000000000000000     ,
           0.000000000000000     ,
           0.000000000000000     ,
           0.000000000000000     ,
           0.000000000000000     ,
           0.000000000000000     ,
           0.000000000000000     ,
           0.000000000000000     ,
           0.000000000000000     ,
           0.000000000000000     ,
           0.000000000000000     ,
           0.000000000000000     ,
           0.000000000000000     ,
           0.000000000000000     ,
           0.000000000000000     ,
           0.000000000000000     ,
           0.000000000000000     ,
           0.000000000000000     ,
           0.000000000000000     ,
           0.000000000000000     ,
           0.000000000000000     ,
           0.000000000000000     ,
           0.000000000000000     ,
           0.000000000000000     ,
           0.000000000000000     ,
           0.000000000000000     ,
           0.000000000000000     ,
           0.000000000000000     ,
           0.000000000000000     ,
           0.000000000000000     ,
           0.000000000000000     ,
           0.000000000000000     ,
           0.000000000000000     ,
           0.000000000000000     ,
           0.000000000000000     ,
           0.000000000000000     ,
           0.000000000000000     ,
           0.000000000000000     ,
           0.000000000000000     ,
           0.000000000000000     ,
           0.000000000000000     ,
           0.000000000000000     ,
           0.000000000000000     ,
           0.000000000000000     ,
           0.000000000000000     ,
           0.000000000000000     ,
           0.000000000000000     ,
           0.000000000000000     ,
           0.000000000000000     ,
           0.000000000000000     ,
           0.000000000000000     ,
           0.000000000000000     ,
           0.000000000000000     ,
           0.000000000000000     ,
           0.000000000000000     ,
           0.000000000000000     ,
           0.000000000000000     ,
           0.000000000000000     ,
           0.000000000000000     ,
           0.000000000000000     ,
           0.000000000000000     ,
           0.000000000000000     ,
           0.000000000000000     ,
           0.000000000000000     ,
           0.000000000000000     ,
           0.000000000000000     ,
           0.000000000000000     ,
           0.000000000000000     ,
           0.000000000000000     ,
           0.000000000000000     ,
           0.000000000000000     ,
           0.000000000000000     ,
           0.000000000000000     ,
           0.000000000000000     ,
           0.000000000000000     ,
           0.000000000000000     ,
           0.000000000000000     ,
           0.000000000000000     ,
           0.000000000000000     ,
           0.000000000000000     ,
           0.000000000000000     ,
           0.000000000000000     ,
           0.000000000000000     ,
           0.000000000000000     ,
           0.000000000000000     ,
           0.000000000000000     ,
           0.000000000000000     ,
           0.000000000000000     ,
           0.000000000000000     ,
           0.000000000000000     ,
           0.000000000000000     ,
           0.000000000000000     ,
           0.000000000000000     ,
           0.000000000000000     ,
           0.000000000000000     ,
           0.000000000000000     ,
           0.000000000000000     ,
           0.000000000000000     ,
           0.000000000000000     ,
           0.000000000000000     ,
           0.000000000000000     ,
           0.000000000000000     ,
           0.000000000000000     ,
           0.000000000000000     ,
           0.000000000000000     ,
           0.000000000000000     ,
           0.000000000000000     ,
           0.000000000000000     ,
           0.000000000000000     ,
           0.000000000000000     ,
           0.000000000000000     ,
           0.000000000000000     ,
           0.000000000000000     ,
           0.000000000000000     ,
           0.000000000000000     ,
           0.000000000000000     ,
           0.000000000000000     ,
           0.000000000000000     ,
           0.000000000000000     ,
           0.000000000000000     ,
           0.000000000000000     ,
           0.000000000000000     ,
           0.000000000000000     ,
           0.000000000000000     ,
           0.000000000000000     ,
           0.000000000000000     ,
           0.000000000000000     ,
           0.000000000000000     ,
           0.000000000000000     ,
           0.000000000000000     ,
           0.000000000000000     ,
           0.000000000000000     ,
           0.000000000000000     ,
           0.000000000000000     ,
           0.000000000000000     ,
           0.000000000000000     ,
           0.000000000000000     ,
           0.000000000000000     ,
           0.000000000000000     ,
           0.000000000000000     ,
           0.000000000000000     ,
           0.000000000000000     ,
           0.000000000000000     ,
           0.000000000000000     ,
           0.000000000000000     ,
           0.000000000000000     ,
           0.000000000000000     ,
           0.000000000000000     ,
           0.000000000000000     ,
           0.000000000000000     ,
           0.000000000000000     ,
           0.000000000000000     ,
           0.000000000000000     ,
           0.000000000000000     ,
           0.000000000000000     ,
           0.000000000000000     ,
           0.000000000000000     ,
           0.000000000000000     ,
           0.000000000000000     ,
           0.000000000000000     ,
           0.000000000000000     ,
           0.000000000000000     ,
           0.000000000000000     ,
           0.000000000000000     ,
           0.000000000000000     ,
           0.000000000000000     ,
           0.000000000000000     ,
           0.000000000000000     ,
           0.000000000000000     ,
           0.000000000000000     ,
           0.000000000000000     ,
           0.000000000000000     ,
           0.000000000000000     ,
           0.000000000000000     ,
           0.000000000000000     ,
           0.000000000000000     ,
           0.000000000000000     ,
           0.000000000000000     ,
           0.000000000000000     ,
           0.000000000000000     ,
           0.000000000000000     ,
           0.000000000000000     ,
           0.000000000000000     ,
           0.000000000000000     ,
           0.000000000000000     ,
           0.000000000000000     ,
           0.000000000000000     ,
           0.000000000000000     ,
           0.000000000000000     ,
           0.000000000000000     ,
           0.000000000000000     ,
           0.000000000000000     ,
           0.000000000000000     ,
           0.000000000000000     ,
           0.000000000000000     ,
           0.000000000000000     ,
           0.000000000000000     ,
           0.000000000000000     ,
           0.000000000000000     ,
           0.000000000000000     ,
           0.000000000000000     ,
           0.000000000000000     ,
           0.000000000000000     ,
           0.000000000000000     ,
           0.000000000000000     ,
           0.000000000000000     ,
           0.000000000000000     ,
           0.000000000000000     ,
           0.000000000000000     ,
           0.000000000000000     ,
           0.000000000000000     ,
           0.000000000000000     ,
           0.000000000000000     ,
           0.000000000000000     ,
           0.000000000000000     ,
           0.000000000000000     ,
           0.000000000000000     ,
           0.000000000000000     ,
           0.000000000000000     ,
           0.000000000000000     ,
           0.000000000000000     ,
           0.000000000000000     ,
           0.000000000000000     ,
           0.000000000000000     ,
           0.000000000000000     ,
           0.000000000000000     ,
           0.000000000000000     ,
           0.000000000000000     ,
           0.000000000000000     ,
           0.000000000000000     ,
           0.000000000000000     ,
           0.000000000000000     ,
           0.000000000000000     ,
           0.000000000000000     ,
           0.000000000000000     ,
           0.000000000000000     ,
           0.000000000000000     ,
           0.000000000000000     ,
           0.000000000000000     ,
           0.000000000000000     ,
           0.000000000000000     ,
           0.000000000000000     ,
           0.000000000000000     ,
           0.000000000000000     ,
           0.000000000000000     ,
           0.000000000000000     ,
           0.000000000000000     ,
           0.000000000000000     ,
           0.000000000000000     ,
           0.000000000000000     ,
           0.000000000000000     ,
           0.000000000000000     ,
           0.000000000000000     ,
           0.000000000000000     ,
           0.000000000000000     ,
           0.000000000000000     ,
           0.000000000000000     ,
           0.000000000000000     ,
           0.000000000000000     ,
           0.000000000000000     ,
           0.000000000000000     ,
           0.000000000000000     ,
           0.000000000000000     ,
           0.000000000000000     ,
           0.000000000000000     ,
           0.000000000000000     ,
           0.000000000000000     ,
           0.000000000000000     ,
           0.000000000000000     ,
           0.000000000000000     ,
           0.000000000000000     ,
           0.000000000000000     ,
           0.000000000000000     ,
           0.000000000000000     ,
           0.000000000000000     ,
           0.000000000000000     ,
           0.000000000000000     ,
           0.000000000000000     ,
           0.000000000000000     ,
           0.000000000000000     ,
           0.000000000000000     ,
           0.000000000000000     ,
           0.000000000000000     ,
           0.000000000000000     ,
           0.000000000000000     ,
           0.000000000000000     ,
           0.000000000000000     ,
           0.000000000000000     ,
           0.000000000000000     ,
           0.000000000000000     ,
           0.000000000000000     ,
           0.000000000000000     ,
           0.000000000000000     ,
           0.000000000000000     ,
           0.000000000000000     ,
           0.000000000000000     ,
           0.000000000000000     ,
           0.000000000000000     ,
           0.000000000000000     ,
           0.000000000000000     ,
           0.000000000000000     ,
           0.000000000000000     ,
           0.000000000000000     ,
           0.000000000000000     ,
           0.000000000000000     ,
           0.000000000000000     ,
           0.000000000000000     ,
           0.000000000000000     ,
           0.000000000000000     ,
           0.000000000000000     ,
           0.000000000000000     ,
           0.000000000000000     ,
           0.000000000000000     ,
           0.000000000000000     ,
           0.000000000000000     ,
           0.000000000000000     ,
           0.000000000000000     ,
           0.000000000000000     ,
           0.000000000000000     ,
           0.000000000000000     ,
           0.000000000000000     ,
           0.000000000000000     ,
           0.000000000000000     ,
           0.000000000000000     ,
           0.000000000000000     ,
           0.000000000000000     ,
           0.000000000000000     ,
           0.000000000000000     ,
           0.000000000000000     ,
           0.000000000000000     ,
           0.000000000000000     ,
           0.000000000000000     ,
           0.000000000000000     ,
           0.000000000000000     ,
           0.000000000000000     ,
           0.000000000000000     ,
           0.000000000000000     ,
           0.000000000000000     ,
           0.000000000000000     ,
           0.000000000000000     ,
           0.000000000000000     ,
           0.000000000000000     ,
           0.000000000000000     ,
           0.000000000000000     ,
           0.000000000000000     ,
           0.000000000000000     ,
           0.000000000000000     ,
           0.000000000000000     ,
           0.000000000000000     ,
           0.000000000000000     ,
           0.000000000000000     ,
           0.000000000000000     ,
           0.000000000000000     ,
           0.000000000000000     ,
           0.000000000000000     ,
           0.000000000000000     ,
           0.000000000000000     ,
           0.000000000000000     ,
           0.000000000000000     ,
           0.000000000000000     ,
           0.000000000000000     ,
           0.000000000000000     ,
           0.000000000000000     ,
           0.000000000000000     ,
           0.000000000000000     ,
           0.000000000000000     ,
           0.000000000000000     ,
           0.000000000000000     ,
           0.000000000000000     ,
           0.000000000000000     ,
           0.000000000000000     ,
           0.000000000000000     ,
           0.000000000000000     ,
           0.000000000000000     ,
           0.000000000000000     ,
           0.000000000000000     ,
           0.000000000000000     ,
           0.000000000000000     ,
           0.000000000000000     ,
           0.000000000000000     ,
           0.000000000000000     ,
           0.000000000000000     ,
           0.000000000000000     ,
           0.000000000000000     ,
           0.000000000000000     ,
           0.000000000000000     ,
           0.000000000000000     ,
           0.000000000000000     ,
           0.000000000000000     ,
           0.000000000000000     ,
           0.000000000000000     ,
           0.000000000000000     ,
           0.000000000000000     ,
           0.000000000000000     ,
           0.000000000000000     ,
           0.000000000000000     ,
           0.000000000000000     ,
           0.000000000000000     ,
           0.000000000000000     ,
           0.000000000000000     ,
           0.000000000000000     ,
           0.000000000000000     ,
           0.000000000000000     ,
           0.000000000000000     ,
           0.000000000000000     ,
           0.000000000000000     ,
           0.000000000000000     ,
           0.000000000000000     ,
           0.000000000000000     ,
           0.000000000000000     ,
           0.000000000000000     ,
           0.000000000000000     ,
           0.000000000000000     ,
           0.000000000000000     ,
           0.000000000000000     ,
           0.000000000000000     ,
           0.000000000000000     ,
           0.000000000000000     ,
           0.000000000000000     ,
           0.000000000000000     ,
           0.000000000000000     ,
           0.000000000000000     ,
           0.000000000000000     ,
           0.000000000000000     ,
           0.000000000000000     ,
           0.000000000000000     ,
           0.000000000000000     ,
           0.000000000000000     ,
           0.000000000000000     ,
           0.000000000000000     ,
           0.000000000000000     ,
           0.000000000000000     ,
           0.000000000000000     ,
           0.000000000000000     ,
           0.000000000000000     ,
           0.000000000000000     ,
           0.000000000000000     ,
           0.000000000000000     ,
           0.000000000000000     ,
           0.000000000000000     ,
           0.000000000000000     ,
           0.000000000000000     ,
           0.000000000000000     ,
           0.000000000000000     ,
           0.000000000000000     ,
           0.000000000000000     ,
           0.000000000000000     ,
           0.000000000000000     ,
           0.000000000000000     ,
           0.000000000000000     ,
           0.000000000000000     ,
           0.000000000000000     ,
           0.000000000000000     ,
           0.000000000000000     ,
           0.000000000000000     ,
           0.000000000000000     ,
           0.000000000000000     ,
           0.000000000000000     ,
           0.000000000000000     ,
           0.000000000000000     ,
           0.000000000000000     ,
           0.000000000000000     ,
           0.000000000000000     ,
           0.000000000000000     ,
           0.000000000000000     ,
           0.000000000000000     ,
           0.000000000000000     ,
           0.000000000000000     ,
           0.000000000000000     ,
           0.000000000000000     ,
           0.000000000000000     ,
           0.000000000000000     ,
           0.000000000000000     ,
           0.000000000000000     ,
           0.000000000000000     ,
           0.000000000000000     ,
           0.000000000000000     ,
           0.000000000000000     ,
           0.000000000000000     ,
           0.000000000000000     ,
           0.000000000000000     ,
           0.000000000000000     ,
           0.000000000000000     ,
           0.000000000000000     ,
           0.000000000000000     ,
           0.000000000000000     ,
           0.000000000000000     ,
           0.000000000000000     ,
           0.000000000000000     ,
           0.000000000000000     ,
           0.000000000000000     ,
           0.000000000000000     ,
           0.000000000000000     ,
           0.000000000000000     ,
           0.000000000000000     ,
           0.000000000000000     ,
           0.000000000000000     ,
           0.000000000000000     ,
           0.000000000000000     ,
           0.000000000000000     ,
           0.000000000000000     ,
           0.000000000000000     ,
           0.000000000000000     ,
           0.000000000000000     ,
           0.000000000000000     ,
           0.000000000000000     ,
           0.000000000000000     ,
           0.000000000000000     ,
           0.000000000000000     ,
           0.000000000000000     ,
           0.000000000000000     ,
           0.000000000000000     ,
           0.000000000000000     ,
           0.000000000000000     ,
           0.000000000000000     ,
           0.000000000000000     ,
           0.000000000000000     ,
           0.000000000000000     ,
           0.000000000000000     ,
           0.000000000000000     ,
           0.000000000000000     ,
           0.000000000000000     ,
           0.000000000000000     ,
           0.000000000000000     ,
           0.000000000000000     ,
           0.000000000000000     ,
           0.000000000000000     ,
           0.000000000000000     ,
           0.000000000000000     ,
           0.000000000000000     ,
           0.000000000000000     ,
           0.000000000000000     ,
           0.000000000000000     ,
           0.000000000000000     ,
           0.000000000000000     ,
           0.000000000000000     ,
           0.000000000000000     ,
           0.000000000000000     ,
           0.000000000000000     ,
           0.000000000000000     ,
           0.000000000000000     ,
           0.000000000000000     ,
 KFFCUR =            0,
 KPPCUR =            0,
 PCURBD =    0.000000000000000     ,
 FCURBD =    0.000000000000000     ,
 VBIT =    10.00000000000000     
 /
 &BASIS
 KPPFNC =            6,
 KPPKNT =            0,
 PPKNT =    0.000000000000000     ,
            0.000000000000000     ,
            0.000000000000000     ,
            0.000000000000000     ,
            0.000000000000000     ,
            0.000000000000000     ,
            0.000000000000000     ,
            0.000000000000000     ,
            0.000000000000000     ,
            0.000000000000000     ,
            0.000000000000000     ,
            0.000000000000000     ,
            0.000000000000000     ,
            0.000000000000000     ,
            0.000000000000000     ,
            0.000000000000000     ,
            0.000000000000000     ,
            0.000000000000000     ,
            0.000000000000000     ,
            0.000000000000000     ,
            0.000000000000000     ,
            0.000000000000000     ,
            0.000000000000000     ,
            0.000000000000000     ,
            0.000000000000000     ,
            0.000000000000000     ,
            0.000000000000000     ,
            0.000000000000000     ,
            0.000000000000000     ,
            0.000000000000000     ,
            0.000000000000000     ,
            0.000000000000000     ,
            0.000000000000000     ,
            0.000000000000000     ,
            0.000000000000000     ,
            0.000000000000000     ,
            0.000000000000000     ,
            0.000000000000000     ,
            0.000000000000000     ,
            0.000000000000000     ,
            0.000000000000000     ,
            0.000000000000000     ,
            0.000000000000000     ,
            0.000000000000000     ,
            0.000000000000000     ,
            0.000000000000000     ,
            0.000000000000000     ,
            0.000000000000000     ,
            0.000000000000000     ,
            0.000000000000000     ,
            0.000000000000000     ,
            0.000000000000000     ,
            0.000000000000000     ,
            0.000000000000000     ,
            0.000000000000000     ,
            0.000000000000000     ,
            0.000000000000000     ,
            0.000000000000000     ,
            0.000000000000000     ,
            0.000000000000000     ,
            0.000000000000000     ,
            0.000000000000000     ,
            0.000000000000000     ,
            0.000000000000000     ,
 PPTENS =    0.000000000000000     ,
 KFFFNC =            6,
 KFFKNT =            0,
 FFKNT =    0.000000000000000     ,
            0.000000000000000     ,
            0.000000000000000     ,
            0.000000000000000     ,
            0.000000000000000     ,
            0.000000000000000     ,
            0.000000000000000     ,
            0.000000000000000     ,
            0.000000000000000     ,
            0.000000000000000     ,
            0.000000000000000     ,
            0.000000000000000     ,
            0.000000000000000     ,
            0.000000000000000     ,
            0.000000000000000     ,
            0.000000000000000     ,
            0.000000000000000     ,
            0.000000000000000     ,
            0.000000000000000     ,
            0.000000000000000     ,
            0.000000000000000     ,
            0.000000000000000     ,
            0.000000000000000     ,
            0.000000000000000     ,
            0.000000000000000     ,
            0.000000000000000     ,
            0.000000000000000     ,
            0.000000000000000     ,
            0.000000000000000     ,
            0.000000000000000     ,
            0.000000000000000     ,
            0.000000000000000     ,
            0.000000000000000     ,
            0.000000000000000     ,
            0.000000000000000     ,
            0.000000000000000     ,
            0.000000000000000     ,
            0.000000000000000     ,
            0.000000000000000     ,
            0.000000000000000     ,
            0.000000000000000     ,
            0.000000000000000     ,
            0.000000000000000     ,
            0.000000000000000     ,
            0.000000000000000     ,
            0.000000000000000     ,
            0.000000000000000     ,
            0.000000000000000     ,
            0.000000000000000     ,
            0.000000000000000     ,
            0.000000000000000     ,
            0.000000000000000     ,
            0.000000000000000     ,
            0.000000000000000     ,
            0.000000000000000     ,
            0.000000000000000     ,
            0.000000000000000     ,
            0.000000000000000     ,
            0.000000000000000     ,
            0.000000000000000     ,
            0.000000000000000     ,
            0.000000000000000     ,
            0.000000000000000     ,
            0.000000000000000     ,
 FFTENS =    0.000000000000000     ,
 KWWFNC =            0,
 KWWKNT =            0,
 WWKNT =    0.000000000000000     ,
            0.000000000000000     ,
            0.000000000000000     ,
            0.000000000000000     ,
            0.000000000000000     ,
            0.000000000000000     ,
            0.000000000000000     ,
            0.000000000000000     ,
            0.000000000000000     ,
            0.000000000000000     ,
            0.000000000000000     ,
            0.000000000000000     ,
            0.000000000000000     ,
            0.000000000000000     ,
            0.000000000000000     ,
            0.000000000000000     ,
            0.000000000000000     ,
            0.000000000000000     ,
            0.000000000000000     ,
            0.000000000000000     ,
            0.000000000000000     ,
            0.000000000000000     ,
            0.000000000000000     ,
            0.000000000000000     ,
            0.000000000000000     ,
            0.000000000000000     ,
            0.000000000000000     ,
            0.000000000000000     ,
            0.000000000000000     ,
            0.000000000000000     ,
            0.000000000000000     ,
            0.000000000000000     ,
            0.000000000000000     ,
            0.000000000000000     ,
            0.000000000000000     ,
            0.000000000000000     ,
            0.000000000000000     ,
            0.000000000000000     ,
            0.000000000000000     ,
            0.000000000000000     ,
            0.000000000000000     ,
            0.000000000000000     ,
            0.000000000000000     ,
            0.000000000000000     ,
            0.000000000000000     ,
            0.000000000000000     ,
            0.000000000000000     ,
            0.000000000000000     ,
            0.000000000000000     ,
            0.000000000000000     ,
            0.000000000000000     ,
            0.000000000000000     ,
            0.000000000000000     ,
            0.000000000000000     ,
            0.000000000000000     ,
            0.000000000000000     ,
            0.000000000000000     ,
            0.000000000000000     ,
            0.000000000000000     ,
            0.000000000000000     ,
            0.000000000000000     ,
            0.000000000000000     ,
            0.000000000000000     ,
            0.000000000000000     ,
 WWTENS =    0.000000000000000     ,
 PPBDRY =    0.000000000000000     ,
             0.000000000000000     ,
             0.000000000000000     ,
             0.000000000000000     ,
             0.000000000000000     ,
             0.000000000000000     ,
             0.000000000000000     ,
             0.000000000000000     ,
             0.000000000000000     ,
             0.000000000000000     ,
             0.000000000000000     ,
             0.000000000000000     ,
             0.000000000000000     ,
             0.000000000000000     ,
             0.000000000000000     ,
             0.000000000000000     ,
             0.000000000000000     ,
             0.000000000000000     ,
             0.000000000000000     ,
             0.000000000000000     ,
             0.000000000000000     ,
             0.000000000000000     ,
             0.000000000000000     ,
             0.000000000000000     ,
             0.000000000000000     ,
             0.000000000000000     ,
             0.000000000000000     ,
             0.000000000000000     ,
             0.000000000000000     ,
             0.000000000000000     ,
             0.000000000000000     ,
             0.000000000000000     ,
             0.000000000000000     ,
             0.000000000000000     ,
             0.000000000000000     ,
             0.000000000000000     ,
             0.000000000000000     ,
             0.000000000000000     ,
             0.000000000000000     ,
             0.000000000000000     ,
             0.000000000000000     ,
             0.000000000000000     ,
             0.000000000000000     ,
             0.000000000000000     ,
             0.000000000000000     ,
             0.000000000000000     ,
             0.000000000000000     ,
             0.000000000000000     ,
             0.000000000000000     ,
             0.000000000000000     ,
             0.000000000000000     ,
             0.000000000000000     ,
             0.000000000000000     ,
             0.000000000000000     ,
             0.000000000000000     ,
             0.000000000000000     ,
             0.000000000000000     ,
             0.000000000000000     ,
             0.000000000000000     ,
             0.000000000000000     ,
             0.000000000000000     ,
             0.000000000000000     ,
             0.000000000000000     ,
             0.000000000000000     ,
 PP2BDRY =    0.000000000000000     ,
              0.000000000000000     ,
              0.000000000000000     ,
              0.000000000000000     ,
              0.000000000000000     ,
              0.000000000000000     ,
              0.000000000000000     ,
              0.000000000000000     ,
              0.000000000000000     ,
              0.000000000000000     ,
              0.000000000000000     ,
              0.000000000000000     ,
              0.000000000000000     ,
              0.000000000000000     ,
              0.000000000000000     ,
              0.000000000000000     ,
              0.000000000000000     ,
              0.000000000000000     ,
              0.000000000000000     ,
              0.000000000000000     ,
              0.000000000000000     ,
              0.000000000000000     ,
              0.000000000000000     ,
              0.000000000000000     ,
              0.000000000000000     ,
              0.000000000000000     ,
              0.000000000000000     ,
              0.000000000000000     ,
              0.000000000000000     ,
              0.000000000000000     ,
              0.000000000000000     ,
              0.000000000000000     ,
              0.000000000000000     ,
              0.000000000000000     ,
              0.000000000000000     ,
              0.000000000000000     ,
              0.000000000000000     ,
              0.000000000000000     ,
              0.000000000000000     ,
              0.000000000000000     ,
              0.000000000000000     ,
              0.000000000000000     ,
              0.000000000000000     ,
              0.000000000000000     ,
              0.000000000000000     ,
              0.000000000000000     ,
              0.000000000000000     ,
              0.000000000000000     ,
              0.000000000000000     ,
              0.000000000000000     ,
              0.000000000000000     ,
              0.000000000000000     ,
              0.000000000000000     ,
              0.000000000000000     ,
              0.000000000000000     ,
              0.000000000000000     ,
              0.000000000000000     ,
              0.000000000000000     ,
              0.000000000000000     ,
              0.000000000000000     ,
              0.000000000000000     ,
              0.000000000000000     ,
              0.000000000000000     ,
              0.000000000000000     ,
 KPPBDRY =            0,
                      0,
                      0,
                      0,
                      0,
                      0,
                      0,
                      0,
                      0,
                      0,
                      0,
                      0,
                      0,
                      0,
                      0,
                      0,
                      0,
                      0,
                      0,
                      0,
                      0,
                      0,
                      0,
                      0,
                      0,
                      0,
                      0,
                      0,
                      0,
                      0,
                      0,
                      0,
                      0,
                      0,
                      0,
                      0,
                      0,
                      0,
                      0,
                      0,
                      0,
                      0,
                      0,
                      0,
                      0,
                      0,
                      0,
                      0,
                      0,
                      0,
                      0,
                      0,
                      0,
                      0,
                      0,
                      0,
                      0,
                      0,
                      0,
                      0,
                      0,
                      0,
                      0,
                      0,
 KPP2BDRY =            0,
                       0,
                       0,
                       0,
                       0,
                       0,
                       0,
                       0,
                       0,
                       0,
                       0,
                       0,
                       0,
                       0,
                       0,
                       0,
                       0,
                       0,
                       0,
                       0,
                       0,
                       0,
                       0,
                       0,
                       0,
                       0,
                       0,
                       0,
                       0,
                       0,
                       0,
                       0,
                       0,
                       0,
                       0,
                       0,
                       0,
                       0,
                       0,
                       0,
                       0,
                       0,
                       0,
                       0,
                       0,
                       0,
                       0,
                       0,
                       0,
                       0,
                       0,
                       0,
                       0,
                       0,
                       0,
                       0,
                       0,
                       0,
                       0,
                       0,
                       0,
                       0,
                       0,
                       0,
 FFBDRY =    0.000000000000000     ,
             0.000000000000000     ,
             0.000000000000000     ,
             0.000000000000000     ,
             0.000000000000000     ,
             0.000000000000000     ,
             0.000000000000000     ,
             0.000000000000000     ,
             0.000000000000000     ,
             0.000000000000000     ,
             0.000000000000000     ,
             0.000000000000000     ,
             0.000000000000000     ,
             0.000000000000000     ,
             0.000000000000000     ,
             0.000000000000000     ,
             0.000000000000000     ,
             0.000000000000000     ,
             0.000000000000000     ,
             0.000000000000000     ,
             0.000000000000000     ,
             0.000000000000000     ,
             0.000000000000000     ,
             0.000000000000000     ,
             0.000000000000000     ,
             0.000000000000000     ,
             0.000000000000000     ,
             0.000000000000000     ,
             0.000000000000000     ,
             0.000000000000000     ,
             0.000000000000000     ,
             0.000000000000000     ,
             0.000000000000000     ,
             0.000000000000000     ,
             0.000000000000000     ,
             0.000000000000000     ,
             0.000000000000000     ,
             0.000000000000000     ,
             0.000000000000000     ,
             0.000000000000000     ,
             0.000000000000000     ,
             0.000000000000000     ,
             0.000000000000000     ,
             0.000000000000000     ,
             0.000000000000000     ,
             0.000000000000000     ,
             0.000000000000000     ,
             0.000000000000000     ,
             0.000000000000000     ,
             0.000000000000000     ,
             0.000000000000000     ,
             0.000000000000000     ,
             0.000000000000000     ,
             0.000000000000000     ,
             0.000000000000000     ,
             0.000000000000000     ,
             0.000000000000000     ,
             0.000000000000000     ,
             0.000000000000000     ,
             0.000000000000000     ,
             0.000000000000000     ,
             0.000000000000000     ,
             0.000000000000000     ,
             0.000000000000000     ,
 FF2BDRY =    0.000000000000000     ,
              0.000000000000000     ,
              0.000000000000000     ,
              0.000000000000000     ,
              0.000000000000000     ,
              0.000000000000000     ,
              0.000000000000000     ,
              0.000000000000000     ,
              0.000000000000000     ,
              0.000000000000000     ,
              0.000000000000000     ,
              0.000000000000000     ,
              0.000000000000000     ,
              0.000000000000000     ,
              0.000000000000000     ,
              0.000000000000000     ,
              0.000000000000000     ,
              0.000000000000000     ,
              0.000000000000000     ,
              0.000000000000000     ,
              0.000000000000000     ,
              0.000000000000000     ,
              0.000000000000000     ,
              0.000000000000000     ,
              0.000000000000000     ,
              0.000000000000000     ,
              0.000000000000000     ,
              0.000000000000000     ,
              0.000000000000000     ,
              0.000000000000000     ,
              0.000000000000000     ,
              0.000000000000000     ,
              0.000000000000000     ,
              0.000000000000000     ,
              0.000000000000000     ,
              0.000000000000000     ,
              0.000000000000000     ,
              0.000000000000000     ,
              0.000000000000000     ,
              0.000000000000000     ,
              0.000000000000000     ,
              0.000000000000000     ,
              0.000000000000000     ,
              0.000000000000000     ,
              0.000000000000000     ,
              0.000000000000000     ,
              0.000000000000000     ,
              0.000000000000000     ,
              0.000000000000000     ,
              0.000000000000000     ,
              0.000000000000000     ,
              0.000000000000000     ,
              0.000000000000000     ,
              0.000000000000000     ,
              0.000000000000000     ,
              0.000000000000000     ,
              0.000000000000000     ,
              0.000000000000000     ,
              0.000000000000000     ,
              0.000000000000000     ,
              0.000000000000000     ,
              0.000000000000000     ,
              0.000000000000000     ,
              0.000000000000000     ,
 KFFBDRY =            0,
                      0,
                      0,
                      0,
                      0,
                      0,
                      0,
                      0,
                      0,
                      0,
                      0,
                      0,
                      0,
                      0,
                      0,
                      0,
                      0,
                      0,
                      0,
                      0,
                      0,
                      0,
                      0,
                      0,
                      0,
                      0,
                      0,
                      0,
                      0,
                      0,
                      0,
                      0,
                      0,
                      0,
                      0,
                      0,
                      0,
                      0,
                      0,
                      0,
                      0,
                      0,
                      0,
                      0,
                      0,
                      0,
                      0,
                      0,
                      0,
                      0,
                      0,
                      0,
                      0,
                      0,
                      0,
                      0,
                      0,
                      0,
                      0,
                      0,
                      0,
                      0,
                      0,
                      0,
 KFF2BDRY =            0,
                       0,
                       0,
                       0,
                       0,
                       0,
                       0,
                       0,
                       0,
                       0,
                       0,
                       0,
                       0,
                       0,
                       0,
                       0,
                       0,
                       0,
                       0,
                       0,
                       0,
                       0,
                       0,
                       0,
                       0,
                       0,
                       0,
                       0,
                       0,
                       0,
                       0,
                       0,
                       0,
                       0,
                       0,
                       0,
                       0,
                       0,
                       0,
                       0,
                       0,
                       0,
                       0,
                       0,
                       0,
                       0,
                       0,
                       0,
                       0,
                       0,
                       0,
                       0,
                       0,
                       0,
                       0,
                       0,
                       0,
                       0,
                       0,
                       0,
                       0,
                       0,
                       0,
                       0,
 WWBDRY =    0.000000000000000     ,
             0.000000000000000     ,
             0.000000000000000     ,
             0.000000000000000     ,
             0.000000000000000     ,
             0.000000000000000     ,
             0.000000000000000     ,
             0.000000000000000     ,
             0.000000000000000     ,
             0.000000000000000     ,
             0.000000000000000     ,
             0.000000000000000     ,
             0.000000000000000     ,
             0.000000000000000     ,
             0.000000000000000     ,
             0.000000000000000     ,
             0.000000000000000     ,
             0.000000000000000     ,
             0.000000000000000     ,
             0.000000000000000     ,
             0.000000000000000     ,
             0.000000000000000     ,
             0.000000000000000     ,
             0.000000000000000     ,
             0.000000000000000     ,
             0.000000000000000     ,
             0.000000000000000     ,
             0.000000000000000     ,
             0.000000000000000     ,
             0.000000000000000     ,
             0.000000000000000     ,
             0.000000000000000     ,
             0.000000000000000     ,
             0.000000000000000     ,
             0.000000000000000     ,
             0.000000000000000     ,
             0.000000000000000     ,
             0.000000000000000     ,
             0.000000000000000     ,
             0.000000000000000     ,
             0.000000000000000     ,
             0.000000000000000     ,
             0.000000000000000     ,
             0.000000000000000     ,
             0.000000000000000     ,
             0.000000000000000     ,
             0.000000000000000     ,
             0.000000000000000     ,
             0.000000000000000     ,
             0.000000000000000     ,
             0.000000000000000     ,
             0.000000000000000     ,
             0.000000000000000     ,
             0.000000000000000     ,
             0.000000000000000     ,
             0.000000000000000     ,
             0.000000000000000     ,
             0.000000000000000     ,
             0.000000000000000     ,
             0.000000000000000     ,
             0.000000000000000     ,
             0.000000000000000     ,
             0.000000000000000     ,
             0.000000000000000     ,
 WW2BDRY =    0.000000000000000     ,
              0.000000000000000     ,
              0.000000000000000     ,
              0.000000000000000     ,
              0.000000000000000     ,
              0.000000000000000     ,
              0.000000000000000     ,
              0.000000000000000     ,
              0.000000000000000     ,
              0.000000000000000     ,
              0.000000000000000     ,
              0.000000000000000     ,
              0.000000000000000     ,
              0.000000000000000     ,
              0.000000000000000     ,
              0.000000000000000     ,
              0.000000000000000     ,
              0.000000000000000     ,
              0.000000000000000     ,
              0.000000000000000     ,
              0.000000000000000     ,
              0.000000000000000     ,
              0.000000000000000     ,
              0.000000000000000     ,
              0.000000000000000     ,
              0.000000000000000     ,
              0.000000000000000     ,
              0.000000000000000     ,
              0.000000000000000     ,
              0.000000000000000     ,
              0.000000000000000     ,
              0.000000000000000     ,
              0.000000000000000     ,
              0.000000000000000     ,
              0.000000000000000     ,
              0.000000000000000     ,
              0.000000000000000     ,
              0.000000000000000     ,
              0.000000000000000     ,
              0.000000000000000     ,
              0.000000000000000     ,
              0.000000000000000     ,
              0.000000000000000     ,
              0.000000000000000     ,
              0.000000000000000     ,
              0.000000000000000     ,
              0.000000000000000     ,
              0.000000000000000     ,
              0.000000000000000     ,
              0.000000000000000     ,
              0.000000000000000     ,
              0.000000000000000     ,
              0.000000000000000     ,
              0.000000000000000     ,
              0.000000000000000     ,
              0.000000000000000     ,
              0.000000000000000     ,
              0.000000000000000     ,
              0.000000000000000     ,
              0.000000000000000     ,
              0.000000000000000     ,
              0.000000000000000     ,
              0.000000000000000     ,
              0.000000000000000     ,
 KWWBDRY =            0,
                      0,
                      0,
                      0,
                      0,
                      0,
                      0,
                      0,
                      0,
                      0,
                      0,
                      0,
                      0,
                      0,
                      0,
                      0,
                      0,
                      0,
                      0,
                      0,
                      0,
                      0,
                      0,
                      0,
                      0,
                      0,
                      0,
                      0,
                      0,
                      0,
                      0,
                      0,
                      0,
                      0,
                      0,
                      0,
                      0,
                      0,
                      0,
                      0,
                      0,
                      0,
                      0,
                      0,
                      0,
                      0,
                      0,
                      0,
                      0,
                      0,
                      0,
                      0,
                      0,
                      0,
                      0,
                      0,
                      0,
                      0,
                      0,
                      0,
                      0,
                      0,
                      0,
                      0,
 KWW2BDRY =            0,
                       0,
                       0,
                       0,
                       0,
                       0,
                       0,
                       0,
                       0,
                       0,
                       0,
                       0,
                       0,
                       0,
                       0,
                       0,
                       0,
                       0,
                       0,
                       0,
                       0,
                       0,
                       0,
                       0,
                       0,
                       0,
                       0,
                       0,
                       0,
                       0,
                       0,
                       0,
                       0,
                       0,
                       0,
                       0,
                       0,
                       0,
                       0,
                       0,
                       0,
                       0,
                       0,
                       0,
                       0,
                       0,
                       0,
                       0,
                       0,
                       0,
                       0,
                       0,
                       0,
                       0,
                       0,
                       0,
                       0,
                       0,
                       0,
                       0,
                       0,
                       0,
                       0,
                       0,
 KEEFNC =            0,
 KEEKNT =            0,
 EEKNT =    0.000000000000000     ,
            0.000000000000000     ,
            0.000000000000000     ,
            0.000000000000000     ,
            0.000000000000000     ,
            0.000000000000000     ,
            0.000000000000000     ,
            0.000000000000000     ,
            0.000000000000000     ,
            0.000000000000000     ,
            0.000000000000000     ,
            0.000000000000000     ,
            0.000000000000000     ,
            0.000000000000000     ,
            0.000000000000000     ,
            0.000000000000000     ,
            0.000000000000000     ,
            0.000000000000000     ,
            0.000000000000000     ,
            0.000000000000000     ,
            0.000000000000000     ,
            0.000000000000000     ,
            0.000000000000000     ,
            0.000000000000000     ,
            0.000000000000000     ,
            0.000000000000000     ,
            0.000000000000000     ,
            0.000000000000000     ,
            0.000000000000000     ,
            0.000000000000000     ,
            0.000000000000000     ,
            0.000000000000000     ,
 EETENS =    5.000000000000000     ,
 EEBDRY =    0.000000000000000     ,
             0.000000000000000     ,
             0.000000000000000     ,
             0.000000000000000     ,
             0.000000000000000     ,
             0.000000000000000     ,
             0.000000000000000     ,
             0.000000000000000     ,
             0.000000000000000     ,
             0.000000000000000     ,
             0.000000000000000     ,
             0.000000000000000     ,
             0.000000000000000     ,
             0.000000000000000     ,
             0.000000000000000     ,
             0.000000000000000     ,
             0.000000000000000     ,
             0.000000000000000     ,
             0.000000000000000     ,
             0.000000000000000     ,
             0.000000000000000     ,
             0.000000000000000     ,
             0.000000000000000     ,
             0.000000000000000     ,
             0.000000000000000     ,
             0.000000000000000     ,
             0.000000000000000     ,
             0.000000000000000     ,
             0.000000000000000     ,
             0.000000000000000     ,
             0.000000000000000     ,
             0.000000000000000     ,
 EE2BDRY =    0.000000000000000     ,
              0.000000000000000     ,
              0.000000000000000     ,
              0.000000000000000     ,
              0.000000000000000     ,
              0.000000000000000     ,
              0.000000000000000     ,
              0.000000000000000     ,
              0.000000000000000     ,
              0.000000000000000     ,
              0.000000000000000     ,
              0.000000000000000     ,
              0.000000000000000     ,
              0.000000000000000     ,
              0.000000000000000     ,
              0.000000000000000     ,
              0.000000000000000     ,
              0.000000000000000     ,
              0.000000000000000     ,
              0.000000000000000     ,
              0.000000000000000     ,
              0.000000000000000     ,
              0.000000000000000     ,
              0.000000000000000     ,
              0.000000000000000     ,
              0.000000000000000     ,
              0.000000000000000     ,
              0.000000000000000     ,
              0.000000000000000     ,
              0.000000000000000     ,
              0.000000000000000     ,
              0.000000000000000     ,
 KEEBDRY =            0,
                      0,
                      0,
                      0,
                      0,
                      0,
                      0,
                      0,
                      0,
                      0,
                      0,
                      0,
                      0,
                      0,
                      0,
                      0,
                      0,
                      0,
                      0,
                      0,
                      0,
                      0,
                      0,
                      0,
                      0,
                      0,
                      0,
                      0,
                      0,
                      0,
                      0,
                      0,
 KEE2BDRY =            0,
                       0,
                       0,
                       0,
                       0,
                       0,
                       0,
                       0,
                       0,
                       0,
                       0,
                       0,
                       0,
                       0,
                       0,
                       0,
                       0,
                       0,
                       0,
                       0,
                       0,
                       0,
                       0,
                       0,
                       0,
                       0,
                       0,
                       0,
                       0,
                       0,
                       0,
                       0
 /
 &INWANT
 PSIWANT =    1.000000000000000     ,
 VZEROJ =    0.000000000000000     ,
             0.000000000000000     ,
             0.000000000000000     ,
             0.000000000000000     ,
             0.000000000000000     ,
             0.000000000000000     ,
             0.000000000000000     ,
             0.000000000000000     ,
             0.000000000000000     ,
             0.000000000000000     ,
             0.000000000000000     ,
             0.000000000000000     ,
             0.000000000000000     ,
             0.000000000000000     ,
             0.000000000000000     ,
             0.000000000000000     ,
             0.000000000000000     ,
             0.000000000000000     ,
             0.000000000000000     ,
             0.000000000000000     ,
             0.000000000000000     ,
             0.000000000000000     ,
             0.000000000000000     ,
             0.000000000000000     ,
             0.000000000000000     ,
             0.000000000000000     ,
             0.000000000000000     ,
             0.000000000000000     ,
             0.000000000000000     ,
             0.000000000000000     ,
             0.000000000000000     ,
             0.000000000000000     ,
             0.000000000000000     ,
             0.000000000000000     ,
             0.000000000000000     ,
             0.000000000000000     ,
             0.000000000000000     ,
             0.000000000000000     ,
             0.000000000000000     ,
             0.000000000000000     ,
             0.000000000000000     ,
             0.000000000000000     ,
             0.000000000000000     ,
             0.000000000000000     ,
             0.000000000000000     ,
             0.000000000000000     ,
             0.000000000000000     ,
             0.000000000000000     ,
             0.000000000000000     ,
             0.000000000000000     ,
             0.000000000000000     ,
             0.000000000000000     ,
             0.000000000000000     ,
             0.000000000000000     ,
             0.000000000000000     ,
             0.000000000000000     ,
             0.000000000000000     ,
             0.000000000000000     ,
             0.000000000000000     ,
             0.000000000000000     ,
             0.000000000000000     
 /
