 # generated by zfastran.py Ver+Oct2009
@R INFLAG 1 []
  1.000000000e+00
@R TIME0 1 [s]
  0.000000000e+00
@R IP 1 []
  9.999999995e+00
@R BCENTR 1 []
  1.100000000e+01
@R RMAJOR 1 []
  4.550000000e+00
@R AMINOR 1 []
  1.107512863e+00
@R ELONGB 1 []
  1.345047467e+00
@R TRIANB 1 []
 -3.179595689e-01
@R RHO 101 []
  0.000000000e+00  1.000000000e-02  2.000000000e-02  3.000000000e-02
  4.000000000e-02  5.000000000e-02  6.000000000e-02  7.000000000e-02
  8.000000000e-02  9.000000000e-02  1.000000000e-01  1.100000000e-01
  1.200000000e-01  1.300000000e-01  1.400000000e-01  1.500000000e-01
  1.600000000e-01  1.700000000e-01  1.800000000e-01  1.900000000e-01
  2.000000000e-01  2.100000000e-01  2.200000000e-01  2.300000000e-01
  2.400000000e-01  2.500000000e-01  2.600000000e-01  2.700000000e-01
  2.800000000e-01  2.900000000e-01  3.000000000e-01  3.100000000e-01
  3.200000000e-01  3.300000000e-01  3.400000000e-01  3.500000000e-01
  3.600000000e-01  3.700000000e-01  3.800000000e-01  3.900000000e-01
  4.000000000e-01  4.100000000e-01  4.200000000e-01  4.300000000e-01
  4.400000000e-01  4.500000000e-01  4.600000000e-01  4.700000000e-01
  4.800000000e-01  4.900000000e-01  5.000000000e-01  5.100000000e-01
  5.200000000e-01  5.300000000e-01  5.400000000e-01  5.500000000e-01
  5.600000000e-01  5.700000000e-01  5.800000000e-01  5.900000000e-01
  6.000000000e-01  6.100000000e-01  6.200000000e-01  6.300000000e-01
  6.400000000e-01  6.500000000e-01  6.600000000e-01  6.700000000e-01
  6.800000000e-01  6.900000000e-01  7.000000000e-01  7.100000000e-01
  7.200000000e-01  7.300000000e-01  7.400000000e-01  7.500000000e-01
  7.600000000e-01  7.700000000e-01  7.800000000e-01  7.900000000e-01
  8.000000000e-01  8.100000000e-01  8.200000000e-01  8.300000000e-01
  8.400000000e-01  8.500000000e-01  8.600000000e-01  8.700000000e-01
  8.800000000e-01  8.900000000e-01  9.000000000e-01  9.100000000e-01
  9.200000000e-01  9.300000000e-01  9.400000000e-01  9.500000000e-01
  9.600000000e-01  9.700000000e-01  9.800000000e-01  9.900000000e-01
  1.000000000e+00
@R AMAIN 1 []
  2.500000000e+00
@R ZMAIN 1 []
  1.000000000e+00
@I NIMP 1 []
                1
@R AIMP 1 []
  8.300000000e+01
@R ZIMP 1 []
  3.600000000e+01
@R FIMP 1 []
  2.705352672e-03
@R ENE 101 []
  2.762277393e+01  2.762277393e+01  2.757846936e+01  2.753107480e+01
  2.748062933e+01  2.742717202e+01  2.737074191e+01  2.731137808e+01
  2.724911960e+01  2.718400553e+01  2.711607492e+01  2.704536685e+01
  2.697192039e+01  2.689577458e+01  2.681696851e+01  2.673554123e+01
  2.665153180e+01  2.656497930e+01  2.647592278e+01  2.638440132e+01
  2.629045396e+01  2.619411979e+01  2.609543786e+01  2.599444724e+01
  2.589118699e+01  2.578569618e+01  2.567801386e+01  2.556817912e+01
  2.545623100e+01  2.534220857e+01  2.522615090e+01  2.510809706e+01
  2.498808610e+01  2.486615709e+01  2.474234909e+01  2.461670118e+01
  2.448925241e+01  2.436004184e+01  2.422910855e+01  2.409649160e+01
  2.396223004e+01  2.382636295e+01  2.368892939e+01  2.354996843e+01
  2.340951912e+01  2.326762053e+01  2.312431173e+01  2.297963178e+01
  2.283361975e+01  2.268631470e+01  2.253775569e+01  2.238798178e+01
  2.223703205e+01  2.208494556e+01  2.193176137e+01  2.177751854e+01
  2.162225615e+01  2.146601324e+01  2.130882890e+01  2.115074218e+01
  2.099179214e+01  2.083201786e+01  2.067145839e+01  2.051015280e+01
  2.034814015e+01  2.018545952e+01  2.002214995e+01  1.985825053e+01
  1.969380030e+01  1.952883834e+01  1.936340371e+01  1.919753547e+01
  1.903127269e+01  1.886465442e+01  1.869771972e+01  1.853050763e+01
  1.836305717e+01  1.819540729e+01  1.802759684e+01  1.785966439e+01
  1.769164789e+01  1.752358405e+01  1.735550673e+01  1.718744365e+01
  1.701940910e+01  1.685138814e+01  1.668330201e+01  1.651493301e+01
  1.634576110e+01  1.617460934e+01  1.599887885e+01  1.581291440e+01
  1.560459306e+01  1.534857328e+01  1.499458496e+01  1.445394201e+01
  1.360891210e+01  1.240518740e+01  1.101627130e+01  9.804787057e+00
  8.995343210e+00
@R TE 101 []
  1.751594823e+01  1.751594823e+01  1.749273891e+01  1.745923037e+01
  1.741548349e+01  1.736157741e+01  1.729760932e+01  1.722369416e+01
  1.713996431e+01  1.704656927e+01  1.694367516e+01  1.683146429e+01
  1.671013461e+01  1.657989915e+01  1.644098540e+01  1.629363465e+01
  1.613810129e+01  1.597465207e+01  1.580356536e+01  1.562513034e+01
  1.543964618e+01  1.524742118e+01  1.504877195e+01  1.484402248e+01
  1.463350332e+01  1.441755061e+01  1.419650522e+01  1.397071184e+01
  1.374051808e+01  1.350627356e+01  1.326832904e+01  1.302943641e+01
  1.279225309e+01  1.255698856e+01  1.232385230e+01  1.209305376e+01
  1.186491937e+01  1.163977885e+01  1.141784656e+01  1.119933689e+01
  1.098446422e+01  1.077325190e+01  1.056561520e+01  1.036160634e+01
  1.016127757e+01  9.964681126e+00  9.771961849e+00  9.583174965e+00
  9.398238275e+00  9.217069578e+00  9.039586674e+00  8.865646957e+00
  8.695107414e+00  8.527885239e+00  8.363897627e+00  8.203061769e+00
  8.045322602e+00  7.890707645e+00  7.739257966e+00  7.591014632e+00
  7.446018707e+00  7.304458121e+00  7.166404606e+00  7.031724939e+00
  6.900285896e+00  6.771954253e+00  6.646458263e+00  6.523517969e+00
  6.402987837e+00  6.284722328e+00  6.168575908e+00  6.054481763e+00
  5.942422238e+00  5.832325533e+00  5.724119848e+00  5.617733380e+00
  5.513109526e+00  5.410174174e+00  5.308829258e+00  5.208976710e+00
  5.110518448e+00  5.013262297e+00  4.917082502e+00  4.821980455e+00
  4.727957148e+00  4.635012611e+00  4.543236126e+00  4.452792947e+00
  4.363784054e+00  4.276277864e+00  4.190264306e+00  4.106159496e+00
  4.023296191e+00  3.939026507e+00  3.848386511e+00  3.741993157e+00
  3.221569572e+00  2.406970787e+00  1.426272870e+00  5.996588162e-01
  9.664111306e-02
@R TI 101 []
  1.809005279e+01  1.809005279e+01  1.806426027e+01  1.802652702e+01
  1.797692901e+01  1.791556626e+01  1.784256260e+01  1.775806520e+01
  1.766224417e+01  1.755529195e+01  1.743742269e+01  1.730887157e+01
  1.716989399e+01  1.702076470e+01  1.686177696e+01  1.669324151e+01
  1.651548558e+01  1.632885179e+01  1.613369706e+01  1.593039145e+01
  1.571931695e+01  1.550086632e+01  1.527544176e+01  1.504345377e+01
  1.480531979e+01  1.456146299e+01  1.431231096e+01  1.405829449e+01
  1.379984629e+01  1.353739974e+01  1.327138773e+01  1.300623359e+01
  1.274597427e+01  1.249046204e+01  1.223954914e+01  1.199308781e+01
  1.175154246e+01  1.151543437e+01  1.128470107e+01  1.105928010e+01
  1.083910900e+01  1.062421171e+01  1.041458196e+01  1.021011196e+01
  1.001069391e+01  9.816220017e+00  9.626650447e+00  9.441931278e+00
  9.261933590e+00  9.086528468e+00  8.915586992e+00  8.748859551e+00
  8.586028352e+00  8.426862208e+00  8.271129936e+00  8.118600348e+00
  7.968918191e+00  7.821934129e+00  7.677725850e+00  7.536371038e+00
  7.397947382e+00  7.262788223e+00  7.131070983e+00  7.002639466e+00
  6.877337477e+00  6.755008821e+00  6.635291864e+00  6.517812535e+00
  6.402395977e+00  6.288867333e+00  6.177051746e+00  6.066886162e+00
  5.958385687e+00  5.851492706e+00  5.746149607e+00  5.642298774e+00
  5.539890484e+00  5.438860321e+00  5.339128633e+00  5.240615760e+00
  5.143242034e+00  5.046895442e+00  4.951480071e+00  4.856940244e+00
  4.763219893e+00  4.670262004e+00  4.578001372e+00  4.486450842e+00
  4.395657636e+00  4.305636771e+00  4.216325537e+00  4.127937827e+00
  4.039903070e+00  3.949974609e+00  3.853597159e+00  3.741797389e+00
  3.221727600e+00  2.407293842e+00  1.426164137e+00  5.993649464e-01
  9.685720340e-02
@R ZEFF 101 []
  4.408744367e+00  4.408744367e+00  4.408388158e+00  4.407928922e+00
  4.407389232e+00  4.406791738e+00  4.406145666e+00  4.405405640e+00
  4.404511712e+00  4.403402288e+00  4.402013172e+00  4.400242888e+00
  4.398063240e+00  4.395517027e+00  4.392648231e+00  4.389503638e+00
  4.386122313e+00  4.382545522e+00  4.378830719e+00  4.375041627e+00
  4.371248365e+00  4.367481492e+00  4.363723474e+00  4.359976811e+00
  4.356243815e+00  4.352526612e+00  4.348833522e+00  4.345174338e+00
  4.341553146e+00  4.337973862e+00  4.334440214e+00  4.330957510e+00
  4.327530881e+00  4.324163466e+00  4.320858153e+00  4.317617574e+00
  4.314455752e+00  4.311386470e+00  4.308411451e+00  4.305531946e+00
  4.302748750e+00  4.300064784e+00  4.297482598e+00  4.295001768e+00
  4.292621451e+00  4.290340419e+00  4.288157283e+00  4.286071147e+00
  4.284080979e+00  4.282185401e+00  4.280382718e+00  4.278670152e+00
  4.277043438e+00  4.275498423e+00  4.274030968e+00  4.272636983e+00
  4.271310817e+00  4.270048829e+00  4.268849868e+00  4.267712619e+00
  4.266635625e+00  4.265619474e+00  4.264663266e+00  4.263763321e+00
  4.262916099e+00  4.262118220e+00  4.261365045e+00  4.260652299e+00
  4.259977379e+00  4.259337831e+00  4.258731359e+00  4.258156704e+00
  4.257613024e+00  4.257098795e+00  4.256612551e+00  4.256152885e+00
  4.255718355e+00  4.255307476e+00  4.254918884e+00  4.254551298e+00
  4.254203524e+00  4.253874382e+00  4.253562871e+00  4.253268153e+00
  4.252989432e+00  4.252725951e+00  4.252476968e+00  4.252241985e+00
  4.252020580e+00  4.251812229e+00  4.251616232e+00  4.251432549e+00
  4.251259628e+00  4.251093629e+00  4.250929230e+00  4.250759264e+00
  4.250109428e+00  4.249594790e+00  4.249427084e+00  4.249415309e+00
  4.249415266e+00
@R OMEGA 101 []
  4.992501875e+03  4.992501875e+03  4.978801804e+03  4.961079526e+03
  4.940120160e+03  4.916382264e+03  4.890178959e+03  4.861743180e+03
  4.831258024e+03  4.798873089e+03  4.764714177e+03  4.728889466e+03
  4.691493659e+03  4.652610886e+03  4.612316799e+03  4.570680145e+03
  4.527763951e+03  4.483626454e+03  4.438321832e+03  4.391900796e+03
  4.344411068e+03  4.295897774e+03  4.246403778e+03  4.195969955e+03
  4.144635428e+03  4.092437767e+03  4.039413164e+03  3.985596584e+03
  3.931021896e+03  3.875721988e+03  3.819728870e+03  3.763073767e+03
  3.705787199e+03  3.647899055e+03  3.589438660e+03  3.530434837e+03
  3.470915960e+03  3.410910006e+03  3.350444605e+03  3.289547080e+03
  3.228244492e+03  3.166563674e+03  3.104531273e+03  3.042173783e+03
  2.979517575e+03  2.916588934e+03  2.853414088e+03  2.790019238e+03
  2.726430588e+03  2.662674375e+03  2.598776897e+03  2.534764544e+03
  2.470663824e+03  2.406501396e+03  2.342304099e+03  2.278098979e+03
  2.213913327e+03  2.149774707e+03  2.085710992e+03  2.021750397e+03
  1.957921519e+03  1.894253376e+03  1.830775447e+03  1.767517715e+03
  1.704510722e+03  1.641785608e+03  1.579374179e+03  1.517308956e+03
  1.455623246e+03  1.394351213e+03  1.333527952e+03  1.273189580e+03
  1.213373329e+03  1.154117653e+03  1.095462349e+03  1.037448686e+03
  9.801195629e+02  9.235196753e+02  8.676957162e+02  8.126966008e+02
  7.585737302e+02  7.053812976e+02  6.531766492e+02  6.020207128e+02
  5.519785103e+02  5.031197796e+02  4.555197357e+02  4.092600162e+02
  3.644298727e+02  3.211276991e+02  2.794630303e+02  2.395592200e+02
  2.015571260e+02  1.656203590e+02  1.319430748e+02  1.007621703e+02
  7.237775876e+01  4.719105135e+01  2.578549737e+01  9.151104569e+00
  1.460165322e-12
@R Q 101 []
  0.000000000e+00  0.000000000e+00  0.000000000e+00  0.000000000e+00
  0.000000000e+00  0.000000000e+00  0.000000000e+00  0.000000000e+00
  0.000000000e+00  0.000000000e+00  0.000000000e+00  0.000000000e+00
  0.000000000e+00  0.000000000e+00  0.000000000e+00  0.000000000e+00
  0.000000000e+00  0.000000000e+00  0.000000000e+00  0.000000000e+00
  0.000000000e+00  0.000000000e+00  0.000000000e+00  0.000000000e+00
  0.000000000e+00  0.000000000e+00  0.000000000e+00  0.000000000e+00
  0.000000000e+00  0.000000000e+00  0.000000000e+00  0.000000000e+00
  0.000000000e+00  0.000000000e+00  0.000000000e+00  0.000000000e+00
  0.000000000e+00  0.000000000e+00  0.000000000e+00  0.000000000e+00
  0.000000000e+00  0.000000000e+00  0.000000000e+00  0.000000000e+00
  0.000000000e+00  0.000000000e+00  0.000000000e+00  0.000000000e+00
  0.000000000e+00  0.000000000e+00  0.000000000e+00  0.000000000e+00
  0.000000000e+00  0.000000000e+00  0.000000000e+00  0.000000000e+00
  0.000000000e+00  0.000000000e+00  0.000000000e+00  0.000000000e+00
  0.000000000e+00  0.000000000e+00  0.000000000e+00  0.000000000e+00
  0.000000000e+00  0.000000000e+00  0.000000000e+00  0.000000000e+00
  0.000000000e+00  0.000000000e+00  0.000000000e+00  0.000000000e+00
  0.000000000e+00  0.000000000e+00  0.000000000e+00  0.000000000e+00
  0.000000000e+00  0.000000000e+00  0.000000000e+00  0.000000000e+00
  0.000000000e+00  0.000000000e+00  0.000000000e+00  0.000000000e+00
  0.000000000e+00  0.000000000e+00  0.000000000e+00  0.000000000e+00
  0.000000000e+00  0.000000000e+00  0.000000000e+00  0.000000000e+00
  0.000000000e+00  0.000000000e+00  0.000000000e+00  0.000000000e+00
  0.000000000e+00  0.000000000e+00  0.000000000e+00  0.000000000e+00
  0.000000000e+00
@R FP 101 []
  0.000000000e+00  0.000000000e+00  0.000000000e+00  0.000000000e+00
  0.000000000e+00  0.000000000e+00  0.000000000e+00  0.000000000e+00
  0.000000000e+00  0.000000000e+00  0.000000000e+00  0.000000000e+00
  0.000000000e+00  0.000000000e+00  0.000000000e+00  0.000000000e+00
  0.000000000e+00  0.000000000e+00  0.000000000e+00  0.000000000e+00
  0.000000000e+00  0.000000000e+00  0.000000000e+00  0.000000000e+00
  0.000000000e+00  0.000000000e+00  0.000000000e+00  0.000000000e+00
  0.000000000e+00  0.000000000e+00  0.000000000e+00  0.000000000e+00
  0.000000000e+00  0.000000000e+00  0.000000000e+00  0.000000000e+00
  0.000000000e+00  0.000000000e+00  0.000000000e+00  0.000000000e+00
  0.000000000e+00  0.000000000e+00  0.000000000e+00  0.000000000e+00
  0.000000000e+00  0.000000000e+00  0.000000000e+00  0.000000000e+00
  0.000000000e+00  0.000000000e+00  0.000000000e+00  0.000000000e+00
  0.000000000e+00  0.000000000e+00  0.000000000e+00  0.000000000e+00
  0.000000000e+00  0.000000000e+00  0.000000000e+00  0.000000000e+00
  0.000000000e+00  0.000000000e+00  0.000000000e+00  0.000000000e+00
  0.000000000e+00  0.000000000e+00  0.000000000e+00  0.000000000e+00
  0.000000000e+00  0.000000000e+00  0.000000000e+00  0.000000000e+00
  0.000000000e+00  0.000000000e+00  0.000000000e+00  0.000000000e+00
  0.000000000e+00  0.000000000e+00  0.000000000e+00  0.000000000e+00
  0.000000000e+00  0.000000000e+00  0.000000000e+00  0.000000000e+00
  0.000000000e+00  0.000000000e+00  0.000000000e+00  0.000000000e+00
  0.000000000e+00  0.000000000e+00  0.000000000e+00  0.000000000e+00
  0.000000000e+00  0.000000000e+00  0.000000000e+00  0.000000000e+00
  0.000000000e+00  0.000000000e+00  0.000000000e+00  0.000000000e+00
  0.000000000e+00
@R CURPAR 101 []
  3.676429766e+00  3.676242848e+00  3.675554793e+00  3.674159730e+00
  3.671979854e+00  3.669026245e+00  3.665314868e+00  3.660857864e+00
  3.655667302e+00  3.649753268e+00  3.643123665e+00  3.635784264e+00
  3.627739002e+00  3.618990395e+00  3.609539951e+00  3.599388517e+00
  3.588536538e+00  3.576984238e+00  3.564731718e+00  3.551779022e+00
  3.538126169e+00  3.523773166e+00  3.508720015e+00  3.492966718e+00
  3.476513274e+00  3.459359683e+00  3.441505946e+00  3.422952062e+00
  3.403698031e+00  3.383743854e+00  3.363089531e+00  3.341735060e+00
  3.319680444e+00  3.296925680e+00  3.273470770e+00  3.249315714e+00
  3.224460511e+00  3.198905162e+00  3.172649666e+00  3.145694023e+00
  3.118038234e+00  3.089682298e+00  3.060626215e+00  3.030869986e+00
  3.000413611e+00  2.969257089e+00  2.937400420e+00  2.904843605e+00
  2.871586643e+00  2.837629535e+00  2.802972280e+00  2.767614878e+00
  2.731557330e+00  2.694799636e+00  2.657341795e+00  2.619183807e+00
  2.580325673e+00  2.540767392e+00  2.500508964e+00  2.459550390e+00
  2.417891670e+00  2.375532803e+00  2.332473789e+00  2.288714629e+00
  2.244255322e+00  2.199095869e+00  2.153236269e+00  2.106676522e+00
  2.059416629e+00  2.011456589e+00  1.962796403e+00  1.913436070e+00
  1.863375591e+00  1.812614966e+00  1.761154193e+00  1.708993274e+00
  1.656132209e+00  1.602570999e+00  1.548309651e+00  1.493348182e+00
  1.437686658e+00  1.381325270e+00  1.324264566e+00  1.266505994e+00
  1.208053149e+00  1.148914389e+00  1.089107967e+00  1.028671349e+00
  9.676768705e-01  9.062559842e-01  8.446335778e-01  7.831718383e-01
  7.224196307e-01  6.631587333e-01  6.064344304e-01  5.535536690e-01
  5.060351468e-01  4.655592591e-01  4.335570998e-01  4.117683006e-01
  4.037238033e-01
@R CURBEAM 101 []
  0.000000000e+00  0.000000000e+00  0.000000000e+00  0.000000000e+00
  0.000000000e+00  0.000000000e+00  0.000000000e+00  0.000000000e+00
  0.000000000e+00  0.000000000e+00  0.000000000e+00  0.000000000e+00
  0.000000000e+00  0.000000000e+00  0.000000000e+00  0.000000000e+00
  0.000000000e+00  0.000000000e+00  0.000000000e+00  0.000000000e+00
  0.000000000e+00  0.000000000e+00  0.000000000e+00  0.000000000e+00
  0.000000000e+00  0.000000000e+00  0.000000000e+00  0.000000000e+00
  0.000000000e+00  0.000000000e+00  0.000000000e+00  0.000000000e+00
  0.000000000e+00  0.000000000e+00  0.000000000e+00  0.000000000e+00
  0.000000000e+00  0.000000000e+00  0.000000000e+00  0.000000000e+00
  0.000000000e+00  0.000000000e+00  0.000000000e+00  0.000000000e+00
  0.000000000e+00  0.000000000e+00  0.000000000e+00  0.000000000e+00
  0.000000000e+00  0.000000000e+00  0.000000000e+00  0.000000000e+00
  0.000000000e+00  0.000000000e+00  0.000000000e+00  0.000000000e+00
  0.000000000e+00  0.000000000e+00  0.000000000e+00  0.000000000e+00
  0.000000000e+00  0.000000000e+00  0.000000000e+00  0.000000000e+00
  0.000000000e+00  0.000000000e+00  0.000000000e+00  0.000000000e+00
  0.000000000e+00  0.000000000e+00  0.000000000e+00  0.000000000e+00
  0.000000000e+00  0.000000000e+00  0.000000000e+00  0.000000000e+00
  0.000000000e+00  0.000000000e+00  0.000000000e+00  0.000000000e+00
  0.000000000e+00  0.000000000e+00  0.000000000e+00  0.000000000e+00
  0.000000000e+00  0.000000000e+00  0.000000000e+00  0.000000000e+00
  0.000000000e+00  0.000000000e+00  0.000000000e+00  0.000000000e+00
  0.000000000e+00  0.000000000e+00  0.000000000e+00  0.000000000e+00
  0.000000000e+00  0.000000000e+00  0.000000000e+00  0.000000000e+00
  0.000000000e+00
@R CURRF 101 []
  1.522600777e-01  1.408722389e-01  1.173800964e-01  1.127402783e-01
  1.308267817e-01  1.447334017e-01  1.514353895e-01  1.592009261e-01
  1.648176125e-01  1.686854141e-01  1.828176534e-01  2.020216437e-01
  2.033751703e-01  1.865357197e-01  1.714427309e-01  1.619266966e-01
  1.435115718e-01  1.152304690e-01  9.540369742e-02  9.117447606e-02
  8.810113988e-02  7.793176371e-02  7.181981701e-02  7.615103721e-02
  7.918446862e-02  7.249065848e-02  6.541185235e-02  6.506187037e-02
  6.408958377e-02  5.786575757e-02  5.239717399e-02  5.059186510e-02
  4.551355629e-02  3.383640671e-02  2.377424394e-02  2.234253180e-02
  2.478976217e-02  2.372801399e-02  1.998482104e-02  1.834113995e-02
  1.884202767e-02  1.811228692e-02  1.577488004e-02  1.425771579e-02
  1.403076446e-02  1.329887836e-02  1.154297229e-02  1.018995455e-02
  9.918492974e-03  9.657324394e-03  8.534965743e-03  7.175017613e-03
  6.508237236e-03  6.385294353e-03  6.122505284e-03  5.612500751e-03
  5.327491180e-03  5.516324146e-03  5.693764548e-03  5.343297975e-03
  4.650898625e-03  4.124858431e-03  3.969115173e-03  3.948093677e-03
  3.800620922e-03  3.530733749e-03  3.210260489e-03  2.930151206e-03
  2.820556481e-03  2.830894375e-03  2.735976268e-03  2.435842949e-03
  2.118047676e-03  2.048010207e-03  2.207283197e-03  2.294071245e-03
  2.128393729e-03  1.839515012e-03  1.680233415e-03  1.774599824e-03
  1.993187034e-03  2.082616853e-03  1.863704157e-03  1.505019114e-03
  1.311101715e-03  1.417173861e-03  1.754572298e-03  2.004975458e-03
  1.917590783e-03  1.520749428e-03  1.168626948e-03  1.269822583e-03
  1.837509904e-03  2.456844626e-03  2.462266544e-03  1.770372688e-03
  8.645448168e-04  2.214751160e-04  9.807159812e-05  2.801882080e-04
  4.021749174e-04
@R CURBOOT 101 []
  0.000000000e+00  0.000000000e+00  0.000000000e+00  0.000000000e+00
  0.000000000e+00  0.000000000e+00  0.000000000e+00  0.000000000e+00
  0.000000000e+00  0.000000000e+00  0.000000000e+00  0.000000000e+00
  0.000000000e+00  0.000000000e+00  0.000000000e+00  0.000000000e+00
  0.000000000e+00  0.000000000e+00  0.000000000e+00  0.000000000e+00
  0.000000000e+00  0.000000000e+00  0.000000000e+00  0.000000000e+00
  0.000000000e+00  0.000000000e+00  0.000000000e+00  0.000000000e+00
  0.000000000e+00  0.000000000e+00  0.000000000e+00  0.000000000e+00
  0.000000000e+00  0.000000000e+00  0.000000000e+00  0.000000000e+00
  0.000000000e+00  0.000000000e+00  0.000000000e+00  0.000000000e+00
  0.000000000e+00  0.000000000e+00  0.000000000e+00  0.000000000e+00
  0.000000000e+00  0.000000000e+00  0.000000000e+00  0.000000000e+00
  0.000000000e+00  0.000000000e+00  0.000000000e+00  0.000000000e+00
  0.000000000e+00  0.000000000e+00  0.000000000e+00  0.000000000e+00
  0.000000000e+00  0.000000000e+00  0.000000000e+00  0.000000000e+00
  0.000000000e+00  0.000000000e+00  0.000000000e+00  0.000000000e+00
  0.000000000e+00  0.000000000e+00  0.000000000e+00  0.000000000e+00
  0.000000000e+00  0.000000000e+00  0.000000000e+00  0.000000000e+00
  0.000000000e+00  0.000000000e+00  0.000000000e+00  0.000000000e+00
  0.000000000e+00  0.000000000e+00  0.000000000e+00  0.000000000e+00
  0.000000000e+00  0.000000000e+00  0.000000000e+00  0.000000000e+00
  0.000000000e+00  0.000000000e+00  0.000000000e+00  0.000000000e+00
  0.000000000e+00  0.000000000e+00  0.000000000e+00  0.000000000e+00
  0.000000000e+00  0.000000000e+00  0.000000000e+00  0.000000000e+00
  0.000000000e+00  0.000000000e+00  0.000000000e+00  0.000000000e+00
  0.000000000e+00
@R ENBEAM 101 []
  0.000000000e+00  0.000000000e+00  0.000000000e+00  0.000000000e+00
  0.000000000e+00  0.000000000e+00  0.000000000e+00  0.000000000e+00
  0.000000000e+00  0.000000000e+00  0.000000000e+00  0.000000000e+00
  0.000000000e+00  0.000000000e+00  0.000000000e+00  0.000000000e+00
  0.000000000e+00  0.000000000e+00  0.000000000e+00  0.000000000e+00
  0.000000000e+00  0.000000000e+00  0.000000000e+00  0.000000000e+00
  0.000000000e+00  0.000000000e+00  0.000000000e+00  0.000000000e+00
  0.000000000e+00  0.000000000e+00  0.000000000e+00  0.000000000e+00
  0.000000000e+00  0.000000000e+00  0.000000000e+00  0.000000000e+00
  0.000000000e+00  0.000000000e+00  0.000000000e+00  0.000000000e+00
  0.000000000e+00  0.000000000e+00  0.000000000e+00  0.000000000e+00
  0.000000000e+00  0.000000000e+00  0.000000000e+00  0.000000000e+00
  0.000000000e+00  0.000000000e+00  0.000000000e+00  0.000000000e+00
  0.000000000e+00  0.000000000e+00  0.000000000e+00  0.000000000e+00
  0.000000000e+00  0.000000000e+00  0.000000000e+00  0.000000000e+00
  0.000000000e+00  0.000000000e+00  0.000000000e+00  0.000000000e+00
  0.000000000e+00  0.000000000e+00  0.000000000e+00  0.000000000e+00
  0.000000000e+00  0.000000000e+00  0.000000000e+00  0.000000000e+00
  0.000000000e+00  0.000000000e+00  0.000000000e+00  0.000000000e+00
  0.000000000e+00  0.000000000e+00  0.000000000e+00  0.000000000e+00
  0.000000000e+00  0.000000000e+00  0.000000000e+00  0.000000000e+00
  0.000000000e+00  0.000000000e+00  0.000000000e+00  0.000000000e+00
  0.000000000e+00  0.000000000e+00  0.000000000e+00  0.000000000e+00
  0.000000000e+00  0.000000000e+00  0.000000000e+00  0.000000000e+00
  0.000000000e+00  0.000000000e+00  0.000000000e+00  0.000000000e+00
  0.000000000e+00
@R WBEAM 101 []
  0.000000000e+00  0.000000000e+00  0.000000000e+00  0.000000000e+00
  0.000000000e+00  0.000000000e+00  0.000000000e+00  0.000000000e+00
  0.000000000e+00  0.000000000e+00  0.000000000e+00  0.000000000e+00
  0.000000000e+00  0.000000000e+00  0.000000000e+00  0.000000000e+00
  0.000000000e+00  0.000000000e+00  0.000000000e+00  0.000000000e+00
  0.000000000e+00  0.000000000e+00  0.000000000e+00  0.000000000e+00
  0.000000000e+00  0.000000000e+00  0.000000000e+00  0.000000000e+00
  0.000000000e+00  0.000000000e+00  0.000000000e+00  0.000000000e+00
  0.000000000e+00  0.000000000e+00  0.000000000e+00  0.000000000e+00
  0.000000000e+00  0.000000000e+00  0.000000000e+00  0.000000000e+00
  0.000000000e+00  0.000000000e+00  0.000000000e+00  0.000000000e+00
  0.000000000e+00  0.000000000e+00  0.000000000e+00  0.000000000e+00
  0.000000000e+00  0.000000000e+00  0.000000000e+00  0.000000000e+00
  0.000000000e+00  0.000000000e+00  0.000000000e+00  0.000000000e+00
  0.000000000e+00  0.000000000e+00  0.000000000e+00  0.000000000e+00
  0.000000000e+00  0.000000000e+00  0.000000000e+00  0.000000000e+00
  0.000000000e+00  0.000000000e+00  0.000000000e+00  0.000000000e+00
  0.000000000e+00  0.000000000e+00  0.000000000e+00  0.000000000e+00
  0.000000000e+00  0.000000000e+00  0.000000000e+00  0.000000000e+00
  0.000000000e+00  0.000000000e+00  0.000000000e+00  0.000000000e+00
  0.000000000e+00  0.000000000e+00  0.000000000e+00  0.000000000e+00
  0.000000000e+00  0.000000000e+00  0.000000000e+00  0.000000000e+00
  0.000000000e+00  0.000000000e+00  0.000000000e+00  0.000000000e+00
  0.000000000e+00  0.000000000e+00  0.000000000e+00  0.000000000e+00
  0.000000000e+00  0.000000000e+00  0.000000000e+00  0.000000000e+00
  0.000000000e+00
@R QBEAME 101 []
  0.000000000e+00  0.000000000e+00  0.000000000e+00  0.000000000e+00
  0.000000000e+00  0.000000000e+00  0.000000000e+00  0.000000000e+00
  0.000000000e+00  0.000000000e+00  0.000000000e+00  0.000000000e+00
  0.000000000e+00  0.000000000e+00  0.000000000e+00  0.000000000e+00
  0.000000000e+00  0.000000000e+00  0.000000000e+00  0.000000000e+00
  0.000000000e+00  0.000000000e+00  0.000000000e+00  0.000000000e+00
  0.000000000e+00  0.000000000e+00  0.000000000e+00  0.000000000e+00
  0.000000000e+00  0.000000000e+00  0.000000000e+00  0.000000000e+00
  0.000000000e+00  0.000000000e+00  0.000000000e+00  0.000000000e+00
  0.000000000e+00  0.000000000e+00  0.000000000e+00  0.000000000e+00
  0.000000000e+00  0.000000000e+00  0.000000000e+00  0.000000000e+00
  0.000000000e+00  0.000000000e+00  0.000000000e+00  0.000000000e+00
  0.000000000e+00  0.000000000e+00  0.000000000e+00  0.000000000e+00
  0.000000000e+00  0.000000000e+00  0.000000000e+00  0.000000000e+00
  0.000000000e+00  0.000000000e+00  0.000000000e+00  0.000000000e+00
  0.000000000e+00  0.000000000e+00  0.000000000e+00  0.000000000e+00
  0.000000000e+00  0.000000000e+00  0.000000000e+00  0.000000000e+00
  0.000000000e+00  0.000000000e+00  0.000000000e+00  0.000000000e+00
  0.000000000e+00  0.000000000e+00  0.000000000e+00  0.000000000e+00
  0.000000000e+00  0.000000000e+00  0.000000000e+00  0.000000000e+00
  0.000000000e+00  0.000000000e+00  0.000000000e+00  0.000000000e+00
  0.000000000e+00  0.000000000e+00  0.000000000e+00  0.000000000e+00
  0.000000000e+00  0.000000000e+00  0.000000000e+00  0.000000000e+00
  0.000000000e+00  0.000000000e+00  0.000000000e+00  0.000000000e+00
  0.000000000e+00  0.000000000e+00  0.000000000e+00  0.000000000e+00
  0.000000000e+00
@R QBEAMI 101 []
  0.000000000e+00  0.000000000e+00  0.000000000e+00  0.000000000e+00
  0.000000000e+00  0.000000000e+00  0.000000000e+00  0.000000000e+00
  0.000000000e+00  0.000000000e+00  0.000000000e+00  0.000000000e+00
  0.000000000e+00  0.000000000e+00  0.000000000e+00  0.000000000e+00
  0.000000000e+00  0.000000000e+00  0.000000000e+00  0.000000000e+00
  0.000000000e+00  0.000000000e+00  0.000000000e+00  0.000000000e+00
  0.000000000e+00  0.000000000e+00  0.000000000e+00  0.000000000e+00
  0.000000000e+00  0.000000000e+00  0.000000000e+00  0.000000000e+00
  0.000000000e+00  0.000000000e+00  0.000000000e+00  0.000000000e+00
  0.000000000e+00  0.000000000e+00  0.000000000e+00  0.000000000e+00
  0.000000000e+00  0.000000000e+00  0.000000000e+00  0.000000000e+00
  0.000000000e+00  0.000000000e+00  0.000000000e+00  0.000000000e+00
  0.000000000e+00  0.000000000e+00  0.000000000e+00  0.000000000e+00
  0.000000000e+00  0.000000000e+00  0.000000000e+00  0.000000000e+00
  0.000000000e+00  0.000000000e+00  0.000000000e+00  0.000000000e+00
  0.000000000e+00  0.000000000e+00  0.000000000e+00  0.000000000e+00
  0.000000000e+00  0.000000000e+00  0.000000000e+00  0.000000000e+00
  0.000000000e+00  0.000000000e+00  0.000000000e+00  0.000000000e+00
  0.000000000e+00  0.000000000e+00  0.000000000e+00  0.000000000e+00
  0.000000000e+00  0.000000000e+00  0.000000000e+00  0.000000000e+00
  0.000000000e+00  0.000000000e+00  0.000000000e+00  0.000000000e+00
  0.000000000e+00  0.000000000e+00  0.000000000e+00  0.000000000e+00
  0.000000000e+00  0.000000000e+00  0.000000000e+00  0.000000000e+00
  0.000000000e+00  0.000000000e+00  0.000000000e+00  0.000000000e+00
  0.000000000e+00  0.000000000e+00  0.000000000e+00  0.000000000e+00
  0.000000000e+00
@R ENALP 101 []
  0.000000000e+00  0.000000000e+00  0.000000000e+00  0.000000000e+00
  0.000000000e+00  0.000000000e+00  0.000000000e+00  0.000000000e+00
  0.000000000e+00  0.000000000e+00  0.000000000e+00  0.000000000e+00
  0.000000000e+00  0.000000000e+00  0.000000000e+00  0.000000000e+00
  0.000000000e+00  0.000000000e+00  0.000000000e+00  0.000000000e+00
  0.000000000e+00  0.000000000e+00  0.000000000e+00  0.000000000e+00
  0.000000000e+00  0.000000000e+00  0.000000000e+00  0.000000000e+00
  0.000000000e+00  0.000000000e+00  0.000000000e+00  0.000000000e+00
  0.000000000e+00  0.000000000e+00  0.000000000e+00  0.000000000e+00
  0.000000000e+00  0.000000000e+00  0.000000000e+00  0.000000000e+00
  0.000000000e+00  0.000000000e+00  0.000000000e+00  0.000000000e+00
  0.000000000e+00  0.000000000e+00  0.000000000e+00  0.000000000e+00
  0.000000000e+00  0.000000000e+00  0.000000000e+00  0.000000000e+00
  0.000000000e+00  0.000000000e+00  0.000000000e+00  0.000000000e+00
  0.000000000e+00  0.000000000e+00  0.000000000e+00  0.000000000e+00
  0.000000000e+00  0.000000000e+00  0.000000000e+00  0.000000000e+00
  0.000000000e+00  0.000000000e+00  0.000000000e+00  0.000000000e+00
  0.000000000e+00  0.000000000e+00  0.000000000e+00  0.000000000e+00
  0.000000000e+00  0.000000000e+00  0.000000000e+00  0.000000000e+00
  0.000000000e+00  0.000000000e+00  0.000000000e+00  0.000000000e+00
  0.000000000e+00  0.000000000e+00  0.000000000e+00  0.000000000e+00
  0.000000000e+00  0.000000000e+00  0.000000000e+00  0.000000000e+00
  0.000000000e+00  0.000000000e+00  0.000000000e+00  0.000000000e+00
  0.000000000e+00  0.000000000e+00  0.000000000e+00  0.000000000e+00
  0.000000000e+00  0.000000000e+00  0.000000000e+00  0.000000000e+00
  0.000000000e+00
@R WALP 101 []
  0.000000000e+00  0.000000000e+00  0.000000000e+00  0.000000000e+00
  0.000000000e+00  0.000000000e+00  0.000000000e+00  0.000000000e+00
  0.000000000e+00  0.000000000e+00  0.000000000e+00  0.000000000e+00
  0.000000000e+00  0.000000000e+00  0.000000000e+00  0.000000000e+00
  0.000000000e+00  0.000000000e+00  0.000000000e+00  0.000000000e+00
  0.000000000e+00  0.000000000e+00  0.000000000e+00  0.000000000e+00
  0.000000000e+00  0.000000000e+00  0.000000000e+00  0.000000000e+00
  0.000000000e+00  0.000000000e+00  0.000000000e+00  0.000000000e+00
  0.000000000e+00  0.000000000e+00  0.000000000e+00  0.000000000e+00
  0.000000000e+00  0.000000000e+00  0.000000000e+00  0.000000000e+00
  0.000000000e+00  0.000000000e+00  0.000000000e+00  0.000000000e+00
  0.000000000e+00  0.000000000e+00  0.000000000e+00  0.000000000e+00
  0.000000000e+00  0.000000000e+00  0.000000000e+00  0.000000000e+00
  0.000000000e+00  0.000000000e+00  0.000000000e+00  0.000000000e+00
  0.000000000e+00  0.000000000e+00  0.000000000e+00  0.000000000e+00
  0.000000000e+00  0.000000000e+00  0.000000000e+00  0.000000000e+00
  0.000000000e+00  0.000000000e+00  0.000000000e+00  0.000000000e+00
  0.000000000e+00  0.000000000e+00  0.000000000e+00  0.000000000e+00
  0.000000000e+00  0.000000000e+00  0.000000000e+00  0.000000000e+00
  0.000000000e+00  0.000000000e+00  0.000000000e+00  0.000000000e+00
  0.000000000e+00  0.000000000e+00  0.000000000e+00  0.000000000e+00
  0.000000000e+00  0.000000000e+00  0.000000000e+00  0.000000000e+00
  0.000000000e+00  0.000000000e+00  0.000000000e+00  0.000000000e+00
  0.000000000e+00  0.000000000e+00  0.000000000e+00  0.000000000e+00
  0.000000000e+00  0.000000000e+00  0.000000000e+00  0.000000000e+00
  0.000000000e+00
@R QTFUSE 101 []
  1.734985136e+00  1.733363220e+00  1.728537879e+00  1.721804277e+00
  1.714559223e+00  1.707049909e+00  1.699290763e+00  1.690898389e+00
  1.681240560e+00  1.669626782e+00  1.655211661e+00  1.637059168e+00
  1.614697344e+00  1.588292154e+00  1.558249221e+00  1.524996717e+00
  1.488990261e+00  1.450754292e+00  1.410911892e+00  1.370169879e+00
  1.329176304e+00  1.288238252e+00  1.247342850e+00  1.206461195e+00
  1.165621456e+00  1.124866007e+00  1.084273553e+00  1.043937400e+00
  1.003930330e+00  9.643100929e-01  9.251388040e-01  8.864888479e-01
  8.484268268e-01  8.109998473e-01  7.742445488e-01  7.382261574e-01
  7.030690590e-01  6.688938875e-01  6.357543294e-01  6.036676792e-01
  5.726535370e-01  5.427416575e-01  5.139582496e-01  4.863102754e-01
  4.597914403e-01  4.343916721e-01  4.100994257e-01  3.869041546e-01
  3.647950184e-01  3.437571634e-01  3.237698345e-01  3.048013500e-01
  2.868093172e-01  2.697483411e-01  2.535730991e-01  2.382348297e-01
  2.236821058e-01  2.098756367e-01  1.967939722e-01  1.844198779e-01
  1.727396170e-01  1.617456964e-01  1.514208480e-01  1.417309544e-01
  1.326366761e-01  1.240970839e-01  1.160666234e-01  1.085029040e-01
  1.013732788e-01  9.465032576e-02  8.831031931e-02  8.233578843e-02
  7.671218816e-02  7.142304284e-02  6.645081788e-02  6.177848617e-02
  5.738900890e-02  5.326557917e-02  4.939232267e-02  4.575437428e-02
  4.233769454e-02  3.912910598e-02  3.611669677e-02  3.328984483e-02
  3.063868632e-02  2.815373201e-02  2.582620455e-02  2.364847392e-02
  2.161333158e-02  1.971244215e-02  1.793663559e-02  1.627359976e-02
  1.469755812e-02  1.316100681e-02  1.159441777e-02  9.113656120e-03
  5.237242069e-03  1.832560350e-03  3.298586635e-04  1.774855411e-05
  1.170733504e-07
@R QTFUSI 101 []
  7.459359082e-01  7.449294686e-01  7.419065434e-01  7.373641500e-01
  7.318393340e-01  7.253931556e-01  7.180101962e-01  7.095448536e-01
  6.997743162e-01  6.884655979e-01  6.753843585e-01  6.603842858e-01
  6.435533153e-01  6.251708252e-01  6.055632559e-01  5.850260585e-01
  5.637825071e-01  5.420294821e-01  5.200098255e-01  4.980030049e-01
  4.762604711e-01  4.549158409e-01  4.339899933e-01  4.134895829e-01
  3.934352776e-01  3.738527830e-01  3.547795665e-01  3.362490851e-01
  3.182766142e-01  3.008680483e-01  2.840268078e-01  2.677540575e-01
  2.520522593e-01  2.369261387e-01  2.223797416e-01  2.084238487e-01
  1.950842562e-01  1.823830627e-01  1.703210183e-01  1.588872666e-01
  1.480697693e-01  1.378561046e-01  1.282312495e-01  1.191760183e-01
  1.106688330e-01  1.026877495e-01  9.521109060e-02  8.821774913e-02
  8.168679722e-02  7.559691329e-02  6.992623873e-02  6.465142144e-02
  5.974768735e-02  5.519054525e-02  5.095656719e-02  4.702267827e-02
  4.336633889e-02  3.996858313e-02  3.681493432e-02  3.389236314e-02
  3.118912427e-02  2.869526200e-02  2.639915855e-02  2.428617562e-02
  2.234131116e-02  2.055003913e-02  1.889769674e-02  1.737098865e-02
  1.595916518e-02  1.465301321e-02  1.344443540e-02  1.232682450e-02
  1.129440005e-02  1.034132681e-02  9.461861559e-03  8.650619987e-03
  7.902482910e-03  7.212601975e-03  6.576482562e-03  5.989989752e-03
  5.449285281e-03  4.950813558e-03  4.491413454e-03  4.068320806e-03
  3.679011807e-03  3.321123215e-03  2.992507151e-03  2.691247279e-03
  2.415522847e-03  2.163432901e-03  1.933114750e-03  1.722486794e-03
  1.527952401e-03  1.343636560e-03  1.161804221e-03  8.838943471e-04
  4.719978657e-04  1.430556086e-04  2.042818627e-05  7.005317968e-07
  2.082429589e-09
@R QRFE 101 []
  3.129428778e-01  2.712256487e-01  2.094477611e-01  2.053357299e-01
  2.408687802e-01  2.683935732e-01  2.860039470e-01  3.059406932e-01
  3.209292848e-01  3.358785873e-01  3.741591436e-01  4.183269486e-01
  4.218576249e-01  3.909343987e-01  3.667731619e-01  3.505088654e-01
  3.098702257e-01  2.494908684e-01  2.122280067e-01  2.081491943e-01
  2.019636820e-01  1.803626821e-01  1.722496907e-01  1.879578390e-01
  1.965788760e-01  1.817586156e-01  1.705189321e-01  1.759922235e-01
  1.758367600e-01  1.634099624e-01  1.608664809e-01  1.730739528e-01
  1.714701934e-01  1.460439193e-01  1.236681259e-01  1.230839934e-01
  1.290347241e-01  1.202102211e-01  9.999219258e-02  8.501419458e-02
  7.828177577e-02  7.132468958e-02  6.259999205e-02  5.766045163e-02
  5.645435463e-02  5.358852051e-02  4.822608155e-02  4.452325502e-02
  4.346502496e-02  4.159919894e-02  3.752032623e-02  3.383453142e-02
  3.248887674e-02  3.192144345e-02  3.006580287e-02  2.783893630e-02
  2.757917875e-02  2.893521416e-02  2.894461996e-02  2.596410790e-02
  2.182436668e-02  1.943831840e-02  1.915272142e-02  1.902808827e-02
  1.773414959e-02  1.576333660e-02  1.404281694e-02  1.297190084e-02
  1.253430411e-02  1.227815237e-02  1.158004452e-02  1.034004917e-02
  9.388832030e-03  9.401332722e-03  9.914323952e-03  9.896900606e-03
  9.015009140e-03  7.974865069e-03  7.618600336e-03  8.081957097e-03
  8.709862214e-03  8.677134894e-03  7.633113801e-03  6.274096905e-03
  5.676220109e-03  6.288210627e-03  7.575323418e-03  8.261951610e-03
  7.550820246e-03  5.889792591e-03  4.824086798e-03  5.669568690e-03
  8.011827512e-03  9.907442642e-03  9.334826532e-03  6.482264681e-03
  3.259801547e-03  1.275950763e-03  8.853720834e-04  9.960946157e-04
  9.967613917e-04
@R QRFI 101 []
  2.894512937e+00  2.753948446e+00  2.696588890e+00  2.777343920e+00
  2.590015248e+00  2.238494749e+00  2.131222053e+00  2.266842581e+00
  2.222188251e+00  2.002786244e+00  1.928101651e+00  1.889896011e+00
  1.738155515e+00  1.571383837e+00  1.429487309e+00  1.303093911e+00
  1.172874118e+00  1.014114485e+00  7.873009090e-01  4.970370737e-01
  2.818775854e-01  2.606287571e-01  3.231924873e-01  3.185856979e-01
  2.729387486e-01  2.685804193e-01  3.126296810e-01  3.621179225e-01
  3.659641260e-01  3.036768628e-01  2.178298995e-01  1.634282097e-01
  1.510131959e-01  1.575804964e-01  1.521258144e-01  1.183373142e-01
  8.412423365e-02  9.014301124e-02  1.145851787e-01  1.076381224e-01
  7.269079219e-02  4.598812508e-02  3.817002114e-02  3.579686547e-02
  3.489882165e-02  3.775144650e-02  3.774623420e-02  2.947378326e-02
  1.898351289e-02  1.414595251e-02  1.540803218e-02  1.822670114e-02
  1.860895642e-02  1.674643899e-02  1.583418395e-02  1.651797988e-02
  1.548683832e-02  1.101565539e-02  5.851407561e-03  3.304190074e-03
  3.682734198e-03  5.274012359e-03  6.675799482e-03  7.354200361e-03
  6.970758820e-03  5.185233485e-03  3.001979403e-03  3.211902651e-03
  6.859894935e-03  1.030732076e-02  9.386010196e-03  5.461516775e-03
  3.437053985e-03  4.564906998e-03  5.649319447e-03  4.894219091e-03
  4.097583939e-03  4.772651869e-03  5.743866752e-03  5.560351878e-03
  4.531560064e-03  3.574331738e-03  3.111780384e-03  3.460257748e-03
  4.704042747e-03  5.950495488e-03  5.903987064e-03  4.513225140e-03
  3.030002040e-03  2.292004279e-03  1.946476312e-03  1.467522769e-03
  1.047760642e-03  1.016802248e-03  1.160083104e-03  1.050533036e-03
  6.806713580e-04  3.713245281e-04  2.707169623e-04  3.254292219e-04
  3.824110490e-04
@R QRAD 101 []
 -0.000000000e+00 -0.000000000e+00 -0.000000000e+00 -0.000000000e+00
 -0.000000000e+00 -0.000000000e+00 -0.000000000e+00 -0.000000000e+00
 -0.000000000e+00 -0.000000000e+00 -0.000000000e+00 -0.000000000e+00
 -0.000000000e+00 -0.000000000e+00 -0.000000000e+00 -0.000000000e+00
 -0.000000000e+00 -0.000000000e+00 -0.000000000e+00 -0.000000000e+00
 -0.000000000e+00 -0.000000000e+00 -0.000000000e+00 -0.000000000e+00
 -0.000000000e+00 -0.000000000e+00 -0.000000000e+00 -0.000000000e+00
 -0.000000000e+00 -0.000000000e+00 -0.000000000e+00 -0.000000000e+00
 -0.000000000e+00 -0.000000000e+00 -0.000000000e+00 -0.000000000e+00
 -0.000000000e+00 -0.000000000e+00 -0.000000000e+00 -0.000000000e+00
 -0.000000000e+00 -0.000000000e+00 -0.000000000e+00 -0.000000000e+00
 -0.000000000e+00 -0.000000000e+00 -0.000000000e+00 -0.000000000e+00
 -0.000000000e+00 -0.000000000e+00 -0.000000000e+00 -0.000000000e+00
 -0.000000000e+00 -0.000000000e+00 -0.000000000e+00 -0.000000000e+00
 -0.000000000e+00 -0.000000000e+00 -0.000000000e+00 -0.000000000e+00
 -0.000000000e+00 -0.000000000e+00 -0.000000000e+00 -0.000000000e+00
 -0.000000000e+00 -0.000000000e+00 -0.000000000e+00 -0.000000000e+00
 -0.000000000e+00 -0.000000000e+00 -0.000000000e+00 -0.000000000e+00
 -0.000000000e+00 -0.000000000e+00 -0.000000000e+00 -0.000000000e+00
 -0.000000000e+00 -0.000000000e+00 -0.000000000e+00 -0.000000000e+00
 -0.000000000e+00 -0.000000000e+00 -0.000000000e+00 -0.000000000e+00
 -0.000000000e+00 -0.000000000e+00 -0.000000000e+00 -0.000000000e+00
 -0.000000000e+00 -0.000000000e+00 -0.000000000e+00 -0.000000000e+00
 -0.000000000e+00 -0.000000000e+00 -0.000000000e+00 -0.000000000e+00
 -0.000000000e+00 -0.000000000e+00 -0.000000000e+00 -0.000000000e+00
 -0.000000000e+00
@R QOHM 101 []
  0.000000000e+00  0.000000000e+00  0.000000000e+00  0.000000000e+00
  0.000000000e+00  0.000000000e+00  0.000000000e+00  0.000000000e+00
  0.000000000e+00  0.000000000e+00  0.000000000e+00  0.000000000e+00
  0.000000000e+00  0.000000000e+00  0.000000000e+00  0.000000000e+00
  0.000000000e+00  0.000000000e+00  0.000000000e+00  0.000000000e+00
  0.000000000e+00  0.000000000e+00  0.000000000e+00  0.000000000e+00
  0.000000000e+00  0.000000000e+00  0.000000000e+00  0.000000000e+00
  0.000000000e+00  0.000000000e+00  0.000000000e+00  0.000000000e+00
  0.000000000e+00  0.000000000e+00  0.000000000e+00  0.000000000e+00
  0.000000000e+00  0.000000000e+00  0.000000000e+00  0.000000000e+00
  0.000000000e+00  0.000000000e+00  0.000000000e+00  0.000000000e+00
  0.000000000e+00  0.000000000e+00  0.000000000e+00  0.000000000e+00
  0.000000000e+00  0.000000000e+00  0.000000000e+00  0.000000000e+00
  0.000000000e+00  0.000000000e+00  0.000000000e+00  0.000000000e+00
  0.000000000e+00  0.000000000e+00  0.000000000e+00  0.000000000e+00
  0.000000000e+00  0.000000000e+00  0.000000000e+00  0.000000000e+00
  0.000000000e+00  0.000000000e+00  0.000000000e+00  0.000000000e+00
  0.000000000e+00  0.000000000e+00  0.000000000e+00  0.000000000e+00
  0.000000000e+00  0.000000000e+00  0.000000000e+00  0.000000000e+00
  0.000000000e+00  0.000000000e+00  0.000000000e+00  0.000000000e+00
  0.000000000e+00  0.000000000e+00  0.000000000e+00  0.000000000e+00
  0.000000000e+00  0.000000000e+00  0.000000000e+00  0.000000000e+00
  0.000000000e+00  0.000000000e+00  0.000000000e+00  0.000000000e+00
  0.000000000e+00  0.000000000e+00  0.000000000e+00  0.000000000e+00
  0.000000000e+00  0.000000000e+00  0.000000000e+00  0.000000000e+00
  0.000000000e+00
@R QIONE 101 []
  0.000000000e+00  0.000000000e+00  0.000000000e+00  0.000000000e+00
  0.000000000e+00  0.000000000e+00  0.000000000e+00  0.000000000e+00
  0.000000000e+00  0.000000000e+00  0.000000000e+00  0.000000000e+00
  0.000000000e+00  0.000000000e+00  0.000000000e+00  0.000000000e+00
  0.000000000e+00  0.000000000e+00  0.000000000e+00  0.000000000e+00
  0.000000000e+00  0.000000000e+00  0.000000000e+00  0.000000000e+00
  0.000000000e+00  0.000000000e+00  0.000000000e+00  0.000000000e+00
  0.000000000e+00  0.000000000e+00  0.000000000e+00  0.000000000e+00
  0.000000000e+00  0.000000000e+00  0.000000000e+00  0.000000000e+00
  0.000000000e+00  0.000000000e+00  0.000000000e+00  0.000000000e+00
  0.000000000e+00  0.000000000e+00  0.000000000e+00  0.000000000e+00
  0.000000000e+00  0.000000000e+00  0.000000000e+00  0.000000000e+00
  0.000000000e+00  0.000000000e+00  0.000000000e+00  0.000000000e+00
  0.000000000e+00  0.000000000e+00  0.000000000e+00  0.000000000e+00
  0.000000000e+00  0.000000000e+00  0.000000000e+00  0.000000000e+00
  0.000000000e+00  0.000000000e+00  0.000000000e+00  0.000000000e+00
  0.000000000e+00  0.000000000e+00  0.000000000e+00  0.000000000e+00
  0.000000000e+00  0.000000000e+00  0.000000000e+00  0.000000000e+00
  0.000000000e+00  0.000000000e+00  0.000000000e+00  0.000000000e+00
  0.000000000e+00  0.000000000e+00  0.000000000e+00  0.000000000e+00
  0.000000000e+00  0.000000000e+00  0.000000000e+00  0.000000000e+00
  0.000000000e+00  0.000000000e+00  0.000000000e+00  0.000000000e+00
  0.000000000e+00  0.000000000e+00  0.000000000e+00  0.000000000e+00
  0.000000000e+00  0.000000000e+00  0.000000000e+00  0.000000000e+00
  0.000000000e+00  0.000000000e+00  0.000000000e+00  0.000000000e+00
  0.000000000e+00
@R QIONI 101 []
  0.000000000e+00  0.000000000e+00  0.000000000e+00  0.000000000e+00
  0.000000000e+00  0.000000000e+00  0.000000000e+00  0.000000000e+00
  0.000000000e+00  0.000000000e+00  0.000000000e+00  0.000000000e+00
  0.000000000e+00  0.000000000e+00  0.000000000e+00  0.000000000e+00
  0.000000000e+00  0.000000000e+00  0.000000000e+00  0.000000000e+00
  0.000000000e+00  0.000000000e+00  0.000000000e+00  0.000000000e+00
  0.000000000e+00  0.000000000e+00  0.000000000e+00  0.000000000e+00
  0.000000000e+00  0.000000000e+00  0.000000000e+00  0.000000000e+00
  0.000000000e+00  0.000000000e+00  0.000000000e+00  0.000000000e+00
  0.000000000e+00  0.000000000e+00  0.000000000e+00  0.000000000e+00
  0.000000000e+00  0.000000000e+00  0.000000000e+00  0.000000000e+00
  0.000000000e+00  0.000000000e+00  0.000000000e+00  0.000000000e+00
  0.000000000e+00  0.000000000e+00  0.000000000e+00  0.000000000e+00
  0.000000000e+00  0.000000000e+00  0.000000000e+00  0.000000000e+00
  0.000000000e+00  0.000000000e+00  0.000000000e+00  0.000000000e+00
  0.000000000e+00  0.000000000e+00  0.000000000e+00  0.000000000e+00
  0.000000000e+00  0.000000000e+00  0.000000000e+00  0.000000000e+00
  0.000000000e+00  0.000000000e+00  0.000000000e+00  0.000000000e+00
  0.000000000e+00  0.000000000e+00  0.000000000e+00  0.000000000e+00
  0.000000000e+00  0.000000000e+00  0.000000000e+00  0.000000000e+00
  0.000000000e+00  0.000000000e+00  0.000000000e+00  0.000000000e+00
  0.000000000e+00  0.000000000e+00  0.000000000e+00  0.000000000e+00
  0.000000000e+00  0.000000000e+00  0.000000000e+00  0.000000000e+00
  0.000000000e+00  0.000000000e+00  0.000000000e+00  0.000000000e+00
  0.000000000e+00  0.000000000e+00  0.000000000e+00  0.000000000e+00
  0.000000000e+00
@R QCX 101 []
  0.000000000e+00  0.000000000e+00  0.000000000e+00  0.000000000e+00
  0.000000000e+00  0.000000000e+00  0.000000000e+00  0.000000000e+00
  0.000000000e+00  0.000000000e+00  0.000000000e+00  0.000000000e+00
  0.000000000e+00  0.000000000e+00  0.000000000e+00  0.000000000e+00
  0.000000000e+00  0.000000000e+00  0.000000000e+00  0.000000000e+00
  0.000000000e+00  0.000000000e+00  0.000000000e+00  0.000000000e+00
  0.000000000e+00  0.000000000e+00  0.000000000e+00  0.000000000e+00
  0.000000000e+00  0.000000000e+00  0.000000000e+00  0.000000000e+00
  0.000000000e+00  0.000000000e+00  0.000000000e+00  0.000000000e+00
  0.000000000e+00  0.000000000e+00  0.000000000e+00  0.000000000e+00
  0.000000000e+00  0.000000000e+00  0.000000000e+00  0.000000000e+00
  0.000000000e+00  0.000000000e+00  0.000000000e+00  0.000000000e+00
  0.000000000e+00  0.000000000e+00  0.000000000e+00  0.000000000e+00
  0.000000000e+00  0.000000000e+00  0.000000000e+00  0.000000000e+00
  0.000000000e+00  0.000000000e+00  0.000000000e+00  0.000000000e+00
  0.000000000e+00  0.000000000e+00  0.000000000e+00  0.000000000e+00
  0.000000000e+00  0.000000000e+00  0.000000000e+00  0.000000000e+00
  0.000000000e+00  0.000000000e+00  0.000000000e+00  0.000000000e+00
  0.000000000e+00  0.000000000e+00  0.000000000e+00  0.000000000e+00
  0.000000000e+00  0.000000000e+00  0.000000000e+00  0.000000000e+00
  0.000000000e+00  0.000000000e+00  0.000000000e+00  0.000000000e+00
  0.000000000e+00  0.000000000e+00  0.000000000e+00  0.000000000e+00
  0.000000000e+00  0.000000000e+00  0.000000000e+00  0.000000000e+00
  0.000000000e+00  0.000000000e+00  0.000000000e+00  0.000000000e+00
  0.000000000e+00  0.000000000e+00  0.000000000e+00  0.000000000e+00
  0.000000000e+00
@R STORQUEB 101 []
  0.000000000e+00  0.000000000e+00  0.000000000e+00  0.000000000e+00
  0.000000000e+00  0.000000000e+00  0.000000000e+00  0.000000000e+00
  0.000000000e+00  0.000000000e+00  0.000000000e+00  0.000000000e+00
  0.000000000e+00  0.000000000e+00  0.000000000e+00  0.000000000e+00
  0.000000000e+00  0.000000000e+00  0.000000000e+00  0.000000000e+00
  0.000000000e+00  0.000000000e+00  0.000000000e+00  0.000000000e+00
  0.000000000e+00  0.000000000e+00  0.000000000e+00  0.000000000e+00
  0.000000000e+00  0.000000000e+00  0.000000000e+00  0.000000000e+00
  0.000000000e+00  0.000000000e+00  0.000000000e+00  0.000000000e+00
  0.000000000e+00  0.000000000e+00  0.000000000e+00  0.000000000e+00
  0.000000000e+00  0.000000000e+00  0.000000000e+00  0.000000000e+00
  0.000000000e+00  0.000000000e+00  0.000000000e+00  0.000000000e+00
  0.000000000e+00  0.000000000e+00  0.000000000e+00  0.000000000e+00
  0.000000000e+00  0.000000000e+00  0.000000000e+00  0.000000000e+00
  0.000000000e+00  0.000000000e+00  0.000000000e+00  0.000000000e+00
  0.000000000e+00  0.000000000e+00  0.000000000e+00  0.000000000e+00
  0.000000000e+00  0.000000000e+00  0.000000000e+00  0.000000000e+00
  0.000000000e+00  0.000000000e+00  0.000000000e+00  0.000000000e+00
  0.000000000e+00  0.000000000e+00  0.000000000e+00  0.000000000e+00
  0.000000000e+00  0.000000000e+00  0.000000000e+00  0.000000000e+00
  0.000000000e+00  0.000000000e+00  0.000000000e+00  0.000000000e+00
  0.000000000e+00  0.000000000e+00  0.000000000e+00  0.000000000e+00
  0.000000000e+00  0.000000000e+00  0.000000000e+00  0.000000000e+00
  0.000000000e+00  0.000000000e+00  0.000000000e+00  0.000000000e+00
  0.000000000e+00  0.000000000e+00  0.000000000e+00  0.000000000e+00
  0.000000000e+00
@R STORQUE 101 []
  0.000000000e+00  0.000000000e+00  0.000000000e+00  0.000000000e+00
  0.000000000e+00  0.000000000e+00  0.000000000e+00  0.000000000e+00
  0.000000000e+00  0.000000000e+00  0.000000000e+00  0.000000000e+00
  0.000000000e+00  0.000000000e+00  0.000000000e+00  0.000000000e+00
  0.000000000e+00  0.000000000e+00  0.000000000e+00  0.000000000e+00
  0.000000000e+00  0.000000000e+00  0.000000000e+00  0.000000000e+00
  0.000000000e+00  0.000000000e+00  0.000000000e+00  0.000000000e+00
  0.000000000e+00  0.000000000e+00  0.000000000e+00  0.000000000e+00
  0.000000000e+00  0.000000000e+00  0.000000000e+00  0.000000000e+00
  0.000000000e+00  0.000000000e+00  0.000000000e+00  0.000000000e+00
  0.000000000e+00  0.000000000e+00  0.000000000e+00  0.000000000e+00
  0.000000000e+00  0.000000000e+00  0.000000000e+00  0.000000000e+00
  0.000000000e+00  0.000000000e+00  0.000000000e+00  0.000000000e+00
  0.000000000e+00  0.000000000e+00  0.000000000e+00  0.000000000e+00
  0.000000000e+00  0.000000000e+00  0.000000000e+00  0.000000000e+00
  0.000000000e+00  0.000000000e+00  0.000000000e+00  0.000000000e+00
  0.000000000e+00  0.000000000e+00  0.000000000e+00  0.000000000e+00
  0.000000000e+00  0.000000000e+00  0.000000000e+00  0.000000000e+00
  0.000000000e+00  0.000000000e+00  0.000000000e+00  0.000000000e+00
  0.000000000e+00  0.000000000e+00  0.000000000e+00  0.000000000e+00
  0.000000000e+00  0.000000000e+00  0.000000000e+00  0.000000000e+00
  0.000000000e+00  0.000000000e+00  0.000000000e+00  0.000000000e+00
  0.000000000e+00  0.000000000e+00  0.000000000e+00  0.000000000e+00
  0.000000000e+00  0.000000000e+00  0.000000000e+00  0.000000000e+00
  0.000000000e+00  0.000000000e+00  0.000000000e+00  0.000000000e+00
  0.000000000e+00
@R SION 101 []
  0.000000000e+00  0.000000000e+00  0.000000000e+00  0.000000000e+00
  0.000000000e+00  0.000000000e+00  0.000000000e+00  0.000000000e+00
  0.000000000e+00  0.000000000e+00  0.000000000e+00  0.000000000e+00
  0.000000000e+00  0.000000000e+00  0.000000000e+00  0.000000000e+00
  0.000000000e+00  0.000000000e+00  0.000000000e+00  0.000000000e+00
  0.000000000e+00  0.000000000e+00  0.000000000e+00  0.000000000e+00
  0.000000000e+00  0.000000000e+00  0.000000000e+00  0.000000000e+00
  0.000000000e+00  0.000000000e+00  0.000000000e+00  0.000000000e+00
  0.000000000e+00  0.000000000e+00  0.000000000e+00  0.000000000e+00
  0.000000000e+00  0.000000000e+00  0.000000000e+00  0.000000000e+00
  0.000000000e+00  0.000000000e+00  0.000000000e+00  0.000000000e+00
  0.000000000e+00  0.000000000e+00  0.000000000e+00  0.000000000e+00
  0.000000000e+00  0.000000000e+00  0.000000000e+00  0.000000000e+00
  0.000000000e+00  0.000000000e+00  0.000000000e+00  0.000000000e+00
  0.000000000e+00  0.000000000e+00  0.000000000e+00  0.000000000e+00
  0.000000000e+00  0.000000000e+00  0.000000000e+00  0.000000000e+00
  0.000000000e+00  0.000000000e+00  0.000000000e+00  0.000000000e+00
  0.000000000e+00  0.000000000e+00  0.000000000e+00  0.000000000e+00
  0.000000000e+00  0.000000000e+00  0.000000000e+00  0.000000000e+00
  0.000000000e+00  0.000000000e+00  0.000000000e+00  0.000000000e+00
  0.000000000e+00  0.000000000e+00  0.000000000e+00  0.000000000e+00
  0.000000000e+00  0.000000000e+00  0.000000000e+00  0.000000000e+00
  0.000000000e+00  0.000000000e+00  0.000000000e+00  0.000000000e+00
  0.000000000e+00  0.000000000e+00  0.000000000e+00  0.000000000e+00
  0.000000000e+00  0.000000000e+00  0.000000000e+00  0.000000000e+00
  0.000000000e+00
@R CHIE 101 []
  0.000000000e+00  0.000000000e+00  0.000000000e+00  0.000000000e+00
  0.000000000e+00  0.000000000e+00  0.000000000e+00  0.000000000e+00
  0.000000000e+00  0.000000000e+00  0.000000000e+00  0.000000000e+00
  0.000000000e+00  0.000000000e+00  0.000000000e+00  0.000000000e+00
  0.000000000e+00  0.000000000e+00  0.000000000e+00  0.000000000e+00
  0.000000000e+00  0.000000000e+00  0.000000000e+00  0.000000000e+00
  0.000000000e+00  0.000000000e+00  0.000000000e+00  0.000000000e+00
  0.000000000e+00  0.000000000e+00  0.000000000e+00  0.000000000e+00
  0.000000000e+00  0.000000000e+00  0.000000000e+00  0.000000000e+00
  0.000000000e+00  0.000000000e+00  0.000000000e+00  0.000000000e+00
  0.000000000e+00  0.000000000e+00  0.000000000e+00  0.000000000e+00
  0.000000000e+00  0.000000000e+00  0.000000000e+00  0.000000000e+00
  0.000000000e+00  0.000000000e+00  0.000000000e+00  0.000000000e+00
  0.000000000e+00  0.000000000e+00  0.000000000e+00  0.000000000e+00
  0.000000000e+00  0.000000000e+00  0.000000000e+00  0.000000000e+00
  0.000000000e+00  0.000000000e+00  0.000000000e+00  0.000000000e+00
  0.000000000e+00  0.000000000e+00  0.000000000e+00  0.000000000e+00
  0.000000000e+00  0.000000000e+00  0.000000000e+00  0.000000000e+00
  0.000000000e+00  0.000000000e+00  0.000000000e+00  0.000000000e+00
  0.000000000e+00  0.000000000e+00  0.000000000e+00  0.000000000e+00
  0.000000000e+00  0.000000000e+00  0.000000000e+00  0.000000000e+00
  0.000000000e+00  0.000000000e+00  0.000000000e+00  0.000000000e+00
  0.000000000e+00  0.000000000e+00  0.000000000e+00  0.000000000e+00
  0.000000000e+00  0.000000000e+00  0.000000000e+00  0.000000000e+00
  0.000000000e+00  0.000000000e+00  0.000000000e+00  0.000000000e+00
  0.000000000e+00
@R CHII 101 []
  0.000000000e+00  0.000000000e+00  0.000000000e+00  0.000000000e+00
  0.000000000e+00  0.000000000e+00  0.000000000e+00  0.000000000e+00
  0.000000000e+00  0.000000000e+00  0.000000000e+00  0.000000000e+00
  0.000000000e+00  0.000000000e+00  0.000000000e+00  0.000000000e+00
  0.000000000e+00  0.000000000e+00  0.000000000e+00  0.000000000e+00
  0.000000000e+00  0.000000000e+00  0.000000000e+00  0.000000000e+00
  0.000000000e+00  0.000000000e+00  0.000000000e+00  0.000000000e+00
  0.000000000e+00  0.000000000e+00  0.000000000e+00  0.000000000e+00
  0.000000000e+00  0.000000000e+00  0.000000000e+00  0.000000000e+00
  0.000000000e+00  0.000000000e+00  0.000000000e+00  0.000000000e+00
  0.000000000e+00  0.000000000e+00  0.000000000e+00  0.000000000e+00
  0.000000000e+00  0.000000000e+00  0.000000000e+00  0.000000000e+00
  0.000000000e+00  0.000000000e+00  0.000000000e+00  0.000000000e+00
  0.000000000e+00  0.000000000e+00  0.000000000e+00  0.000000000e+00
  0.000000000e+00  0.000000000e+00  0.000000000e+00  0.000000000e+00
  0.000000000e+00  0.000000000e+00  0.000000000e+00  0.000000000e+00
  0.000000000e+00  0.000000000e+00  0.000000000e+00  0.000000000e+00
  0.000000000e+00  0.000000000e+00  0.000000000e+00  0.000000000e+00
  0.000000000e+00  0.000000000e+00  0.000000000e+00  0.000000000e+00
  0.000000000e+00  0.000000000e+00  0.000000000e+00  0.000000000e+00
  0.000000000e+00  0.000000000e+00  0.000000000e+00  0.000000000e+00
  0.000000000e+00  0.000000000e+00  0.000000000e+00  0.000000000e+00
  0.000000000e+00  0.000000000e+00  0.000000000e+00  0.000000000e+00
  0.000000000e+00  0.000000000e+00  0.000000000e+00  0.000000000e+00
  0.000000000e+00  0.000000000e+00  0.000000000e+00  0.000000000e+00
  0.000000000e+00
