&PROFILE_EXT
  NPSI_EXT = 257 
  PSIN_EXT = 0.0 0.00390625 0.0078125 0.01171875 0.015625 0.01953125  
    0.0234375 0.02734375 0.03125 0.03515625 0.0390625 0.04296875  
    0.046875 0.05078125 0.0546875 0.05859375 0.0625 0.06640625  
    0.0703125 0.07421875 0.078125 0.08203125 0.0859375 0.08984375  
    0.09375 0.09765625 0.1015625 0.10546875 0.109375 0.11328125  
    0.1171875 0.12109375 0.125 0.12890625 0.1328125 0.13671875 0.140625  
    0.14453125 0.1484375 0.15234375 0.15625 0.16015625 0.1640625  
    0.16796875 0.171875 0.17578125 0.1796875 0.18359375 0.1875  
    0.19140625 0.1953125 0.19921875 0.203125 0.20703125 0.2109375  
    0.21484375 0.21875 0.22265625 0.2265625 0.23046875 0.234375  
    0.23828125 0.2421875 0.24609375 0.25 0.25390625 0.2578125  
    0.26171875 0.265625 0.26953125 0.2734375 0.27734375 0.28125  
    0.28515625 0.2890625 0.29296875 0.296875 0.30078125 0.3046875  
    0.30859375 0.3125 0.31640625 0.3203125 0.32421875 0.328125  
    0.33203125 0.3359375 0.33984375 0.34375 0.34765625 0.3515625  
    0.35546875 0.359375 0.36328125 0.3671875 0.37109375 0.375  
    0.37890625 0.3828125 0.38671875 0.390625 0.39453125 0.3984375  
    0.40234375 0.40625 0.41015625 0.4140625 0.41796875 0.421875  
    0.42578125 0.4296875 0.43359375 0.4375 0.44140625 0.4453125  
    0.44921875 0.453125 0.45703125 0.4609375 0.46484375 0.46875  
    0.47265625 0.4765625 0.48046875 0.484375 0.48828125 0.4921875  
    0.49609375 0.5 0.50390625 0.5078125 0.51171875 0.515625 0.51953125  
    0.5234375 0.52734375 0.53125 0.53515625 0.5390625 0.54296875  
    0.546875 0.55078125 0.5546875 0.55859375 0.5625 0.56640625  
    0.5703125 0.57421875 0.578125 0.58203125 0.5859375 0.58984375  
    0.59375 0.59765625 0.6015625 0.60546875 0.609375 0.61328125  
    0.6171875 0.62109375 0.625 0.62890625 0.6328125 0.63671875 0.640625  
    0.64453125 0.6484375 0.65234375 0.65625 0.66015625 0.6640625  
    0.66796875 0.671875 0.67578125 0.6796875 0.68359375 0.6875  
    0.69140625 0.6953125 0.69921875 0.703125 0.70703125 0.7109375  
    0.71484375 0.71875 0.72265625 0.7265625 0.73046875 0.734375  
    0.73828125 0.7421875 0.74609375 0.75 0.75390625 0.7578125  
    0.76171875 0.765625 0.76953125 0.7734375 0.77734375 0.78125  
    0.78515625 0.7890625 0.79296875 0.796875 0.80078125 0.8046875  
    0.80859375 0.8125 0.81640625 0.8203125 0.82421875 0.828125  
    0.83203125 0.8359375 0.83984375 0.84375 0.84765625 0.8515625  
    0.85546875 0.859375 0.86328125 0.8671875 0.87109375 0.875  
    0.87890625 0.8828125 0.88671875 0.890625 0.89453125 0.8984375  
    0.90234375 0.90625 0.91015625 0.9140625 0.91796875 0.921875  
    0.92578125 0.9296875 0.93359375 0.9375 0.94140625 0.9453125  
    0.94921875 0.953125 0.95703125 0.9609375 0.96484375 0.96875  
    0.97265625 0.9765625 0.98046875 0.984375 0.98828125 0.9921875  
    0.99609375 1.0 
  PPRIME_EXT = 607429.8722652334 599800.7557639633 592272.2550803288  
    584844.37021433 577517.1011659668 570290.4479352392  
    563164.4105221473 556138.988926691 549214.1831488704  
    542389.9931886854 535666.4190461361 529043.4607212223  
    522521.11821394425 516099.39152430184 509778.28065229504  
    503557.7855979239 497437.9063611884 491418.64294208854  
    485499.99534062436 479681.96355679585 473964.5475906029  
    468347.74744204566 462831.56311112404 457415.994597838  
    452101.0419021877 446886.705024173 441602.743628846  
    436256.6644610511 431103.54049821466 426144.0467322258  
    421370.8400269407 416761.5893052034 412297.3660358784  
    407969.4541313151 403784.03594268515 399727.8369898367  
    395769.0059851054 391919.76124131115 388192.4204491703  
    384539.6051678187 380986.65673542535 377527.69969115546  
    374126.69009039446 370827.9240772589 367581.24628175166  
    364414.94449767016 361313.2480612558 358267.9006865174  
    355293.63810173084 352363.79505582736 349500.4168864861  
    346680.10388596926 343914.9997644911 341197.0110570637  
    338520.895751816 335897.5483171175 333303.82600860036  
    330766.19982729526 328251.73072959826 325788.9002272929  
    323353.77445451054 320954.0491384794 318598.4784081825  
    316253.9519271233 313972.29863765393 311685.26769253553  
    309460.6255045001 307245.3773190558 305054.461662655  
    302920.3989630719 300764.7223921892 298674.66837894754  
    296595.21218383306 294519.71415338526 292510.7753163371  
    290481.8640872133 288491.0662896329 286545.3770831784  
    284570.6110675741 282649.4408823009 280755.13082640234  
    278839.2208321393 276982.59632601147 275141.71329919965  
    273279.21193754 271472.54529449187 269681.7099999084  
    267870.27378822817 266110.71702755726 264373.85959177534  
    262609.60324877006 260882.92692510615 259193.41384937207  
    257480.89126425644 255788.0332431608 254140.68459829112  
    252479.30425038145 250813.64476749263 249196.17912276046  
    247592.10753615963 245964.3750096787 244360.78786411922  
    242797.2151002378 241223.80671353074 239641.8875784304  
    238096.26490808878 236571.15230085579 235029.25282515056  
    233496.29970117443 231998.936914402 230506.28372502228  
    228999.22931948066 227510.67980128218 226052.81129804745  
    224592.5126643108 223121.0464753927 221670.24276368058  
    220246.48661785392 218819.2703714384 217382.23719815467  
    215963.44770325063 214570.0041815153 213176.01334612333  
    211772.32796371414 210380.89387703413 209013.7576823978  
    207652.28991313872 206281.80565885984 204914.43624117115  
    203569.11303724535 202238.12797247042 200900.45931282343  
    199556.83757790935 198229.88054058456 196924.7142645055  
    195618.46936648074 194300.6177627475 192990.7864958502  
    191705.2346236444 190426.7832724704 189137.37030235125  
    187846.91298300028 186574.98670044384 185317.47882667062  
    184057.41732870793 182792.23669520835 181530.97506104317  
    180285.4668416052 179051.56581619335 177814.1514355418  
    176569.11212853366 175332.19786085252 174114.92695617577  
    172902.04808465473 171680.08828617795 170456.75575775612  
    169247.11229240554 168049.81438006094 166852.68999607267  
    165651.4873690468 164448.63882316352 163256.62499250734  
    162078.92707923573 160900.7071835993 159713.68843234854  
    158528.3207853949 157358.29743896428 156196.34582933772  
    155030.45376029608 153861.04519010487 152693.43662419904  
    151536.55812821042 150389.1910190819 149239.44317901426  
    148082.03291861375 146927.68906486325 145788.00122780853  
    144653.3814868101 143512.81312852429 142368.99010708396  
    141229.62381175323 140100.05279981025 138975.59840102028  
    137847.7368330225 136713.64838795748 135583.83292011468  
    134467.13521176527 133352.7632071122 132230.7674416817  
    131106.06508761068 129989.15038760978 128880.44998300954  
    127771.62353018782 126658.42627736036 125541.98213673031  
    124431.95698840183 123331.7974319809 122230.19455963554  
    121120.3977824508 120010.85766958157 118912.33092221933  
    117818.5534628882 116718.95707862503 115615.28848505797  
    114516.68064696123 113426.71553392432 112338.41229366919  
    111246.20491482354 110152.72765397819 109067.66179068203  
    107992.78915851931 106918.98622035346 105843.25243382464  
    104775.36134173835 103725.52591057151 102688.5522067945  
    101656.10786360026 100637.29990508081 99652.54743352876  
    98703.26379395212 97776.46187510862 96892.27181609208  
    96086.67995295348 95359.09492581617 94710.1837097825  
    94198.89708550775 93874.37577473291 93727.75728266817  
    93848.95359173411 94371.25610899899 95301.75750617162  
    96757.50014390289 99040.34990903217 102280.27033766436  
    106535.96638952821 112353.41986505111 120183.38854748663  
    130014.12206412801 142362.3899940045 157826.82795111916  
    176643.92975072283 198343.55283312686 221634.1767448957  
    246386.40282933676 271483.95145033335 291792.7355644753  
    304296.861680225 309100.5441205612 305014.7731656612  
    291049.20039723115 266995.97922277695 235350.536385349  
    198461.15205957327 156001.49877839282 107673.02424609367  
    53018.61192047817 -7961.738199710846 
  FFPRIM_EXT = 1.631705260535718 1.8018219241893012 1.9658470025329373  
    2.1267554206616017 2.284552784680929 2.439245630365024  
    2.590838702002821 2.739339384630558 2.884752089187744  
    3.027089229767971 3.1663483412675966 3.3025352596880353  
    3.4356546924552447 3.565712371781479 3.692713264925752  
    3.816662405707028 3.937564337596739 4.055424241228998  
    4.170247270731078 4.282036871399911 4.390798900224503  
    4.4965375174850415 4.599257928916642 4.698963434458211  
    4.795658349207128 4.889340690110685 4.984807529350508  
    5.081849390102511 5.173289695290908 5.25912558835895  
    5.339578568691655 5.415278985590382 5.486760669694295  
    5.554274134061648 5.617649441649119 5.677261947334731  
    5.7340100239603276 5.7875548522426 5.837550271460062  
    5.885328712244442 5.930185369411579 5.972282331550258  
    6.012633497605815 6.050000246681013 6.085787316372955  
    6.11920889501722 6.150701394397666 6.18050274697688  
    6.208196535433041 6.234534160558037 6.258898881345376  
    6.281945124412621 6.303332920099511 6.323290660384481  
    6.341967445115734 6.359059173195359 6.375209333549483  
    6.38968364612524 6.403396376993488 6.415561745030108  
    6.426839016168312 6.437022616186791 6.445858604290894  
    6.454277509111435 6.460833884571182 6.4674263778821555  
    6.472174792435851 6.476544279956075 6.480130382775833  
    6.482021397245273 6.484399975477785 6.484847877582094  
    6.484882361148619 6.484697028382995 6.482551301475958  
    6.48084141147953 6.477966555223041 6.473723962341337  
    6.4701718071298595 6.465026014034446 6.459016023399794  
    6.453487671602007 6.446206420744891 6.438368548114619  
    6.431014459343432 6.422004909849402 6.412434072059037  
    6.403313645080511 6.392646386905701 6.381229267953092  
    6.37044871199115 6.35851725996354 6.345436669241798  
    6.332865571077286 6.319636298350084 6.305031780591891  
    6.2906874029188025 6.276340739020218 6.26054578841339  
    6.244252840305261 6.228485101489918 6.21193303423704  
    6.1941528443497305 6.176511497521816 6.158980296644108  
    6.140328659500559 6.120980476696674 6.101960065730507  
    6.082568462135389 6.062071069682723 6.041307610046365  
    6.020805920814727 5.999670352451915 5.977560022626165  
    5.955374935514277 5.9333594716625075 5.910647897271451  
    5.887058366944136 5.863419725150978 5.839910910063132  
    5.81577002364903 5.790795238016512 5.7656871926519635  
    5.740699927282416 5.715239862433938 5.6889740120046035  
    5.6624039390213925 5.635930346773687 5.609225871729423  
    5.581774507917707 5.553781343136182 5.525816434531847  
    5.497862931759011 5.469306435896831 5.440001499478949  
    5.410566351126436 5.381290158066321 5.351642721688526  
    5.321177398602817 5.29035460822926 5.259665414448021  
    5.228844691193242 5.197360690845503 5.165318407453201  
    5.133175123592649 5.1010021854429 5.068556746856107  
    5.035515825973526 5.001985572147849 4.968373452322664  
    4.9347933532712 4.9008212071409325 4.866139840313458  
    4.831154813887991 4.796230756333554 4.761163696475448  
    4.725547506140229 4.689410285712521 4.653075431855704  
    4.616659234957909 4.580098831021651 4.543056638491656  
    4.5054311322401634 4.467618082580087 4.429842049545739  
    4.391824093085497 4.353191859844785 4.314135405643391  
    4.2749761204741175 4.2357019785934344 4.196168611362105  
    4.15613474798856 4.1156288559454905 4.07496620036464  
    4.034289001269643 3.993309983035271 3.9517121598686487  
    3.909747512669975 3.8677107907677253 3.8255292719256624  
    3.782993168899053 3.739957665440329 3.6965440935400573  
    3.652973901593506 3.609320948066543 3.5653078771764495  
    3.5206965732394635 3.4757626289248735 3.430767941388953  
    3.3855843638702785 3.339932618151492 3.293792174881369  
    3.2473776192796335 3.2008008293253334 3.1540323308361096  
    3.1068136565624784 3.059044928118836 3.011018528238977  
    2.9629126682007074 2.9145029326227077 2.865497069783391  
    2.8160536746925695 2.7664503168865453 2.7166382349105933  
    2.6663688643287795 2.615541887310581 2.5643368774529542  
    2.5128944932379955 2.461141052245975 2.408818634419519  
    2.3558728493439807 2.3025328470095197 2.2488749409779967  
    2.1946415359995717 2.1395568186040306 2.0837441450496303  
    2.027419794469455 1.9703441421176033 1.9119720394806263  
    1.852256203192335 1.7915371671440727 1.7292859678361092  
    1.6645485918824208 1.5973354818982415 1.5276321910257802  
    1.4538932332582213 1.3748253732823676 1.2906676415107645  
    1.1990729887087581 1.0965594805188839 0.982960639963262  
    0.855224349063216 0.7054624344437777 0.5303290438228468  
    0.32835814478202746 0.08526524416322284 -0.21071844351506258  
    -0.5591628795259822 -0.9735107393733844 -1.4694306384352522  
    -2.053098992210632 -2.712097285730311 -3.4125945479875783  
    -4.151768947990166 -4.90073182385289 -5.5251322360840405  
    -5.945980175126039 -6.165810249501952 -6.153562601268813  
    -5.883288710660597 -5.349275497758544 -4.615480934379848  
    -3.739694813516495 -2.7093259609791294 -1.5131686290232325  
    -0.12177422431428706 1.4648572531550599 
  P_EXT = 1640341.5052348764 1597595.6053907834 1571343.4394370152  
    1549291.2178793272 1529474.8890869287 1511125.731692785  
    1493845.3509533438 1477395.6181774419 1461618.8859852352  
    1446407.319615312 1431677.7171556621 1417368.5747133289  
    1403431.561263437 1389828.1646764446 1376526.6391972383  
    1363500.6682881583 1350728.0875799754 1338190.0723771194  
    1325870.4017311889 1313754.611856496 1301830.6032939139  
    1290087.219744499 1278514.7874831085 1267104.5038484926  
    1255848.646470497 1244739.8642516453 1233772.0518318675  
    1222938.971217174 1212235.4229315468 1201656.7116508756  
    1191198.040452281 1180855.1338351609 1170624.1459083408  
    1160501.6795178114 1150484.280474676 1140568.529092363  
    1130751.619212316 1121031.1880259134 1111404.1879918457  
    1101868.1402094034 1092421.2464779397 1083060.6320746467  
    1073784.7802047655 1064591.6862152596 1055479.0847566603  
    1046446.0245668801 1037489.8517661395 1028609.969282231  
    1019804.0034554482 1011071.1595841323 1002409.6389257303  
    993818.3331868462 985295.9324016587 976841.1877422961  
    968452.9988076746 960130.2662339548 951871.764623086  
    943676.848798499 935543.8836287655 927472.8558172733  
    919461.6608441665 911510.7754112177 903617.9666274321  
    895783.6321983193 888006.1304252374 880284.9873037767  
    872619.823254782 865008.931673154 857452.9965447809  
    849949.9881009881 842500.0427797388 835102.727798759  
    827756.407010114 820461.795345406 813217.4128275112  
    806022.6808010921 798877.9740262816 791781.4566736821  
    784733.4057559927 777733.6890824621 770780.6933049079  
    763874.8845995921 757015.7988810006 750201.9974175128  
    743434.0910118236 736711.5914230251 730033.1970476941  
    723399.3986224663 716809.8262919507 710263.1253556837  
    703759.7020994921 697299.555972806 690881.3704786962  
    684505.1192405638 678171.1183167645 671878.2194003335  
    665626.0267953346 659415.0587547133 653244.6567880511  
    647113.8183928628 641022.9034514667 634972.0218906174  
    628960.1346445286 622986.8462231718 617052.6166082555  
    611157.0481982941 605299.2454000625 599479.2683348216  
    593697.366973348 587952.8422313943 582245.1096066853  
    576574.4242864011 570940.8140202039 565343.5081475491  
    559782.1354023322 554256.9864816491 548767.9881984182  
    543314.4031142297 537895.9370361813 532512.8562644913  
    527165.0959351051 521851.99277391814 516573.2303570262  
    511329.01435169554 506119.361835847 500943.73241170926  
    495801.7194326669 490693.4172801723 485618.95603296766  
    480577.99590907467 475570.0075863718 470594.92214362556  
    465652.959465457 460744.0134598548 455867.51150363457  
    451023.18088139466 446211.24601798994 441431.8073408877  
    436684.3962223934 431968.557881419 427284.40386070043  
    422632.13352593436 418011.5196049589 413422.06950456224  
    408863.6698753007 404336.44159580255 399840.42101903027  
    395375.355332613 390940.85118547955 386536.8192474722  
    382163.431705946 377820.7293599917 373508.30514728685  
    369225.8167095162 364973.3749685619 360751.1430045713  
    356558.9650005944 352396.45600740844 348263.4806459638  
    344160.1005672626 340086.40044413396 336042.29418265005  
    332027.4070805829 328041.55787476007 324084.8996158048  
    320157.55952365627 316259.3021921648 312389.77807300707  
    308548.97726103885 304737.00186000485 300953.88310014165  
    297199.4711682629 293473.4697025622 289775.7933640139  
    286106.5906266042 282465.9595366254 278853.6435985888  
    275269.35007154814 271713.1332734309 268185.1197285038  
    264685.3022939059 261213.48763646133 257769.4679762575  
    254353.23015455078 250964.9085902355 247604.56666077592  
    244271.9436776912 240966.8143506306 237689.28223314806  
    234439.4977941527 231217.39828727813 228022.74486375484  
    224855.44301578475 221715.5597775554 218603.1997025899  
    215518.34823814913 212460.75424228035 209430.30325570342  
    206427.14348192856 203451.40613214503 200502.92835270378  
    197581.46937548136 194687.07093910495 191819.877228201  
    188979.8843075714 186166.89196678234 183380.7606858404  
    180621.53630869582 177889.29824700416 175183.97179767233  
    172505.2814405291 169853.08924532804 167227.4299634208  
    164628.25906152732 162055.23031718814 159507.92542270618  
    156986.15360957693 154489.7385849238 152018.09043904574  
    149570.27435700927 147145.5927726762 144743.36101913793  
    142362.02985213988 139999.5695870599 137654.14888577606  
    135323.2359796351 133002.64975179255 130687.82918317833  
    128373.74079588032 126051.84097132349 123711.91169056715  
    121343.11637558776 118928.84341610053 116446.29001382527  
    113871.60111924843 111174.48088264593 108308.91518043418  
    105225.37901967732 101870.28492063216 98172.27318619331  
    94051.85868734436 89428.84185241502 84247.88931028612  
    78476.2364600449 72082.61775968171 65114.30783103905  
    57742.994143721095 50156.58264336959 42557.92583566271  
    35181.34898595296 28273.788029191157 22064.025634573343  
    16699.266392760816 12313.168202735133 9046.811176102448  
    7050.123780332727 6484.1306918466535 
  F_EXT = 50.549058815 50.54827652782993 50.547412051226516  
    50.54646705279687 50.54544320758571 50.544342151049264  
    50.54316537252777 50.541914346419375 50.54059063072695  
    50.53919579007196 50.53773133274032 50.53619874426842  
    50.534599494661066 50.53293506393943 50.53120701795517  
    50.52941691133675 50.52756621250606 50.5256563751639  
    50.52368892207799 50.52166536769027 50.519587171013164  
    50.51745578522842 50.51527274910286 50.51303957518432  
    50.51075765747018 50.50842811264339 50.506051256063415  
    50.50362736479119 50.50115754756732 50.49864339960091  
    50.496087637073785 50.493493067780726 50.4908619310848  
    50.48819623134794 50.48549789985241 50.482768784451814  
    50.48001065537447 50.47722514424535 50.47441370093331  
    50.471577698971196 50.46871853338223 50.46583752123369  
    50.462935841295646 50.460014566628175 50.45707484472456  
    50.45411774676083 50.451144286520595 50.44815539577462  
    50.44515193926879 50.44213475654667 50.43910472281556  
    50.436062677501084 50.433009294148974 50.42994523113448  
    50.42687125300941 50.423788116874086 50.420696444424095  
    50.41759682269037 50.414489841143535 50.41137608966423  
    50.40825618918274 50.405130717373765 50.402000159888956  
    50.39886495583501 50.39572562562079 50.39258265148072  
    50.38943651038841 50.386287629823634 50.383136470476  
    50.379983477100296 50.37682910163662 50.37367377624267  
    50.370517876527515 50.367361750144326 50.36420575799302  
    50.36105023971763 50.35789556069183 50.35474207901133  
    50.351590177169626 50.348440223275716 50.34529253459346  
    50.34214739312267 50.33900507093493 50.335865849123415  
    50.33273009582593 50.32959817650473 50.32647034696426  
    50.32334683573166 50.32022789499262 50.31711379343423  
    50.314004844847986 50.310901352709124 50.30780353970185  
    50.30471161416914 50.301625823804834 50.298546433983574  
    50.29547373214545 50.292407978862435 50.28934937009308  
    50.28629808996868 50.283254392936755 50.280218532483396  
    50.27719068303871 50.27417103213608 50.271159844288604  
    50.26815739609976 50.265163858469165 50.262179397920036  
    50.25920422593662 50.256238563811785 50.25328257419332  
    50.2503364421844 50.24740041281965 50.24447473644217  
    50.241559540300074 50.23865496535933 50.235761219457274  
    50.232878532013004 50.23000704169378 50.22714690995217  
    50.2242983659778 50.22146164986357 50.218636864773245  
    50.21582413475221 50.21302365205551 50.21023564838933  
    50.2074602961318 50.20469774547407 50.20194813583632  
    50.199211607601605 50.19648834963343 50.19377855317523  
    50.19108239448558 50.1884000351253 50.18573160564116  
    50.18307725435455 50.18043716420266 50.17781152153486  
    50.175200463004025 50.17260411624641 50.17002264191768  
    50.16745620478431 50.164904961856195 50.16236906360173  
    50.15984865908665 50.15734390243942 50.15485495503532  
    50.15238197864031 50.149925100848634 50.147484465901236  
    50.145060244051656 50.14265261189227 50.14026170358966  
    50.13788763647251 50.13553053689081 50.13319055224571  
    50.13086786914108 50.128562676896465 50.12627507516024  
    50.12400518583445 50.12175317450315 50.11951923130158  
    50.11730346997547 50.11510600898345 50.11292700525554  
    50.11076662198792 50.10862498335745 50.10650221910027  
    50.10439852618818 50.102314072517345 50.1002489739525  
    50.09820331507866 50.0961772559709 50.09417098051813  
    50.0921846650955 50.090218469483666 50.08827248444993  
    50.08634681752519 50.084441676476736 50.082557243608235  
    50.080693628521644 50.078850909276596 50.07702931467823  
    50.07522902731158 50.073450140013534 50.071692725999064  
    50.069957023480164 50.06824327126117 50.06655155417013  
    50.06488196491021 50.06323467430356 50.06160990240636  
    50.06000777771448 50.0584284271597 50.0568719957377  
    50.05533864951654 50.053828586773534 50.05234199509715  
    50.05087902411414 50.049439810482184 50.04802448012135  
    50.046633199329754 50.04526621143485 50.04392372573268  
    50.042605865468786 50.04131272917362 50.040044598826924  
    50.038801717196975 50.03758423313973 50.03639226712005  
    50.03522614171413 50.034086156361106 50.03297248614163  
    50.03188530475521 50.0308249735525 50.02979190603159  
    50.028786426621764 50.02780889410113 50.02685976349999  
    50.025939611498984 50.02504912492219 50.02418909943706  
    50.02336041658334 50.02256416486489 50.02180182414456  
    50.0210751821191 50.02038630705862 50.01973777779183  
    50.01913309626805 50.01857669164595 50.018074026761674  
    50.017631918797754 50.01725904305373 50.01696651022509  
    50.01676853003046 50.01668283635595 50.016730845329604  
    50.016938102852194 50.01733609833909 50.0179607730859  
    50.01884943414399 50.02003882678257 50.021564339780376  
    50.02344504370823 50.02567738231919 50.02823204071869  
    50.03103793544897 50.03400332658789 50.03701740193792  
    50.039959723318056 50.0427137394617 50.04516904080558  
    50.047239132380525 50.048842707056295 50.04989474882897  
    50.050309370186326 50.05 
/

