&IN1
  ICONVR = 3 
  MXITER = -1 
  NXITER = 51 
  ERROR = 0.0001 
  RELAX = 0.5 
  IOUT = 4 
  ICURRT = 2 
  KPPFNC = 6 
  KPPCUR = 3 
  KFFFNC = 6 
  KFFCUR = 3 
  ISHOT = 1 
  ITIME = 0 
  ITIMEU = 0 
  ITEK = 0 
  ITRACE = 1 
  PLASMA = 10000000.0 
  BTOR = 11.0 
  RCENTR = 4.55 
  RZERO = 4.55 
  LIMITR = 5 
  XLIM = 6.0 3.5 3.5 6.0 6.0 
  YLIM = 1.93 1.93 -1.93 -1.93 1.93 
  NBDRY = 15 
  RBDRY = 5.75 5.717889612279765 5.599231274196216 5.333894952548324  
    4.862048988436734 4.215741544340384 3.606248672667517  
    3.3499999999999996 3.606248672667517 4.215741544340384  
    4.862048988436735 5.333894952548324 5.599231274196216  
    5.717889612279765 5.75 
  ZBDRY = 0.0 0.7289246817174976 1.3134768905462901 1.6378788924654637  
    1.6378788924654637 1.3134768905462901 0.7289246817174978  
    2.0574066225675533e-16 -0.7289246817174975 -1.31347689054629  
    -1.6378788924654637 -1.6378788924654637 -1.3134768905462901  
    -0.728924681717498 0.0 
  IERCHK = 0 
  NEXTRA = 0 
  SCRAPE = 0.01 
  PSIBRY = 0.0 
  CFCOIL = -10.0 
  ENP = 1.0 
  EMP = 1.0 
  FCURBD = 0 
  PCURBD = 0 
  FCZERO = 1.0 1.0 1.0 1.0 1.0 1.0 1.0 1.0 1.0 1.0 1.0 1.0 1.0 1.0 1.0  
    1.0 
  FCSUM = 1.0 1.0 1.0 1.0 1.0 1.0 1.0 1.0 1.0 1.0 1.0 1.0 1.0 1.0 1.0  
    1.0 
  IFREF = 2 
  PRBDRY = 10184.034272905077 
  KBETAPR = 1 
  FWTBDRY = 1.0 1.0 1.0 1.0 1.0 1.0 1.0 1.0 1.0 1.0 1.0 1.0 1.0 1.0 1.0 
  FWTBDRY(2) = 10.0 
  FWTBDRY(3) = 10.0 
  FWTBDRY(4) = 10.0 
  FWTBDRY(5) = 10.0 
  FWTBDRY(9) = 10.0 
  FWTBDRY(10) = 10.0 
  FWTBDRY(11) = 10.0 
  FWTBDRY(12) = 10.0 
/

&PROFILE_EXT
  NPSI_EXT = 257 
  PSIN_EXT = 0.0 0.00390625 0.0078125 0.01171875 0.015625 0.01953125  
    0.0234375 0.02734375 0.03125 0.03515625 0.0390625 0.04296875  
    0.046875 0.05078125 0.0546875 0.05859375 0.0625 0.06640625  
    0.0703125 0.07421875 0.078125 0.08203125 0.0859375 0.08984375  
    0.09375 0.09765625 0.1015625 0.10546875 0.109375 0.11328125  
    0.1171875 0.12109375 0.125 0.12890625 0.1328125 0.13671875 0.140625  
    0.14453125 0.1484375 0.15234375 0.15625 0.16015625 0.1640625  
    0.16796875 0.171875 0.17578125 0.1796875 0.18359375 0.1875  
    0.19140625 0.1953125 0.19921875 0.203125 0.20703125 0.2109375  
    0.21484375 0.21875 0.22265625 0.2265625 0.23046875 0.234375  
    0.23828125 0.2421875 0.24609375 0.25 0.25390625 0.2578125  
    0.26171875 0.265625 0.26953125 0.2734375 0.27734375 0.28125  
    0.28515625 0.2890625 0.29296875 0.296875 0.30078125 0.3046875  
    0.30859375 0.3125 0.31640625 0.3203125 0.32421875 0.328125  
    0.33203125 0.3359375 0.33984375 0.34375 0.34765625 0.3515625  
    0.35546875 0.359375 0.36328125 0.3671875 0.37109375 0.375  
    0.37890625 0.3828125 0.38671875 0.390625 0.39453125 0.3984375  
    0.40234375 0.40625 0.41015625 0.4140625 0.41796875 0.421875  
    0.42578125 0.4296875 0.43359375 0.4375 0.44140625 0.4453125  
    0.44921875 0.453125 0.45703125 0.4609375 0.46484375 0.46875  
    0.47265625 0.4765625 0.48046875 0.484375 0.48828125 0.4921875  
    0.49609375 0.5 0.50390625 0.5078125 0.51171875 0.515625 0.51953125  
    0.5234375 0.52734375 0.53125 0.53515625 0.5390625 0.54296875  
    0.546875 0.55078125 0.5546875 0.55859375 0.5625 0.56640625  
    0.5703125 0.57421875 0.578125 0.58203125 0.5859375 0.58984375  
    0.59375 0.59765625 0.6015625 0.60546875 0.609375 0.61328125  
    0.6171875 0.62109375 0.625 0.62890625 0.6328125 0.63671875 0.640625  
    0.64453125 0.6484375 0.65234375 0.65625 0.66015625 0.6640625  
    0.66796875 0.671875 0.67578125 0.6796875 0.68359375 0.6875  
    0.69140625 0.6953125 0.69921875 0.703125 0.70703125 0.7109375  
    0.71484375 0.71875 0.72265625 0.7265625 0.73046875 0.734375  
    0.73828125 0.7421875 0.74609375 0.75 0.75390625 0.7578125  
    0.76171875 0.765625 0.76953125 0.7734375 0.77734375 0.78125  
    0.78515625 0.7890625 0.79296875 0.796875 0.80078125 0.8046875  
    0.80859375 0.8125 0.81640625 0.8203125 0.82421875 0.828125  
    0.83203125 0.8359375 0.83984375 0.84375 0.84765625 0.8515625  
    0.85546875 0.859375 0.86328125 0.8671875 0.87109375 0.875  
    0.87890625 0.8828125 0.88671875 0.890625 0.89453125 0.8984375  
    0.90234375 0.90625 0.91015625 0.9140625 0.91796875 0.921875  
    0.92578125 0.9296875 0.93359375 0.9375 0.94140625 0.9453125  
    0.94921875 0.953125 0.95703125 0.9609375 0.96484375 0.96875  
    0.97265625 0.9765625 0.98046875 0.984375 0.98828125 0.9921875  
    0.99609375 1.0 
  PPRIME_EXT = 557490.6696598182 550427.9405053556 543458.4537722212  
    536582.2094604151 529799.207569937 523109.44810078724  
    516512.9310529656 510009.656426472 503599.62422130676  
    497282.8344374696 491059.28707496065 484928.98213377985  
    478891.91961392725 472948.0995154028 467097.52183820657  
    461340.1865823385 455676.0937477986 450105.24333458685  
    444627.6353427033 439243.269772148 433952.14662292076  
    428754.26589502173 423649.6275884509 418638.2317032082  
    413720.07823929377 408895.1671967074 404003.5762740509  
    399054.25726053625 394293.1014759262 389702.9363410614  
    385288.9431235846 381027.7014051133 376894.197497866  
    372889.55757410877 369021.25516073324 365268.1713627691  
    361604.8369502735 358046.8839488624 354597.8143072247  
    351218.95565524476 347933.5952041228 344735.31275281997  
    341589.90995744325 338539.2402791776 335539.5258257862  
    332608.8341114877 329746.1937486284 326926.64435526193  
    324182.2475005351 321472.03804910404 318828.4890050128  
    316221.4998735307 313669.0574957122 311156.481415605  
    308688.41850966855 306262.7367778823 303871.8947594657  
    301528.0037679755 299206.84059490566 296940.10285530216  
    294684.02665972 292484.32971240045 290296.1823064843  
    288150.59272047813 286034.16543608403 283933.25405293796  
    281885.8550852516 279831.01037541614 277837.1492886456  
    275843.60505539307 273878.83492720255 271960.3557533644  
    270021.81778370717 268145.8972331049 266274.36081507185  
    264408.4307117617 262602.8173572968 260777.08022949944  
    258986.52055931254 257237.2922008679 255460.20751529053  
    253730.85455515783 252028.31448589277 250303.8988465601  
    248631.88760087173 246978.4461721845 245301.66995280987  
    243673.21731607616 242065.4821437216 240435.72681179037  
    238849.11600174924 237290.03921715554 235704.39606577295  
    234146.33591599503 232629.0620276298 231093.55271251703  
    229566.0476576655 228083.0722258853 226595.67151570634  
    225096.92242495174 223638.45387550423 222201.2410530961  
    220741.87322326997 219295.65539349325 217890.5539025906  
    216484.55730302492 215062.9373346204 213668.58322755276  
    212303.31461550502 210927.06049033403 209546.7830029828  
    208197.34376720613 206865.419825579 205520.56258237915  
    204179.57591310603 202868.03061462005 201567.53230583115  
    200255.176357819 198948.94470173304 197669.6670445775  
    196400.3589009127 195120.74620493106 193844.81477021467  
    192593.27903106308 191354.67871749165 190107.6390784796  
    188858.91649925598 187631.16753068927 186421.4645293323  
    185206.56529732575 183984.01918479952 182776.88269608485  
    181592.53816621652 180408.51581085828 179213.07530244853  
    178025.13460493376 176861.1766207984 175704.93245733384  
    174538.4396807652 173371.269989811 172222.60660596535  
    171088.25691146665 169951.46641203866 168810.09279592935  
    167673.7783472871 166553.3141347267 165443.58776794173  
    164330.6027611802 163211.2786022083 162100.95460579114  
    161009.78660903458 159922.5951042773 158826.90640821366  
    157730.9383067559 156649.45175378368 155579.87379844015  
    154510.1228564194 153437.08924155025 152363.7001450056  
    151301.50545607158 150253.07450882622 149204.46196235775  
    148148.1716062879 147094.1744722214 146055.43529337482  
    145024.88784106568 143991.32375178207 142955.19330854403  
    141920.81091340806 140896.9548639208 139883.4960058279  
    138868.91561410105 137847.54010429542 136828.69189967652  
    135823.93504879967 134825.68531486508 133823.87051016797  
    132819.6713349329 131817.31387881504 130824.3008892656  
    129840.11570130831 128854.6320274958 127862.76470336424  
    126872.92755092902 125895.77685617414 124924.35851544689  
    123949.26711437441 122971.61981010623 121995.74366229065  
    121028.49269279439 120068.84956680097 119107.61360802787  
    118140.53220652312 117175.75153879827 116222.86776592094  
    115274.9614661822 114323.2407112151 113369.20539328529  
    112418.7793041305 111477.59566542218 110542.5612569863  
    109605.96410145395 108666.08087942596 107732.45900775265  
    106812.22747807503 105897.39210637455 104981.73808040933  
    104070.40323665604 103172.02535372853 102290.2480512714  
    101422.3298547038 100564.95834731072 99722.70217381627  
    98914.7973096643 98149.77431488727 97415.24477235087  
    96723.49439929175 96110.27292558717 95587.71360149991  
    95153.10473875077 94854.7404333532 94746.37404532218  
    94825.1870314355 95162.36132972757 95890.11390047995  
    97046.29600553284 98659.12735392153 101013.88847078351  
    104354.50564132776 108624.74417499456 114173.36933032205  
    121647.64588576727 131205.74954693008 142947.3098720719  
    157835.31490202592 176617.71043309494 199261.41641294936  
    226086.75055327985 257477.83643314612 293813.0726967243  
    334245.4165771147 375597.84469963005 416295.1188608471  
    456546.33428973996 490087.47384712304 510922.16074292734  
    518907.0882792903 514257.04746544687 497490.47926505527  
    468351.80773754395 427438.95830115065 377021.9801721027  
    318016.8407840313 250020.04431282904 172828.81700881344  
    86068.0733581364 -10262.186641454697 
  FFPRIM_EXT = 6.581910361685563 6.726882654522077 6.862309428440872  
    6.994613281162447 7.124044481017288 7.250632151297601  
    7.3743816287893065 7.49530139453564 7.613391815380335  
    7.728665834117043 7.841119504000591 7.950755569965937  
    8.057577570685602 8.16158857277408 8.262794271318421  
    8.36119711002869 8.45680023542915 8.549607494727777  
    8.639621852515845 8.726847539916058 8.811288531635366  
    8.892945705000848 8.971824449082654 9.047925183712747  
    9.12125357675323 9.191804774896266 9.264069546724802  
    9.337800131972585 9.406097155670881 9.469458735639893  
    9.527753860408922 9.581637759325744 9.631811803832239  
    9.67824947181295 9.720743400223162 9.759885402947308  
    9.796392247941084 9.829829345682704 9.860097007226756  
    9.888279778488148 9.91373001198967 9.936623764600025  
    9.957921520669508 9.976454603867808 9.99344474255556  
    10.008393755727408 10.021322107733816 10.03293294181264  
    10.042327444233614 10.050651155024848 10.05700126488282  
    10.062212624949195 10.065788998283889 10.068133894959521  
    10.069126921957164 10.068819054628538 10.067428209656404  
    10.064609345197209 10.061043043124865 10.055843459276453  
    10.050230548194005 10.042934395049734 10.035195168841327  
    10.02616049321227 10.01619090179793 10.005677348438553  
    9.993553872051057 9.981518577864861 9.967671400388234  
    9.95368978336942 9.938795956414806 9.92249118637696  
    9.90662404536824 9.888903191454684 9.870934094848604  
    9.8526923341928 9.832650450427197 9.813038123541975  
    9.792334691268776 9.770357093561696 9.749026188378071  
    9.726254912326594 9.702609984925688 9.679443590494131  
    9.654701178622778 9.629310599251898 9.60444167644086  
    9.578114159195827 9.551076454312092 9.524515175620378  
    9.496633810418668 9.46785575810443 9.439681165035438  
    9.410618212703708 9.380287093672088 9.350319168409461  
    9.32000418402675 9.288326536011022 9.256626218190279  
    9.22510219106439 9.192332754303314 9.1588333511284  
    9.125803056801459 9.09227527473668 9.057470408509648  
    9.022540212100086 8.987898898439802 8.952369735273422  
    8.915892027804151 8.879563554166904 8.843199387902562  
    8.805842633009664 8.767852735911056 8.730064698618005  
    8.692021731316512 8.653019514295648 8.613556520349906  
    8.574261782372087 8.53464640637789 8.494136188233892  
    8.453190798640339 8.412366977937713 8.371286176789067  
    8.329376881367516 8.28694514193641 8.244578005572453  
    8.20209717020493 8.158880133764466 8.114996549195315  
    8.071080625579265 8.027205286687305 7.982743145163919  
    7.93748536058779 7.8920392487502475 7.846728502736639  
    7.801041272793203 7.7545232408549065 7.707609297201041  
    7.660790230412254 7.61381076607066 7.566147722725176  
    7.517906446797295 7.469539962107964 7.421109262492361  
    7.372353794809553 7.322977270609934 7.273112770014578  
    7.223138538004317 7.173141018441388 7.122705251503833  
    7.0715488653470056 7.02007600393926 6.968627030843845  
    6.916984710160595 6.864749148015179 6.8119782895024805  
    6.758993897637385 6.705883978992647 6.652573579410616  
    6.598748183294145 6.544328518225597 6.489686564515532  
    6.435027661989551 6.380086948769945 6.324512173096954  
    6.268481876676269 6.212295062660375 6.155943184743762  
    6.099312927552685 6.042164665160709 5.98449252405196  
    5.92660048319309 5.868642714943335 5.810373079211355  
    5.75147956964688 5.69215271399353 5.632659190548356  
    5.572970690921991 5.512976413874309 5.452469381057973  
    5.39145284374348 5.330195792666436 5.268837229519953  
    5.207152791655734 5.144849776760916 5.0821063268298605  
    5.019173485433335 4.956021523047214 4.892532809393231  
    4.828519446217672 4.764000992185581 4.699218920207322  
    4.6342881602475945 4.56899206615355 4.503067138886292  
    4.436687493792437 4.37008550670385 4.303221238260468  
    4.235933919907315 4.168067676330186 4.099697315546793  
    4.0310224763947655 3.9620881414780844 3.892639601160625  
    3.8224788893752994 3.751806467465005 3.6807864488422206  
    3.609285517310794 3.5370719856973363 3.4640355295551633  
    3.3902412050841892 3.315779330419293 3.24053155070637  
    3.1639839754961283 3.085900797822447 3.0066088278998215  
    2.92578864868386 2.8424999276478977 2.7564222808503716  
    2.667626466483719 2.5748459786656 2.476682339286114  
    2.3732361987293125 2.2626308986073767 2.1413988003399753  
    2.0086095104176236 1.8635956971345322 1.6988601179065244  
    1.5080419695127656 1.2928006127649452 1.0440910383319764  
    0.7449820407056966 0.3915492123995449 -0.018493994338207396  
    -0.5102327400186952 -1.1030151495760578 -1.7954657977854063  
    -2.5954714032592863 -3.512569228991347 -4.556439965468316  
    -5.704606604536877 -6.873149952638665 -8.020678048124303  
    -9.153857223781248 -10.109140451520933 -10.729996158580203  
    -11.014186551555046 -10.967968206673731 -10.605501984361211  
    -9.920913180860474 -8.930258807749931 -7.692387143255728  
    -6.228727313404388 -4.528467594650882 -2.583136796562244  
    -0.37140500148375066 2.106727790615878 
/

