 25-Jul-25 07/09/2014
     1               1
  0.100000000E+01
*   1.000             1               0 MAR   3   2 CLC    40   41
  0.000000000E+00 0.170000000E+03 0.200000000E+01 0.679320679E+06
  0.679320679E+06 0.172145935E+03 0.814136606E+00 0.413767045E+02
  0.134298111E+01-0.373345700E+00-0.309148949E+00 0.773683974E+07
  0.176306820E+03 0.180917135E+01 0.229594947E+01 0.991872344E+00
  0.498449007E+00 0.857376273E+00 0.100000000E+11 0.106531871E+02
  0.100000000E+11 0.100000000E+11 0.201017804E+01-0.122165165E+01
  0.767958052E+02 0.107185293E+03 0.523262064E+02
  0.000000000E+00 0.000000000E+00 0.000000000E+00
  0.825733699E+02 0.795592589E+02
  0.000000000E+00 0.000000000E+00
  0.160774782E+01 0.278611904E+00 0.202187566E+01 0.843710719E+00
  0.767597358E+00 0.219522269E+01-0.500000000E+02-0.500000000E+02
 -0.500000000E+02 0.304028844E+00 0.704567748E+04 0.178663177E+06
  0.856316583E-04 0.128989478E+01 0.959775976E+00 0.708241593E-02
  0.127723067E+01 0.172541961E+03 0.000000000E+00 0.000000000E+00
 -0.999000000E+03-0.999000000E+03-0.999000000E+03-0.999000000E+03
 -0.100000000E+03-0.500000000E+02 0.194161426E+01 0.191436369E+01
  0.798973688E+01 0.397585859E+02 0.100000000E+03 0.106531871E+02
  0.177604706E+03 0.205264465E+01 0.467186387E+00 0.000000000E+00
  0.100462996E+01 0.199913062E+01 0.360097779E+06 0.000000000E+00
  0.000000000E+00 0.000000000E+00 0.877727445E+00 0.100000000E+02
    44   60   18    6
  0.174743437E+00 0.136099995E+00 0.186614876E+00 0.151999838E+00
  0.683813067E-01-0.166099918E-01 0.544428794E+00-0.670453518E-01
 -0.467589962E+00 0.244156271E+00 0.141576721E+00 0.164736026E-01
 -0.424742473E-01-0.693203777E-01-0.839945283E-01 0.557367287E+00
 -0.749812812E-01 0.322565240E-02 0.217548226E+00 0.156431841E+00
  0.163622704E+00 0.167637796E+00 0.102338065E+00 0.227899823E-01
 -0.331593144E+00 0.404308866E+00 0.433430845E+00 0.292810570E-01
  0.801209300E-01 0.202180386E+00 0.817472653E-01-0.111628441E-01
 -0.472514515E-01-0.605672887E-01 0.113107493E+00 0.480695068E+00
  0.469803203E+00-0.432422403E-01 0.274515769E-01-0.236112472E-01
  0.858928740E-02 0.208659854E-01 0.694515608E-01 0.132320358E+00
  0.109038901E+00 0.243143673E+00 0.239535452E+00-0.149587336E+00
 -0.254569847E+00-0.387938756E-01 0.288842003E+00 0.637523725E+00
  0.292764256E+00-0.158173282E+00-0.332760739E+00-0.873210101E-01
  0.233444632E+00 0.317932977E+00 0.252407473E+00-0.378285410E-01
  0.127346272E+00 0.261873030E+00 0.188467747E+00 0.202011384E+00
  0.207222906E+00 0.197887714E+00 0.260383920E+00-0.104203880E+00
 -0.312549522E+00-0.286191308E+00-0.610817561E-01 0.298140652E+00
  0.356686081E+00 0.267574122E+00 0.392608805E+00 0.764264418E+00
  0.305061007E+00 0.409301926E-01-0.194607462E+00-0.269211831E+00
 -0.692330665E-01 0.885066505E-01 0.316601435E+00 0.250163907E+00
  0.358589619E+00 0.107192512E+00-0.597873683E-01-0.249221272E+00
 -0.305075457E+00-0.104876436E+00 0.256995918E+00 0.198762109E+00
  0.206233278E+00 0.202319279E+00 0.185377730E+00 0.258861585E+00
  0.129199734E+00-0.341787739E-01 0.111789215E+00 0.243064524E+00
  0.241738305E+00-0.135083270E+00-0.259890799E+00-0.369120732E-01
  0.269899078E+05-0.553204241E+05 0.252492544E+06 0.243869940E+06
  0.105281294E+06-0.311532542E+06 0.616512589E+06-0.442387509E+05
 -0.772028443E+06 0.344923222E+06 0.822845388E+05-0.124709931E+06
 -0.118768725E+06-0.104819804E+06-0.410262153E+06 0.560430749E+06
 -0.124681440E+06-0.141424173E+06
  0.000000000E+00 0.000000000E+00 0.000000000E+00 0.000000000E+00
  0.000000000E+00 0.000000000E+00
  0.000000000E+00 0.000000000E+00 0.000000000E+00 0.000000000E+00
  0.000000000E+00 0.000000000E+00 0.000000000E+00 0.000000000E+00
  0.000000000E+00 0.000000000E+00 0.554441492E+02 0.000000000E+00
  0.252192858E+00 0.821527742E+00 0.400000006E+02-0.142184505E+00
 -0.113306818E+01 0.000000000E+00 0.999000000E+03 0.191421624E+01
 -0.100000000E+02 0.959775976E+00 0.000000000E+00 0.511012717E-01
 -0.100000000E+02 0.000000000E+00 0.214856239E+01 0.000000000E+00
  0.185282868E+00 0.244465183E+01 0.130769231E+01 0.213306468E+01
  0.337345767E+02 0.364636735E+01-0.890000000E+02-0.890000000E+02
 -0.890000000E+02-0.890000000E+02-0.890000000E+02-0.890000000E+02
 -0.890000000E+02-0.890000000E+02-0.890000000E+02-0.890000000E+02
 -0.890000000E+02-0.890000000E+02-0.890000000E+02-0.890000000E+02
 -0.890000000E+02 0.000000000E+00 0.706182309E+00 0.946817455E+00
  0.141343363E+03 0.184937500E+03 0.000000000E+00 0.820914992E+00
  0.100000000E+01 0.000000000E+00 0.000000000E+00 0.000000000E+00
                                            EQG
