 22-Jul-25 07/09/2014
     1               1
  0.100000000E+01
*   1.000             1               0 MAR   3   2 CLC    40   41
  0.000000000E+00 0.170000000E+03 0.200000000E+01 0.679320679E+06
  0.679320679E+06 0.172145935E+03 0.814136541E+00 0.413767045E+02
  0.134298111E+01-0.373345701E+00-0.309148950E+00 0.773683974E+07
  0.176306820E+03 0.180917139E+01 0.229594946E+01 0.991872117E+00
  0.498448893E+00 0.857376275E+00 0.100000000E+11 0.106531872E+02
  0.100000000E+11 0.100000000E+11 0.201017803E+01-0.122165168E+01
  0.767958052E+02 0.107185293E+03 0.523262062E+02
  0.000000000E+00 0.000000000E+00 0.000000000E+00
  0.825733698E+02 0.795592589E+02
  0.000000000E+00 0.000000000E+00
  0.160774782E+01 0.278611904E+00 0.202187565E+01 0.843710484E+00
  0.767597357E+00 0.219522269E+01-0.500000000E+02-0.500000000E+02
 -0.500000000E+02 0.304028845E+00 0.704567748E+04 0.178663137E+06
  0.856701497E-04 0.128989476E+01 0.959775974E+00 0.708241758E-02
  0.127723066E+01 0.172541959E+03 0.000000000E+00 0.000000000E+00
 -0.999000000E+03-0.999000000E+03-0.999000000E+03-0.999000000E+03
 -0.100000000E+03-0.500000000E+02 0.194161428E+01 0.191436370E+01
  0.798973424E+01 0.397585859E+02 0.100000000E+03 0.106531872E+02
  0.177604705E+03 0.205264458E+01 0.467186387E+00 0.000000000E+00
  0.100462996E+01 0.199913061E+01 0.360097779E+06 0.000000000E+00
  0.000000000E+00 0.000000000E+00 0.877727394E+00 0.100000000E+02
    44   60   18    6
  0.174743433E+00 0.136099988E+00 0.186614867E+00 0.151999832E+00
  0.683813062E-01-0.166099862E-01 0.544428787E+00-0.670453465E-01
 -0.467589940E+00 0.244156265E+00 0.141576717E+00 0.164736068E-01
 -0.424742412E-01-0.693203704E-01-0.839945197E-01 0.557367286E+00
 -0.749812712E-01 0.322566527E-02 0.217548222E+00 0.156431836E+00
  0.163622696E+00 0.167637789E+00 0.102338062E+00 0.227899837E-01
 -0.331593127E+00 0.404308862E+00 0.433430841E+00 0.292810612E-01
  0.801209334E-01 0.202180382E+00 0.817472658E-01-0.111628388E-01
 -0.472514451E-01-0.605672808E-01 0.113107502E+00 0.480695069E+00
  0.469803204E+00-0.432422319E-01 0.274515838E-01-0.236112377E-01
  0.858929812E-02 0.208659932E-01 0.694515689E-01 0.132320365E+00
  0.109038909E+00 0.243143677E+00 0.239535462E+00-0.149587316E+00
 -0.254569830E+00-0.387938736E-01 0.288841992E+00 0.637523703E+00
  0.292764245E+00-0.158173279E+00-0.332760731E+00-0.873210073E-01
  0.233444629E+00 0.317932970E+00 0.252407468E+00-0.378285276E-01
  0.127346286E+00 0.261873025E+00 0.188467746E+00 0.202011383E+00
  0.207222898E+00 0.197887705E+00 0.260383907E+00-0.104203879E+00
 -0.312549518E+00-0.286191304E+00-0.610817561E-01 0.298140645E+00
  0.356686074E+00 0.267574110E+00 0.392608791E+00 0.764264391E+00
  0.305060995E+00 0.409301898E-01-0.194607458E+00-0.269211824E+00
 -0.692330641E-01 0.885066495E-01 0.316601429E+00 0.250163902E+00
  0.358589612E+00 0.107192509E+00-0.597873683E-01-0.249221269E+00
 -0.305075453E+00-0.104876435E+00 0.256995906E+00 0.198762100E+00
  0.206233270E+00 0.202319279E+00 0.185377730E+00 0.258861580E+00
  0.129199747E+00-0.341787606E-01 0.111789223E+00 0.243064527E+00
  0.241738315E+00-0.135083251E+00-0.259890782E+00-0.369120714E-01
  0.269899080E+05-0.553204323E+05 0.252492527E+06 0.243869930E+06
  0.105281292E+06-0.311532536E+06 0.616512574E+06-0.442387487E+05
 -0.772028415E+06 0.344923211E+06 0.822845267E+05-0.124709921E+06
 -0.118768718E+06-0.104819801E+06-0.410262145E+06 0.560430742E+06
 -0.124681433E+06-0.141424163E+06
  0.000000000E+00 0.000000000E+00 0.000000000E+00 0.000000000E+00
  0.000000000E+00 0.000000000E+00
  0.000000000E+00 0.000000000E+00 0.000000000E+00 0.000000000E+00
  0.000000000E+00 0.000000000E+00 0.000000000E+00 0.000000000E+00
  0.000000000E+00 0.000000000E+00 0.554441492E+02 0.000000000E+00
  0.252192858E+00 0.821528034E+00 0.400000006E+02-0.142184502E+00
 -0.113306817E+01 0.000000000E+00 0.999000000E+03 0.191421625E+01
 -0.100000000E+02 0.959775974E+00 0.000000000E+00 0.511012785E-01
 -0.100000000E+02 0.000000000E+00 0.214856239E+01 0.000000000E+00
  0.185282869E+00 0.244465152E+01 0.130769231E+01 0.213306468E+01
  0.337345767E+02 0.364636694E+01-0.890000000E+02-0.890000000E+02
 -0.890000000E+02-0.890000000E+02-0.890000000E+02-0.890000000E+02
 -0.890000000E+02-0.890000000E+02-0.890000000E+02-0.890000000E+02
 -0.890000000E+02-0.890000000E+02-0.890000000E+02-0.890000000E+02
 -0.890000000E+02 0.000000000E+00 0.706182310E+00 0.946817456E+00
  0.141343363E+03 0.184937500E+03 0.000000000E+00 0.820914994E+00
  0.100000000E+01 0.000000000E+00 0.000000000E+00 0.000000000E+00
                                            EQG
