@R IP 1 []
  9.999999995e+06
@R BCENTR 1 []
  1.100000000e+01
@R RMAJOR 1 []
  4.550000000e+00
@R AMINOR 1 []
  1.201355487e+00
@R KAPPA 1 []
  1.397233749e+00
@R DELTA 1 []
 -4.850525476e-01
@I NRHO 1 []
              101
@R RHOB 1 []
  1.382667191e+00
@R RHO 101 []
  0.000000000e+00  1.000000000e-02  2.000000000e-02  3.000000000e-02
  4.000000000e-02  5.000000000e-02  6.000000000e-02  7.000000000e-02
  8.000000000e-02  9.000000000e-02  1.000000000e-01  1.100000000e-01
  1.200000000e-01  1.300000000e-01  1.400000000e-01  1.500000000e-01
  1.600000000e-01  1.700000000e-01  1.800000000e-01  1.900000000e-01
  2.000000000e-01  2.100000000e-01  2.200000000e-01  2.300000000e-01
  2.400000000e-01  2.500000000e-01  2.600000000e-01  2.700000000e-01
  2.800000000e-01  2.900000000e-01  3.000000000e-01  3.100000000e-01
  3.200000000e-01  3.300000000e-01  3.400000000e-01  3.500000000e-01
  3.600000000e-01  3.700000000e-01  3.800000000e-01  3.900000000e-01
  4.000000000e-01  4.100000000e-01  4.200000000e-01  4.300000000e-01
  4.400000000e-01  4.500000000e-01  4.600000000e-01  4.700000000e-01
  4.800000000e-01  4.900000000e-01  5.000000000e-01  5.100000000e-01
  5.200000000e-01  5.300000000e-01  5.400000000e-01  5.500000000e-01
  5.600000000e-01  5.700000000e-01  5.800000000e-01  5.900000000e-01
  6.000000000e-01  6.100000000e-01  6.200000000e-01  6.300000000e-01
  6.400000000e-01  6.500000000e-01  6.600000000e-01  6.700000000e-01
  6.800000000e-01  6.900000000e-01  7.000000000e-01  7.100000000e-01
  7.200000000e-01  7.300000000e-01  7.400000000e-01  7.500000000e-01
  7.600000000e-01  7.700000000e-01  7.800000000e-01  7.900000000e-01
  8.000000000e-01  8.100000000e-01  8.200000000e-01  8.300000000e-01
  8.400000000e-01  8.500000000e-01  8.600000000e-01  8.700000000e-01
  8.800000000e-01  8.900000000e-01  9.000000000e-01  9.100000000e-01
  9.200000000e-01  9.300000000e-01  9.400000000e-01  9.500000000e-01
  9.600000000e-01  9.700000000e-01  9.800000000e-01  9.900000000e-01
  1.000000000e+00
@R VOLP 101 []
  0.000000000e+00  2.693440790e+00  5.386612584e+00  8.079249895e+00
  1.077108541e+01  1.346185832e+01  1.615131409e+01  1.883919750e+01
  2.152526519e+01  2.420928276e+01  2.689101693e+01  2.957024978e+01
  3.224677529e+01  3.492038826e+01  3.759090201e+01  4.025814436e+01
  4.292194235e+01  4.558214655e+01  4.823861964e+01  5.089122643e+01
  5.353984987e+01  5.618438907e+01  5.882474188e+01  6.146081999e+01
  6.409255083e+01  6.671985493e+01  6.934267014e+01  7.196096720e+01
  7.457472127e+01  7.718388451e+01  7.978838641e+01  8.238813512e+01
  8.498303079e+01  8.757299274e+01  9.015793935e+01  9.273777655e+01
  9.531242184e+01  9.788179755e+01  1.004458114e+02  1.030043677e+02
  1.055573890e+02  1.081047942e+02  1.106464805e+02  1.131823692e+02
  1.157123827e+02  1.182364173e+02  1.207543936e+02  1.232662292e+02
  1.257718366e+02  1.282711272e+02  1.307640303e+02  1.332504583e+02
  1.357303266e+02  1.382035596e+02  1.406701084e+02  1.431298861e+02
  1.455828174e+02  1.480288634e+02  1.504679702e+02  1.529000826e+02
  1.553251666e+02  1.577432003e+02  1.601541598e+02  1.625580465e+02
  1.649548719e+02  1.673446639e+02  1.697274601e+02  1.721033357e+02
  1.744723899e+02  1.768347336e+02  1.791905129e+02  1.815399277e+02
  1.838832179e+02  1.862206480e+02  1.885525520e+02  1.908793526e+02
  1.932015319e+02  1.955196410e+02  1.978343286e+02  2.001463683e+02
  2.024566739e+02  2.047663177e+02  2.070766241e+02  2.093892095e+02
  2.117059302e+02  2.140288782e+02  2.163603167e+02  2.187029177e+02
  2.210601867e+02  2.234367637e+02  2.258384559e+02  2.282723706e+02
  2.307476891e+02  2.332774618e+02  2.358750613e+02  2.385398508e+02
  2.412500498e+02  2.440025154e+02  2.468939924e+02  2.502373486e+02
  2.542583704e+02
@R IPOL 101 []
  1.010139015e+00  1.010138999e+00  1.010138936e+00  1.010138779e+00
  1.010138452e+00  1.010137848e+00  1.010136832e+00  1.010135241e+00
  1.010132886e+00  1.010129554e+00  1.010125012e+00  1.010119005e+00
  1.010111260e+00  1.010101487e+00  1.010089382e+00  1.010074632e+00
  1.010056913e+00  1.010035908e+00  1.010011286e+00  1.009982726e+00
  1.009949912e+00  1.009912533e+00  1.009870294e+00  1.009822917e+00
  1.009770142e+00  1.009711733e+00  1.009647480e+00  1.009577147e+00
  1.009500435e+00  1.009417207e+00  1.009327561e+00  1.009231609e+00
  1.009129467e+00  1.009021269e+00  1.008907145e+00  1.008787248e+00
  1.008661732e+00  1.008530773e+00  1.008394548e+00  1.008253225e+00
  1.008107006e+00  1.007956093e+00  1.007800693e+00  1.007641024e+00
  1.007477309e+00  1.007309757e+00  1.007138632e+00  1.006964168e+00
  1.006786601e+00  1.006606200e+00  1.006423214e+00  1.006237910e+00
  1.006050555e+00  1.005861419e+00  1.005670783e+00  1.005478915e+00
  1.005286104e+00  1.005092634e+00  1.004898782e+00  1.004704839e+00
  1.004511100e+00  1.004317842e+00  1.004125358e+00  1.003933938e+00
  1.003743872e+00  1.003555437e+00  1.003368923e+00  1.003184616e+00
  1.003002796e+00  1.002823734e+00  1.002647703e+00  1.002474979e+00
  1.002305826e+00  1.002140502e+00  1.001979260e+00  1.001822348e+00
  1.001670009e+00  1.001522481e+00  1.001379989e+00  1.001242753e+00
  1.001110978e+00  1.000984868e+00  1.000864621e+00  1.000750413e+00
  1.000642415e+00  1.000540792e+00  1.000445694e+00  1.000357270e+00
  1.000275662e+00  1.000201017e+00  1.000133513e+00  1.000073394e+00
  1.000021035e+00  9.999770858e-01  9.999427610e-01  9.999204820e-01
  9.999157719e-01  9.999366836e-01  9.999778987e-01  1.000010322e+00
  1.000000000e+00
@R G11 101 []
  0.000000000e+00  2.702054458e+00  5.404415826e+00  8.107192223e+00
  1.081060552e+01  1.351465994e+01  1.621958046e+01  1.892551422e+01
  2.163256874e+01  2.434111963e+01  2.705123487e+01  2.976272520e+01
  3.247698815e+01  3.519098148e+01  3.791029540e+01  4.061917558e+01
  4.333866120e+01  4.606504806e+01  4.878758476e+01  5.152743151e+01
  5.425403588e+01  5.698647202e+01  5.973074739e+01  6.247433920e+01
  6.521772340e+01  6.796397159e+01  7.071407968e+01  7.346852603e+01
  7.622731732e+01  7.898972882e+01  8.175573362e+01  8.452527017e+01
  8.729775521e+01  9.007356211e+01  9.285335221e+01  9.563838800e+01
  9.843086072e+01  1.012324140e+02  1.040314775e+02  1.068303134e+02
  1.096495835e+02  1.124708435e+02  1.152853147e+02  1.181251570e+02
  1.209607571e+02  1.238037304e+02  1.266595480e+02  1.295170125e+02
  1.323867985e+02  1.352650721e+02  1.381485052e+02  1.410470207e+02
  1.439504919e+02  1.468642760e+02  1.497988237e+02  1.527263186e+02
  1.556834487e+02  1.586472832e+02  1.616143111e+02  1.646112544e+02
  1.676194861e+02  1.706292668e+02  1.736667627e+02  1.767287241e+02
  1.797978016e+02  1.828806319e+02  1.859929937e+02  1.891329040e+02
  1.922882523e+02  1.954626331e+02  1.986629921e+02  2.018996142e+02
  2.051663258e+02  2.084591063e+02  2.117820076e+02  2.151375710e+02
  2.185387452e+02  2.219860375e+02  2.254728423e+02  2.290049881e+02
  2.325832919e+02  2.362230709e+02  2.399333805e+02  2.437072071e+02
  2.475494089e+02  2.514649340e+02  2.554808863e+02  2.596102863e+02
  2.638471332e+02  2.682002539e+02  2.727092734e+02  2.773960710e+02
  2.822497902e+02  2.873349015e+02  2.927218670e+02  2.984509240e+02
  3.046603913e+02  3.114267461e+02  3.188181569e+02  3.273200273e+02
  3.376252068e+02
@R G22 101 []
  0.000000000e+00  1.373145737e-02  2.746461893e-02  4.120017653e-02
  5.493938953e-02  6.868244229e-02  8.243064127e-02  9.618487166e-02
  1.099458658e-01  1.237157259e-01  1.374949590e-01  1.512828221e-01
  1.650866506e-01  1.788911661e-01  1.927250465e-01  2.065084766e-01
  2.203486500e-01  2.342270117e-01  2.480892477e-01  2.620431912e-01
  2.759338116e-01  2.898584906e-01  3.038480620e-01  3.178391658e-01
  3.318346116e-01  3.458503088e-01  3.598916815e-01  3.739616640e-01
  3.880606974e-01  4.021853786e-01  4.163358284e-01  4.305118597e-01
  4.447105774e-01  4.589340914e-01  4.731859664e-01  4.874727487e-01
  5.018057976e-01  5.161937143e-01  5.305776079e-01  5.449691282e-01
  5.594738961e-01  5.739979561e-01  5.884965658e-01  6.031340796e-01
  6.177594691e-01  6.324320951e-01  6.471800007e-01  6.619461816e-01
  6.767851852e-01  6.916775122e-01  7.066062397e-01  7.216222010e-01
  7.366735032e-01  7.517876838e-01  7.670182986e-01  7.822228556e-01
  7.975891458e-01  8.129997780e-01  8.284367025e-01  8.440366743e-01
  8.597041416e-01  8.753890802e-01  8.912254687e-01  9.071964127e-01
  9.232127212e-01  9.393082034e-01  9.555634874e-01  9.719680707e-01
  9.884594620e-01  1.005055620e+00  1.021791678e+00  1.038720070e+00
  1.055808539e+00  1.073035623e+00  1.090421390e+00  1.107978319e+00
  1.125772308e+00  1.143804864e+00  1.162040753e+00  1.180508808e+00
  1.199211956e+00  1.218227733e+00  1.237601806e+00  1.257297553e+00
  1.277338809e+00  1.297748461e+00  1.318661881e+00  1.340140445e+00
  1.362149464e+00  1.384734730e+00  1.408103710e+00  1.432375048e+00
  1.457496483e+00  1.483802733e+00  1.511638310e+00  1.541095810e+00
  1.572665887e+00  1.606652858e+00  1.643741942e+00  1.687194607e+00
  1.740712165e+00
@R G33 101 []
  9.128363595e-01  9.128516808e-01  9.128973236e-01  9.129730552e-01
  9.130791147e-01  9.132152097e-01  9.133809964e-01  9.135764782e-01
  9.138012696e-01  9.140549388e-01  9.143373059e-01  9.146478980e-01
  9.149861775e-01  9.153518614e-01  9.157444049e-01  9.161631788e-01
  9.166078264e-01  9.170776839e-01  9.175720952e-01  9.180905745e-01
  9.186324914e-01  9.191971329e-01  9.197839865e-01  9.203924645e-01
  9.210218880e-01  9.216718073e-01  9.223416332e-01  9.230305001e-01
  9.237377092e-01  9.244628283e-01  9.252055532e-01  9.259658456e-01
  9.267437495e-01  9.275390837e-01  9.283516919e-01  9.291815386e-01
  9.300284685e-01  9.308922712e-01  9.317728837e-01  9.326702800e-01
  9.335842362e-01  9.345145748e-01  9.354612971e-01  9.364241930e-01
  9.374030396e-01  9.383978468e-01  9.394083724e-01  9.404344309e-01
  9.414758811e-01  9.425325533e-01  9.436041717e-01  9.446905701e-01
  9.457915627e-01  9.469068993e-01  9.480361447e-01  9.491791442e-01
  9.503356444e-01  9.515051690e-01  9.526873576e-01  9.538818574e-01
  9.550881853e-01  9.563058230e-01  9.575342611e-01  9.587728623e-01
  9.600209516e-01  9.612777958e-01  9.625426204e-01  9.638144696e-01
  9.650922990e-01  9.663750422e-01  9.676614840e-01  9.689501617e-01
  9.702394689e-01  9.715277342e-01  9.728129959e-01  9.740929169e-01
  9.753649538e-01  9.766263162e-01  9.778738482e-01  9.791039043e-01
  9.803123108e-01  9.814942892e-01  9.826440513e-01  9.837546724e-01
  9.848183805e-01  9.858266214e-01  9.867704018e-01  9.876392339e-01
  9.884193269e-01  9.890924198e-01  9.896358619e-01  9.900222632e-01
  9.902164181e-01  9.901680525e-01  9.898274141e-01  9.892042842e-01
  9.883919365e-01  9.874013588e-01  9.858570412e-01  9.825787623e-01
  9.768177254e-01
@R GRADRHO 101 []
  1.006328355e+00  9.968433049e-01  9.968887199e-01  9.969514941e-01
  9.970363053e-01  9.971367113e-01  9.972582731e-01  9.973992695e-01
  9.975586606e-01  9.977414240e-01  9.979445277e-01  9.981620814e-01
  9.984141783e-01  9.986511112e-01  9.989519067e-01  9.991118239e-01
  9.994006932e-01  9.997566917e-01  1.000059817e+00  1.000524511e+00
  1.000845465e+00  1.001211536e+00  1.001667292e+00  1.002101134e+00
  1.002519980e+00  1.002948308e+00  1.003392276e+00  1.003853898e+00
  1.004331232e+00  1.004817823e+00  1.005312800e+00  1.005815253e+00
  1.006321155e+00  1.006832352e+00  1.007352068e+00  1.007886263e+00
  1.008445044e+00  1.009034629e+00  1.009596287e+00  1.010142920e+00
  1.010770987e+00  1.011391368e+00  1.011965882e+00  1.012635604e+00
  1.013269902e+00  1.013918438e+00  1.014601892e+00  1.015274044e+00
  1.015976224e+00  1.016691802e+00  1.017407322e+00  1.018158268e+00
  1.018906199e+00  1.019669421e+00  1.020481980e+00  1.021247487e+00
  1.022088263e+00  1.022925568e+00  1.023747482e+00  1.024636875e+00
  1.025532329e+00  1.026403072e+00  1.027326218e+00  1.028288160e+00
  1.029235858e+00  1.030186854e+00  1.031182527e+00  1.032213089e+00
  1.033242037e+00  1.034276134e+00  1.035330009e+00  1.036425738e+00
  1.037542127e+00  1.038663930e+00  1.039795963e+00  1.040938635e+00
  1.042116435e+00  1.043322185e+00  1.044531638e+00  1.045749284e+00
  1.046966802e+00  1.048206962e+00  1.049475973e+00  1.050743320e+00
  1.052002356e+00  1.053243188e+00  1.054498783e+00  1.055766483e+00
  1.057001287e+00  1.058185538e+00  1.059354788e+00  1.060498577e+00
  1.061522891e+00  1.062445924e+00  1.063277361e+00  1.063989019e+00
  1.064774920e+00  1.065691551e+00  1.066425843e+00  1.065847401e+00
  1.063398133e+00
@R AREA 101 []
  0.000000000e+00  2.685177542e+00  5.370185112e+00  8.054998655e+00
  1.073952698e+01  1.342371402e+01  1.610747707e+01  1.879073365e+01
  2.147341613e+01  2.415544971e+01  2.683675368e+01  2.951726551e+01
  3.219691050e+01  3.487560889e+01  3.755338269e+01  4.023009652e+01
  4.290619370e+01  4.558082196e+01  4.825451694e+01  5.092672057e+01
  5.359758796e+01  5.626729522e+01  5.893556227e+01  6.160234361e+01
  6.426771366e+01  6.693168400e+01  6.959423801e+01  7.225534742e+01
  7.491498774e+01  7.757314820e+01  8.022983703e+01  8.288505617e+01
  8.553882229e+01  8.819115354e+01  9.084206486e+01  9.349155992e+01
  9.613962434e+01  9.878621944e+01  1.014313568e+02  1.040751921e+02
  1.067176628e+02  1.093586586e+02  1.119983836e+02  1.146368226e+02
  1.172738408e+02  1.199097167e+02  1.225442467e+02  1.251776429e+02
  1.278098156e+02  1.304408963e+02  1.330708386e+02  1.356998145e+02
  1.383277098e+02  1.409547934e+02  1.435809046e+02  1.462062759e+02
  1.488309573e+02  1.514549262e+02  1.540784238e+02  1.567014835e+02
  1.593241450e+02  1.619466266e+02  1.645690818e+02  1.671915293e+02
  1.698141752e+02  1.724372431e+02  1.750609212e+02  1.776853215e+02
  1.803106996e+02  1.829373351e+02  1.855655256e+02  1.881955289e+02
  1.908276304e+02  1.934622168e+02  1.960997096e+02  1.987405721e+02
  2.013852892e+02  2.040343474e+02  2.066883706e+02  2.093480599e+02
  2.120142001e+02  2.146876687e+02  2.173693733e+02  2.200604066e+02
  2.227620483e+02  2.254757697e+02  2.282032487e+02  2.309463100e+02
  2.337071979e+02  2.364885704e+02  2.392935453e+02  2.421256911e+02
  2.449895531e+02  2.478908863e+02  2.508367593e+02  2.538360360e+02
  2.568991143e+02  2.600377635e+02  2.632681308e+02  2.666205995e+02
  2.701611632e+02
@R A 101 []
  0.000000000e+00  1.225023500e-02  2.450039199e-02  3.675051063e-02
  4.900050567e-02  6.125033747e-02  7.350017047e-02  8.574995855e-02
  9.799969697e-02  1.102494185e-01  1.224989563e-01  1.347483232e-01
  1.469975595e-01  1.592464655e-01  1.714953476e-01  1.837439217e-01
  1.959943508e-01  2.082428645e-01  2.204921238e-01  2.327396655e-01
  2.449862526e-01  2.572328355e-01  2.694781403e-01  2.817219261e-01
  2.939645919e-01  3.062061561e-01  3.184464040e-01  3.306852058e-01
  3.429223887e-01  3.551577002e-01  3.673909937e-01  3.796221337e-01
  3.918510318e-01  4.040776131e-01  4.163018103e-01  4.285234453e-01
  4.407422490e-01  4.529578923e-01  4.651702022e-01  4.773796441e-01
  4.895857357e-01  5.017877266e-01  5.139862652e-01  5.261810001e-01
  5.383710379e-01  5.505573381e-01  5.627385994e-01  5.749154710e-01
  5.870871576e-01  5.992538353e-01  6.114148756e-01  6.235706149e-01
  6.357200174e-01  6.478638015e-01  6.600006840e-01  6.721311343e-01
  6.842547202e-01  6.963706857e-01  7.084794318e-01  7.205803065e-01
  7.326726575e-01  7.447566261e-01  7.568319607e-01  7.688976936e-01
  7.809536818e-01  7.929997891e-01  8.050355856e-01  8.170601874e-01
  8.290733022e-01  8.410746086e-01  8.530637056e-01  8.650398662e-01
  8.770023520e-01  8.889506798e-01  9.008842921e-01  9.128026174e-01
  9.247049327e-01  9.365902050e-01  9.484576593e-01  9.603064930e-01
  9.721358316e-01  9.839446803e-01  9.957315883e-01  1.007495348e+00
  1.019234799e+00  1.030948619e+00  1.042635228e+00  1.054292228e+00
  1.065917260e+00  1.077507623e+00  1.089060121e+00  1.100571446e+00
  1.112039428e+00  1.123460489e+00  1.134826784e+00  1.146129793e+00
  1.157368593e+00  1.168545519e+00  1.179644802e+00  1.190606164e+00
  1.201355487e+00
@R RTOR 101 []
  4.762280057e+00  4.762257391e+00  4.762189856e+00  4.762077874e+00
  4.761921056e+00  4.761719538e+00  4.761473789e+00  4.761183784e+00
  4.760849694e+00  4.760471946e+00  4.760050741e+00  4.759586379e+00
  4.759079343e+00  4.758529939e+00  4.757938512e+00  4.757305626e+00
  4.756631554e+00  4.755916910e+00  4.755162143e+00  4.754367863e+00
  4.753534471e+00  4.752662535e+00  4.751752654e+00  4.750805309e+00
  4.749821081e+00  4.748800485e+00  4.747743982e+00  4.746652175e+00
  4.745525636e+00  4.744364871e+00  4.743170416e+00  4.741942737e+00
  4.740682137e+00  4.739388918e+00  4.738063364e+00  4.736705677e+00
  4.735316046e+00  4.733894686e+00  4.732441738e+00  4.730957202e+00
  4.729441229e+00  4.727893982e+00  4.726315367e+00  4.724705447e+00
  4.723064363e+00  4.721391934e+00  4.719688282e+00  4.717953290e+00
  4.716186992e+00  4.714389242e+00  4.712560044e+00  4.710699244e+00
  4.708806836e+00  4.706882543e+00  4.704926433e+00  4.702938236e+00
  4.700917792e+00  4.698865029e+00  4.696779652e+00  4.694661494e+00
  4.692510382e+00  4.690326031e+00  4.688108168e+00  4.685856604e+00
  4.683571031e+00  4.681251113e+00  4.678896518e+00  4.676506974e+00
  4.674082120e+00  4.671621555e+00  4.669124834e+00  4.666591571e+00
  4.664021392e+00  4.661413807e+00  4.658768287e+00  4.656084316e+00
  4.653361400e+00  4.650599052e+00  4.647796666e+00  4.644953621e+00
  4.642069269e+00  4.639142919e+00  4.636173945e+00  4.633161757e+00
  4.630105765e+00  4.627005339e+00  4.623859798e+00  4.620668350e+00
  4.617430022e+00  4.614144023e+00  4.610809715e+00  4.607426839e+00
  4.603995136e+00  4.600515224e+00  4.596990915e+00  4.593424872e+00
  4.589805692e+00  4.586115606e+00  4.582355562e+00  4.578565903e+00
  4.574789336e+00
@R SHIFT 101 []
  2.122800570e-01  2.122573909e-01  2.121898557e-01  2.120778736e-01
  2.119210564e-01  2.117195378e-01  2.114737893e-01  2.111837840e-01
  2.108496937e-01  2.104719462e-01  2.100507412e-01  2.095863791e-01
  2.090793430e-01  2.085299389e-01  2.079385123e-01  2.073056264e-01
  2.066315536e-01  2.059169100e-01  2.051621428e-01  2.043678626e-01
  2.035344710e-01  2.026625350e-01  2.017526540e-01  2.008053088e-01
  1.998210810e-01  1.988004853e-01  1.977439824e-01  1.966521753e-01
  1.955256362e-01  1.943648711e-01  1.931704164e-01  1.919427368e-01
  1.906821368e-01  1.893889176e-01  1.880633636e-01  1.867056774e-01
  1.853160456e-01  1.838946856e-01  1.824417378e-01  1.809572015e-01
  1.794412293e-01  1.778939823e-01  1.763153674e-01  1.747054470e-01
  1.730643626e-01  1.713919341e-01  1.696882823e-01  1.679532896e-01
  1.661869917e-01  1.643892420e-01  1.625600441e-01  1.606992444e-01
  1.588068361e-01  1.568825432e-01  1.549264330e-01  1.529382363e-01
  1.509177925e-01  1.488650293e-01  1.467796524e-01  1.446614938e-01
  1.425103822e-01  1.403260314e-01  1.381081679e-01  1.358566043e-01
  1.335710306e-01  1.312511129e-01  1.288965184e-01  1.265069744e-01
  1.240821199e-01  1.216215550e-01  1.191248338e-01  1.165915715e-01
  1.140213917e-01  1.114138067e-01  1.087682874e-01  1.060843158e-01
  1.033614001e-01  1.005990524e-01  9.779666620e-02  9.495362116e-02
  9.206926868e-02  8.914291950e-02  8.617394485e-02  8.316175711e-02
  8.010576508e-02  7.700533939e-02  7.385979842e-02  7.066834971e-02
  6.743002226e-02  6.414402289e-02  6.080971526e-02  5.742683922e-02
  5.399513588e-02  5.051522411e-02  4.699091528e-02  4.342487169e-02
  3.980569151e-02  3.611560569e-02  3.235556178e-02  2.856590271e-02
  2.478933601e-02
@R ELONG 101 []
  1.320824884e+00  1.320812042e+00  1.320773517e+00  1.320745491e+00
  1.320714436e+00  1.320686729e+00  1.320649524e+00  1.320606040e+00
  1.320557435e+00  1.320504883e+00  1.320448584e+00  1.320388735e+00
  1.320324507e+00  1.320257979e+00  1.320189342e+00  1.320117731e+00
  1.320044270e+00  1.319970281e+00  1.319895773e+00  1.319821161e+00
  1.319747431e+00  1.319675017e+00  1.319604812e+00  1.319537371e+00
  1.319473081e+00  1.319412739e+00  1.319357516e+00  1.319307405e+00
  1.319262889e+00  1.319225018e+00  1.319194732e+00  1.319172334e+00
  1.319158265e+00  1.319152967e+00  1.319156851e+00  1.319170200e+00
  1.319193330e+00  1.319226449e+00  1.319270075e+00  1.319324559e+00
  1.319390009e+00  1.319466746e+00  1.319555317e+00  1.319656035e+00
  1.319769072e+00  1.319894843e+00  1.320033893e+00  1.320186565e+00
  1.320353166e+00  1.320534203e+00  1.320730188e+00  1.320941637e+00
  1.321169016e+00  1.321412881e+00  1.321673837e+00  1.321952574e+00
  1.322249747e+00  1.322565967e+00  1.322902055e+00  1.323258899e+00
  1.323637319e+00  1.324038162e+00  1.324462494e+00  1.324911448e+00
  1.325386128e+00  1.325887691e+00  1.326417553e+00  1.326977205e+00
  1.327568154e+00  1.328192038e+00  1.328850775e+00  1.329546410e+00
  1.330281074e+00  1.331057134e+00  1.331877290e+00  1.332744453e+00
  1.333661769e+00  1.334632710e+00  1.335661217e+00  1.336751678e+00
  1.337908971e+00  1.339138583e+00  1.340446663e+00  1.341840107e+00
  1.343326739e+00  1.344915557e+00  1.346616928e+00  1.348442883e+00
  1.350407701e+00  1.352527741e+00  1.354822116e+00  1.357313463e+00
  1.360030044e+00  1.363012533e+00  1.366313796e+00  1.369986965e+00
  1.374069392e+00  1.378608837e+00  1.383743556e+00  1.389794501e+00
  1.397233749e+00
@R TRIAG 101 []
  0.000000000e+00  3.029314934e-02  2.811462466e-02  2.593888920e-02
  2.374891194e-02  2.154706401e-02  1.933738987e-02  1.711565927e-02
  1.488136283e-02  1.263477663e-02  1.037347806e-02  8.096475663e-03
  5.803926154e-03  3.493833924e-03  1.164826299e-03 -1.183113204e-03
 -3.551366670e-03 -5.940460408e-03 -8.351510913e-03 -1.078522585e-02
 -1.324285801e-02 -1.572493854e-02 -1.823206126e-02 -2.076517222e-02
 -2.332477209e-02 -2.591177282e-02 -2.852738336e-02 -3.117237010e-02
 -3.384759982e-02 -3.655386690e-02 -3.929145210e-02 -4.206087406e-02
 -4.486310376e-02 -4.769894924e-02 -5.056885493e-02 -5.347345586e-02
 -5.641352354e-02 -5.938974376e-02 -6.240285765e-02 -6.545389029e-02
 -6.854366070e-02 -7.167300496e-02 -7.484313341e-02 -7.805502848e-02
 -8.130957254e-02 -8.460840755e-02 -8.795238198e-02 -9.134298853e-02
 -9.478143338e-02 -9.826945795e-02 -1.018083722e-01 -1.053999372e-01
 -1.090457248e-01 -1.127479730e-01 -1.165088208e-01 -1.203315672e-01
 -1.242184218e-01 -1.281714997e-01 -1.321933266e-01 -1.362862172e-01
 -1.404527247e-01 -1.446958218e-01 -1.490184533e-01 -1.534235507e-01
 -1.579145540e-01 -1.624952596e-01 -1.671694844e-01 -1.719411879e-01
 -1.768149147e-01 -1.817957338e-01 -1.868889919e-01 -1.921003828e-01
 -1.974363318e-01 -2.029041473e-01 -2.085116001e-01 -2.142671872e-01
 -2.201807182e-01 -2.262632021e-01 -2.325271673e-01 -2.389866632e-01
 -2.456557094e-01 -2.525489382e-01 -2.596811446e-01 -2.670691838e-01
 -2.747331444e-01 -2.826983412e-01 -2.909966616e-01 -2.996642890e-01
 -3.087428732e-01 -3.182729106e-01 -3.283020948e-01 -3.389082135e-01
 -3.502091151e-01 -3.623707087e-01 -3.755020614e-01 -3.896951585e-01
 -4.051829541e-01 -4.222248992e-01 -4.408740075e-01 -4.613299852e-01
 -4.850525476e-01
@R PMHD 101 []
  1.558764922e+06  1.558163879e+06  1.556362691e+06  1.553367188e+06
  1.549187049e+06  1.543835758e+06  1.537330537e+06  1.529692248e+06
  1.520945242e+06  1.511117297e+06  1.500239360e+06  1.488345243e+06
  1.475471630e+06  1.461657811e+06  1.446944828e+06  1.431376591e+06
  1.414995280e+06  1.397852503e+06  1.379992543e+06  1.361467628e+06
  1.342325865e+06  1.322615284e+06  1.302387183e+06  1.281690706e+06
  1.260573313e+06  1.239081715e+06  1.217261597e+06  1.195161496e+06
  1.172837119e+06  1.150330064e+06  1.127661353e+06  1.104851732e+06
  1.081921772e+06  1.058891369e+06  1.035780744e+06  1.012610097e+06
  9.893987429e+05  9.661661380e+05  9.429313863e+05  9.197120423e+05
  8.965271444e+05  8.733956709e+05  8.503333881e+05  8.273577957e+05
  8.044877559e+05  7.817383434e+05  7.591263700e+05  7.366660922e+05
  7.143755785e+05  6.922670885e+05  6.703577140e+05  6.486592762e+05
  6.271881016e+05  6.059548975e+05  5.849750463e+05  5.642595858e+05
  5.438206560e+05  5.236708984e+05  5.038203457e+05  4.842802087e+05
  4.650612839e+05  4.461726836e+05  4.276236198e+05  4.094238863e+05
  3.915815689e+05  3.741042612e+05  3.569994275e+05  3.402746918e+05
  3.239364448e+05  3.079905513e+05  2.924423785e+05  2.772972546e+05
  2.625601391e+05  2.482350642e+05  2.343255185e+05  2.208345829e+05
  2.077651413e+05  1.951197984e+05  1.829002047e+05  1.711075972e+05
  1.597428803e+05  1.488064557e+05  1.382984925e+05  1.282185480e+05
  1.185656013e+05  1.093380306e+05  1.005335507e+05  9.214931654e+04
  8.418072355e+04  7.662067419e+04  6.945781431e+04  6.267321734e+04
  5.623264207e+04  5.007342799e+04  4.407620944e+04  3.800190193e+04
  3.131099408e+04  2.321164359e+04  1.415826849e+04  6.826681779e+03
  4.172063877e+03
@R QMHD 101 []
  1.162327064e+00  1.162402916e+00  1.162630984e+00  1.163012755e+00
  1.163550540e+00  1.164247229e+00  1.165105939e+00  1.166129579e+00
  1.167320319e+00  1.168678957e+00  1.170204221e+00  1.171892227e+00
  1.173740720e+00  1.175751337e+00  1.177925855e+00  1.180263744e+00
  1.182765253e+00  1.185432294e+00  1.188266536e+00  1.191265229e+00
  1.194430907e+00  1.197766892e+00  1.201272279e+00  1.204947645e+00
  1.208795417e+00  1.212818172e+00  1.217017500e+00  1.221395095e+00
  1.225952840e+00  1.230692298e+00  1.235617921e+00  1.240731963e+00
  1.246037731e+00  1.251539140e+00  1.257241137e+00  1.263145853e+00
  1.269257760e+00  1.275582536e+00  1.282124816e+00  1.288888879e+00
  1.295880356e+00  1.303104784e+00  1.310568901e+00  1.318278258e+00
  1.326238801e+00  1.334457977e+00  1.342942966e+00  1.351701983e+00
  1.360741854e+00  1.370071193e+00  1.379699712e+00  1.389636511e+00
  1.399889917e+00  1.410471588e+00  1.421392562e+00  1.432664181e+00
  1.444297730e+00  1.456305905e+00  1.468703564e+00  1.481504375e+00
  1.494722460e+00  1.508374465e+00  1.522478018e+00  1.537049994e+00
  1.552109846e+00  1.567677608e+00  1.583775629e+00  1.600426082e+00
  1.617653590e+00  1.635484443e+00  1.653946995e+00  1.673071620e+00
  1.692889867e+00  1.713436200e+00  1.734748683e+00  1.756868438e+00
  1.779839403e+00  1.803708204e+00  1.828527384e+00  1.854354769e+00
  1.881252725e+00  1.909290159e+00  1.938542631e+00  1.969095763e+00
  2.001043385e+00  2.034491973e+00  2.069562051e+00  2.106392485e+00
  2.145143229e+00  2.185991129e+00  2.229168769e+00  2.274970929e+00
  2.323744236e+00  2.375827321e+00  2.431555967e+00  2.491438500e+00
  2.556399566e+00  2.627283247e+00  2.705141293e+00  2.794698211e+00
  2.907492808e+00
@R ER 101 []
  0.000000000e+00  0.000000000e+00  0.000000000e+00  0.000000000e+00
  0.000000000e+00  0.000000000e+00  0.000000000e+00  0.000000000e+00
  0.000000000e+00  0.000000000e+00  0.000000000e+00  0.000000000e+00
  0.000000000e+00  0.000000000e+00  0.000000000e+00  0.000000000e+00
  0.000000000e+00  0.000000000e+00  0.000000000e+00  0.000000000e+00
  0.000000000e+00  0.000000000e+00  0.000000000e+00  0.000000000e+00
  0.000000000e+00  0.000000000e+00  0.000000000e+00  0.000000000e+00
  0.000000000e+00  0.000000000e+00  0.000000000e+00  0.000000000e+00
  0.000000000e+00  0.000000000e+00  0.000000000e+00  0.000000000e+00
  0.000000000e+00  0.000000000e+00  0.000000000e+00  0.000000000e+00
  0.000000000e+00  0.000000000e+00  0.000000000e+00  0.000000000e+00
  0.000000000e+00  0.000000000e+00  0.000000000e+00  0.000000000e+00
  0.000000000e+00  0.000000000e+00  0.000000000e+00  0.000000000e+00
  0.000000000e+00  0.000000000e+00  0.000000000e+00  0.000000000e+00
  0.000000000e+00  0.000000000e+00  0.000000000e+00  0.000000000e+00
  0.000000000e+00  0.000000000e+00  0.000000000e+00  0.000000000e+00
  0.000000000e+00  0.000000000e+00  0.000000000e+00  0.000000000e+00
  0.000000000e+00  0.000000000e+00  0.000000000e+00  0.000000000e+00
  0.000000000e+00  0.000000000e+00  0.000000000e+00  0.000000000e+00
  0.000000000e+00  0.000000000e+00  0.000000000e+00  0.000000000e+00
  0.000000000e+00  0.000000000e+00  0.000000000e+00  0.000000000e+00
  0.000000000e+00  0.000000000e+00  0.000000000e+00  0.000000000e+00
  0.000000000e+00  0.000000000e+00  0.000000000e+00  0.000000000e+00
  0.000000000e+00  0.000000000e+00  0.000000000e+00  0.000000000e+00
  0.000000000e+00  0.000000000e+00  0.000000000e+00  0.000000000e+00
  0.000000000e+00
@R NC1 101 []
  9.985000514e-01  9.362687730e-01  9.123855155e-01  8.949334414e-01
  8.807695943e-01  8.686828981e-01  8.580559384e-01  8.485241823e-01
  8.398503538e-01  8.318707784e-01  8.244673591e-01  8.175507099e-01
  8.110514949e-01  8.049146341e-01  7.990964595e-01  7.935607061e-01
  7.882763085e-01  7.832193496e-01  7.783667834e-01  7.737010950e-01
  7.692054835e-01  7.648653978e-01  7.606690095e-01  7.566053397e-01
  7.526643536e-01  7.488373921e-01  7.451166128e-01  7.414947550e-01
  7.379652820e-01  7.345224737e-01  7.311613773e-01  7.278777911e-01
  7.246677252e-01  7.215272774e-01  7.184529057e-01  7.154413874e-01
  7.124897167e-01  7.095950237e-01  7.067546723e-01  7.039661209e-01
  7.012270491e-01  6.985353926e-01  6.958889402e-01  6.932857406e-01
  6.907241126e-01  6.882020358e-01  6.857181642e-01  6.832707341e-01
  6.808584268e-01  6.784797363e-01  6.761333571e-01  6.738178866e-01
  6.715322927e-01  6.692748380e-01  6.670449278e-01  6.648413613e-01
  6.626631622e-01  6.605093897e-01  6.583788746e-01  6.562707677e-01
  6.541842066e-01  6.521181665e-01  6.500717622e-01  6.480442202e-01
  6.460346425e-01  6.440421356e-01  6.420658558e-01  6.401050493e-01
  6.381588299e-01  6.362263525e-01  6.343067417e-01  6.323991313e-01
  6.305024822e-01  6.286156371e-01  6.267380018e-01  6.248685271e-01
  6.230059562e-01  6.211494258e-01  6.192978432e-01  6.174499398e-01
  6.156043489e-01  6.137595997e-01  6.119140599e-01  6.100657747e-01
  6.082126027e-01  6.063523040e-01  6.044827196e-01  6.026013232e-01
  6.007043542e-01  5.987869770e-01  5.968444595e-01  5.948721186e-01
  5.928616126e-01  5.907963805e-01  5.886613305e-01  5.864784899e-01
  5.842955939e-01  5.821023242e-01  5.797373549e-01  5.768839830e-01
  5.733852915e-01
@R HFAC1 101 []
  1.000000000e+00  9.974287412e-01  9.948596588e-01  9.922927985e-01
  9.897283168e-01  9.871661679e-01  9.846063072e-01  9.820488143e-01
  9.794935747e-01  9.769404919e-01  9.743895963e-01  9.718407310e-01
  9.692937308e-01  9.667485765e-01  9.642049998e-01  9.616628448e-01
  9.591215227e-01  9.565816039e-01  9.540422469e-01  9.515038384e-01
  9.489659329e-01  9.464280273e-01  9.438902229e-01  9.413523159e-01
  9.388139348e-01  9.362748983e-01  9.337349833e-01  9.311938376e-01
  9.286511816e-01  9.261068677e-01  9.235608267e-01  9.210131434e-01
  9.184638728e-01  9.159129322e-01  9.133602583e-01  9.108058384e-01
  9.082496252e-01  9.056915496e-01  9.031315618e-01  9.005694772e-01
  8.980052232e-01  8.954388221e-01  8.928700234e-01  8.902987055e-01
  8.877248997e-01  8.851482482e-01  8.825688451e-01  8.799863227e-01
  8.774006887e-01  8.748116808e-01  8.722191909e-01  8.696229071e-01
  8.670228772e-01  8.644186231e-01  8.618101305e-01  8.591970443e-01
  8.565791905e-01  8.539563903e-01  8.513281930e-01  8.486944350e-01
  8.460548870e-01  8.434090948e-01  8.407567200e-01  8.380975392e-01
  8.354311034e-01  8.327569383e-01  8.300746209e-01  8.273837800e-01
  8.246838436e-01  8.219742510e-01  8.192543892e-01  8.165236291e-01
  8.137813054e-01  8.110266540e-01  8.082588148e-01  8.054767791e-01
  8.026795173e-01  7.998660036e-01  7.970349890e-01  7.941850544e-01
  7.913146028e-01  7.884218516e-01  7.855047580e-01  7.825607956e-01
  7.795871596e-01  7.765808706e-01  7.735389688e-01  7.704581395e-01
  7.673335813e-01  7.641588210e-01  7.609264078e-01  7.576277832e-01
  7.542507089e-01  7.507761856e-01  7.471871548e-01  7.434992100e-01
  7.397575735e-01  7.359568384e-01  7.319317055e-01  7.272638912e-01
  7.217285940e-01
@R HFAC2 101 []
  1.000000000e+00  9.948673852e-01  9.897588390e-01  9.846743167e-01
  9.796139929e-01  9.745776399e-01  9.695650359e-01  9.645762026e-01
  9.596107807e-01  9.546684497e-01  9.497491388e-01  9.448524142e-01
  9.399778293e-01  9.351252224e-01  9.302939577e-01  9.254836182e-01
  9.206929763e-01  9.159229926e-01  9.111719727e-01  9.064405351e-01
  9.017277380e-01  8.970325447e-01  8.923550481e-01  8.876947774e-01
  8.830509582e-01  8.784231735e-01  8.738109339e-01  8.692135188e-01
  8.646303450e-01  8.600610779e-01  8.555055362e-01  8.509638271e-01
  8.464359986e-01  8.419218469e-01  8.374212076e-01  8.329340085e-01
  8.284601167e-01  8.239993582e-01  8.195515956e-01  8.151164660e-01
  8.106937985e-01  8.062835843e-01  8.018853498e-01  7.974988470e-01
  7.931240933e-01  7.887604419e-01  7.844080151e-01  7.800661602e-01
  7.757348624e-01  7.714136508e-01  7.671023153e-01  7.628003141e-01
  7.585077098e-01  7.542236879e-01  7.499482032e-01  7.456806600e-01
  7.414207659e-01  7.371682181e-01  7.329222706e-01  7.286826551e-01
  7.244490026e-01  7.202205806e-01  7.159968473e-01  7.117774496e-01
  7.075616826e-01  7.033488057e-01  6.991381587e-01  6.949291717e-01
  6.907209663e-01  6.865126863e-01  6.823033957e-01  6.780921384e-01
  6.738779145e-01  6.696595749e-01  6.654358237e-01  6.612051448e-01
  6.569659993e-01  6.527168615e-01  6.484558645e-01  6.441808913e-01
  6.398895661e-01  6.355792392e-01  6.312468749e-01  6.268887171e-01
  6.225005944e-01  6.180780775e-01  6.136167964e-01  6.091118072e-01
  6.045559032e-01  5.999394041e-01  5.952512774e-01  5.904790973e-01
  5.856047840e-01  5.805991671e-01  5.754361007e-01  5.701414131e-01
  5.647884955e-01  5.593710324e-01  5.536286473e-01  5.469107504e-01
  5.388822238e-01
