 # generated by zfastran.py Ver+Oct2009
@R INFLAG 1 []
  1.000000000e+00
@R TIME0 1 [s]
  0.000000000e+00
@R IP 1 []
  9.999999995e+00
@R BCENTR 1 []
  1.100000000e+01
@R RMAJOR 1 []
  4.550000000e+00
@R AMINOR 1 []
  1.201355487e+00
@R ELONGB 1 []
  1.397233749e+00
@R TRIANB 1 []
 -4.850525476e-01
@R RHO 101 []
  0.000000000e+00  1.000000000e-02  2.000000000e-02  3.000000000e-02
  4.000000000e-02  5.000000000e-02  6.000000000e-02  7.000000000e-02
  8.000000000e-02  9.000000000e-02  1.000000000e-01  1.100000000e-01
  1.200000000e-01  1.300000000e-01  1.400000000e-01  1.500000000e-01
  1.600000000e-01  1.700000000e-01  1.800000000e-01  1.900000000e-01
  2.000000000e-01  2.100000000e-01  2.200000000e-01  2.300000000e-01
  2.400000000e-01  2.500000000e-01  2.600000000e-01  2.700000000e-01
  2.800000000e-01  2.900000000e-01  3.000000000e-01  3.100000000e-01
  3.200000000e-01  3.300000000e-01  3.400000000e-01  3.500000000e-01
  3.600000000e-01  3.700000000e-01  3.800000000e-01  3.900000000e-01
  4.000000000e-01  4.100000000e-01  4.200000000e-01  4.300000000e-01
  4.400000000e-01  4.500000000e-01  4.600000000e-01  4.700000000e-01
  4.800000000e-01  4.900000000e-01  5.000000000e-01  5.100000000e-01
  5.200000000e-01  5.300000000e-01  5.400000000e-01  5.500000000e-01
  5.600000000e-01  5.700000000e-01  5.800000000e-01  5.900000000e-01
  6.000000000e-01  6.100000000e-01  6.200000000e-01  6.300000000e-01
  6.400000000e-01  6.500000000e-01  6.600000000e-01  6.700000000e-01
  6.800000000e-01  6.900000000e-01  7.000000000e-01  7.100000000e-01
  7.200000000e-01  7.300000000e-01  7.400000000e-01  7.500000000e-01
  7.600000000e-01  7.700000000e-01  7.800000000e-01  7.900000000e-01
  8.000000000e-01  8.100000000e-01  8.200000000e-01  8.300000000e-01
  8.400000000e-01  8.500000000e-01  8.600000000e-01  8.700000000e-01
  8.800000000e-01  8.900000000e-01  9.000000000e-01  9.100000000e-01
  9.200000000e-01  9.300000000e-01  9.400000000e-01  9.500000000e-01
  9.600000000e-01  9.700000000e-01  9.800000000e-01  9.900000000e-01
  1.000000000e+00
@R AMAIN 1 []
  2.500000000e+00
@R ZMAIN 1 []
  1.000000000e+00
@I NIMP 1 []
                1
@R AIMP 1 []
  8.300000000e+01
@R ZIMP 1 []
  3.600000000e+01
@R FIMP 1 []
  1.137614585e-03
@R ENE 101 []
  2.762588656e+01  2.762588656e+01  2.757564998e+01  2.752191151e+01
  2.746471541e+01  2.740410593e+01  2.734012734e+01  2.727282389e+01
  2.720223985e+01  2.712841946e+01  2.705140700e+01  2.697124671e+01
  2.688798286e+01  2.680165970e+01  2.671232150e+01  2.662001252e+01
  2.652477700e+01  2.642665922e+01  2.632570343e+01  2.622195388e+01
  2.611545484e+01  2.600625057e+01  2.589438533e+01  2.577990337e+01
  2.566284895e+01  2.554326634e+01  2.542119978e+01  2.529669354e+01
  2.516979189e+01  2.504053906e+01  2.490897934e+01  2.477515697e+01
  2.463911621e+01  2.450090133e+01  2.436055657e+01  2.421812621e+01
  2.407365449e+01  2.392718568e+01  2.377876404e+01  2.362843382e+01
  2.347623929e+01  2.332222470e+01  2.316643431e+01  2.300891238e+01
  2.284970317e+01  2.268885094e+01  2.252639994e+01  2.236239444e+01
  2.219687870e+01  2.202989697e+01  2.186149351e+01  2.169171258e+01
  2.152059844e+01  2.134819535e+01  2.117454756e+01  2.099969934e+01
  2.082369495e+01  2.064657864e+01  2.046839467e+01  2.028918731e+01
  2.010900080e+01  1.992787941e+01  1.974586740e+01  1.956300903e+01
  1.937934855e+01  1.919493023e+01  1.900979832e+01  1.882399708e+01
  1.863757077e+01  1.845056365e+01  1.826301998e+01  1.807498401e+01
  1.788650001e+01  1.769761223e+01  1.750836491e+01  1.731880231e+01
  1.712896863e+01  1.693890808e+01  1.674866472e+01  1.655828245e+01
  1.636780472e+01  1.617727401e+01  1.598673077e+01  1.579621097e+01
  1.560574091e+01  1.541532599e+01  1.522492636e+01  1.503440462e+01
  1.484341289e+01  1.465115068e+01  1.445584756e+01  1.425366993e+01
  1.403646238e+01  1.378731419e+01  1.347288623e+01  1.303437705e+01
  1.239254612e+01  1.150685124e+01  1.048973521e+01  9.595754047e+00
  8.994726874e+00
@R TE 101 []
  1.880903120e+01  1.880903120e+01  1.873013319e+01  1.864463063e+01
  1.855266093e+01  1.845436151e+01  1.834986978e+01  1.823932316e+01
  1.812285905e+01  1.800061486e+01  1.787272802e+01  1.773933594e+01
  1.760057602e+01  1.745658568e+01  1.730750233e+01  1.715346339e+01
  1.699460627e+01  1.683106838e+01  1.666298714e+01  1.649049996e+01
  1.631374424e+01  1.613285741e+01  1.594797688e+01  1.575924005e+01
  1.556678435e+01  1.537074719e+01  1.517126597e+01  1.496847811e+01
  1.476252103e+01  1.455353214e+01  1.434164884e+01  1.412700856e+01
  1.390974871e+01  1.369000669e+01  1.346791993e+01  1.324362583e+01
  1.301726181e+01  1.278896528e+01  1.255887365e+01  1.232712434e+01
  1.209385476e+01  1.185920232e+01  1.162330444e+01  1.138629852e+01
  1.114832199e+01  1.090951225e+01  1.067000672e+01  1.042994281e+01
  1.018945793e+01  9.948689494e+00  9.707774920e+00  9.466851618e+00
  9.226057001e+00  8.985528481e+00  8.745403472e+00  8.505819386e+00
  8.266913637e+00  8.028823637e+00  7.791686799e+00  7.555640537e+00
  7.320822263e+00  7.087369390e+00  6.855419331e+00  6.625109499e+00
  6.396577308e+00  6.169960169e+00  5.945395495e+00  5.723020701e+00
  5.502973198e+00  5.285390400e+00  5.070409719e+00  4.858168569e+00
  4.648804362e+00  4.442454512e+00  4.239256430e+00  4.039347531e+00
  3.842865228e+00  3.649946932e+00  3.460730057e+00  3.275352016e+00
  3.093950222e+00  2.916662088e+00  2.743625026e+00  2.574976451e+00
  2.410853773e+00  2.251394406e+00  2.096735761e+00  1.947015236e+00
  1.802370186e+00  1.662937757e+00  1.528854160e+00  1.400251394e+00
  1.277242655e+00  1.159857627e+00  1.047757914e+00  9.390058148e-01
  8.250228136e-01  6.746501068e-01  4.344840690e-01  1.923782326e-01
  9.271493303e-02
@R TI 101 []
  1.900900821e+01  1.900900821e+01  1.892923872e+01  1.884278837e+01
  1.874979616e+01  1.865040112e+01  1.854474224e+01  1.843295853e+01
  1.831518901e+01  1.819157268e+01  1.806224856e+01  1.792735564e+01
  1.778703293e+01  1.764141946e+01  1.749065422e+01  1.733487622e+01
  1.717422447e+01  1.700883798e+01  1.683885576e+01  1.666441682e+01
  1.648566016e+01  1.630272480e+01  1.611574973e+01  1.592487398e+01
  1.573023655e+01  1.553197645e+01  1.533023268e+01  1.512514425e+01
  1.491685018e+01  1.470548947e+01  1.449120113e+01  1.427412417e+01
  1.405439760e+01  1.383216042e+01  1.360755165e+01  1.338071028e+01
  1.315177534e+01  1.292088583e+01  1.268818075e+01  1.245379913e+01
  1.221787995e+01  1.198056224e+01  1.174198501e+01  1.150228725e+01
  1.126160798e+01  1.102008621e+01  1.077786094e+01  1.053507119e+01
  1.029185596e+01  1.004835426e+01  9.804705100e+00  9.561047489e+00
  9.317520435e+00  9.074262945e+00  8.831414029e+00  8.589112695e+00
  8.347497952e+00  8.106708807e+00  7.866884270e+00  7.628163348e+00
  7.390685052e+00  7.154588387e+00  6.920012365e+00  6.687095992e+00
  6.455978277e+00  6.226798229e+00  5.999694856e+00  5.774807167e+00
  5.552274171e+00  5.332234874e+00  5.114828287e+00  4.900193418e+00
  4.688469275e+00  4.479794866e+00  4.274309201e+00  4.072151287e+00
  3.873460133e+00  3.678374747e+00  3.487034139e+00  3.299577316e+00
  3.116143287e+00  2.936871060e+00  2.761899645e+00  2.591368048e+00
  2.425415280e+00  2.264180347e+00  2.107802256e+00  1.956420004e+00
  1.810172549e+00  1.669198668e+00  1.533636303e+00  1.403619609e+00
  1.279265588e+00  1.160614054e+00  1.047360152e+00  9.376814074e-01
  8.233585989e-01  6.739306987e-01  4.350897129e-01  1.922869628e-01
  9.269185040e-02
@R ZEFF 101 []
  2.433394378e+00  2.433394378e+00  2.432451021e+00  2.431427585e+00
  2.430324535e+00  2.429142291e+00  2.427881241e+00  2.426541743e+00
  2.425124133e+00  2.423628732e+00  2.422055854e+00  2.420405812e+00
  2.418678923e+00  2.416875521e+00  2.414995961e+00  2.413040630e+00
  2.411009953e+00  2.408904406e+00  2.406724525e+00  2.404470916e+00
  2.402144265e+00  2.399745354e+00  2.397275071e+00  2.394734424e+00
  2.392124556e+00  2.389446757e+00  2.386702486e+00  2.383893379e+00
  2.381021274e+00  2.378088220e+00  2.375096503e+00  2.372048658e+00
  2.368947487e+00  2.365796079e+00  2.362597828e+00  2.359356443e+00
  2.356075969e+00  2.352760797e+00  2.349415677e+00  2.346045721e+00
  2.342656414e+00  2.339253612e+00  2.335843536e+00  2.332432768e+00
  2.329028227e+00  2.325637158e+00  2.322267090e+00  2.318925810e+00
  2.315621308e+00  2.312361728e+00  2.309155302e+00  2.306010279e+00
  2.302934846e+00  2.299937041e+00  2.297024661e+00  2.294205165e+00
  2.291485576e+00  2.288872383e+00  2.286371443e+00  2.283987892e+00
  2.281726065e+00  2.279589422e+00  2.277580491e+00  2.275700831e+00
  2.273951003e+00  2.272330569e+00  2.270838110e+00  2.269471257e+00
  2.268226746e+00  2.267100492e+00  2.266087672e+00  2.265182823e+00
  2.264379950e+00  2.263672637e+00  2.263054161e+00  2.262517605e+00
  2.262055969e+00  2.261662268e+00  2.261329628e+00  2.261051370e+00
  2.260821081e+00  2.260632678e+00  2.260480452e+00  2.260359114e+00
  2.260263815e+00  2.260190170e+00  2.260134263e+00  2.260092646e+00
  2.260062333e+00  2.260040778e+00  2.260025857e+00  2.260015831e+00
  2.260009315e+00  2.260005235e+00  2.260002780e+00  2.260001360e+00
  2.260000560e+00  2.260000133e+00  2.260000004e+00  2.260000000e+00
  2.260000000e+00
@R OMEGA 101 []
  4.992501875e+03  4.992501875e+03  4.978801804e+03  4.961079526e+03
  4.940120160e+03  4.916382264e+03  4.890178959e+03  4.861743180e+03
  4.831258024e+03  4.798873089e+03  4.764714177e+03  4.728889466e+03
  4.691493659e+03  4.652610886e+03  4.612316799e+03  4.570680145e+03
  4.527763951e+03  4.483626454e+03  4.438321832e+03  4.391900796e+03
  4.344411068e+03  4.295897774e+03  4.246403778e+03  4.195969955e+03
  4.144635428e+03  4.092437767e+03  4.039413164e+03  3.985596584e+03
  3.931021896e+03  3.875721988e+03  3.819728870e+03  3.763073767e+03
  3.705787199e+03  3.647899055e+03  3.589438660e+03  3.530434837e+03
  3.470915960e+03  3.410910006e+03  3.350444605e+03  3.289547080e+03
  3.228244492e+03  3.166563674e+03  3.104531273e+03  3.042173783e+03
  2.979517575e+03  2.916588934e+03  2.853414088e+03  2.790019238e+03
  2.726430588e+03  2.662674375e+03  2.598776897e+03  2.534764544e+03
  2.470663824e+03  2.406501396e+03  2.342304099e+03  2.278098979e+03
  2.213913327e+03  2.149774707e+03  2.085710992e+03  2.021750397e+03
  1.957921519e+03  1.894253376e+03  1.830775447e+03  1.767517715e+03
  1.704510722e+03  1.641785608e+03  1.579374179e+03  1.517308956e+03
  1.455623246e+03  1.394351213e+03  1.333527952e+03  1.273189580e+03
  1.213373329e+03  1.154117653e+03  1.095462349e+03  1.037448686e+03
  9.801195629e+02  9.235196753e+02  8.676957162e+02  8.126966008e+02
  7.585737302e+02  7.053812976e+02  6.531766492e+02  6.020207128e+02
  5.519785103e+02  5.031197796e+02  4.555197357e+02  4.092600162e+02
  3.644298727e+02  3.211276991e+02  2.794630303e+02  2.395592200e+02
  2.015571260e+02  1.656203590e+02  1.319430748e+02  1.007621703e+02
  7.237775876e+01  4.719105135e+01  2.578549737e+01  9.151104569e+00
 -2.470912364e-12
@R Q 101 []
  0.000000000e+00  0.000000000e+00  0.000000000e+00  0.000000000e+00
  0.000000000e+00  0.000000000e+00  0.000000000e+00  0.000000000e+00
  0.000000000e+00  0.000000000e+00  0.000000000e+00  0.000000000e+00
  0.000000000e+00  0.000000000e+00  0.000000000e+00  0.000000000e+00
  0.000000000e+00  0.000000000e+00  0.000000000e+00  0.000000000e+00
  0.000000000e+00  0.000000000e+00  0.000000000e+00  0.000000000e+00
  0.000000000e+00  0.000000000e+00  0.000000000e+00  0.000000000e+00
  0.000000000e+00  0.000000000e+00  0.000000000e+00  0.000000000e+00
  0.000000000e+00  0.000000000e+00  0.000000000e+00  0.000000000e+00
  0.000000000e+00  0.000000000e+00  0.000000000e+00  0.000000000e+00
  0.000000000e+00  0.000000000e+00  0.000000000e+00  0.000000000e+00
  0.000000000e+00  0.000000000e+00  0.000000000e+00  0.000000000e+00
  0.000000000e+00  0.000000000e+00  0.000000000e+00  0.000000000e+00
  0.000000000e+00  0.000000000e+00  0.000000000e+00  0.000000000e+00
  0.000000000e+00  0.000000000e+00  0.000000000e+00  0.000000000e+00
  0.000000000e+00  0.000000000e+00  0.000000000e+00  0.000000000e+00
  0.000000000e+00  0.000000000e+00  0.000000000e+00  0.000000000e+00
  0.000000000e+00  0.000000000e+00  0.000000000e+00  0.000000000e+00
  0.000000000e+00  0.000000000e+00  0.000000000e+00  0.000000000e+00
  0.000000000e+00  0.000000000e+00  0.000000000e+00  0.000000000e+00
  0.000000000e+00  0.000000000e+00  0.000000000e+00  0.000000000e+00
  0.000000000e+00  0.000000000e+00  0.000000000e+00  0.000000000e+00
  0.000000000e+00  0.000000000e+00  0.000000000e+00  0.000000000e+00
  0.000000000e+00  0.000000000e+00  0.000000000e+00  0.000000000e+00
  0.000000000e+00  0.000000000e+00  0.000000000e+00  0.000000000e+00
  0.000000000e+00
@R FP 101 []
  0.000000000e+00  0.000000000e+00  0.000000000e+00  0.000000000e+00
  0.000000000e+00  0.000000000e+00  0.000000000e+00  0.000000000e+00
  0.000000000e+00  0.000000000e+00  0.000000000e+00  0.000000000e+00
  0.000000000e+00  0.000000000e+00  0.000000000e+00  0.000000000e+00
  0.000000000e+00  0.000000000e+00  0.000000000e+00  0.000000000e+00
  0.000000000e+00  0.000000000e+00  0.000000000e+00  0.000000000e+00
  0.000000000e+00  0.000000000e+00  0.000000000e+00  0.000000000e+00
  0.000000000e+00  0.000000000e+00  0.000000000e+00  0.000000000e+00
  0.000000000e+00  0.000000000e+00  0.000000000e+00  0.000000000e+00
  0.000000000e+00  0.000000000e+00  0.000000000e+00  0.000000000e+00
  0.000000000e+00  0.000000000e+00  0.000000000e+00  0.000000000e+00
  0.000000000e+00  0.000000000e+00  0.000000000e+00  0.000000000e+00
  0.000000000e+00  0.000000000e+00  0.000000000e+00  0.000000000e+00
  0.000000000e+00  0.000000000e+00  0.000000000e+00  0.000000000e+00
  0.000000000e+00  0.000000000e+00  0.000000000e+00  0.000000000e+00
  0.000000000e+00  0.000000000e+00  0.000000000e+00  0.000000000e+00
  0.000000000e+00  0.000000000e+00  0.000000000e+00  0.000000000e+00
  0.000000000e+00  0.000000000e+00  0.000000000e+00  0.000000000e+00
  0.000000000e+00  0.000000000e+00  0.000000000e+00  0.000000000e+00
  0.000000000e+00  0.000000000e+00  0.000000000e+00  0.000000000e+00
  0.000000000e+00  0.000000000e+00  0.000000000e+00  0.000000000e+00
  0.000000000e+00  0.000000000e+00  0.000000000e+00  0.000000000e+00
  0.000000000e+00  0.000000000e+00  0.000000000e+00  0.000000000e+00
  0.000000000e+00  0.000000000e+00  0.000000000e+00  0.000000000e+00
  0.000000000e+00  0.000000000e+00  0.000000000e+00  0.000000000e+00
  0.000000000e+00
@R CURPAR 101 []
  3.060826804e+00  3.060631213e+00  3.059934288e+00  3.058585252e+00
  3.056577073e+00  3.053962805e+00  3.050763683e+00  3.046982049e+00
  3.042618544e+00  3.037673238e+00  3.032146132e+00  3.026037225e+00
  3.019346517e+00  3.012074008e+00  3.004219699e+00  2.995783589e+00
  2.986765679e+00  2.977165967e+00  2.966984455e+00  2.956221143e+00
  2.944876029e+00  2.932949115e+00  2.920440400e+00  2.907349885e+00
  2.893677569e+00  2.879423452e+00  2.864587535e+00  2.849169817e+00
  2.833170298e+00  2.816588978e+00  2.799425858e+00  2.781680937e+00
  2.763354216e+00  2.744445693e+00  2.724955370e+00  2.704883247e+00
  2.684229322e+00  2.662993597e+00  2.641176072e+00  2.618776745e+00
  2.595795618e+00  2.572232691e+00  2.548087962e+00  2.523361433e+00
  2.498053103e+00  2.472162973e+00  2.445691042e+00  2.418637310e+00
  2.391001777e+00  2.362784444e+00  2.333985310e+00  2.304604376e+00
  2.274641640e+00  2.244097104e+00  2.212970768e+00  2.181262630e+00
  2.148972692e+00  2.116100954e+00  2.082647414e+00  2.048612074e+00
  2.013994934e+00  1.978795992e+00  1.943015250e+00  1.906652707e+00
  1.869708364e+00  1.832182220e+00  1.794074275e+00  1.755384529e+00
  1.716112983e+00  1.676259636e+00  1.635824488e+00  1.594807540e+00
  1.553208791e+00  1.511028242e+00  1.468265891e+00  1.424921740e+00
  1.380995789e+00  1.336488036e+00  1.291398483e+00  1.245727129e+00
  1.199473975e+00  1.152639020e+00  1.105222264e+00  1.057223707e+00
  1.008643350e+00  9.594811924e-01  9.097372339e-01  8.594114747e-01
  8.085039147e-01  7.570145541e-01  7.049433929e-01  6.522904309e-01
  5.990556682e-01  5.452391049e-01  4.908407409e-01  4.358889844e-01
  3.806963261e-01  3.267968107e-01  2.775891996e-01  2.399096510e-01
  2.251237320e-01
@R CURBEAM 101 []
  0.000000000e+00  0.000000000e+00  0.000000000e+00  0.000000000e+00
  0.000000000e+00  0.000000000e+00  0.000000000e+00  0.000000000e+00
  0.000000000e+00  0.000000000e+00  0.000000000e+00  0.000000000e+00
  0.000000000e+00  0.000000000e+00  0.000000000e+00  0.000000000e+00
  0.000000000e+00  0.000000000e+00  0.000000000e+00  0.000000000e+00
  0.000000000e+00  0.000000000e+00  0.000000000e+00  0.000000000e+00
  0.000000000e+00  0.000000000e+00  0.000000000e+00  0.000000000e+00
  0.000000000e+00  0.000000000e+00  0.000000000e+00  0.000000000e+00
  0.000000000e+00  0.000000000e+00  0.000000000e+00  0.000000000e+00
  0.000000000e+00  0.000000000e+00  0.000000000e+00  0.000000000e+00
  0.000000000e+00  0.000000000e+00  0.000000000e+00  0.000000000e+00
  0.000000000e+00  0.000000000e+00  0.000000000e+00  0.000000000e+00
  0.000000000e+00  0.000000000e+00  0.000000000e+00  0.000000000e+00
  0.000000000e+00  0.000000000e+00  0.000000000e+00  0.000000000e+00
  0.000000000e+00  0.000000000e+00  0.000000000e+00  0.000000000e+00
  0.000000000e+00  0.000000000e+00  0.000000000e+00  0.000000000e+00
  0.000000000e+00  0.000000000e+00  0.000000000e+00  0.000000000e+00
  0.000000000e+00  0.000000000e+00  0.000000000e+00  0.000000000e+00
  0.000000000e+00  0.000000000e+00  0.000000000e+00  0.000000000e+00
  0.000000000e+00  0.000000000e+00  0.000000000e+00  0.000000000e+00
  0.000000000e+00  0.000000000e+00  0.000000000e+00  0.000000000e+00
  0.000000000e+00  0.000000000e+00  0.000000000e+00  0.000000000e+00
  0.000000000e+00  0.000000000e+00  0.000000000e+00  0.000000000e+00
  0.000000000e+00  0.000000000e+00  0.000000000e+00  0.000000000e+00
  0.000000000e+00  0.000000000e+00  0.000000000e+00  0.000000000e+00
  0.000000000e+00
@R CURRF 101 []
  0.000000000e+00  0.000000000e+00  0.000000000e+00  0.000000000e+00
  0.000000000e+00  0.000000000e+00  0.000000000e+00  0.000000000e+00
  0.000000000e+00  0.000000000e+00  0.000000000e+00  0.000000000e+00
  0.000000000e+00  0.000000000e+00  0.000000000e+00  0.000000000e+00
  0.000000000e+00  0.000000000e+00  0.000000000e+00  0.000000000e+00
  0.000000000e+00  0.000000000e+00  0.000000000e+00  0.000000000e+00
  0.000000000e+00  0.000000000e+00  0.000000000e+00  0.000000000e+00
  0.000000000e+00  0.000000000e+00  0.000000000e+00  0.000000000e+00
  0.000000000e+00  0.000000000e+00  0.000000000e+00  0.000000000e+00
  0.000000000e+00  0.000000000e+00  0.000000000e+00  0.000000000e+00
  0.000000000e+00  0.000000000e+00  0.000000000e+00  0.000000000e+00
  0.000000000e+00  0.000000000e+00  0.000000000e+00  0.000000000e+00
  0.000000000e+00  0.000000000e+00  0.000000000e+00  0.000000000e+00
  0.000000000e+00  0.000000000e+00  0.000000000e+00  0.000000000e+00
  0.000000000e+00  0.000000000e+00  0.000000000e+00  0.000000000e+00
  0.000000000e+00  0.000000000e+00  0.000000000e+00  0.000000000e+00
  0.000000000e+00  0.000000000e+00  0.000000000e+00  0.000000000e+00
  0.000000000e+00  0.000000000e+00  0.000000000e+00  0.000000000e+00
  0.000000000e+00  0.000000000e+00  0.000000000e+00  0.000000000e+00
  0.000000000e+00  0.000000000e+00  0.000000000e+00  0.000000000e+00
  0.000000000e+00  0.000000000e+00  0.000000000e+00  0.000000000e+00
  0.000000000e+00  0.000000000e+00  0.000000000e+00  0.000000000e+00
  0.000000000e+00  0.000000000e+00  0.000000000e+00  0.000000000e+00
  0.000000000e+00  0.000000000e+00  0.000000000e+00  0.000000000e+00
  0.000000000e+00  0.000000000e+00  0.000000000e+00  0.000000000e+00
  0.000000000e+00
@R CURBOOT 101 []
  0.000000000e+00  0.000000000e+00  0.000000000e+00  0.000000000e+00
  0.000000000e+00  0.000000000e+00  0.000000000e+00  0.000000000e+00
  0.000000000e+00  0.000000000e+00  0.000000000e+00  0.000000000e+00
  0.000000000e+00  0.000000000e+00  0.000000000e+00  0.000000000e+00
  0.000000000e+00  0.000000000e+00  0.000000000e+00  0.000000000e+00
  0.000000000e+00  0.000000000e+00  0.000000000e+00  0.000000000e+00
  0.000000000e+00  0.000000000e+00  0.000000000e+00  0.000000000e+00
  0.000000000e+00  0.000000000e+00  0.000000000e+00  0.000000000e+00
  0.000000000e+00  0.000000000e+00  0.000000000e+00  0.000000000e+00
  0.000000000e+00  0.000000000e+00  0.000000000e+00  0.000000000e+00
  0.000000000e+00  0.000000000e+00  0.000000000e+00  0.000000000e+00
  0.000000000e+00  0.000000000e+00  0.000000000e+00  0.000000000e+00
  0.000000000e+00  0.000000000e+00  0.000000000e+00  0.000000000e+00
  0.000000000e+00  0.000000000e+00  0.000000000e+00  0.000000000e+00
  0.000000000e+00  0.000000000e+00  0.000000000e+00  0.000000000e+00
  0.000000000e+00  0.000000000e+00  0.000000000e+00  0.000000000e+00
  0.000000000e+00  0.000000000e+00  0.000000000e+00  0.000000000e+00
  0.000000000e+00  0.000000000e+00  0.000000000e+00  0.000000000e+00
  0.000000000e+00  0.000000000e+00  0.000000000e+00  0.000000000e+00
  0.000000000e+00  0.000000000e+00  0.000000000e+00  0.000000000e+00
  0.000000000e+00  0.000000000e+00  0.000000000e+00  0.000000000e+00
  0.000000000e+00  0.000000000e+00  0.000000000e+00  0.000000000e+00
  0.000000000e+00  0.000000000e+00  0.000000000e+00  0.000000000e+00
  0.000000000e+00  0.000000000e+00  0.000000000e+00  0.000000000e+00
  0.000000000e+00  0.000000000e+00  0.000000000e+00  0.000000000e+00
  0.000000000e+00
@R ENBEAM 101 []
  0.000000000e+00  0.000000000e+00  0.000000000e+00  0.000000000e+00
  0.000000000e+00  0.000000000e+00  0.000000000e+00  0.000000000e+00
  0.000000000e+00  0.000000000e+00  0.000000000e+00  0.000000000e+00
  0.000000000e+00  0.000000000e+00  0.000000000e+00  0.000000000e+00
  0.000000000e+00  0.000000000e+00  0.000000000e+00  0.000000000e+00
  0.000000000e+00  0.000000000e+00  0.000000000e+00  0.000000000e+00
  0.000000000e+00  0.000000000e+00  0.000000000e+00  0.000000000e+00
  0.000000000e+00  0.000000000e+00  0.000000000e+00  0.000000000e+00
  0.000000000e+00  0.000000000e+00  0.000000000e+00  0.000000000e+00
  0.000000000e+00  0.000000000e+00  0.000000000e+00  0.000000000e+00
  0.000000000e+00  0.000000000e+00  0.000000000e+00  0.000000000e+00
  0.000000000e+00  0.000000000e+00  0.000000000e+00  0.000000000e+00
  0.000000000e+00  0.000000000e+00  0.000000000e+00  0.000000000e+00
  0.000000000e+00  0.000000000e+00  0.000000000e+00  0.000000000e+00
  0.000000000e+00  0.000000000e+00  0.000000000e+00  0.000000000e+00
  0.000000000e+00  0.000000000e+00  0.000000000e+00  0.000000000e+00
  0.000000000e+00  0.000000000e+00  0.000000000e+00  0.000000000e+00
  0.000000000e+00  0.000000000e+00  0.000000000e+00  0.000000000e+00
  0.000000000e+00  0.000000000e+00  0.000000000e+00  0.000000000e+00
  0.000000000e+00  0.000000000e+00  0.000000000e+00  0.000000000e+00
  0.000000000e+00  0.000000000e+00  0.000000000e+00  0.000000000e+00
  0.000000000e+00  0.000000000e+00  0.000000000e+00  0.000000000e+00
  0.000000000e+00  0.000000000e+00  0.000000000e+00  0.000000000e+00
  0.000000000e+00  0.000000000e+00  0.000000000e+00  0.000000000e+00
  0.000000000e+00  0.000000000e+00  0.000000000e+00  0.000000000e+00
  0.000000000e+00
@R WBEAM 101 []
  0.000000000e+00  0.000000000e+00  0.000000000e+00  0.000000000e+00
  0.000000000e+00  0.000000000e+00  0.000000000e+00  0.000000000e+00
  0.000000000e+00  0.000000000e+00  0.000000000e+00  0.000000000e+00
  0.000000000e+00  0.000000000e+00  0.000000000e+00  0.000000000e+00
  0.000000000e+00  0.000000000e+00  0.000000000e+00  0.000000000e+00
  0.000000000e+00  0.000000000e+00  0.000000000e+00  0.000000000e+00
  0.000000000e+00  0.000000000e+00  0.000000000e+00  0.000000000e+00
  0.000000000e+00  0.000000000e+00  0.000000000e+00  0.000000000e+00
  0.000000000e+00  0.000000000e+00  0.000000000e+00  0.000000000e+00
  0.000000000e+00  0.000000000e+00  0.000000000e+00  0.000000000e+00
  0.000000000e+00  0.000000000e+00  0.000000000e+00  0.000000000e+00
  0.000000000e+00  0.000000000e+00  0.000000000e+00  0.000000000e+00
  0.000000000e+00  0.000000000e+00  0.000000000e+00  0.000000000e+00
  0.000000000e+00  0.000000000e+00  0.000000000e+00  0.000000000e+00
  0.000000000e+00  0.000000000e+00  0.000000000e+00  0.000000000e+00
  0.000000000e+00  0.000000000e+00  0.000000000e+00  0.000000000e+00
  0.000000000e+00  0.000000000e+00  0.000000000e+00  0.000000000e+00
  0.000000000e+00  0.000000000e+00  0.000000000e+00  0.000000000e+00
  0.000000000e+00  0.000000000e+00  0.000000000e+00  0.000000000e+00
  0.000000000e+00  0.000000000e+00  0.000000000e+00  0.000000000e+00
  0.000000000e+00  0.000000000e+00  0.000000000e+00  0.000000000e+00
  0.000000000e+00  0.000000000e+00  0.000000000e+00  0.000000000e+00
  0.000000000e+00  0.000000000e+00  0.000000000e+00  0.000000000e+00
  0.000000000e+00  0.000000000e+00  0.000000000e+00  0.000000000e+00
  0.000000000e+00  0.000000000e+00  0.000000000e+00  0.000000000e+00
  0.000000000e+00
@R QBEAME 101 []
  0.000000000e+00  0.000000000e+00  0.000000000e+00  0.000000000e+00
  0.000000000e+00  0.000000000e+00  0.000000000e+00  0.000000000e+00
  0.000000000e+00  0.000000000e+00  0.000000000e+00  0.000000000e+00
  0.000000000e+00  0.000000000e+00  0.000000000e+00  0.000000000e+00
  0.000000000e+00  0.000000000e+00  0.000000000e+00  0.000000000e+00
  0.000000000e+00  0.000000000e+00  0.000000000e+00  0.000000000e+00
  0.000000000e+00  0.000000000e+00  0.000000000e+00  0.000000000e+00
  0.000000000e+00  0.000000000e+00  0.000000000e+00  0.000000000e+00
  0.000000000e+00  0.000000000e+00  0.000000000e+00  0.000000000e+00
  0.000000000e+00  0.000000000e+00  0.000000000e+00  0.000000000e+00
  0.000000000e+00  0.000000000e+00  0.000000000e+00  0.000000000e+00
  0.000000000e+00  0.000000000e+00  0.000000000e+00  0.000000000e+00
  0.000000000e+00  0.000000000e+00  0.000000000e+00  0.000000000e+00
  0.000000000e+00  0.000000000e+00  0.000000000e+00  0.000000000e+00
  0.000000000e+00  0.000000000e+00  0.000000000e+00  0.000000000e+00
  0.000000000e+00  0.000000000e+00  0.000000000e+00  0.000000000e+00
  0.000000000e+00  0.000000000e+00  0.000000000e+00  0.000000000e+00
  0.000000000e+00  0.000000000e+00  0.000000000e+00  0.000000000e+00
  0.000000000e+00  0.000000000e+00  0.000000000e+00  0.000000000e+00
  0.000000000e+00  0.000000000e+00  0.000000000e+00  0.000000000e+00
  0.000000000e+00  0.000000000e+00  0.000000000e+00  0.000000000e+00
  0.000000000e+00  0.000000000e+00  0.000000000e+00  0.000000000e+00
  0.000000000e+00  0.000000000e+00  0.000000000e+00  0.000000000e+00
  0.000000000e+00  0.000000000e+00  0.000000000e+00  0.000000000e+00
  0.000000000e+00  0.000000000e+00  0.000000000e+00  0.000000000e+00
  0.000000000e+00
@R QBEAMI 101 []
  0.000000000e+00  0.000000000e+00  0.000000000e+00  0.000000000e+00
  0.000000000e+00  0.000000000e+00  0.000000000e+00  0.000000000e+00
  0.000000000e+00  0.000000000e+00  0.000000000e+00  0.000000000e+00
  0.000000000e+00  0.000000000e+00  0.000000000e+00  0.000000000e+00
  0.000000000e+00  0.000000000e+00  0.000000000e+00  0.000000000e+00
  0.000000000e+00  0.000000000e+00  0.000000000e+00  0.000000000e+00
  0.000000000e+00  0.000000000e+00  0.000000000e+00  0.000000000e+00
  0.000000000e+00  0.000000000e+00  0.000000000e+00  0.000000000e+00
  0.000000000e+00  0.000000000e+00  0.000000000e+00  0.000000000e+00
  0.000000000e+00  0.000000000e+00  0.000000000e+00  0.000000000e+00
  0.000000000e+00  0.000000000e+00  0.000000000e+00  0.000000000e+00
  0.000000000e+00  0.000000000e+00  0.000000000e+00  0.000000000e+00
  0.000000000e+00  0.000000000e+00  0.000000000e+00  0.000000000e+00
  0.000000000e+00  0.000000000e+00  0.000000000e+00  0.000000000e+00
  0.000000000e+00  0.000000000e+00  0.000000000e+00  0.000000000e+00
  0.000000000e+00  0.000000000e+00  0.000000000e+00  0.000000000e+00
  0.000000000e+00  0.000000000e+00  0.000000000e+00  0.000000000e+00
  0.000000000e+00  0.000000000e+00  0.000000000e+00  0.000000000e+00
  0.000000000e+00  0.000000000e+00  0.000000000e+00  0.000000000e+00
  0.000000000e+00  0.000000000e+00  0.000000000e+00  0.000000000e+00
  0.000000000e+00  0.000000000e+00  0.000000000e+00  0.000000000e+00
  0.000000000e+00  0.000000000e+00  0.000000000e+00  0.000000000e+00
  0.000000000e+00  0.000000000e+00  0.000000000e+00  0.000000000e+00
  0.000000000e+00  0.000000000e+00  0.000000000e+00  0.000000000e+00
  0.000000000e+00  0.000000000e+00  0.000000000e+00  0.000000000e+00
  0.000000000e+00
@R ENALP 101 []
  0.000000000e+00  0.000000000e+00  0.000000000e+00  0.000000000e+00
  0.000000000e+00  0.000000000e+00  0.000000000e+00  0.000000000e+00
  0.000000000e+00  0.000000000e+00  0.000000000e+00  0.000000000e+00
  0.000000000e+00  0.000000000e+00  0.000000000e+00  0.000000000e+00
  0.000000000e+00  0.000000000e+00  0.000000000e+00  0.000000000e+00
  0.000000000e+00  0.000000000e+00  0.000000000e+00  0.000000000e+00
  0.000000000e+00  0.000000000e+00  0.000000000e+00  0.000000000e+00
  0.000000000e+00  0.000000000e+00  0.000000000e+00  0.000000000e+00
  0.000000000e+00  0.000000000e+00  0.000000000e+00  0.000000000e+00
  0.000000000e+00  0.000000000e+00  0.000000000e+00  0.000000000e+00
  0.000000000e+00  0.000000000e+00  0.000000000e+00  0.000000000e+00
  0.000000000e+00  0.000000000e+00  0.000000000e+00  0.000000000e+00
  0.000000000e+00  0.000000000e+00  0.000000000e+00  0.000000000e+00
  0.000000000e+00  0.000000000e+00  0.000000000e+00  0.000000000e+00
  0.000000000e+00  0.000000000e+00  0.000000000e+00  0.000000000e+00
  0.000000000e+00  0.000000000e+00  0.000000000e+00  0.000000000e+00
  0.000000000e+00  0.000000000e+00  0.000000000e+00  0.000000000e+00
  0.000000000e+00  0.000000000e+00  0.000000000e+00  0.000000000e+00
  0.000000000e+00  0.000000000e+00  0.000000000e+00  0.000000000e+00
  0.000000000e+00  0.000000000e+00  0.000000000e+00  0.000000000e+00
  0.000000000e+00  0.000000000e+00  0.000000000e+00  0.000000000e+00
  0.000000000e+00  0.000000000e+00  0.000000000e+00  0.000000000e+00
  0.000000000e+00  0.000000000e+00  0.000000000e+00  0.000000000e+00
  0.000000000e+00  0.000000000e+00  0.000000000e+00  0.000000000e+00
  0.000000000e+00  0.000000000e+00  0.000000000e+00  0.000000000e+00
  0.000000000e+00
@R WALP 101 []
  0.000000000e+00  0.000000000e+00  0.000000000e+00  0.000000000e+00
  0.000000000e+00  0.000000000e+00  0.000000000e+00  0.000000000e+00
  0.000000000e+00  0.000000000e+00  0.000000000e+00  0.000000000e+00
  0.000000000e+00  0.000000000e+00  0.000000000e+00  0.000000000e+00
  0.000000000e+00  0.000000000e+00  0.000000000e+00  0.000000000e+00
  0.000000000e+00  0.000000000e+00  0.000000000e+00  0.000000000e+00
  0.000000000e+00  0.000000000e+00  0.000000000e+00  0.000000000e+00
  0.000000000e+00  0.000000000e+00  0.000000000e+00  0.000000000e+00
  0.000000000e+00  0.000000000e+00  0.000000000e+00  0.000000000e+00
  0.000000000e+00  0.000000000e+00  0.000000000e+00  0.000000000e+00
  0.000000000e+00  0.000000000e+00  0.000000000e+00  0.000000000e+00
  0.000000000e+00  0.000000000e+00  0.000000000e+00  0.000000000e+00
  0.000000000e+00  0.000000000e+00  0.000000000e+00  0.000000000e+00
  0.000000000e+00  0.000000000e+00  0.000000000e+00  0.000000000e+00
  0.000000000e+00  0.000000000e+00  0.000000000e+00  0.000000000e+00
  0.000000000e+00  0.000000000e+00  0.000000000e+00  0.000000000e+00
  0.000000000e+00  0.000000000e+00  0.000000000e+00  0.000000000e+00
  0.000000000e+00  0.000000000e+00  0.000000000e+00  0.000000000e+00
  0.000000000e+00  0.000000000e+00  0.000000000e+00  0.000000000e+00
  0.000000000e+00  0.000000000e+00  0.000000000e+00  0.000000000e+00
  0.000000000e+00  0.000000000e+00  0.000000000e+00  0.000000000e+00
  0.000000000e+00  0.000000000e+00  0.000000000e+00  0.000000000e+00
  0.000000000e+00  0.000000000e+00  0.000000000e+00  0.000000000e+00
  0.000000000e+00  0.000000000e+00  0.000000000e+00  0.000000000e+00
  0.000000000e+00  0.000000000e+00  0.000000000e+00  0.000000000e+00
  0.000000000e+00
@R QTFUSE 101 []
  1.851312525e+00  1.848484430e+00  1.839776208e+00  1.827568677e+00
  1.814468628e+00  1.800480342e+00  1.785608744e+00  1.769861796e+00
  1.753249743e+00  1.735781792e+00  1.717465075e+00  1.698304309e+00
  1.678304075e+00  1.657472150e+00  1.635817282e+00  1.613347227e+00
  1.590071077e+00  1.565997863e+00  1.541136158e+00  1.515498725e+00
  1.489098263e+00  1.461945466e+00  1.434056635e+00  1.405448990e+00
  1.376138836e+00  1.346145587e+00  1.315490619e+00  1.284197193e+00
  1.252291094e+00  1.219800544e+00  1.186755627e+00  1.153189222e+00
  1.119137509e+00  1.084639439e+00  1.049736804e+00  1.014474688e+00
  9.789014649e-01  9.430683178e-01  9.070307576e-01  8.708481566e-01
  8.345819633e-01  7.982969833e-01  7.620625820e-01  7.259503878e-01
  6.900344089e-01  6.543921739e-01  6.191024977e-01  5.842464194e-01
  5.499059761e-01  5.161636784e-01  4.831021405e-01  4.508027847e-01
  4.193455856e-01  3.888077271e-01  3.592629383e-01  3.307805394e-01
  3.034243336e-01  2.772517498e-01  2.523132302e-01  2.286509509e-01
  2.062983461e-01  1.852798203e-01  1.656098782e-01  1.472929831e-01
  1.303236927e-01  1.146867227e-01  1.003571015e-01  8.730074718e-02
  7.547529813e-02  6.483085617e-02  5.531096973e-02  4.685361853e-02
  3.939242429e-02  3.285788860e-02  2.717844090e-02  2.228161136e-02
  1.809506840e-02  1.454760757e-02  1.157005589e-02  9.096005104e-03
  7.062448488e-03  5.410297525e-03  4.084768325e-03  3.035666573e-03
  2.217553696e-03  1.589804212e-03  1.116580056e-03  7.667191459e-04
  5.135507047e-04  3.346406814e-04  2.114796495e-04  1.291244564e-04
  7.580223980e-05  4.248778958e-05  2.246812872e-05  1.091630681e-05
  4.544076642e-06  1.381973391e-06  2.236549842e-07  6.303167738e-09
  4.523248415e-12
@R QTFUSI 101 []
  8.146080208e-01  8.126522500e-01  8.066359138e-01  7.982204431e-01
  7.892241877e-01  7.796632665e-01  7.695545428e-01  7.589166129e-01
  7.477694296e-01  7.361328342e-01  7.240261033e-01  7.114678021e-01
  6.984767369e-01  6.850733145e-01  6.712785655e-01  6.571132993e-01
  6.425990370e-01  6.277574113e-01  6.126099818e-01  5.971800493e-01
  5.814909165e-01  5.655650950e-01  5.494272405e-01  5.331022641e-01
  5.166145828e-01  4.999896184e-01  4.832532907e-01  4.664319271e-01
  4.495524275e-01  4.326421589e-01  4.157286739e-01  3.988399698e-01
  3.820045715e-01  3.652512550e-01  3.486089775e-01  3.321069303e-01
  3.157744331e-01  2.996406713e-01  2.837350668e-01  2.680870057e-01
  2.527251595e-01  2.376777788e-01  2.229729234e-01  2.086376563e-01
  1.946979633e-01  1.811789797e-01  1.681042467e-01  1.554958821e-01
  1.433741718e-01  1.317573581e-01  1.206615100e-01  1.101001611e-01
  1.000842573e-01  9.062185568e-02  8.171803214e-02  7.337475240e-02
  6.559075090e-02  5.836150516e-02  5.167930106e-02  4.553319448e-02
  3.990917658e-02  3.479040395e-02  3.015733635e-02  2.598803756e-02
  2.225853428e-02  1.894315977e-02  1.601491031e-02  1.344585827e-02
  1.120758101e-02  9.271543121e-03  7.609479276e-03  6.193737235e-03
  4.997606217e-03  3.995601557e-03  3.163676381e-03  2.479405142e-03
  1.922107575e-03  1.472927878e-03  1.114869877e-03  8.327845795e-04
  6.133245674e-04  4.448685020e-04  3.174206237e-04  2.224932054e-04
  1.529755394e-04  1.029948215e-04  6.777487178e-05  4.349562526e-05
  2.715701486e-05  1.644966180e-05  9.634805970e-06  5.435221650e-06
  2.938175938e-06  1.511106030e-06  7.303058424e-07  3.226787750e-07
  1.212962284e-07  3.287120044e-08  4.571690730e-09  8.736251440e-11
  2.977788299e-14
@R QRFE 101 []
 -1.844908146e-02 -1.529047333e-02 -1.061365730e-02 -4.113280951e-03
  4.155995170e-02  1.481455487e-01  2.320725376e-01  3.012573335e-01
  5.437486727e-01  8.455180018e-01  9.060676574e-01  7.899328780e-01
  6.768826133e-01  6.066413487e-01  5.379509160e-01  4.402276136e-01
  3.597687878e-01  3.108492554e-01  2.689639515e-01  2.268403623e-01
  1.874740440e-01  1.579699772e-01  1.355719684e-01  1.116418599e-01
  8.896477081e-02  7.389418912e-02  6.516298412e-02  5.496195303e-02
  4.052081630e-02  2.872862753e-02  2.279000483e-02  1.800829546e-02
  1.183324748e-02  7.152089790e-03  5.317402214e-03  3.348184310e-03
 -2.507104774e-04 -3.205661273e-03 -4.070626481e-03 -4.420791892e-03
 -5.543192076e-03 -6.373777296e-03 -6.415796659e-03 -7.006756986e-03
 -8.349346991e-03 -9.050882625e-03 -8.599587659e-03 -7.929516218e-03
 -7.809214470e-03 -7.818962498e-03 -7.448111707e-03 -6.934789917e-03
 -6.570289133e-03 -6.089289582e-03 -4.944059732e-03 -3.523997107e-03
 -2.605166111e-03 -2.019440970e-03 -1.409094868e-03 -4.284622845e-04
  1.009788729e-03  2.492195806e-03  3.865534157e-03  5.237474041e-03
  6.718939600e-03  8.335845385e-03  9.960702354e-03  1.141884326e-02
  1.274509631e-02  1.409849259e-02  1.549622437e-02  1.684690007e-02
  1.805816743e-02  1.911219376e-02  2.011406741e-02  2.108119197e-02
  2.178044437e-02  2.213202813e-02  2.232087990e-02  2.002346981e-02
  1.300973031e-02  5.423378641e-03  1.584592670e-03  4.964068648e-04
  2.779937984e-04  2.749507342e-04  2.679108627e-04  2.070833918e-04
  1.484997456e-04  1.285222810e-04  1.334527564e-04  1.308746990e-04
  1.209527315e-04  1.154704503e-04  1.073793205e-04  9.113837236e-05
  7.370479775e-05  6.682549766e-05  8.112666777e-05  1.192302273e-04
  1.436625975e-04
@R QRFI 101 []
  3.329992156e-02  3.333331036e-02  3.563417950e-02  4.755879384e-02
  1.163178593e-01  2.649702672e-01  3.804298711e-01  5.585524782e-01
  1.199961699e+00  2.135389591e+00  2.785029647e+00  3.146301565e+00
  3.434740857e+00  3.630356605e+00  3.556643036e+00  3.242211129e+00
  3.044878960e+00  2.942359050e+00  2.674036739e+00  2.290214731e+00
  1.932604967e+00  1.635070342e+00  1.338358895e+00  1.020612090e+00
  7.520770182e-01  5.671714141e-01  4.404027249e-01  3.384719612e-01
  2.483734659e-01  1.790177852e-01  1.331001690e-01  1.079658621e-01
  1.008602890e-01  1.032889962e-01  1.071883854e-01  1.075305660e-01
  1.020887333e-01  9.442369175e-02  9.120858640e-02  9.480690306e-02
  1.011521747e-01  1.050708291e-01  1.030207012e-01  9.149438593e-02
  7.429483146e-02  6.326219156e-02  6.277008452e-02  6.618332562e-02
  6.495646900e-02  5.806351886e-02  5.023027179e-02  4.474850657e-02
  4.136699478e-02  3.921988116e-02  4.017106968e-02  4.305731454e-02
  4.290848089e-02  3.762018356e-02  3.101486274e-02  2.905453411e-02
  3.055798194e-02  3.068621608e-02  2.702303889e-02  2.046804561e-02
  1.540190751e-02  1.309146104e-02  1.089877366e-02  6.312729406e-03
  6.114756134e-04 -2.954960245e-03 -4.561166381e-03 -6.491154747e-03
 -9.743076080e-03 -1.272942239e-02 -1.382701569e-02 -1.342294613e-02
 -1.365772206e-02 -1.555192186e-02 -1.688827772e-02 -1.391137936e-02
 -6.033523733e-03  7.647522106e-04  2.957575868e-03  3.233457506e-03
  3.606413324e-03  4.044455406e-03  3.801723807e-03  2.887131383e-03
  2.188039946e-03  2.089402761e-03  2.244792796e-03  2.209120728e-03
  2.076914718e-03  2.056294746e-03  1.973501155e-03  1.700949167e-03
  1.363690797e-03  1.166389401e-03  1.287903211e-03  1.776999776e-03
  2.104977135e-03
@R QRAD 101 []
 -1.538416498e+00 -1.537638246e+00 -1.535255782e+00 -1.531950554e+00
 -1.528449739e+00 -1.524749615e+00 -1.520847112e+00 -1.516741833e+00
 -1.512435422e+00 -1.507928717e+00 -1.503220766e+00 -1.498308407e+00
 -1.493188150e+00 -1.487859076e+00 -1.482320841e+00 -1.476571849e+00
 -1.470611255e+00 -1.464437594e+00 -1.458048284e+00 -1.452111890e+00
 -1.447332988e+00 -1.443080502e+00 -1.438655704e+00 -1.434021692e+00
 -1.429171737e+00 -1.424100704e+00 -1.418803798e+00 -1.413276333e+00
 -1.407514289e+00 -1.401514060e+00 -1.395271621e+00 -1.388783399e+00
 -1.382046744e+00 -1.375059162e+00 -1.367818222e+00 -1.360321966e+00
 -1.352568799e+00 -1.344556675e+00 -1.337101730e+00 -1.331353099e+00
 -1.326801706e+00 -1.322250045e+00 -1.317341041e+00 -1.312071292e+00
 -1.306437295e+00 -1.300437918e+00 -1.294071039e+00 -1.287336251e+00
 -1.280233333e+00 -1.272762613e+00 -1.264925470e+00 -1.221935666e+00
 -1.109668576e+00 -9.647556362e-01 -8.237033536e-01 -6.870760203e-01
 -5.549246820e-01 -4.272921638e-01 -3.042136248e-01 -1.857159629e-01
 -9.790941830e-02 -1.115152384e-01 -2.419473408e-01 -4.122651675e-01
 -5.747482138e-01 -7.294259171e-01 -8.763387223e-01 -1.015537636e+00
 -1.126694698e+00 -1.181298624e+00 -1.193176360e+00 -1.194078586e+00
 -1.193787497e+00 -1.192329977e+00 -1.190825453e+00 -1.191979070e+00
 -1.196145587e+00 -1.200348905e+00 -1.202880543e+00 -1.204304503e+00
 -1.208137869e+00 -1.216620356e+00 -1.225849474e+00 -1.232697740e+00
 -1.240990977e+00 -1.255740723e+00 -1.274044084e+00 -1.290207109e+00
 -1.310360994e+00 -1.342083105e+00 -1.376611871e+00 -1.412059885e+00
 -1.456977317e+00 -1.501033743e+00 -1.534341344e+00 -1.553192441e+00
 -1.550707752e+00 -1.549449797e+00 -1.412956726e+00 -9.852830902e-01
 -6.996539216e-01
@R QOHM 101 []
  0.000000000e+00  0.000000000e+00  0.000000000e+00  0.000000000e+00
  0.000000000e+00  0.000000000e+00  0.000000000e+00  0.000000000e+00
  0.000000000e+00  0.000000000e+00  0.000000000e+00  0.000000000e+00
  0.000000000e+00  0.000000000e+00  0.000000000e+00  0.000000000e+00
  0.000000000e+00  0.000000000e+00  0.000000000e+00  0.000000000e+00
  0.000000000e+00  0.000000000e+00  0.000000000e+00  0.000000000e+00
  0.000000000e+00  0.000000000e+00  0.000000000e+00  0.000000000e+00
  0.000000000e+00  0.000000000e+00  0.000000000e+00  0.000000000e+00
  0.000000000e+00  0.000000000e+00  0.000000000e+00  0.000000000e+00
  0.000000000e+00  0.000000000e+00  0.000000000e+00  0.000000000e+00
  0.000000000e+00  0.000000000e+00  0.000000000e+00  0.000000000e+00
  0.000000000e+00  0.000000000e+00  0.000000000e+00  0.000000000e+00
  0.000000000e+00  0.000000000e+00  0.000000000e+00  0.000000000e+00
  0.000000000e+00  0.000000000e+00  0.000000000e+00  0.000000000e+00
  0.000000000e+00  0.000000000e+00  0.000000000e+00  0.000000000e+00
  0.000000000e+00  0.000000000e+00  0.000000000e+00  0.000000000e+00
  0.000000000e+00  0.000000000e+00  0.000000000e+00  0.000000000e+00
  0.000000000e+00  0.000000000e+00  0.000000000e+00  0.000000000e+00
  0.000000000e+00  0.000000000e+00  0.000000000e+00  0.000000000e+00
  0.000000000e+00  0.000000000e+00  0.000000000e+00  0.000000000e+00
  0.000000000e+00  0.000000000e+00  0.000000000e+00  0.000000000e+00
  0.000000000e+00  0.000000000e+00  0.000000000e+00  0.000000000e+00
  0.000000000e+00  0.000000000e+00  0.000000000e+00  0.000000000e+00
  0.000000000e+00  0.000000000e+00  0.000000000e+00  0.000000000e+00
  0.000000000e+00  0.000000000e+00  0.000000000e+00  0.000000000e+00
  0.000000000e+00
@R QIONE 101 []
  0.000000000e+00  0.000000000e+00  0.000000000e+00  0.000000000e+00
  0.000000000e+00  0.000000000e+00  0.000000000e+00  0.000000000e+00
  0.000000000e+00  0.000000000e+00  0.000000000e+00  0.000000000e+00
  0.000000000e+00  0.000000000e+00  0.000000000e+00  0.000000000e+00
  0.000000000e+00  0.000000000e+00  0.000000000e+00  0.000000000e+00
  0.000000000e+00  0.000000000e+00  0.000000000e+00  0.000000000e+00
  0.000000000e+00  0.000000000e+00  0.000000000e+00  0.000000000e+00
  0.000000000e+00  0.000000000e+00  0.000000000e+00  0.000000000e+00
  0.000000000e+00  0.000000000e+00  0.000000000e+00  0.000000000e+00
  0.000000000e+00  0.000000000e+00  0.000000000e+00  0.000000000e+00
  0.000000000e+00  0.000000000e+00  0.000000000e+00  0.000000000e+00
  0.000000000e+00  0.000000000e+00  0.000000000e+00  0.000000000e+00
  0.000000000e+00  0.000000000e+00  0.000000000e+00  0.000000000e+00
  0.000000000e+00  0.000000000e+00  0.000000000e+00  0.000000000e+00
  0.000000000e+00  0.000000000e+00  0.000000000e+00  0.000000000e+00
  0.000000000e+00  0.000000000e+00  0.000000000e+00  0.000000000e+00
  0.000000000e+00  0.000000000e+00  0.000000000e+00  0.000000000e+00
  0.000000000e+00  0.000000000e+00  0.000000000e+00  0.000000000e+00
  0.000000000e+00  0.000000000e+00  0.000000000e+00  0.000000000e+00
  0.000000000e+00  0.000000000e+00  0.000000000e+00  0.000000000e+00
  0.000000000e+00  0.000000000e+00  0.000000000e+00  0.000000000e+00
  0.000000000e+00  0.000000000e+00  0.000000000e+00  0.000000000e+00
  0.000000000e+00  0.000000000e+00  0.000000000e+00  0.000000000e+00
  0.000000000e+00  0.000000000e+00  0.000000000e+00  0.000000000e+00
  0.000000000e+00  0.000000000e+00  0.000000000e+00  0.000000000e+00
  0.000000000e+00
@R QIONI 101 []
  0.000000000e+00  0.000000000e+00  0.000000000e+00  0.000000000e+00
  0.000000000e+00  0.000000000e+00  0.000000000e+00  0.000000000e+00
  0.000000000e+00  0.000000000e+00  0.000000000e+00  0.000000000e+00
  0.000000000e+00  0.000000000e+00  0.000000000e+00  0.000000000e+00
  0.000000000e+00  0.000000000e+00  0.000000000e+00  0.000000000e+00
  0.000000000e+00  0.000000000e+00  0.000000000e+00  0.000000000e+00
  0.000000000e+00  0.000000000e+00  0.000000000e+00  0.000000000e+00
  0.000000000e+00  0.000000000e+00  0.000000000e+00  0.000000000e+00
  0.000000000e+00  0.000000000e+00  0.000000000e+00  0.000000000e+00
  0.000000000e+00  0.000000000e+00  0.000000000e+00  0.000000000e+00
  0.000000000e+00  0.000000000e+00  0.000000000e+00  0.000000000e+00
  0.000000000e+00  0.000000000e+00  0.000000000e+00  0.000000000e+00
  0.000000000e+00  0.000000000e+00  0.000000000e+00  0.000000000e+00
  0.000000000e+00  0.000000000e+00  0.000000000e+00  0.000000000e+00
  0.000000000e+00  0.000000000e+00  0.000000000e+00  0.000000000e+00
  0.000000000e+00  0.000000000e+00  0.000000000e+00  0.000000000e+00
  0.000000000e+00  0.000000000e+00  0.000000000e+00  0.000000000e+00
  0.000000000e+00  0.000000000e+00  0.000000000e+00  0.000000000e+00
  0.000000000e+00  0.000000000e+00  0.000000000e+00  0.000000000e+00
  0.000000000e+00  0.000000000e+00  0.000000000e+00  0.000000000e+00
  0.000000000e+00  0.000000000e+00  0.000000000e+00  0.000000000e+00
  0.000000000e+00  0.000000000e+00  0.000000000e+00  0.000000000e+00
  0.000000000e+00  0.000000000e+00  0.000000000e+00  0.000000000e+00
  0.000000000e+00  0.000000000e+00  0.000000000e+00  0.000000000e+00
  0.000000000e+00  0.000000000e+00  0.000000000e+00  0.000000000e+00
  0.000000000e+00
@R QCX 101 []
  0.000000000e+00  0.000000000e+00  0.000000000e+00  0.000000000e+00
  0.000000000e+00  0.000000000e+00  0.000000000e+00  0.000000000e+00
  0.000000000e+00  0.000000000e+00  0.000000000e+00  0.000000000e+00
  0.000000000e+00  0.000000000e+00  0.000000000e+00  0.000000000e+00
  0.000000000e+00  0.000000000e+00  0.000000000e+00  0.000000000e+00
  0.000000000e+00  0.000000000e+00  0.000000000e+00  0.000000000e+00
  0.000000000e+00  0.000000000e+00  0.000000000e+00  0.000000000e+00
  0.000000000e+00  0.000000000e+00  0.000000000e+00  0.000000000e+00
  0.000000000e+00  0.000000000e+00  0.000000000e+00  0.000000000e+00
  0.000000000e+00  0.000000000e+00  0.000000000e+00  0.000000000e+00
  0.000000000e+00  0.000000000e+00  0.000000000e+00  0.000000000e+00
  0.000000000e+00  0.000000000e+00  0.000000000e+00  0.000000000e+00
  0.000000000e+00  0.000000000e+00  0.000000000e+00  0.000000000e+00
  0.000000000e+00  0.000000000e+00  0.000000000e+00  0.000000000e+00
  0.000000000e+00  0.000000000e+00  0.000000000e+00  0.000000000e+00
  0.000000000e+00  0.000000000e+00  0.000000000e+00  0.000000000e+00
  0.000000000e+00  0.000000000e+00  0.000000000e+00  0.000000000e+00
  0.000000000e+00  0.000000000e+00  0.000000000e+00  0.000000000e+00
  0.000000000e+00  0.000000000e+00  0.000000000e+00  0.000000000e+00
  0.000000000e+00  0.000000000e+00  0.000000000e+00  0.000000000e+00
  0.000000000e+00  0.000000000e+00  0.000000000e+00  0.000000000e+00
  0.000000000e+00  0.000000000e+00  0.000000000e+00  0.000000000e+00
  0.000000000e+00  0.000000000e+00  0.000000000e+00  0.000000000e+00
  0.000000000e+00  0.000000000e+00  0.000000000e+00  0.000000000e+00
  0.000000000e+00  0.000000000e+00  0.000000000e+00  0.000000000e+00
  0.000000000e+00
@R STORQUEB 101 []
  0.000000000e+00  0.000000000e+00  0.000000000e+00  0.000000000e+00
  0.000000000e+00  0.000000000e+00  0.000000000e+00  0.000000000e+00
  0.000000000e+00  0.000000000e+00  0.000000000e+00  0.000000000e+00
  0.000000000e+00  0.000000000e+00  0.000000000e+00  0.000000000e+00
  0.000000000e+00  0.000000000e+00  0.000000000e+00  0.000000000e+00
  0.000000000e+00  0.000000000e+00  0.000000000e+00  0.000000000e+00
  0.000000000e+00  0.000000000e+00  0.000000000e+00  0.000000000e+00
  0.000000000e+00  0.000000000e+00  0.000000000e+00  0.000000000e+00
  0.000000000e+00  0.000000000e+00  0.000000000e+00  0.000000000e+00
  0.000000000e+00  0.000000000e+00  0.000000000e+00  0.000000000e+00
  0.000000000e+00  0.000000000e+00  0.000000000e+00  0.000000000e+00
  0.000000000e+00  0.000000000e+00  0.000000000e+00  0.000000000e+00
  0.000000000e+00  0.000000000e+00  0.000000000e+00  0.000000000e+00
  0.000000000e+00  0.000000000e+00  0.000000000e+00  0.000000000e+00
  0.000000000e+00  0.000000000e+00  0.000000000e+00  0.000000000e+00
  0.000000000e+00  0.000000000e+00  0.000000000e+00  0.000000000e+00
  0.000000000e+00  0.000000000e+00  0.000000000e+00  0.000000000e+00
  0.000000000e+00  0.000000000e+00  0.000000000e+00  0.000000000e+00
  0.000000000e+00  0.000000000e+00  0.000000000e+00  0.000000000e+00
  0.000000000e+00  0.000000000e+00  0.000000000e+00  0.000000000e+00
  0.000000000e+00  0.000000000e+00  0.000000000e+00  0.000000000e+00
  0.000000000e+00  0.000000000e+00  0.000000000e+00  0.000000000e+00
  0.000000000e+00  0.000000000e+00  0.000000000e+00  0.000000000e+00
  0.000000000e+00  0.000000000e+00  0.000000000e+00  0.000000000e+00
  0.000000000e+00  0.000000000e+00  0.000000000e+00  0.000000000e+00
  0.000000000e+00
@R STORQUE 101 []
  0.000000000e+00  0.000000000e+00  0.000000000e+00  0.000000000e+00
  0.000000000e+00  0.000000000e+00  0.000000000e+00  0.000000000e+00
  0.000000000e+00  0.000000000e+00  0.000000000e+00  0.000000000e+00
  0.000000000e+00  0.000000000e+00  0.000000000e+00  0.000000000e+00
  0.000000000e+00  0.000000000e+00  0.000000000e+00  0.000000000e+00
  0.000000000e+00  0.000000000e+00  0.000000000e+00  0.000000000e+00
  0.000000000e+00  0.000000000e+00  0.000000000e+00  0.000000000e+00
  0.000000000e+00  0.000000000e+00  0.000000000e+00  0.000000000e+00
  0.000000000e+00  0.000000000e+00  0.000000000e+00  0.000000000e+00
  0.000000000e+00  0.000000000e+00  0.000000000e+00  0.000000000e+00
  0.000000000e+00  0.000000000e+00  0.000000000e+00  0.000000000e+00
  0.000000000e+00  0.000000000e+00  0.000000000e+00  0.000000000e+00
  0.000000000e+00  0.000000000e+00  0.000000000e+00  0.000000000e+00
  0.000000000e+00  0.000000000e+00  0.000000000e+00  0.000000000e+00
  0.000000000e+00  0.000000000e+00  0.000000000e+00  0.000000000e+00
  0.000000000e+00  0.000000000e+00  0.000000000e+00  0.000000000e+00
  0.000000000e+00  0.000000000e+00  0.000000000e+00  0.000000000e+00
  0.000000000e+00  0.000000000e+00  0.000000000e+00  0.000000000e+00
  0.000000000e+00  0.000000000e+00  0.000000000e+00  0.000000000e+00
  0.000000000e+00  0.000000000e+00  0.000000000e+00  0.000000000e+00
  0.000000000e+00  0.000000000e+00  0.000000000e+00  0.000000000e+00
  0.000000000e+00  0.000000000e+00  0.000000000e+00  0.000000000e+00
  0.000000000e+00  0.000000000e+00  0.000000000e+00  0.000000000e+00
  0.000000000e+00  0.000000000e+00  0.000000000e+00  0.000000000e+00
  0.000000000e+00  0.000000000e+00  0.000000000e+00  0.000000000e+00
  0.000000000e+00
@R SION 101 []
  0.000000000e+00  0.000000000e+00  0.000000000e+00  0.000000000e+00
  0.000000000e+00  0.000000000e+00  0.000000000e+00  0.000000000e+00
  0.000000000e+00  0.000000000e+00  0.000000000e+00  0.000000000e+00
  0.000000000e+00  0.000000000e+00  0.000000000e+00  0.000000000e+00
  0.000000000e+00  0.000000000e+00  0.000000000e+00  0.000000000e+00
  0.000000000e+00  0.000000000e+00  0.000000000e+00  0.000000000e+00
  0.000000000e+00  0.000000000e+00  0.000000000e+00  0.000000000e+00
  0.000000000e+00  0.000000000e+00  0.000000000e+00  0.000000000e+00
  0.000000000e+00  0.000000000e+00  0.000000000e+00  0.000000000e+00
  0.000000000e+00  0.000000000e+00  0.000000000e+00  0.000000000e+00
  0.000000000e+00  0.000000000e+00  0.000000000e+00  0.000000000e+00
  0.000000000e+00  0.000000000e+00  0.000000000e+00  0.000000000e+00
  0.000000000e+00  0.000000000e+00  0.000000000e+00  0.000000000e+00
  0.000000000e+00  0.000000000e+00  0.000000000e+00  0.000000000e+00
  0.000000000e+00  0.000000000e+00  0.000000000e+00  0.000000000e+00
  0.000000000e+00  0.000000000e+00  0.000000000e+00  0.000000000e+00
  0.000000000e+00  0.000000000e+00  0.000000000e+00  0.000000000e+00
  0.000000000e+00  0.000000000e+00  0.000000000e+00  0.000000000e+00
  0.000000000e+00  0.000000000e+00  0.000000000e+00  0.000000000e+00
  0.000000000e+00  0.000000000e+00  0.000000000e+00  0.000000000e+00
  0.000000000e+00  0.000000000e+00  0.000000000e+00  0.000000000e+00
  0.000000000e+00  0.000000000e+00  0.000000000e+00  0.000000000e+00
  0.000000000e+00  0.000000000e+00  0.000000000e+00  0.000000000e+00
  0.000000000e+00  0.000000000e+00  0.000000000e+00  0.000000000e+00
  0.000000000e+00  0.000000000e+00  0.000000000e+00  0.000000000e+00
  0.000000000e+00
@R CHIE 101 []
  0.000000000e+00  0.000000000e+00  0.000000000e+00  0.000000000e+00
  0.000000000e+00  0.000000000e+00  0.000000000e+00  0.000000000e+00
  0.000000000e+00  0.000000000e+00  0.000000000e+00  0.000000000e+00
  0.000000000e+00  0.000000000e+00  0.000000000e+00  0.000000000e+00
  0.000000000e+00  0.000000000e+00  0.000000000e+00  0.000000000e+00
  0.000000000e+00  0.000000000e+00  0.000000000e+00  0.000000000e+00
  0.000000000e+00  0.000000000e+00  0.000000000e+00  0.000000000e+00
  0.000000000e+00  0.000000000e+00  0.000000000e+00  0.000000000e+00
  0.000000000e+00  0.000000000e+00  0.000000000e+00  0.000000000e+00
  0.000000000e+00  0.000000000e+00  0.000000000e+00  0.000000000e+00
  0.000000000e+00  0.000000000e+00  0.000000000e+00  0.000000000e+00
  0.000000000e+00  0.000000000e+00  0.000000000e+00  0.000000000e+00
  0.000000000e+00  0.000000000e+00  0.000000000e+00  0.000000000e+00
  0.000000000e+00  0.000000000e+00  0.000000000e+00  0.000000000e+00
  0.000000000e+00  0.000000000e+00  0.000000000e+00  0.000000000e+00
  0.000000000e+00  0.000000000e+00  0.000000000e+00  0.000000000e+00
  0.000000000e+00  0.000000000e+00  0.000000000e+00  0.000000000e+00
  0.000000000e+00  0.000000000e+00  0.000000000e+00  0.000000000e+00
  0.000000000e+00  0.000000000e+00  0.000000000e+00  0.000000000e+00
  0.000000000e+00  0.000000000e+00  0.000000000e+00  0.000000000e+00
  0.000000000e+00  0.000000000e+00  0.000000000e+00  0.000000000e+00
  0.000000000e+00  0.000000000e+00  0.000000000e+00  0.000000000e+00
  0.000000000e+00  0.000000000e+00  0.000000000e+00  0.000000000e+00
  0.000000000e+00  0.000000000e+00  0.000000000e+00  0.000000000e+00
  0.000000000e+00  0.000000000e+00  0.000000000e+00  0.000000000e+00
  0.000000000e+00
@R CHII 101 []
  0.000000000e+00  0.000000000e+00  0.000000000e+00  0.000000000e+00
  0.000000000e+00  0.000000000e+00  0.000000000e+00  0.000000000e+00
  0.000000000e+00  0.000000000e+00  0.000000000e+00  0.000000000e+00
  0.000000000e+00  0.000000000e+00  0.000000000e+00  0.000000000e+00
  0.000000000e+00  0.000000000e+00  0.000000000e+00  0.000000000e+00
  0.000000000e+00  0.000000000e+00  0.000000000e+00  0.000000000e+00
  0.000000000e+00  0.000000000e+00  0.000000000e+00  0.000000000e+00
  0.000000000e+00  0.000000000e+00  0.000000000e+00  0.000000000e+00
  0.000000000e+00  0.000000000e+00  0.000000000e+00  0.000000000e+00
  0.000000000e+00  0.000000000e+00  0.000000000e+00  0.000000000e+00
  0.000000000e+00  0.000000000e+00  0.000000000e+00  0.000000000e+00
  0.000000000e+00  0.000000000e+00  0.000000000e+00  0.000000000e+00
  0.000000000e+00  0.000000000e+00  0.000000000e+00  0.000000000e+00
  0.000000000e+00  0.000000000e+00  0.000000000e+00  0.000000000e+00
  0.000000000e+00  0.000000000e+00  0.000000000e+00  0.000000000e+00
  0.000000000e+00  0.000000000e+00  0.000000000e+00  0.000000000e+00
  0.000000000e+00  0.000000000e+00  0.000000000e+00  0.000000000e+00
  0.000000000e+00  0.000000000e+00  0.000000000e+00  0.000000000e+00
  0.000000000e+00  0.000000000e+00  0.000000000e+00  0.000000000e+00
  0.000000000e+00  0.000000000e+00  0.000000000e+00  0.000000000e+00
  0.000000000e+00  0.000000000e+00  0.000000000e+00  0.000000000e+00
  0.000000000e+00  0.000000000e+00  0.000000000e+00  0.000000000e+00
  0.000000000e+00  0.000000000e+00  0.000000000e+00  0.000000000e+00
  0.000000000e+00  0.000000000e+00  0.000000000e+00  0.000000000e+00
  0.000000000e+00  0.000000000e+00  0.000000000e+00  0.000000000e+00
  0.000000000e+00
