 # generated by zfastran.py Ver+Oct2009
@R INFLAG 1 []
  1.000000000e+00
@R TIME0 1 [s]
  0.000000000e+00
@R IP 1 []
  9.999999995e+00
@R BCENTR 1 []
  1.100000000e+01
@R RMAJOR 1 []
  4.550000000e+00
@R AMINOR 1 []
  1.107490860e+00
@R ELONGB 1 []
  1.342632772e+00
@R TRIANB 1 []
 -3.121870490e-01
@R RHO 101 []
  0.000000000e+00  1.000000000e-02  2.000000000e-02  3.000000000e-02
  4.000000000e-02  5.000000000e-02  6.000000000e-02  7.000000000e-02
  8.000000000e-02  9.000000000e-02  1.000000000e-01  1.100000000e-01
  1.200000000e-01  1.300000000e-01  1.400000000e-01  1.500000000e-01
  1.600000000e-01  1.700000000e-01  1.800000000e-01  1.900000000e-01
  2.000000000e-01  2.100000000e-01  2.200000000e-01  2.300000000e-01
  2.400000000e-01  2.500000000e-01  2.600000000e-01  2.700000000e-01
  2.800000000e-01  2.900000000e-01  3.000000000e-01  3.100000000e-01
  3.200000000e-01  3.300000000e-01  3.400000000e-01  3.500000000e-01
  3.600000000e-01  3.700000000e-01  3.800000000e-01  3.900000000e-01
  4.000000000e-01  4.100000000e-01  4.200000000e-01  4.300000000e-01
  4.400000000e-01  4.500000000e-01  4.600000000e-01  4.700000000e-01
  4.800000000e-01  4.900000000e-01  5.000000000e-01  5.100000000e-01
  5.200000000e-01  5.300000000e-01  5.400000000e-01  5.500000000e-01
  5.600000000e-01  5.700000000e-01  5.800000000e-01  5.900000000e-01
  6.000000000e-01  6.100000000e-01  6.200000000e-01  6.300000000e-01
  6.400000000e-01  6.500000000e-01  6.600000000e-01  6.700000000e-01
  6.800000000e-01  6.900000000e-01  7.000000000e-01  7.100000000e-01
  7.200000000e-01  7.300000000e-01  7.400000000e-01  7.500000000e-01
  7.600000000e-01  7.700000000e-01  7.800000000e-01  7.900000000e-01
  8.000000000e-01  8.100000000e-01  8.200000000e-01  8.300000000e-01
  8.400000000e-01  8.500000000e-01  8.600000000e-01  8.700000000e-01
  8.800000000e-01  8.900000000e-01  9.000000000e-01  9.100000000e-01
  9.200000000e-01  9.300000000e-01  9.400000000e-01  9.500000000e-01
  9.600000000e-01  9.700000000e-01  9.800000000e-01  9.900000000e-01
  1.000000000e+00
@R AMAIN 1 []
  2.500000000e+00
@R ZMAIN 1 []
  1.000000000e+00
@I NIMP 1 []
                1
@R AIMP 1 []
  1.820000000e+02
@R ZIMP 1 []
  7.400000000e+01
@R FIMP 1 []
  1.744276405e-04
@R ENE 101 []
  2.762176359e+01  2.762176359e+01  2.757674537e+01  2.752851427e+01
  2.747711260e+01  2.742258269e+01  2.736496686e+01  2.730430746e+01
  2.724064679e+01  2.717402719e+01  2.710449098e+01  2.703208049e+01
  2.695683804e+01  2.687880597e+01  2.679802660e+01  2.671454225e+01
  2.662839525e+01  2.653962793e+01  2.644828261e+01  2.635440163e+01
  2.625802730e+01  2.615920195e+01  2.605796791e+01  2.595436751e+01
  2.584844307e+01  2.574023692e+01  2.562979138e+01  2.551714879e+01
  2.540235146e+01  2.528544173e+01  2.516646191e+01  2.504545435e+01
  2.492246135e+01  2.479752526e+01  2.467068839e+01  2.454199307e+01
  2.441148163e+01  2.427919640e+01  2.414517970e+01  2.400947385e+01
  2.387212119e+01  2.373316404e+01  2.359264472e+01  2.345060556e+01
  2.330708889e+01  2.316213703e+01  2.301579231e+01  2.286809704e+01
  2.271909356e+01  2.256882418e+01  2.241733121e+01  2.226465698e+01
  2.211084378e+01  2.195593392e+01  2.179996968e+01  2.164299333e+01
  2.148504709e+01  2.132617319e+01  2.116641374e+01  2.100581082e+01
  2.084440635e+01  2.068224211e+01  2.051935958e+01  2.035579991e+01
  2.019160370e+01  2.002681076e+01  1.986145980e+01  1.969558788e+01
  1.952922971e+01  1.936241660e+01  1.919517490e+01  1.902752384e+01
  1.885947234e+01  1.869101441e+01  1.852212253e+01  1.835273814e+01
  1.818275789e+01  1.801201390e+01  1.784024545e+01  1.766705850e+01
  1.749186796e+01  1.731381600e+01  1.713165724e+01  1.694359979e+01
  1.674708906e+01  1.653852313e+01  1.631289665e+01  1.606339444e+01
  1.578101026e+01  1.545436934e+01  1.507009919e+01  1.461428960e+01
  1.407565691e+01  1.345063220e+01  1.274932430e+01  1.199937427e+01
  1.124379207e+01  1.053130038e+01  9.903025429e+00  9.382648669e+00
  8.974497580e+00
@R TE 101 []
  1.893562663e+01  1.893562663e+01  1.889177958e+01  1.883734100e+01
  1.877241143e+01  1.869710868e+01  1.861156754e+01  1.851593954e+01
  1.841039260e+01  1.829511062e+01  1.817029303e+01  1.803615429e+01
  1.789292330e+01  1.774084283e+01  1.758016884e+01  1.741116978e+01
  1.723412588e+01  1.704932833e+01  1.685707855e+01  1.665768729e+01
  1.645147383e+01  1.623876506e+01  1.601989462e+01  1.579520201e+01
  1.556503166e+01  1.532973201e+01  1.508965464e+01  1.484515332e+01
  1.459658314e+01  1.434429961e+01  1.408865782e+01  1.383189701e+01
  1.357597331e+01  1.332081620e+01  1.306635516e+01  1.281251968e+01
  1.255957980e+01  1.230805704e+01  1.205825810e+01  1.181048967e+01
  1.156505847e+01  1.132240752e+01  1.108285831e+01  1.084653513e+01
  1.061356233e+01  1.038406422e+01  1.015812993e+01  9.935732021e+00
  9.716820035e+00  9.501343491e+00  9.289251908e+00  9.080518323e+00
  8.875073664e+00  8.672804267e+00  8.473596476e+00  8.277336633e+00
  8.083890894e+00  7.893143433e+00  7.705007618e+00  7.519396814e+00
  7.336224385e+00  7.155398201e+00  6.976930137e+00  6.800889562e+00
  6.627345834e+00  6.456368293e+00  6.288203401e+00  6.123034481e+00
  5.960836085e+00  5.801582660e+00  5.645248478e+00  5.491666794e+00
  5.340606505e+00  5.191944628e+00  5.045557120e+00  4.901318279e+00
  4.759081526e+00  4.618785248e+00  4.480424140e+00  4.343982684e+00
  4.209429287e+00  4.076491273e+00  3.945340836e+00  3.816545991e+00
  3.690577361e+00  3.567754087e+00  3.451029597e+00  3.340571746e+00
  3.231941373e+00  3.119960738e+00  2.998495841e+00  2.799295055e+00
  2.560756611e+00  2.272795997e+00  1.932858716e+00  1.553121333e+00
  1.162840606e+00  7.999584562e-01  4.954026054e-01  2.622133495e-01
  9.634936345e-02
@R TI 101 []
  1.929243255e+01  1.929243255e+01  1.924472603e+01  1.918411293e+01
  1.911072141e+01  1.902470734e+01  1.892625392e+01  1.881557104e+01
  1.869289464e+01  1.855848588e+01  1.841263022e+01  1.825563644e+01
  1.808783547e+01  1.790957923e+01  1.772123931e+01  1.752320562e+01
  1.731588495e+01  1.709969946e+01  1.687508519e+01  1.664249042e+01
  1.640237410e+01  1.615520420e+01  1.590145605e+01  1.564161070e+01
  1.537615329e+01  1.510557139e+01  1.483035342e+01  1.455098705e+01
  1.426795766e+01  1.398174689e+01  1.369283114e+01  1.340582999e+01
  1.312483465e+01  1.284952417e+01  1.257957765e+01  1.231467416e+01
  1.205487387e+01  1.180042703e+01  1.155129785e+01  1.130745056e+01
  1.106884935e+01  1.083547869e+01  1.060723103e+01  1.038393259e+01
  1.016540958e+01  9.951488216e+00  9.741919440e+00  9.536445865e+00
  9.334881211e+00  9.137039206e+00  8.942733563e+00  8.751785317e+00
  8.564013042e+00  8.379226749e+00  8.197236457e+00  8.017852181e+00
  7.840832253e+00  7.665992794e+00  7.493230512e+00  7.322442110e+00
  7.153524291e+00  6.986342855e+00  6.820907060e+00  6.657328796e+00
  6.495719937e+00  6.336192344e+00  6.179088265e+00  6.024657140e+00
  5.872871542e+00  5.723703942e+00  5.577126642e+00  5.432926726e+00
  5.290854692e+00  5.150827262e+00  5.012760134e+00  4.876567383e+00
  4.742230380e+00  4.609771235e+00  4.479158252e+00  4.350349739e+00
  4.223288248e+00  4.097780768e+00  3.973705685e+00  3.851046057e+00
  3.729688953e+00  3.609371905e+00  3.490399865e+00  3.372260663e+00
  3.252890641e+00  3.129490100e+00  2.998302002e+00  2.798947523e+00
  2.560534357e+00  2.272854523e+00  1.933150885e+00  1.553418321e+00
  1.162904269e+00  7.997470585e-01  4.951085049e-01  2.621159174e-01
  9.665506234e-02
@R ZEFF 101 []
  1.942258114e+00  1.942258114e+00  1.941705581e+00  1.940965151e+00
  1.940071664e+00  1.939060283e+00  1.937932419e+00  1.936548736e+00
  1.934724840e+00  1.932257212e+00  1.928909829e+00  1.924617449e+00
  1.919607690e+00  1.914077530e+00  1.908276247e+00  1.902516573e+00
  1.896899399e+00  1.891278447e+00  1.885641910e+00  1.879972949e+00
  1.874249718e+00  1.868466332e+00  1.862649726e+00  1.856825154e+00
  1.851019772e+00  1.845262328e+00  1.839598807e+00  1.834060788e+00
  1.828654762e+00  1.823385081e+00  1.818254020e+00  1.813253982e+00
  1.808380344e+00  1.803637420e+00  1.799028341e+00  1.794555104e+00
  1.790229082e+00  1.786065689e+00  1.782071186e+00  1.778250467e+00
  1.774607050e+00  1.771143105e+00  1.767857240e+00  1.764745832e+00
  1.761804347e+00  1.759027468e+00  1.756407587e+00  1.753936558e+00
  1.751607523e+00  1.749413398e+00  1.747346978e+00  1.745401495e+00
  1.743569958e+00  1.741844933e+00  1.740219217e+00  1.738685890e+00
  1.737237160e+00  1.735866857e+00  1.734570836e+00  1.733345113e+00
  1.732185884e+00  1.731089540e+00  1.730054336e+00  1.729079222e+00
  1.728162922e+00  1.727303961e+00  1.726502601e+00  1.725757568e+00
  1.725065094e+00  1.724421614e+00  1.723823770e+00  1.723267058e+00
  1.722747268e+00  1.722261813e+00  1.721808321e+00  1.721384634e+00
  1.720989204e+00  1.720620788e+00  1.720277898e+00  1.719959134e+00
  1.719663178e+00  1.719388152e+00  1.719133035e+00  1.718897664e+00
  1.718681647e+00  1.718484389e+00  1.718308391e+00  1.718152946e+00
  1.718013407e+00  1.717886204e+00  1.717768769e+00  1.717580914e+00
  1.717410208e+00  1.717268240e+00  1.717168229e+00  1.717114271e+00
  1.717094596e+00  1.717090454e+00  1.717090052e+00  1.717090040e+00
  1.717090040e+00
@R OMEGA 101 []
  4.992501875e+03  4.992501875e+03  4.978801804e+03  4.961079526e+03
  4.940120160e+03  4.916382264e+03  4.890178959e+03  4.861743180e+03
  4.831258024e+03  4.798873089e+03  4.764714177e+03  4.728889466e+03
  4.691493659e+03  4.652610886e+03  4.612316799e+03  4.570680145e+03
  4.527763951e+03  4.483626454e+03  4.438321832e+03  4.391900796e+03
  4.344411068e+03  4.295897774e+03  4.246403778e+03  4.195969955e+03
  4.144635428e+03  4.092437767e+03  4.039413164e+03  3.985596584e+03
  3.931021896e+03  3.875721988e+03  3.819728870e+03  3.763073767e+03
  3.705787199e+03  3.647899055e+03  3.589438660e+03  3.530434837e+03
  3.470915960e+03  3.410910006e+03  3.350444605e+03  3.289547080e+03
  3.228244492e+03  3.166563674e+03  3.104531273e+03  3.042173783e+03
  2.979517575e+03  2.916588934e+03  2.853414088e+03  2.790019238e+03
  2.726430588e+03  2.662674375e+03  2.598776897e+03  2.534764544e+03
  2.470663824e+03  2.406501396e+03  2.342304099e+03  2.278098979e+03
  2.213913327e+03  2.149774707e+03  2.085710992e+03  2.021750397e+03
  1.957921519e+03  1.894253376e+03  1.830775447e+03  1.767517715e+03
  1.704510722e+03  1.641785608e+03  1.579374179e+03  1.517308956e+03
  1.455623246e+03  1.394351213e+03  1.333527952e+03  1.273189580e+03
  1.213373329e+03  1.154117653e+03  1.095462349e+03  1.037448686e+03
  9.801195629e+02  9.235196753e+02  8.676957162e+02  8.126966008e+02
  7.585737302e+02  7.053812976e+02  6.531766492e+02  6.020207128e+02
  5.519785103e+02  5.031197796e+02  4.555197357e+02  4.092600162e+02
  3.644298727e+02  3.211276991e+02  2.794630303e+02  2.395592200e+02
  2.015571260e+02  1.656203590e+02  1.319430748e+02  1.007621703e+02
  7.237775876e+01  4.719105135e+01  2.578549737e+01  9.151104569e+00
 -3.659295089e-13
@R Q 101 []
  0.000000000e+00  0.000000000e+00  0.000000000e+00  0.000000000e+00
  0.000000000e+00  0.000000000e+00  0.000000000e+00  0.000000000e+00
  0.000000000e+00  0.000000000e+00  0.000000000e+00  0.000000000e+00
  0.000000000e+00  0.000000000e+00  0.000000000e+00  0.000000000e+00
  0.000000000e+00  0.000000000e+00  0.000000000e+00  0.000000000e+00
  0.000000000e+00  0.000000000e+00  0.000000000e+00  0.000000000e+00
  0.000000000e+00  0.000000000e+00  0.000000000e+00  0.000000000e+00
  0.000000000e+00  0.000000000e+00  0.000000000e+00  0.000000000e+00
  0.000000000e+00  0.000000000e+00  0.000000000e+00  0.000000000e+00
  0.000000000e+00  0.000000000e+00  0.000000000e+00  0.000000000e+00
  0.000000000e+00  0.000000000e+00  0.000000000e+00  0.000000000e+00
  0.000000000e+00  0.000000000e+00  0.000000000e+00  0.000000000e+00
  0.000000000e+00  0.000000000e+00  0.000000000e+00  0.000000000e+00
  0.000000000e+00  0.000000000e+00  0.000000000e+00  0.000000000e+00
  0.000000000e+00  0.000000000e+00  0.000000000e+00  0.000000000e+00
  0.000000000e+00  0.000000000e+00  0.000000000e+00  0.000000000e+00
  0.000000000e+00  0.000000000e+00  0.000000000e+00  0.000000000e+00
  0.000000000e+00  0.000000000e+00  0.000000000e+00  0.000000000e+00
  0.000000000e+00  0.000000000e+00  0.000000000e+00  0.000000000e+00
  0.000000000e+00  0.000000000e+00  0.000000000e+00  0.000000000e+00
  0.000000000e+00  0.000000000e+00  0.000000000e+00  0.000000000e+00
  0.000000000e+00  0.000000000e+00  0.000000000e+00  0.000000000e+00
  0.000000000e+00  0.000000000e+00  0.000000000e+00  0.000000000e+00
  0.000000000e+00  0.000000000e+00  0.000000000e+00  0.000000000e+00
  0.000000000e+00  0.000000000e+00  0.000000000e+00  0.000000000e+00
  0.000000000e+00
@R FP 101 []
  0.000000000e+00  0.000000000e+00  0.000000000e+00  0.000000000e+00
  0.000000000e+00  0.000000000e+00  0.000000000e+00  0.000000000e+00
  0.000000000e+00  0.000000000e+00  0.000000000e+00  0.000000000e+00
  0.000000000e+00  0.000000000e+00  0.000000000e+00  0.000000000e+00
  0.000000000e+00  0.000000000e+00  0.000000000e+00  0.000000000e+00
  0.000000000e+00  0.000000000e+00  0.000000000e+00  0.000000000e+00
  0.000000000e+00  0.000000000e+00  0.000000000e+00  0.000000000e+00
  0.000000000e+00  0.000000000e+00  0.000000000e+00  0.000000000e+00
  0.000000000e+00  0.000000000e+00  0.000000000e+00  0.000000000e+00
  0.000000000e+00  0.000000000e+00  0.000000000e+00  0.000000000e+00
  0.000000000e+00  0.000000000e+00  0.000000000e+00  0.000000000e+00
  0.000000000e+00  0.000000000e+00  0.000000000e+00  0.000000000e+00
  0.000000000e+00  0.000000000e+00  0.000000000e+00  0.000000000e+00
  0.000000000e+00  0.000000000e+00  0.000000000e+00  0.000000000e+00
  0.000000000e+00  0.000000000e+00  0.000000000e+00  0.000000000e+00
  0.000000000e+00  0.000000000e+00  0.000000000e+00  0.000000000e+00
  0.000000000e+00  0.000000000e+00  0.000000000e+00  0.000000000e+00
  0.000000000e+00  0.000000000e+00  0.000000000e+00  0.000000000e+00
  0.000000000e+00  0.000000000e+00  0.000000000e+00  0.000000000e+00
  0.000000000e+00  0.000000000e+00  0.000000000e+00  0.000000000e+00
  0.000000000e+00  0.000000000e+00  0.000000000e+00  0.000000000e+00
  0.000000000e+00  0.000000000e+00  0.000000000e+00  0.000000000e+00
  0.000000000e+00  0.000000000e+00  0.000000000e+00  0.000000000e+00
  0.000000000e+00  0.000000000e+00  0.000000000e+00  0.000000000e+00
  0.000000000e+00  0.000000000e+00  0.000000000e+00  0.000000000e+00
  0.000000000e+00
@R CURPAR 101 []
  3.686120495e+00  3.685917627e+00  3.685174831e+00  3.683682330e+00
  3.681378202e+00  3.678298111e+00  3.674476084e+00  3.669932252e+00
  3.664678687e+00  3.658720972e+00  3.652061276e+00  3.644700296e+00
  3.636638218e+00  3.627875080e+00  3.618410890e+00  3.608245649e+00
  3.597379356e+00  3.585812012e+00  3.573543617e+00  3.560574170e+00
  3.546903673e+00  3.532532125e+00  3.517459525e+00  3.501685875e+00
  3.485211173e+00  3.468035420e+00  3.450158616e+00  3.431580761e+00
  3.412301854e+00  3.392321897e+00  3.371640888e+00  3.350258829e+00
  3.328175718e+00  3.305391556e+00  3.281906343e+00  3.257720078e+00
  3.232832763e+00  3.207244396e+00  3.180954978e+00  3.153964509e+00
  3.126272989e+00  3.097880418e+00  3.068786796e+00  3.038992123e+00
  3.008496398e+00  2.977299622e+00  2.945401795e+00  2.912802917e+00
  2.879502988e+00  2.845502008e+00  2.810799976e+00  2.775396894e+00
  2.739292760e+00  2.702487575e+00  2.664981339e+00  2.626774052e+00
  2.587865714e+00  2.548256325e+00  2.507945884e+00  2.466934392e+00
  2.425221849e+00  2.382808255e+00  2.339693610e+00  2.295877914e+00
  2.251361166e+00  2.206143368e+00  2.160224518e+00  2.113604617e+00
  2.066283665e+00  2.018261662e+00  1.969538608e+00  1.920114502e+00
  1.869989346e+00  1.819163138e+00  1.767635880e+00  1.715407570e+00
  1.662478208e+00  1.608847796e+00  1.554516333e+00  1.499483818e+00
  1.443750253e+00  1.387315636e+00  1.330179968e+00  1.272343249e+00
  1.213805479e+00  1.154566658e+00  1.094626785e+00  1.033985866e+00
  9.726439517e-01  9.106015123e-01  8.478615105e-01  7.844382228e-01
  7.203862429e-01  6.558756345e-01  5.913473694e-01  5.277604627e-01
  4.668761069e-01  4.115227634e-01  3.650527201e-01  3.319381095e-01
  3.194277521e-01
@R CURBEAM 101 []
  0.000000000e+00  0.000000000e+00  0.000000000e+00  0.000000000e+00
  0.000000000e+00  0.000000000e+00  0.000000000e+00  0.000000000e+00
  0.000000000e+00  0.000000000e+00  0.000000000e+00  0.000000000e+00
  0.000000000e+00  0.000000000e+00  0.000000000e+00  0.000000000e+00
  0.000000000e+00  0.000000000e+00  0.000000000e+00  0.000000000e+00
  0.000000000e+00  0.000000000e+00  0.000000000e+00  0.000000000e+00
  0.000000000e+00  0.000000000e+00  0.000000000e+00  0.000000000e+00
  0.000000000e+00  0.000000000e+00  0.000000000e+00  0.000000000e+00
  0.000000000e+00  0.000000000e+00  0.000000000e+00  0.000000000e+00
  0.000000000e+00  0.000000000e+00  0.000000000e+00  0.000000000e+00
  0.000000000e+00  0.000000000e+00  0.000000000e+00  0.000000000e+00
  0.000000000e+00  0.000000000e+00  0.000000000e+00  0.000000000e+00
  0.000000000e+00  0.000000000e+00  0.000000000e+00  0.000000000e+00
  0.000000000e+00  0.000000000e+00  0.000000000e+00  0.000000000e+00
  0.000000000e+00  0.000000000e+00  0.000000000e+00  0.000000000e+00
  0.000000000e+00  0.000000000e+00  0.000000000e+00  0.000000000e+00
  0.000000000e+00  0.000000000e+00  0.000000000e+00  0.000000000e+00
  0.000000000e+00  0.000000000e+00  0.000000000e+00  0.000000000e+00
  0.000000000e+00  0.000000000e+00  0.000000000e+00  0.000000000e+00
  0.000000000e+00  0.000000000e+00  0.000000000e+00  0.000000000e+00
  0.000000000e+00  0.000000000e+00  0.000000000e+00  0.000000000e+00
  0.000000000e+00  0.000000000e+00  0.000000000e+00  0.000000000e+00
  0.000000000e+00  0.000000000e+00  0.000000000e+00  0.000000000e+00
  0.000000000e+00  0.000000000e+00  0.000000000e+00  0.000000000e+00
  0.000000000e+00  0.000000000e+00  0.000000000e+00  0.000000000e+00
  0.000000000e+00
@R CURRF 101 []
  7.993572120e-01  7.786538343e-01  7.531460033e-01  8.375478822e-01
  9.895295294e-01  1.005482870e+00  9.019355126e-01  8.628234109e-01
  8.800006707e-01  8.065152397e-01  6.823543472e-01  6.160790147e-01
  5.801220623e-01  5.363034399e-01  5.080132903e-01  5.235983911e-01
  5.715825467e-01  6.128121970e-01  6.167306884e-01  5.781461163e-01
  5.220253168e-01  4.742310016e-01  4.348063310e-01  3.901966088e-01
  3.394748509e-01  2.935620255e-01  2.545712602e-01  2.201655507e-01
  1.994597592e-01  1.927468797e-01  1.849859775e-01  1.667421467e-01
  1.459006644e-01  1.380989257e-01  1.379009085e-01  1.253821298e-01
  9.869122890e-02  7.672304964e-02  7.144752677e-02  7.305058526e-02
  6.740963286e-02  5.659608494e-02  5.091950665e-02  5.077274790e-02
  4.770208415e-02  3.982959741e-02  3.390925326e-02  3.326367290e-02
  3.297251746e-02  2.836945757e-02  2.233016391e-02  2.011461324e-02
  2.131869455e-02  2.106912810e-02  1.758590140e-02  1.414219920e-02
  1.361420772e-02  1.462983387e-02  1.413415140e-02  1.152804180e-02
  8.887273151e-03  7.959182358e-03  8.082366223e-03  7.628394810e-03
  5.916115078e-03  4.286664581e-03  4.205461184e-03  4.775315911e-03
  4.813300399e-03  4.348065047e-03  3.698861541e-03  3.223046586e-03
  3.001698356e-03  2.883409089e-03  2.695794824e-03  2.356225533e-03
  2.023422466e-03  1.826289072e-03  1.748747990e-03  1.666716914e-03
  1.499831909e-03  1.279098506e-03  1.090602129e-03  9.852977342e-04
  9.306523986e-04  8.543431770e-04  7.290174337e-04  5.875887045e-04
  4.669670175e-04  3.562628136e-04  2.223199243e-04  7.097747474e-05
 -6.379080475e-05 -1.674750044e-04 -2.331587703e-04 -2.515443482e-04
 -2.232052781e-04 -1.621050275e-04 -8.758525932e-05  1.363864096e-05
  7.636553883e-05
@R CURBOOT 101 []
  0.000000000e+00  0.000000000e+00  0.000000000e+00  0.000000000e+00
  0.000000000e+00  0.000000000e+00  0.000000000e+00  0.000000000e+00
  0.000000000e+00  0.000000000e+00  0.000000000e+00  0.000000000e+00
  0.000000000e+00  0.000000000e+00  0.000000000e+00  0.000000000e+00
  0.000000000e+00  0.000000000e+00  0.000000000e+00  0.000000000e+00
  0.000000000e+00  0.000000000e+00  0.000000000e+00  0.000000000e+00
  0.000000000e+00  0.000000000e+00  0.000000000e+00  0.000000000e+00
  0.000000000e+00  0.000000000e+00  0.000000000e+00  0.000000000e+00
  0.000000000e+00  0.000000000e+00  0.000000000e+00  0.000000000e+00
  0.000000000e+00  0.000000000e+00  0.000000000e+00  0.000000000e+00
  0.000000000e+00  0.000000000e+00  0.000000000e+00  0.000000000e+00
  0.000000000e+00  0.000000000e+00  0.000000000e+00  0.000000000e+00
  0.000000000e+00  0.000000000e+00  0.000000000e+00  0.000000000e+00
  0.000000000e+00  0.000000000e+00  0.000000000e+00  0.000000000e+00
  0.000000000e+00  0.000000000e+00  0.000000000e+00  0.000000000e+00
  0.000000000e+00  0.000000000e+00  0.000000000e+00  0.000000000e+00
  0.000000000e+00  0.000000000e+00  0.000000000e+00  0.000000000e+00
  0.000000000e+00  0.000000000e+00  0.000000000e+00  0.000000000e+00
  0.000000000e+00  0.000000000e+00  0.000000000e+00  0.000000000e+00
  0.000000000e+00  0.000000000e+00  0.000000000e+00  0.000000000e+00
  0.000000000e+00  0.000000000e+00  0.000000000e+00  0.000000000e+00
  0.000000000e+00  0.000000000e+00  0.000000000e+00  0.000000000e+00
  0.000000000e+00  0.000000000e+00  0.000000000e+00  0.000000000e+00
  0.000000000e+00  0.000000000e+00  0.000000000e+00  0.000000000e+00
  0.000000000e+00  0.000000000e+00  0.000000000e+00  0.000000000e+00
  0.000000000e+00
@R ENBEAM 101 []
  0.000000000e+00  0.000000000e+00  0.000000000e+00  0.000000000e+00
  0.000000000e+00  0.000000000e+00  0.000000000e+00  0.000000000e+00
  0.000000000e+00  0.000000000e+00  0.000000000e+00  0.000000000e+00
  0.000000000e+00  0.000000000e+00  0.000000000e+00  0.000000000e+00
  0.000000000e+00  0.000000000e+00  0.000000000e+00  0.000000000e+00
  0.000000000e+00  0.000000000e+00  0.000000000e+00  0.000000000e+00
  0.000000000e+00  0.000000000e+00  0.000000000e+00  0.000000000e+00
  0.000000000e+00  0.000000000e+00  0.000000000e+00  0.000000000e+00
  0.000000000e+00  0.000000000e+00  0.000000000e+00  0.000000000e+00
  0.000000000e+00  0.000000000e+00  0.000000000e+00  0.000000000e+00
  0.000000000e+00  0.000000000e+00  0.000000000e+00  0.000000000e+00
  0.000000000e+00  0.000000000e+00  0.000000000e+00  0.000000000e+00
  0.000000000e+00  0.000000000e+00  0.000000000e+00  0.000000000e+00
  0.000000000e+00  0.000000000e+00  0.000000000e+00  0.000000000e+00
  0.000000000e+00  0.000000000e+00  0.000000000e+00  0.000000000e+00
  0.000000000e+00  0.000000000e+00  0.000000000e+00  0.000000000e+00
  0.000000000e+00  0.000000000e+00  0.000000000e+00  0.000000000e+00
  0.000000000e+00  0.000000000e+00  0.000000000e+00  0.000000000e+00
  0.000000000e+00  0.000000000e+00  0.000000000e+00  0.000000000e+00
  0.000000000e+00  0.000000000e+00  0.000000000e+00  0.000000000e+00
  0.000000000e+00  0.000000000e+00  0.000000000e+00  0.000000000e+00
  0.000000000e+00  0.000000000e+00  0.000000000e+00  0.000000000e+00
  0.000000000e+00  0.000000000e+00  0.000000000e+00  0.000000000e+00
  0.000000000e+00  0.000000000e+00  0.000000000e+00  0.000000000e+00
  0.000000000e+00  0.000000000e+00  0.000000000e+00  0.000000000e+00
  0.000000000e+00
@R WBEAM 101 []
  0.000000000e+00  0.000000000e+00  0.000000000e+00  0.000000000e+00
  0.000000000e+00  0.000000000e+00  0.000000000e+00  0.000000000e+00
  0.000000000e+00  0.000000000e+00  0.000000000e+00  0.000000000e+00
  0.000000000e+00  0.000000000e+00  0.000000000e+00  0.000000000e+00
  0.000000000e+00  0.000000000e+00  0.000000000e+00  0.000000000e+00
  0.000000000e+00  0.000000000e+00  0.000000000e+00  0.000000000e+00
  0.000000000e+00  0.000000000e+00  0.000000000e+00  0.000000000e+00
  0.000000000e+00  0.000000000e+00  0.000000000e+00  0.000000000e+00
  0.000000000e+00  0.000000000e+00  0.000000000e+00  0.000000000e+00
  0.000000000e+00  0.000000000e+00  0.000000000e+00  0.000000000e+00
  0.000000000e+00  0.000000000e+00  0.000000000e+00  0.000000000e+00
  0.000000000e+00  0.000000000e+00  0.000000000e+00  0.000000000e+00
  0.000000000e+00  0.000000000e+00  0.000000000e+00  0.000000000e+00
  0.000000000e+00  0.000000000e+00  0.000000000e+00  0.000000000e+00
  0.000000000e+00  0.000000000e+00  0.000000000e+00  0.000000000e+00
  0.000000000e+00  0.000000000e+00  0.000000000e+00  0.000000000e+00
  0.000000000e+00  0.000000000e+00  0.000000000e+00  0.000000000e+00
  0.000000000e+00  0.000000000e+00  0.000000000e+00  0.000000000e+00
  0.000000000e+00  0.000000000e+00  0.000000000e+00  0.000000000e+00
  0.000000000e+00  0.000000000e+00  0.000000000e+00  0.000000000e+00
  0.000000000e+00  0.000000000e+00  0.000000000e+00  0.000000000e+00
  0.000000000e+00  0.000000000e+00  0.000000000e+00  0.000000000e+00
  0.000000000e+00  0.000000000e+00  0.000000000e+00  0.000000000e+00
  0.000000000e+00  0.000000000e+00  0.000000000e+00  0.000000000e+00
  0.000000000e+00  0.000000000e+00  0.000000000e+00  0.000000000e+00
  0.000000000e+00
@R QBEAME 101 []
  0.000000000e+00  0.000000000e+00  0.000000000e+00  0.000000000e+00
  0.000000000e+00  0.000000000e+00  0.000000000e+00  0.000000000e+00
  0.000000000e+00  0.000000000e+00  0.000000000e+00  0.000000000e+00
  0.000000000e+00  0.000000000e+00  0.000000000e+00  0.000000000e+00
  0.000000000e+00  0.000000000e+00  0.000000000e+00  0.000000000e+00
  0.000000000e+00  0.000000000e+00  0.000000000e+00  0.000000000e+00
  0.000000000e+00  0.000000000e+00  0.000000000e+00  0.000000000e+00
  0.000000000e+00  0.000000000e+00  0.000000000e+00  0.000000000e+00
  0.000000000e+00  0.000000000e+00  0.000000000e+00  0.000000000e+00
  0.000000000e+00  0.000000000e+00  0.000000000e+00  0.000000000e+00
  0.000000000e+00  0.000000000e+00  0.000000000e+00  0.000000000e+00
  0.000000000e+00  0.000000000e+00  0.000000000e+00  0.000000000e+00
  0.000000000e+00  0.000000000e+00  0.000000000e+00  0.000000000e+00
  0.000000000e+00  0.000000000e+00  0.000000000e+00  0.000000000e+00
  0.000000000e+00  0.000000000e+00  0.000000000e+00  0.000000000e+00
  0.000000000e+00  0.000000000e+00  0.000000000e+00  0.000000000e+00
  0.000000000e+00  0.000000000e+00  0.000000000e+00  0.000000000e+00
  0.000000000e+00  0.000000000e+00  0.000000000e+00  0.000000000e+00
  0.000000000e+00  0.000000000e+00  0.000000000e+00  0.000000000e+00
  0.000000000e+00  0.000000000e+00  0.000000000e+00  0.000000000e+00
  0.000000000e+00  0.000000000e+00  0.000000000e+00  0.000000000e+00
  0.000000000e+00  0.000000000e+00  0.000000000e+00  0.000000000e+00
  0.000000000e+00  0.000000000e+00  0.000000000e+00  0.000000000e+00
  0.000000000e+00  0.000000000e+00  0.000000000e+00  0.000000000e+00
  0.000000000e+00  0.000000000e+00  0.000000000e+00  0.000000000e+00
  0.000000000e+00
@R QBEAMI 101 []
  0.000000000e+00  0.000000000e+00  0.000000000e+00  0.000000000e+00
  0.000000000e+00  0.000000000e+00  0.000000000e+00  0.000000000e+00
  0.000000000e+00  0.000000000e+00  0.000000000e+00  0.000000000e+00
  0.000000000e+00  0.000000000e+00  0.000000000e+00  0.000000000e+00
  0.000000000e+00  0.000000000e+00  0.000000000e+00  0.000000000e+00
  0.000000000e+00  0.000000000e+00  0.000000000e+00  0.000000000e+00
  0.000000000e+00  0.000000000e+00  0.000000000e+00  0.000000000e+00
  0.000000000e+00  0.000000000e+00  0.000000000e+00  0.000000000e+00
  0.000000000e+00  0.000000000e+00  0.000000000e+00  0.000000000e+00
  0.000000000e+00  0.000000000e+00  0.000000000e+00  0.000000000e+00
  0.000000000e+00  0.000000000e+00  0.000000000e+00  0.000000000e+00
  0.000000000e+00  0.000000000e+00  0.000000000e+00  0.000000000e+00
  0.000000000e+00  0.000000000e+00  0.000000000e+00  0.000000000e+00
  0.000000000e+00  0.000000000e+00  0.000000000e+00  0.000000000e+00
  0.000000000e+00  0.000000000e+00  0.000000000e+00  0.000000000e+00
  0.000000000e+00  0.000000000e+00  0.000000000e+00  0.000000000e+00
  0.000000000e+00  0.000000000e+00  0.000000000e+00  0.000000000e+00
  0.000000000e+00  0.000000000e+00  0.000000000e+00  0.000000000e+00
  0.000000000e+00  0.000000000e+00  0.000000000e+00  0.000000000e+00
  0.000000000e+00  0.000000000e+00  0.000000000e+00  0.000000000e+00
  0.000000000e+00  0.000000000e+00  0.000000000e+00  0.000000000e+00
  0.000000000e+00  0.000000000e+00  0.000000000e+00  0.000000000e+00
  0.000000000e+00  0.000000000e+00  0.000000000e+00  0.000000000e+00
  0.000000000e+00  0.000000000e+00  0.000000000e+00  0.000000000e+00
  0.000000000e+00  0.000000000e+00  0.000000000e+00  0.000000000e+00
  0.000000000e+00
@R ENALP 101 []
  0.000000000e+00  0.000000000e+00  0.000000000e+00  0.000000000e+00
  0.000000000e+00  0.000000000e+00  0.000000000e+00  0.000000000e+00
  0.000000000e+00  0.000000000e+00  0.000000000e+00  0.000000000e+00
  0.000000000e+00  0.000000000e+00  0.000000000e+00  0.000000000e+00
  0.000000000e+00  0.000000000e+00  0.000000000e+00  0.000000000e+00
  0.000000000e+00  0.000000000e+00  0.000000000e+00  0.000000000e+00
  0.000000000e+00  0.000000000e+00  0.000000000e+00  0.000000000e+00
  0.000000000e+00  0.000000000e+00  0.000000000e+00  0.000000000e+00
  0.000000000e+00  0.000000000e+00  0.000000000e+00  0.000000000e+00
  0.000000000e+00  0.000000000e+00  0.000000000e+00  0.000000000e+00
  0.000000000e+00  0.000000000e+00  0.000000000e+00  0.000000000e+00
  0.000000000e+00  0.000000000e+00  0.000000000e+00  0.000000000e+00
  0.000000000e+00  0.000000000e+00  0.000000000e+00  0.000000000e+00
  0.000000000e+00  0.000000000e+00  0.000000000e+00  0.000000000e+00
  0.000000000e+00  0.000000000e+00  0.000000000e+00  0.000000000e+00
  0.000000000e+00  0.000000000e+00  0.000000000e+00  0.000000000e+00
  0.000000000e+00  0.000000000e+00  0.000000000e+00  0.000000000e+00
  0.000000000e+00  0.000000000e+00  0.000000000e+00  0.000000000e+00
  0.000000000e+00  0.000000000e+00  0.000000000e+00  0.000000000e+00
  0.000000000e+00  0.000000000e+00  0.000000000e+00  0.000000000e+00
  0.000000000e+00  0.000000000e+00  0.000000000e+00  0.000000000e+00
  0.000000000e+00  0.000000000e+00  0.000000000e+00  0.000000000e+00
  0.000000000e+00  0.000000000e+00  0.000000000e+00  0.000000000e+00
  0.000000000e+00  0.000000000e+00  0.000000000e+00  0.000000000e+00
  0.000000000e+00  0.000000000e+00  0.000000000e+00  0.000000000e+00
  0.000000000e+00
@R WALP 101 []
  0.000000000e+00  0.000000000e+00  0.000000000e+00  0.000000000e+00
  0.000000000e+00  0.000000000e+00  0.000000000e+00  0.000000000e+00
  0.000000000e+00  0.000000000e+00  0.000000000e+00  0.000000000e+00
  0.000000000e+00  0.000000000e+00  0.000000000e+00  0.000000000e+00
  0.000000000e+00  0.000000000e+00  0.000000000e+00  0.000000000e+00
  0.000000000e+00  0.000000000e+00  0.000000000e+00  0.000000000e+00
  0.000000000e+00  0.000000000e+00  0.000000000e+00  0.000000000e+00
  0.000000000e+00  0.000000000e+00  0.000000000e+00  0.000000000e+00
  0.000000000e+00  0.000000000e+00  0.000000000e+00  0.000000000e+00
  0.000000000e+00  0.000000000e+00  0.000000000e+00  0.000000000e+00
  0.000000000e+00  0.000000000e+00  0.000000000e+00  0.000000000e+00
  0.000000000e+00  0.000000000e+00  0.000000000e+00  0.000000000e+00
  0.000000000e+00  0.000000000e+00  0.000000000e+00  0.000000000e+00
  0.000000000e+00  0.000000000e+00  0.000000000e+00  0.000000000e+00
  0.000000000e+00  0.000000000e+00  0.000000000e+00  0.000000000e+00
  0.000000000e+00  0.000000000e+00  0.000000000e+00  0.000000000e+00
  0.000000000e+00  0.000000000e+00  0.000000000e+00  0.000000000e+00
  0.000000000e+00  0.000000000e+00  0.000000000e+00  0.000000000e+00
  0.000000000e+00  0.000000000e+00  0.000000000e+00  0.000000000e+00
  0.000000000e+00  0.000000000e+00  0.000000000e+00  0.000000000e+00
  0.000000000e+00  0.000000000e+00  0.000000000e+00  0.000000000e+00
  0.000000000e+00  0.000000000e+00  0.000000000e+00  0.000000000e+00
  0.000000000e+00  0.000000000e+00  0.000000000e+00  0.000000000e+00
  0.000000000e+00  0.000000000e+00  0.000000000e+00  0.000000000e+00
  0.000000000e+00  0.000000000e+00  0.000000000e+00  0.000000000e+00
  0.000000000e+00
@R QTFUSE 101 []
  2.305872745e+00  2.304450331e+00  2.300071403e+00  2.294060513e+00
  2.287848916e+00  2.281343243e+00  2.273924022e+00  2.264054754e+00
  2.249552170e+00  2.227916800e+00  2.196920187e+00  2.156097392e+00
  2.107079061e+00  2.052289440e+00  1.994513317e+00  1.936447192e+00
  1.879148659e+00  1.822094040e+00  1.764774648e+00  1.707005587e+00
  1.648580670e+00  1.589443414e+00  1.529754408e+00  1.469767706e+00
  1.409760322e+00  1.350071441e+00  1.291106421e+00  1.233185915e+00
  1.176463577e+00  1.121013438e+00  1.066867374e+00  1.014011125e+00
  9.624403860e-01  9.121934494e-01  8.633172874e-01  8.158712632e-01
  7.699664396e-01  7.257301682e-01  6.832488683e-01  6.425750986e-01
  6.037485873e-01  5.667897180e-01  5.316885967e-01  4.984150324e-01
  4.669289935e-01  4.371739759e-01  4.090800814e-01  3.825726848e-01
  3.575799298e-01  3.340325339e-01  3.118595217e-01  2.909907685e-01
  2.713549443e-01  2.528778141e-01  2.354860117e-01  2.191057918e-01
  2.036630229e-01  1.890953011e-01  1.753537385e-01  1.623959346e-01
  1.501812783e-01  1.386744023e-01  1.278511973e-01  1.176947952e-01
  1.081880380e-01  9.931607358e-02  9.106798247e-02  8.342360718e-02
  7.634786279e-02  6.980150577e-02  6.374442561e-02  5.813284599e-02
  5.292595558e-02  4.809199100e-02  4.360469795e-02  3.944092078e-02
  3.558162585e-02  3.201005738e-02  2.870931389e-02  2.566266497e-02
  2.285292840e-02  2.026270772e-02  1.787897848e-02  1.569377666e-02
  1.369967353e-02  1.189423872e-02  1.028061804e-02  8.847426238e-03
  7.563864844e-03  6.399041134e-03  5.185119482e-03  3.790822720e-03
  2.435510310e-03  1.358041570e-03  6.218596211e-04  2.182085624e-04
  5.369624207e-05  8.186726843e-06  6.333254507e-07  1.680626145e-08
  1.125218260e-10
@R QTFUSI 101 []
  1.197853596e+00  1.195259766e+00  1.187666292e+00  1.176264543e+00
  1.162344419e+00  1.146432915e+00  1.128781186e+00  1.109178318e+00
  1.087120201e+00  1.062003628e+00  1.033318106e+00  1.001114409e+00
  9.661179488e-01  9.293186331e-01  8.918321522e-01  8.546959504e-01
  8.182775290e-01  7.823536549e-01  7.467548736e-01  7.114571440e-01
  6.764429094e-01  6.417801579e-01  6.076197715e-01  5.741169605e-01
  5.414132435e-01  5.096637321e-01  4.790322248e-01  4.496231542e-01
  4.214570298e-01  3.945194981e-01  3.687778419e-01  3.441770446e-01
  3.206695459e-01  2.982339232e-01  2.768568021e-01  2.565312446e-01
  2.372726700e-01  2.191029044e-01  2.020250530e-01  1.860265262e-01
  1.710890009e-01  1.571872067e-01  1.442840408e-01  1.323335124e-01
  1.212865831e-01  1.110910307e-01  1.016920881e-01  9.303469694e-02
  8.506625924e-02  7.773732725e-02  7.100065148e-02  6.481164065e-02
  5.912747669e-02  5.390673638e-02  4.911050651e-02  4.470212936e-02
  4.064705911e-02  3.691535563e-02  3.348177477e-02  3.032387755e-02
  2.742087293e-02  2.475426972e-02  2.230885874e-02  2.007156869e-02
  1.802981265e-02  1.617199225e-02  1.448778502e-02  1.296560619e-02
  1.159166813e-02  1.035217807e-02  9.234015367e-03  8.224208317e-03
  7.311024253e-03  6.484913802e-03  5.737801522e-03  5.062553822e-03
  4.453055416e-03  3.903936491e-03  3.410182096e-03  2.967082913e-03
  2.570086701e-03  2.214881847e-03  1.898102789e-03  1.617270128e-03
  1.369970776e-03  1.154503820e-03  9.698615056e-04  8.127977655e-04
  6.775257221e-04  5.587836256e-04  4.384470978e-04  3.044468473e-04
  1.813304711e-04  9.192252158e-05  3.732221881e-05  1.125289479e-05
  2.285434770e-06  2.724849689e-07  1.529766881e-08  2.653300056e-10
  9.957821696e-13
@R QRFE 101 []
  9.381807226e-01  8.590268128e-01  7.819436254e-01  8.818525810e-01
  1.038354871e+00  1.044202529e+00  9.410816001e-01  9.186954042e-01
  9.451155675e-01  8.682778752e-01  7.457387098e-01  6.865197948e-01
  6.554818225e-01  6.158263856e-01  5.956234873e-01  6.277717842e-01
  6.984902735e-01  7.583714717e-01  7.687965194e-01  7.268436825e-01
  6.661452268e-01  6.158199044e-01  5.722995624e-01  5.199237390e-01
  4.600326829e-01  4.052465511e-01  3.568205386e-01  3.153501334e-01
  2.971208467e-01  2.975381058e-01  2.920507613e-01  2.697333078e-01
  2.451452988e-01  2.423926845e-01  2.488296500e-01  2.306977059e-01
  1.866188971e-01  1.503761252e-01  1.434081182e-01  1.481322304e-01
  1.397038488e-01  1.216042742e-01  1.122394542e-01  1.130256535e-01
  1.083649686e-01  9.403783513e-02  8.262579122e-02  8.102761145e-02
  7.994362725e-02  7.029775479e-02  5.783704892e-02  5.318890038e-02
  5.532664118e-02  5.415313138e-02  4.625008711e-02  3.880008862e-02
  3.795891344e-02  4.051859276e-02  3.918339022e-02  3.248847016e-02
  2.569193803e-02  2.315782260e-02  2.354798835e-02  2.337441947e-02
  2.369032792e-02  2.336559541e-02  2.025195813e-02  1.724330638e-02
  1.498240851e-02  1.258637096e-02  1.022942261e-02  8.527984311e-03
  7.606311199e-03  7.104226753e-03  6.484313118e-03  5.373755544e-03
  4.327869440e-03  3.794736874e-03  3.590711866e-03  3.309576794e-03
  2.795732401e-03  2.207424923e-03  1.784624401e-03  1.605780032e-03
  1.522191566e-03  1.336742749e-03  1.027809628e-03  7.258200346e-04
  5.252311196e-04  4.027104143e-04  2.930287418e-04  1.720240542e-04
  7.698220065e-05  2.794121400e-05  8.481686171e-06  2.518158841e-06
  3.775036376e-07  2.341859597e-08 -8.177837281e-11  1.167293697e-08
  2.465356251e-08
@R QRFI 101 []
  3.248672494e+00  2.890039557e+00  3.401470548e+00  5.308454523e+00
  6.455010836e+00  6.619118133e+00  7.650919994e+00  9.186527458e+00
  8.514259084e+00  5.826877686e+00  4.148347949e+00  3.813926512e+00
  3.228580768e+00  2.347192565e+00  1.656137292e+00  1.261682781e+00
  1.180232063e+00  1.301641659e+00  1.489229391e+00  1.623930689e+00
  1.612619860e+00  1.476583055e+00  1.318800006e+00  1.154851542e+00
  9.523861423e-01  7.213849652e-01  4.981979209e-01  3.549329342e-01
  3.177730690e-01  3.113029208e-01  2.633458547e-01  2.073958109e-01
  1.944777558e-01  2.000513221e-01  1.862972520e-01  1.613565226e-01
  1.382181485e-01  1.161584424e-01  9.817860012e-02  8.836802565e-02
  8.062940975e-02  6.471301638e-02  4.282678453e-02  2.667072291e-02
  2.642141852e-02  3.829644356e-02  4.485374943e-02  3.772314009e-02
  2.870166491e-02  2.735907053e-02  2.657292089e-02  1.974864405e-02
  1.235228814e-02  9.926797173e-03  1.076767605e-02  1.266424224e-02
  1.513209987e-02  1.570318428e-02  1.279922154e-02  9.675133804e-03
  9.622280635e-03  1.049378059e-02  8.703788802e-03  5.477702659e-03
  4.451477685e-03  5.196913538e-03  4.537847282e-03  3.112256430e-03
  4.400155830e-03  7.864821467e-03  9.177357995e-03  6.725333283e-03
  3.359239806e-03  1.916937520e-03  2.016641503e-03  2.266749965e-03
  2.442491144e-03  2.239687885e-03  1.537665335e-03  1.309548393e-03
  1.992001022e-03  2.551116388e-03  2.219647489e-03  1.853547362e-03
  2.181559336e-03  2.401119141e-03  1.759037525e-03  1.055194534e-03
  1.317442110e-03  2.113461348e-03  2.337053343e-03  1.747759775e-03
  9.598036122e-04  4.578179801e-04  2.303429662e-04  1.185846137e-04
  5.427033546e-05  2.808942729e-05  2.623854069e-05  4.989270459e-05
  7.091133147e-05
@R QRAD 101 []
 -0.000000000e+00 -0.000000000e+00 -0.000000000e+00 -0.000000000e+00
 -0.000000000e+00 -0.000000000e+00 -0.000000000e+00 -0.000000000e+00
 -0.000000000e+00 -0.000000000e+00 -0.000000000e+00 -0.000000000e+00
 -0.000000000e+00 -0.000000000e+00 -0.000000000e+00 -0.000000000e+00
 -0.000000000e+00 -0.000000000e+00 -0.000000000e+00 -0.000000000e+00
 -0.000000000e+00 -0.000000000e+00 -0.000000000e+00 -0.000000000e+00
 -0.000000000e+00 -0.000000000e+00 -0.000000000e+00 -0.000000000e+00
 -0.000000000e+00 -0.000000000e+00 -0.000000000e+00 -0.000000000e+00
 -0.000000000e+00 -0.000000000e+00 -0.000000000e+00 -0.000000000e+00
 -0.000000000e+00 -0.000000000e+00 -0.000000000e+00 -0.000000000e+00
 -0.000000000e+00 -0.000000000e+00 -0.000000000e+00 -0.000000000e+00
 -0.000000000e+00 -0.000000000e+00 -0.000000000e+00 -0.000000000e+00
 -0.000000000e+00 -0.000000000e+00 -0.000000000e+00 -0.000000000e+00
 -0.000000000e+00 -0.000000000e+00 -0.000000000e+00 -0.000000000e+00
 -0.000000000e+00 -0.000000000e+00 -0.000000000e+00 -0.000000000e+00
 -0.000000000e+00 -0.000000000e+00 -0.000000000e+00 -0.000000000e+00
 -0.000000000e+00 -0.000000000e+00 -0.000000000e+00 -0.000000000e+00
 -0.000000000e+00 -0.000000000e+00 -0.000000000e+00 -0.000000000e+00
 -0.000000000e+00 -0.000000000e+00 -0.000000000e+00 -0.000000000e+00
 -0.000000000e+00 -0.000000000e+00 -0.000000000e+00 -0.000000000e+00
 -0.000000000e+00 -0.000000000e+00 -0.000000000e+00 -0.000000000e+00
 -0.000000000e+00 -0.000000000e+00 -0.000000000e+00 -0.000000000e+00
 -0.000000000e+00 -0.000000000e+00 -0.000000000e+00 -0.000000000e+00
 -0.000000000e+00 -0.000000000e+00 -0.000000000e+00 -0.000000000e+00
 -0.000000000e+00 -0.000000000e+00 -0.000000000e+00 -0.000000000e+00
 -0.000000000e+00
@R QOHM 101 []
  0.000000000e+00  0.000000000e+00  0.000000000e+00  0.000000000e+00
  0.000000000e+00  0.000000000e+00  0.000000000e+00  0.000000000e+00
  0.000000000e+00  0.000000000e+00  0.000000000e+00  0.000000000e+00
  0.000000000e+00  0.000000000e+00  0.000000000e+00  0.000000000e+00
  0.000000000e+00  0.000000000e+00  0.000000000e+00  0.000000000e+00
  0.000000000e+00  0.000000000e+00  0.000000000e+00  0.000000000e+00
  0.000000000e+00  0.000000000e+00  0.000000000e+00  0.000000000e+00
  0.000000000e+00  0.000000000e+00  0.000000000e+00  0.000000000e+00
  0.000000000e+00  0.000000000e+00  0.000000000e+00  0.000000000e+00
  0.000000000e+00  0.000000000e+00  0.000000000e+00  0.000000000e+00
  0.000000000e+00  0.000000000e+00  0.000000000e+00  0.000000000e+00
  0.000000000e+00  0.000000000e+00  0.000000000e+00  0.000000000e+00
  0.000000000e+00  0.000000000e+00  0.000000000e+00  0.000000000e+00
  0.000000000e+00  0.000000000e+00  0.000000000e+00  0.000000000e+00
  0.000000000e+00  0.000000000e+00  0.000000000e+00  0.000000000e+00
  0.000000000e+00  0.000000000e+00  0.000000000e+00  0.000000000e+00
  0.000000000e+00  0.000000000e+00  0.000000000e+00  0.000000000e+00
  0.000000000e+00  0.000000000e+00  0.000000000e+00  0.000000000e+00
  0.000000000e+00  0.000000000e+00  0.000000000e+00  0.000000000e+00
  0.000000000e+00  0.000000000e+00  0.000000000e+00  0.000000000e+00
  0.000000000e+00  0.000000000e+00  0.000000000e+00  0.000000000e+00
  0.000000000e+00  0.000000000e+00  0.000000000e+00  0.000000000e+00
  0.000000000e+00  0.000000000e+00  0.000000000e+00  0.000000000e+00
  0.000000000e+00  0.000000000e+00  0.000000000e+00  0.000000000e+00
  0.000000000e+00  0.000000000e+00  0.000000000e+00  0.000000000e+00
  0.000000000e+00
@R QIONE 101 []
  0.000000000e+00  0.000000000e+00  0.000000000e+00  0.000000000e+00
  0.000000000e+00  0.000000000e+00  0.000000000e+00  0.000000000e+00
  0.000000000e+00  0.000000000e+00  0.000000000e+00  0.000000000e+00
  0.000000000e+00  0.000000000e+00  0.000000000e+00  0.000000000e+00
  0.000000000e+00  0.000000000e+00  0.000000000e+00  0.000000000e+00
  0.000000000e+00  0.000000000e+00  0.000000000e+00  0.000000000e+00
  0.000000000e+00  0.000000000e+00  0.000000000e+00  0.000000000e+00
  0.000000000e+00  0.000000000e+00  0.000000000e+00  0.000000000e+00
  0.000000000e+00  0.000000000e+00  0.000000000e+00  0.000000000e+00
  0.000000000e+00  0.000000000e+00  0.000000000e+00  0.000000000e+00
  0.000000000e+00  0.000000000e+00  0.000000000e+00  0.000000000e+00
  0.000000000e+00  0.000000000e+00  0.000000000e+00  0.000000000e+00
  0.000000000e+00  0.000000000e+00  0.000000000e+00  0.000000000e+00
  0.000000000e+00  0.000000000e+00  0.000000000e+00  0.000000000e+00
  0.000000000e+00  0.000000000e+00  0.000000000e+00  0.000000000e+00
  0.000000000e+00  0.000000000e+00  0.000000000e+00  0.000000000e+00
  0.000000000e+00  0.000000000e+00  0.000000000e+00  0.000000000e+00
  0.000000000e+00  0.000000000e+00  0.000000000e+00  0.000000000e+00
  0.000000000e+00  0.000000000e+00  0.000000000e+00  0.000000000e+00
  0.000000000e+00  0.000000000e+00  0.000000000e+00  0.000000000e+00
  0.000000000e+00  0.000000000e+00  0.000000000e+00  0.000000000e+00
  0.000000000e+00  0.000000000e+00  0.000000000e+00  0.000000000e+00
  0.000000000e+00  0.000000000e+00  0.000000000e+00  0.000000000e+00
  0.000000000e+00  0.000000000e+00  0.000000000e+00  0.000000000e+00
  0.000000000e+00  0.000000000e+00  0.000000000e+00  0.000000000e+00
  0.000000000e+00
@R QIONI 101 []
  0.000000000e+00  0.000000000e+00  0.000000000e+00  0.000000000e+00
  0.000000000e+00  0.000000000e+00  0.000000000e+00  0.000000000e+00
  0.000000000e+00  0.000000000e+00  0.000000000e+00  0.000000000e+00
  0.000000000e+00  0.000000000e+00  0.000000000e+00  0.000000000e+00
  0.000000000e+00  0.000000000e+00  0.000000000e+00  0.000000000e+00
  0.000000000e+00  0.000000000e+00  0.000000000e+00  0.000000000e+00
  0.000000000e+00  0.000000000e+00  0.000000000e+00  0.000000000e+00
  0.000000000e+00  0.000000000e+00  0.000000000e+00  0.000000000e+00
  0.000000000e+00  0.000000000e+00  0.000000000e+00  0.000000000e+00
  0.000000000e+00  0.000000000e+00  0.000000000e+00  0.000000000e+00
  0.000000000e+00  0.000000000e+00  0.000000000e+00  0.000000000e+00
  0.000000000e+00  0.000000000e+00  0.000000000e+00  0.000000000e+00
  0.000000000e+00  0.000000000e+00  0.000000000e+00  0.000000000e+00
  0.000000000e+00  0.000000000e+00  0.000000000e+00  0.000000000e+00
  0.000000000e+00  0.000000000e+00  0.000000000e+00  0.000000000e+00
  0.000000000e+00  0.000000000e+00  0.000000000e+00  0.000000000e+00
  0.000000000e+00  0.000000000e+00  0.000000000e+00  0.000000000e+00
  0.000000000e+00  0.000000000e+00  0.000000000e+00  0.000000000e+00
  0.000000000e+00  0.000000000e+00  0.000000000e+00  0.000000000e+00
  0.000000000e+00  0.000000000e+00  0.000000000e+00  0.000000000e+00
  0.000000000e+00  0.000000000e+00  0.000000000e+00  0.000000000e+00
  0.000000000e+00  0.000000000e+00  0.000000000e+00  0.000000000e+00
  0.000000000e+00  0.000000000e+00  0.000000000e+00  0.000000000e+00
  0.000000000e+00  0.000000000e+00  0.000000000e+00  0.000000000e+00
  0.000000000e+00  0.000000000e+00  0.000000000e+00  0.000000000e+00
  0.000000000e+00
@R QCX 101 []
  0.000000000e+00  0.000000000e+00  0.000000000e+00  0.000000000e+00
  0.000000000e+00  0.000000000e+00  0.000000000e+00  0.000000000e+00
  0.000000000e+00  0.000000000e+00  0.000000000e+00  0.000000000e+00
  0.000000000e+00  0.000000000e+00  0.000000000e+00  0.000000000e+00
  0.000000000e+00  0.000000000e+00  0.000000000e+00  0.000000000e+00
  0.000000000e+00  0.000000000e+00  0.000000000e+00  0.000000000e+00
  0.000000000e+00  0.000000000e+00  0.000000000e+00  0.000000000e+00
  0.000000000e+00  0.000000000e+00  0.000000000e+00  0.000000000e+00
  0.000000000e+00  0.000000000e+00  0.000000000e+00  0.000000000e+00
  0.000000000e+00  0.000000000e+00  0.000000000e+00  0.000000000e+00
  0.000000000e+00  0.000000000e+00  0.000000000e+00  0.000000000e+00
  0.000000000e+00  0.000000000e+00  0.000000000e+00  0.000000000e+00
  0.000000000e+00  0.000000000e+00  0.000000000e+00  0.000000000e+00
  0.000000000e+00  0.000000000e+00  0.000000000e+00  0.000000000e+00
  0.000000000e+00  0.000000000e+00  0.000000000e+00  0.000000000e+00
  0.000000000e+00  0.000000000e+00  0.000000000e+00  0.000000000e+00
  0.000000000e+00  0.000000000e+00  0.000000000e+00  0.000000000e+00
  0.000000000e+00  0.000000000e+00  0.000000000e+00  0.000000000e+00
  0.000000000e+00  0.000000000e+00  0.000000000e+00  0.000000000e+00
  0.000000000e+00  0.000000000e+00  0.000000000e+00  0.000000000e+00
  0.000000000e+00  0.000000000e+00  0.000000000e+00  0.000000000e+00
  0.000000000e+00  0.000000000e+00  0.000000000e+00  0.000000000e+00
  0.000000000e+00  0.000000000e+00  0.000000000e+00  0.000000000e+00
  0.000000000e+00  0.000000000e+00  0.000000000e+00  0.000000000e+00
  0.000000000e+00  0.000000000e+00  0.000000000e+00  0.000000000e+00
  0.000000000e+00
@R STORQUEB 101 []
  0.000000000e+00  0.000000000e+00  0.000000000e+00  0.000000000e+00
  0.000000000e+00  0.000000000e+00  0.000000000e+00  0.000000000e+00
  0.000000000e+00  0.000000000e+00  0.000000000e+00  0.000000000e+00
  0.000000000e+00  0.000000000e+00  0.000000000e+00  0.000000000e+00
  0.000000000e+00  0.000000000e+00  0.000000000e+00  0.000000000e+00
  0.000000000e+00  0.000000000e+00  0.000000000e+00  0.000000000e+00
  0.000000000e+00  0.000000000e+00  0.000000000e+00  0.000000000e+00
  0.000000000e+00  0.000000000e+00  0.000000000e+00  0.000000000e+00
  0.000000000e+00  0.000000000e+00  0.000000000e+00  0.000000000e+00
  0.000000000e+00  0.000000000e+00  0.000000000e+00  0.000000000e+00
  0.000000000e+00  0.000000000e+00  0.000000000e+00  0.000000000e+00
  0.000000000e+00  0.000000000e+00  0.000000000e+00  0.000000000e+00
  0.000000000e+00  0.000000000e+00  0.000000000e+00  0.000000000e+00
  0.000000000e+00  0.000000000e+00  0.000000000e+00  0.000000000e+00
  0.000000000e+00  0.000000000e+00  0.000000000e+00  0.000000000e+00
  0.000000000e+00  0.000000000e+00  0.000000000e+00  0.000000000e+00
  0.000000000e+00  0.000000000e+00  0.000000000e+00  0.000000000e+00
  0.000000000e+00  0.000000000e+00  0.000000000e+00  0.000000000e+00
  0.000000000e+00  0.000000000e+00  0.000000000e+00  0.000000000e+00
  0.000000000e+00  0.000000000e+00  0.000000000e+00  0.000000000e+00
  0.000000000e+00  0.000000000e+00  0.000000000e+00  0.000000000e+00
  0.000000000e+00  0.000000000e+00  0.000000000e+00  0.000000000e+00
  0.000000000e+00  0.000000000e+00  0.000000000e+00  0.000000000e+00
  0.000000000e+00  0.000000000e+00  0.000000000e+00  0.000000000e+00
  0.000000000e+00  0.000000000e+00  0.000000000e+00  0.000000000e+00
  0.000000000e+00
@R STORQUE 101 []
  0.000000000e+00  0.000000000e+00  0.000000000e+00  0.000000000e+00
  0.000000000e+00  0.000000000e+00  0.000000000e+00  0.000000000e+00
  0.000000000e+00  0.000000000e+00  0.000000000e+00  0.000000000e+00
  0.000000000e+00  0.000000000e+00  0.000000000e+00  0.000000000e+00
  0.000000000e+00  0.000000000e+00  0.000000000e+00  0.000000000e+00
  0.000000000e+00  0.000000000e+00  0.000000000e+00  0.000000000e+00
  0.000000000e+00  0.000000000e+00  0.000000000e+00  0.000000000e+00
  0.000000000e+00  0.000000000e+00  0.000000000e+00  0.000000000e+00
  0.000000000e+00  0.000000000e+00  0.000000000e+00  0.000000000e+00
  0.000000000e+00  0.000000000e+00  0.000000000e+00  0.000000000e+00
  0.000000000e+00  0.000000000e+00  0.000000000e+00  0.000000000e+00
  0.000000000e+00  0.000000000e+00  0.000000000e+00  0.000000000e+00
  0.000000000e+00  0.000000000e+00  0.000000000e+00  0.000000000e+00
  0.000000000e+00  0.000000000e+00  0.000000000e+00  0.000000000e+00
  0.000000000e+00  0.000000000e+00  0.000000000e+00  0.000000000e+00
  0.000000000e+00  0.000000000e+00  0.000000000e+00  0.000000000e+00
  0.000000000e+00  0.000000000e+00  0.000000000e+00  0.000000000e+00
  0.000000000e+00  0.000000000e+00  0.000000000e+00  0.000000000e+00
  0.000000000e+00  0.000000000e+00  0.000000000e+00  0.000000000e+00
  0.000000000e+00  0.000000000e+00  0.000000000e+00  0.000000000e+00
  0.000000000e+00  0.000000000e+00  0.000000000e+00  0.000000000e+00
  0.000000000e+00  0.000000000e+00  0.000000000e+00  0.000000000e+00
  0.000000000e+00  0.000000000e+00  0.000000000e+00  0.000000000e+00
  0.000000000e+00  0.000000000e+00  0.000000000e+00  0.000000000e+00
  0.000000000e+00  0.000000000e+00  0.000000000e+00  0.000000000e+00
  0.000000000e+00
@R SION 101 []
  0.000000000e+00  0.000000000e+00  0.000000000e+00  0.000000000e+00
  0.000000000e+00  0.000000000e+00  0.000000000e+00  0.000000000e+00
  0.000000000e+00  0.000000000e+00  0.000000000e+00  0.000000000e+00
  0.000000000e+00  0.000000000e+00  0.000000000e+00  0.000000000e+00
  0.000000000e+00  0.000000000e+00  0.000000000e+00  0.000000000e+00
  0.000000000e+00  0.000000000e+00  0.000000000e+00  0.000000000e+00
  0.000000000e+00  0.000000000e+00  0.000000000e+00  0.000000000e+00
  0.000000000e+00  0.000000000e+00  0.000000000e+00  0.000000000e+00
  0.000000000e+00  0.000000000e+00  0.000000000e+00  0.000000000e+00
  0.000000000e+00  0.000000000e+00  0.000000000e+00  0.000000000e+00
  0.000000000e+00  0.000000000e+00  0.000000000e+00  0.000000000e+00
  0.000000000e+00  0.000000000e+00  0.000000000e+00  0.000000000e+00
  0.000000000e+00  0.000000000e+00  0.000000000e+00  0.000000000e+00
  0.000000000e+00  0.000000000e+00  0.000000000e+00  0.000000000e+00
  0.000000000e+00  0.000000000e+00  0.000000000e+00  0.000000000e+00
  0.000000000e+00  0.000000000e+00  0.000000000e+00  0.000000000e+00
  0.000000000e+00  0.000000000e+00  0.000000000e+00  0.000000000e+00
  0.000000000e+00  0.000000000e+00  0.000000000e+00  0.000000000e+00
  0.000000000e+00  0.000000000e+00  0.000000000e+00  0.000000000e+00
  0.000000000e+00  0.000000000e+00  0.000000000e+00  0.000000000e+00
  0.000000000e+00  0.000000000e+00  0.000000000e+00  0.000000000e+00
  0.000000000e+00  0.000000000e+00  0.000000000e+00  0.000000000e+00
  0.000000000e+00  0.000000000e+00  0.000000000e+00  0.000000000e+00
  0.000000000e+00  0.000000000e+00  0.000000000e+00  0.000000000e+00
  0.000000000e+00  0.000000000e+00  0.000000000e+00  0.000000000e+00
  0.000000000e+00
@R CHIE 101 []
  0.000000000e+00  0.000000000e+00  0.000000000e+00  0.000000000e+00
  0.000000000e+00  0.000000000e+00  0.000000000e+00  0.000000000e+00
  0.000000000e+00  0.000000000e+00  0.000000000e+00  0.000000000e+00
  0.000000000e+00  0.000000000e+00  0.000000000e+00  0.000000000e+00
  0.000000000e+00  0.000000000e+00  0.000000000e+00  0.000000000e+00
  0.000000000e+00  0.000000000e+00  0.000000000e+00  0.000000000e+00
  0.000000000e+00  0.000000000e+00  0.000000000e+00  0.000000000e+00
  0.000000000e+00  0.000000000e+00  0.000000000e+00  0.000000000e+00
  0.000000000e+00  0.000000000e+00  0.000000000e+00  0.000000000e+00
  0.000000000e+00  0.000000000e+00  0.000000000e+00  0.000000000e+00
  0.000000000e+00  0.000000000e+00  0.000000000e+00  0.000000000e+00
  0.000000000e+00  0.000000000e+00  0.000000000e+00  0.000000000e+00
  0.000000000e+00  0.000000000e+00  0.000000000e+00  0.000000000e+00
  0.000000000e+00  0.000000000e+00  0.000000000e+00  0.000000000e+00
  0.000000000e+00  0.000000000e+00  0.000000000e+00  0.000000000e+00
  0.000000000e+00  0.000000000e+00  0.000000000e+00  0.000000000e+00
  0.000000000e+00  0.000000000e+00  0.000000000e+00  0.000000000e+00
  0.000000000e+00  0.000000000e+00  0.000000000e+00  0.000000000e+00
  0.000000000e+00  0.000000000e+00  0.000000000e+00  0.000000000e+00
  0.000000000e+00  0.000000000e+00  0.000000000e+00  0.000000000e+00
  0.000000000e+00  0.000000000e+00  0.000000000e+00  0.000000000e+00
  0.000000000e+00  0.000000000e+00  0.000000000e+00  0.000000000e+00
  0.000000000e+00  0.000000000e+00  0.000000000e+00  0.000000000e+00
  0.000000000e+00  0.000000000e+00  0.000000000e+00  0.000000000e+00
  0.000000000e+00  0.000000000e+00  0.000000000e+00  0.000000000e+00
  0.000000000e+00
@R CHII 101 []
  0.000000000e+00  0.000000000e+00  0.000000000e+00  0.000000000e+00
  0.000000000e+00  0.000000000e+00  0.000000000e+00  0.000000000e+00
  0.000000000e+00  0.000000000e+00  0.000000000e+00  0.000000000e+00
  0.000000000e+00  0.000000000e+00  0.000000000e+00  0.000000000e+00
  0.000000000e+00  0.000000000e+00  0.000000000e+00  0.000000000e+00
  0.000000000e+00  0.000000000e+00  0.000000000e+00  0.000000000e+00
  0.000000000e+00  0.000000000e+00  0.000000000e+00  0.000000000e+00
  0.000000000e+00  0.000000000e+00  0.000000000e+00  0.000000000e+00
  0.000000000e+00  0.000000000e+00  0.000000000e+00  0.000000000e+00
  0.000000000e+00  0.000000000e+00  0.000000000e+00  0.000000000e+00
  0.000000000e+00  0.000000000e+00  0.000000000e+00  0.000000000e+00
  0.000000000e+00  0.000000000e+00  0.000000000e+00  0.000000000e+00
  0.000000000e+00  0.000000000e+00  0.000000000e+00  0.000000000e+00
  0.000000000e+00  0.000000000e+00  0.000000000e+00  0.000000000e+00
  0.000000000e+00  0.000000000e+00  0.000000000e+00  0.000000000e+00
  0.000000000e+00  0.000000000e+00  0.000000000e+00  0.000000000e+00
  0.000000000e+00  0.000000000e+00  0.000000000e+00  0.000000000e+00
  0.000000000e+00  0.000000000e+00  0.000000000e+00  0.000000000e+00
  0.000000000e+00  0.000000000e+00  0.000000000e+00  0.000000000e+00
  0.000000000e+00  0.000000000e+00  0.000000000e+00  0.000000000e+00
  0.000000000e+00  0.000000000e+00  0.000000000e+00  0.000000000e+00
  0.000000000e+00  0.000000000e+00  0.000000000e+00  0.000000000e+00
  0.000000000e+00  0.000000000e+00  0.000000000e+00  0.000000000e+00
  0.000000000e+00  0.000000000e+00  0.000000000e+00  0.000000000e+00
  0.000000000e+00  0.000000000e+00  0.000000000e+00  0.000000000e+00
  0.000000000e+00
