 19-Aug-25 07/09/2014
     1               1
  0.000000000E+00
*   0.000             1               0 MAR   3   2 CLC    40   41
  0.000000000E+00 0.170000000E+03 0.200000000E+01 0.679320679E+06
  0.679320679E+06 0.172094558E+03 0.853737973E+00 0.413253276E+02
  0.133682326E+01-0.342914806E+00-0.310776525E+00 0.767970976E+07
  0.175638935E+03 0.181553102E+01 0.225995183E+01 0.765746966E+00
  0.381612709E+00 0.861032222E+00 0.100000000E+11 0.107559410E+02
  0.100000000E+11 0.100000000E+11 0.198956973E+01-0.123520747E+01
  0.766383772E+02 0.106131870E+03 0.510690302E+02
  0.000000000E+00 0.000000000E+00 0.000000000E+00
  0.824645418E+02 0.794313234E+02
  0.000000000E+00 0.000000000E+00
  0.161624045E+01 0.279861403E+00 0.200333770E+01 0.619064574E+00
  0.764382901E+00 0.217450644E+01-0.500000000E+02-0.500000000E+02
 -0.500000000E+02 0.305079526E+00 0.699809795E+04 0.136995100E+06
  0.768183888E-04 0.128355454E+01 0.951384675E+00 0.863238954E-02
  0.127150237E+01 0.171990636E+03 0.000000000E+00 0.000000000E+00
 -0.999000000E+03-0.999000000E+03-0.999000000E+03-0.999000000E+03
 -0.100000000E+03-0.500000000E+02 0.194636658E+01 0.191610275E+01
  0.921092777E+01 0.399142089E+02 0.100000000E+03 0.107559410E+02
  0.177443511E+03 0.206908718E+01 0.468746138E+00 0.000000000E+00
  0.998044350E+00 0.200268339E+01 0.358287819E+06 0.000000000E+00
  0.000000000E+00 0.000000000E+00 0.871201097E+00 0.100000000E+02
    44   60   18    6
  0.172224498E+00 0.130884424E+00 0.183345047E+00 0.152532794E+00
  0.724510968E-01-0.104475223E-01 0.543375613E+00-0.593311287E-01
 -0.455737029E+00 0.243167573E+00 0.136679286E+00 0.109556578E-01
 -0.439623955E-01-0.660055688E-01-0.789479811E-01 0.555308067E+00
 -0.663784785E-01 0.204678807E-01 0.216185489E+00 0.152682094E+00
  0.159512926E+00 0.166575186E+00 0.104563380E+00 0.279218165E-01
 -0.321740892E+00 0.404813223E+00 0.433501098E+00 0.350957966E-01
  0.848780485E-01 0.199533829E+00 0.766368793E-01-0.143855547E-01
 -0.463995286E-01-0.557085199E-01 0.124351973E+00 0.481084878E+00
  0.469565972E+00-0.387155770E-01 0.311284444E-01-0.148583898E-01
  0.212230469E-01 0.270083735E-01 0.777867475E-01 0.140703033E+00
  0.111251701E+00 0.248992822E+00 0.253341780E+00-0.139696626E+00
 -0.248162449E+00-0.410291340E-01 0.278279624E+00 0.626442877E+00
  0.287853903E+00-0.157292187E+00-0.330081703E+00-0.876543147E-01
  0.228372250E+00 0.312239635E+00 0.248516531E+00-0.378681324E-01
  0.139316950E+00 0.278058800E+00 0.200711402E+00 0.201009226E+00
  0.194156664E+00 0.183910716E+00 0.237827220E+00-0.104853141E+00
 -0.309091218E+00-0.282149512E+00-0.603861314E-01 0.294311113E+00
  0.351967645E+00 0.256914709E+00 0.382952891E+00 0.751850762E+00
  0.299964673E+00 0.394212578E-01-0.193324808E+00-0.267289403E+00
 -0.697995418E-01 0.857125113E-01 0.310935249E+00 0.246315565E+00
  0.353854180E+00 0.105614350E+00-0.591250224E-01-0.245806431E+00
 -0.301756902E+00-0.105542373E+00 0.234838641E+00 0.184377922E+00
  0.193199992E+00 0.201366006E+00 0.197628831E+00 0.274940116E+00
  0.141047661E+00-0.341122450E-01 0.114047490E+00 0.248957943E+00
  0.255460733E+00-0.125045925E+00-0.253411397E+00-0.394273639E-01
  0.245470532E+05-0.672938369E+05 0.245688204E+06 0.243456112E+06
  0.108450135E+06-0.305690622E+06 0.610016702E+06-0.378385007E+05
 -0.760707444E+06 0.349264685E+06 0.722334436E+05-0.137462233E+06
 -0.123230202E+06-0.103132948E+06-0.405763025E+06 0.551861706E+06
 -0.117726148E+06-0.123037439E+06
  0.000000000E+00 0.000000000E+00 0.000000000E+00 0.000000000E+00
  0.000000000E+00 0.000000000E+00
  0.000000000E+00 0.000000000E+00 0.000000000E+00 0.000000000E+00
  0.000000000E+00 0.000000000E+00 0.000000000E+00 0.000000000E+00
  0.000000000E+00 0.000000000E+00 0.550147587E+02 0.000000000E+00
  0.237799752E+00 0.193913243E+00 0.400000006E+02-0.133235557E+00
 -0.110150898E+01 0.000000000E+00 0.999000000E+03 0.191920783E+01
 -0.100000000E+02 0.951384675E+00 0.000000000E+00 0.457487855E-01
 -0.100000000E+02 0.000000000E+00 0.215597775E+01 0.000000000E+00
  0.167513265E+00 0.214600740E+01 0.130769231E+01 0.213196884E+01
  0.335585719E+02 0.438727431E+01-0.890000000E+02-0.890000000E+02
 -0.890000000E+02-0.890000000E+02-0.890000000E+02-0.890000000E+02
 -0.890000000E+02-0.890000000E+02-0.890000000E+02-0.890000000E+02
 -0.890000000E+02-0.890000000E+02-0.890000000E+02-0.890000000E+02
 -0.890000000E+02 0.000000000E+00 0.715297658E+00 0.953222676E+00
  0.140927233E+03 0.184937500E+03 0.000000000E+00 0.825930777E+00
  0.100000000E+01 0.000000000E+00 0.000000000E+00 0.000000000E+00
                                            EQG
