 &IN1
 ISHOT =            1,
 ITIME =            1,
 BETAP0 =   0.5000000000000000     ,
 RZERO =    1.700000000000000     ,
 QENP =   0.9499999880790710     ,
 ENP =   0.5000000000000000     ,
 EMP =    1.000000000000000     ,
 PLASMA =    679320.6793206808     ,
 COILS =   0.1722244978281959     ,
           0.1308844239846595     ,
           0.1833450467246108     ,
           0.1525327942118157     ,
           7.2451096828399952E-002,
          -1.0447522280575564E-002,
           0.5433756133216729     ,
          -5.9331128714285850E-002,
          -0.4557370290715461     ,
           0.2431675727086901     ,
           0.1366792858513376     ,
           1.0955657840837222E-002,
          -4.3962395507564721E-002,
          -6.6005568794950162E-002,
          -7.8947981060461012E-002,
           0.5553080673711301     ,
          -6.6378478511272584E-002,
           2.0467880692751836E-002,
           0.2161854892738022     ,
           0.1526820943659303     ,
           0.1595129259155781     ,
           0.1665751858305428     ,
           0.1045633799913822     ,
           2.7921816481161741E-002,
          -0.3217408923128592     ,
           0.4048132234354159     ,
           0.4335010983213458     ,
           3.5095796608847582E-002,
           8.4878048522283742E-002,
           0.1995338288932166     ,
           7.6636879272566849E-002,
          -1.4385554745341259E-002,
          -4.6399528574120136E-002,
          -5.5708519944854699E-002,
           0.1243519726385743     ,
           0.4810848779767256     ,
           0.4695659724608337     ,
          -3.8715576986266854E-002,
           3.1128444363326575E-002,
          -1.4858389823577152E-002,
           2.1223046907836420E-002,
           2.7008373465733232E-002,
           7.7786747548644619E-002,
           0.1407030332793882     ,
 BTOR =    2.000000000000000     ,
 RCENTR =    1.700000000000000     ,
 ICURRT =            2,
 IERCHK =            0,
 KZEROJ =            0,
 RZEROJ =    0.000000000000000     ,
             0.000000000000000     ,
             0.000000000000000     ,
             0.000000000000000     ,
             0.000000000000000     ,
             0.000000000000000     ,
             0.000000000000000     ,
             0.000000000000000     ,
             0.000000000000000     ,
             0.000000000000000     ,
             0.000000000000000     ,
             0.000000000000000     ,
             0.000000000000000     ,
             0.000000000000000     ,
             0.000000000000000     ,
             0.000000000000000     ,
             0.000000000000000     ,
             0.000000000000000     ,
             0.000000000000000     ,
             0.000000000000000     ,
             0.000000000000000     ,
             0.000000000000000     ,
             0.000000000000000     ,
             0.000000000000000     ,
             0.000000000000000     ,
             0.000000000000000     ,
             0.000000000000000     ,
             0.000000000000000     ,
             0.000000000000000     ,
             0.000000000000000     ,
             0.000000000000000     ,
             0.000000000000000     ,
             0.000000000000000     ,
             0.000000000000000     ,
             0.000000000000000     ,
             0.000000000000000     ,
             0.000000000000000     ,
             0.000000000000000     ,
             0.000000000000000     ,
             0.000000000000000     ,
             0.000000000000000     ,
             0.000000000000000     ,
             0.000000000000000     ,
             0.000000000000000     ,
             0.000000000000000     ,
             0.000000000000000     ,
             0.000000000000000     ,
             0.000000000000000     ,
             0.000000000000000     ,
             0.000000000000000     ,
             0.000000000000000     ,
             0.000000000000000     ,
             0.000000000000000     ,
             0.000000000000000     ,
             0.000000000000000     ,
             0.000000000000000     ,
             0.000000000000000     ,
             0.000000000000000     ,
             0.000000000000000     ,
             0.000000000000000     ,
             0.000000000000000     ,
 FWTSI =    1.000000000000000     ,
            1.000000000000000     ,
            1.000000000000000     ,
            1.000000000000000     ,
            1.000000000000000     ,
            1.000000000000000     ,
            1.000000000000000     ,
            1.000000000000000     ,
            1.000000000000000     ,
            1.000000000000000     ,
            1.000000000000000     ,
            1.000000000000000     ,
            1.000000000000000     ,
            1.000000000000000     ,
            1.000000000000000     ,
            1.000000000000000     ,
            1.000000000000000     ,
            1.000000000000000     ,
            0.000000000000000     ,
            0.000000000000000     ,
            0.000000000000000     ,
            0.000000000000000     ,
            0.000000000000000     ,
            0.000000000000000     ,
            0.000000000000000     ,
            0.000000000000000     ,
            0.000000000000000     ,
            0.000000000000000     ,
            0.000000000000000     ,
            0.000000000000000     ,
            0.000000000000000     ,
            0.000000000000000     ,
            0.000000000000000     ,
            0.000000000000000     ,
            0.000000000000000     ,
            0.000000000000000     ,
            0.000000000000000     ,
            0.000000000000000     ,
            0.000000000000000     ,
            0.000000000000000     ,
            0.000000000000000     ,
            0.000000000000000     ,
            0.000000000000000     ,
            0.000000000000000     ,
 FWTCUR =    1.000000000000000     ,
 MXITER =            1,
 NXITER =           99,
 LIMITR =            5,
 XLIM =    2.241758241758242     ,
           1.307692307692308     ,
           1.307692307692308     ,
           2.241758241758242     ,
           2.241758241758242     ,
           2.241758241758242     ,
           0.000000000000000     ,
           0.000000000000000     ,
           0.000000000000000     ,
           0.000000000000000     ,
           0.000000000000000     ,
           0.000000000000000     ,
           0.000000000000000     ,
           0.000000000000000     ,
           0.000000000000000     ,
           0.000000000000000     ,
           0.000000000000000     ,
           0.000000000000000     ,
           0.000000000000000     ,
           0.000000000000000     ,
           0.000000000000000     ,
           0.000000000000000     ,
           0.000000000000000     ,
           0.000000000000000     ,
           0.000000000000000     ,
           0.000000000000000     ,
           0.000000000000000     ,
           0.000000000000000     ,
           0.000000000000000     ,
           0.000000000000000     ,
           0.000000000000000     ,
           0.000000000000000     ,
           0.000000000000000     ,
           0.000000000000000     ,
           0.000000000000000     ,
           0.000000000000000     ,
           0.000000000000000     ,
           0.000000000000000     ,
           0.000000000000000     ,
           0.000000000000000     ,
           0.000000000000000     ,
           0.000000000000000     ,
           0.000000000000000     ,
           0.000000000000000     ,
           0.000000000000000     ,
           0.000000000000000     ,
           0.000000000000000     ,
           0.000000000000000     ,
           0.000000000000000     ,
           0.000000000000000     ,
           0.000000000000000     ,
           0.000000000000000     ,
           0.000000000000000     ,
           0.000000000000000     ,
           0.000000000000000     ,
           0.000000000000000     ,
           0.000000000000000     ,
           0.000000000000000     ,
           0.000000000000000     ,
           0.000000000000000     ,
           0.000000000000000     ,
           0.000000000000000     ,
           0.000000000000000     ,
           0.000000000000000     ,
           0.000000000000000     ,
           0.000000000000000     ,
           0.000000000000000     ,
           0.000000000000000     ,
           0.000000000000000     ,
           0.000000000000000     ,
           0.000000000000000     ,
           0.000000000000000     ,
           0.000000000000000     ,
           0.000000000000000     ,
           0.000000000000000     ,
           0.000000000000000     ,
           0.000000000000000     ,
           0.000000000000000     ,
           0.000000000000000     ,
           0.000000000000000     ,
           0.000000000000000     ,
           0.000000000000000     ,
           0.000000000000000     ,
           0.000000000000000     ,
           0.000000000000000     ,
           0.000000000000000     ,
           0.000000000000000     ,
           0.000000000000000     ,
           0.000000000000000     ,
           0.000000000000000     ,
           0.000000000000000     ,
           0.000000000000000     ,
           0.000000000000000     ,
           0.000000000000000     ,
           0.000000000000000     ,
           0.000000000000000     ,
           0.000000000000000     ,
           0.000000000000000     ,
           0.000000000000000     ,
           0.000000000000000     ,
           0.000000000000000     ,
           0.000000000000000     ,
           0.000000000000000     ,
           0.000000000000000     ,
           0.000000000000000     ,
           0.000000000000000     ,
           0.000000000000000     ,
           0.000000000000000     ,
           0.000000000000000     ,
           0.000000000000000     ,
           0.000000000000000     ,
           0.000000000000000     ,
           0.000000000000000     ,
           0.000000000000000     ,
           0.000000000000000     ,
           0.000000000000000     ,
           0.000000000000000     ,
           0.000000000000000     ,
           0.000000000000000     ,
           0.000000000000000     ,
           0.000000000000000     ,
           0.000000000000000     ,
           0.000000000000000     ,
           0.000000000000000     ,
           0.000000000000000     ,
           0.000000000000000     ,
           0.000000000000000     ,
           0.000000000000000     ,
           0.000000000000000     ,
           0.000000000000000     ,
           0.000000000000000     ,
           0.000000000000000     ,
           0.000000000000000     ,
           0.000000000000000     ,
           0.000000000000000     ,
           0.000000000000000     ,
           0.000000000000000     ,
           0.000000000000000     ,
           0.000000000000000     ,
           0.000000000000000     ,
           0.000000000000000     ,
           0.000000000000000     ,
           0.000000000000000     ,
           0.000000000000000     ,
           0.000000000000000     ,
           0.000000000000000     ,
           0.000000000000000     ,
           0.000000000000000     ,
           0.000000000000000     ,
           0.000000000000000     ,
           0.000000000000000     ,
           0.000000000000000     ,
           0.000000000000000     ,
           0.000000000000000     ,
           0.000000000000000     ,
           0.000000000000000     ,
           0.000000000000000     ,
           0.000000000000000     ,
           0.000000000000000     ,
           0.000000000000000     ,
 YLIM =   0.7210989010989012     ,
          0.7210989010989012     ,
         -0.7210989010989012     ,
         -0.7210989010989012     ,
          0.7210989010989012     ,
          0.7210989010989012     ,
           0.000000000000000     ,
           0.000000000000000     ,
           0.000000000000000     ,
           0.000000000000000     ,
           0.000000000000000     ,
           0.000000000000000     ,
           0.000000000000000     ,
           0.000000000000000     ,
           0.000000000000000     ,
           0.000000000000000     ,
           0.000000000000000     ,
           0.000000000000000     ,
           0.000000000000000     ,
           0.000000000000000     ,
           0.000000000000000     ,
           0.000000000000000     ,
           0.000000000000000     ,
           0.000000000000000     ,
           0.000000000000000     ,
           0.000000000000000     ,
           0.000000000000000     ,
           0.000000000000000     ,
           0.000000000000000     ,
           0.000000000000000     ,
           0.000000000000000     ,
           0.000000000000000     ,
           0.000000000000000     ,
           0.000000000000000     ,
           0.000000000000000     ,
           0.000000000000000     ,
           0.000000000000000     ,
           0.000000000000000     ,
           0.000000000000000     ,
           0.000000000000000     ,
           0.000000000000000     ,
           0.000000000000000     ,
           0.000000000000000     ,
           0.000000000000000     ,
           0.000000000000000     ,
           0.000000000000000     ,
           0.000000000000000     ,
           0.000000000000000     ,
           0.000000000000000     ,
           0.000000000000000     ,
           0.000000000000000     ,
           0.000000000000000     ,
           0.000000000000000     ,
           0.000000000000000     ,
           0.000000000000000     ,
           0.000000000000000     ,
           0.000000000000000     ,
           0.000000000000000     ,
           0.000000000000000     ,
           0.000000000000000     ,
           0.000000000000000     ,
           0.000000000000000     ,
           0.000000000000000     ,
           0.000000000000000     ,
           0.000000000000000     ,
           0.000000000000000     ,
           0.000000000000000     ,
           0.000000000000000     ,
           0.000000000000000     ,
           0.000000000000000     ,
           0.000000000000000     ,
           0.000000000000000     ,
           0.000000000000000     ,
           0.000000000000000     ,
           0.000000000000000     ,
           0.000000000000000     ,
           0.000000000000000     ,
           0.000000000000000     ,
           0.000000000000000     ,
           0.000000000000000     ,
           0.000000000000000     ,
           0.000000000000000     ,
           0.000000000000000     ,
           0.000000000000000     ,
           0.000000000000000     ,
           0.000000000000000     ,
           0.000000000000000     ,
           0.000000000000000     ,
           0.000000000000000     ,
           0.000000000000000     ,
           0.000000000000000     ,
           0.000000000000000     ,
           0.000000000000000     ,
           0.000000000000000     ,
           0.000000000000000     ,
           0.000000000000000     ,
           0.000000000000000     ,
           0.000000000000000     ,
           0.000000000000000     ,
           0.000000000000000     ,
           0.000000000000000     ,
           0.000000000000000     ,
           0.000000000000000     ,
           0.000000000000000     ,
           0.000000000000000     ,
           0.000000000000000     ,
           0.000000000000000     ,
           0.000000000000000     ,
           0.000000000000000     ,
           0.000000000000000     ,
           0.000000000000000     ,
           0.000000000000000     ,
           0.000000000000000     ,
           0.000000000000000     ,
           0.000000000000000     ,
           0.000000000000000     ,
           0.000000000000000     ,
           0.000000000000000     ,
           0.000000000000000     ,
           0.000000000000000     ,
           0.000000000000000     ,
           0.000000000000000     ,
           0.000000000000000     ,
           0.000000000000000     ,
           0.000000000000000     ,
           0.000000000000000     ,
           0.000000000000000     ,
           0.000000000000000     ,
           0.000000000000000     ,
           0.000000000000000     ,
           0.000000000000000     ,
           0.000000000000000     ,
           0.000000000000000     ,
           0.000000000000000     ,
           0.000000000000000     ,
           0.000000000000000     ,
           0.000000000000000     ,
           0.000000000000000     ,
           0.000000000000000     ,
           0.000000000000000     ,
           0.000000000000000     ,
           0.000000000000000     ,
           0.000000000000000     ,
           0.000000000000000     ,
           0.000000000000000     ,
           0.000000000000000     ,
           0.000000000000000     ,
           0.000000000000000     ,
           0.000000000000000     ,
           0.000000000000000     ,
           0.000000000000000     ,
           0.000000000000000     ,
           0.000000000000000     ,
           0.000000000000000     ,
           0.000000000000000     ,
           0.000000000000000     ,
           0.000000000000000     ,
           0.000000000000000     ,
           0.000000000000000     ,
           0.000000000000000     ,
 ERROR =   9.9999997473787516E-005,
 ICONVR =            3,
 IBUNMN =            3,
 BRSP =    24547.05322265625     ,
          -67293.83691406250     ,
           245688.2037353516     ,
           243456.1119995117     ,
           108450.1349487305     ,
          -305690.6218032837     ,
           610016.7021446228     ,
          -37838.50067138672     ,
          -760707.4443359375     ,
           349264.6851806641     ,
           72233.44360351563     ,
          -137462.2326660156     ,
          -123230.2023925781     ,
          -103132.9475708008     ,
          -405763.0249481201     ,
           551861.7062835693     ,
          -117726.1483764648     ,
          -123037.4387512207     ,
           0.000000000000000     ,
           0.000000000000000     ,
           0.000000000000000     ,
           0.000000000000000     ,
           0.000000000000000     ,
           0.000000000000000     ,
           0.000000000000000     ,
           0.000000000000000     ,
           0.000000000000000     ,
           0.000000000000000     ,
           0.000000000000000     ,
           0.000000000000000     ,
           0.000000000000000     ,
           0.000000000000000     ,
           0.000000000000000     ,
           0.000000000000000     ,
           0.000000000000000     ,
           0.000000000000000     ,
           0.000000000000000     ,
           0.000000000000000     ,
           0.000000000000000     ,
           0.000000000000000     ,
           0.000000000000000     ,
           0.000000000000000     ,
           0.000000000000000     ,
           0.000000000000000     ,
           0.000000000000000     ,
           0.000000000000000     ,
           0.000000000000000     ,
           0.000000000000000     ,
           0.000000000000000     ,
           0.000000000000000     ,
           0.000000000000000     ,
           0.000000000000000     ,
           0.000000000000000     ,
           0.000000000000000     ,
           0.000000000000000     ,
           0.000000000000000     ,
           0.000000000000000     ,
           0.000000000000000     ,
           0.000000000000000     ,
           0.000000000000000     ,
           0.000000000000000     ,
           0.000000000000000     ,
           0.000000000000000     ,
           0.000000000000000     ,
           0.000000000000000     ,
           0.000000000000000     ,
           0.000000000000000     ,
           0.000000000000000     ,
           0.000000000000000     ,
           0.000000000000000     ,
           0.000000000000000     ,
           0.000000000000000     ,
           0.000000000000000     ,
           0.000000000000000     ,
           0.000000000000000     ,
           0.000000000000000     ,
           0.000000000000000     ,
           0.000000000000000     ,
           0.000000000000000     ,
           0.000000000000000     ,
           0.000000000000000     ,
           0.000000000000000     ,
           0.000000000000000     ,
           0.000000000000000     ,
           0.000000000000000     ,
           0.000000000000000     ,
           0.000000000000000     ,
           0.000000000000000     ,
           0.000000000000000     ,
           0.000000000000000     ,
           0.000000000000000     ,
           0.000000000000000     ,
           0.000000000000000     ,
           0.000000000000000     ,
           0.000000000000000     ,
           0.000000000000000     ,
           0.000000000000000     ,
           0.000000000000000     ,
           0.000000000000000     ,
           0.000000000000000     ,
           0.000000000000000     ,
           0.000000000000000     ,
           0.000000000000000     ,
           0.000000000000000     ,
           0.000000000000000     ,
           0.000000000000000     ,
           0.000000000000000     ,
           0.000000000000000     ,
           0.000000000000000     ,
           0.000000000000000     ,
           0.000000000000000     ,
           0.000000000000000     ,
           0.000000000000000     ,
           0.000000000000000     ,
           0.000000000000000     ,
           0.000000000000000     ,
           0.000000000000000     ,
           0.000000000000000     ,
           0.000000000000000     ,
           0.000000000000000     ,
           0.000000000000000     ,
           0.000000000000000     ,
           0.000000000000000     ,
           0.000000000000000     ,
           0.000000000000000     ,
           0.000000000000000     ,
           0.000000000000000     ,
           0.000000000000000     ,
           0.000000000000000     ,
           0.000000000000000     ,
           0.000000000000000     ,
           0.000000000000000     ,
           0.000000000000000     ,
           0.000000000000000     ,
           0.000000000000000     ,
           0.000000000000000     ,
           0.000000000000000     ,
           0.000000000000000     ,
           0.000000000000000     ,
           0.000000000000000     ,
           0.000000000000000     ,
           0.000000000000000     ,
           0.000000000000000     ,
           0.000000000000000     ,
           0.000000000000000     ,
           0.000000000000000     ,
           0.000000000000000     ,
           0.000000000000000     ,
           0.000000000000000     ,
           0.000000000000000     ,
           0.000000000000000     ,
           0.000000000000000     ,
           0.000000000000000     ,
           0.000000000000000     ,
           0.000000000000000     ,
           0.000000000000000     ,
           0.000000000000000     ,
           0.000000000000000     ,
           0.000000000000000     ,
           0.000000000000000     ,
           0.000000000000000     ,
           0.000000000000000     ,
           0.000000000000000     ,
           0.000000000000000     ,
           0.000000000000000     ,
           0.000000000000000     ,
           0.000000000000000     ,
           0.000000000000000     ,
           0.000000000000000     ,
           0.000000000000000     ,
           0.000000000000000     ,
           0.000000000000000     ,
           0.000000000000000     ,
           0.000000000000000     ,
           0.000000000000000     ,
           0.000000000000000     ,
           0.000000000000000     ,
           0.000000000000000     ,
           0.000000000000000     ,
           0.000000000000000     ,
           0.000000000000000     ,
           0.000000000000000     ,
           0.000000000000000     ,
           0.000000000000000     ,
           0.000000000000000     ,
           0.000000000000000     ,
           0.000000000000000     ,
           0.000000000000000     ,
           0.000000000000000     ,
           0.000000000000000     ,
           0.000000000000000     ,
           0.000000000000000     ,
           0.000000000000000     ,
           0.000000000000000     ,
           0.000000000000000     ,
           0.000000000000000     ,
           0.000000000000000     ,
           0.000000000000000     ,
           0.000000000000000     ,
           0.000000000000000     ,
           0.000000000000000     ,
           0.000000000000000     ,
           0.000000000000000     ,
           0.000000000000000     ,
           0.000000000000000     ,
           0.000000000000000     ,
           0.000000000000000     ,
           0.000000000000000     ,
           0.000000000000000     ,
           0.000000000000000     ,
           0.000000000000000     ,
           0.000000000000000     ,
           0.000000000000000     ,
           0.000000000000000     ,
           0.000000000000000     ,
           0.000000000000000     ,
           0.000000000000000     ,
           0.000000000000000     ,
           0.000000000000000     ,
           0.000000000000000     ,
           0.000000000000000     ,
           0.000000000000000     ,
           0.000000000000000     ,
           0.000000000000000     ,
           0.000000000000000     ,
           0.000000000000000     ,
           0.000000000000000     ,
           0.000000000000000     ,
           0.000000000000000     ,
           0.000000000000000     ,
           0.000000000000000     ,
           0.000000000000000     ,
           0.000000000000000     ,
           0.000000000000000     ,
           0.000000000000000     ,
           0.000000000000000     ,
           0.000000000000000     ,
           0.000000000000000     ,
           0.000000000000000     ,
           0.000000000000000     ,
           0.000000000000000     ,
           0.000000000000000     ,
           0.000000000000000     ,
           0.000000000000000     ,
           0.000000000000000     ,
           0.000000000000000     ,
           0.000000000000000     ,
           0.000000000000000     ,
           0.000000000000000     ,
           0.000000000000000     ,
           0.000000000000000     ,
           0.000000000000000     ,
           0.000000000000000     ,
           0.000000000000000     ,
           0.000000000000000     ,
           0.000000000000000     ,
           0.000000000000000     ,
           0.000000000000000     ,
           0.000000000000000     ,
           0.000000000000000     ,
           0.000000000000000     ,
           0.000000000000000     ,
           0.000000000000000     ,
           0.000000000000000     ,
           0.000000000000000     ,
           0.000000000000000     ,
           0.000000000000000     ,
           0.000000000000000     ,
           0.000000000000000     ,
           0.000000000000000     ,
           0.000000000000000     ,
           0.000000000000000     ,
           0.000000000000000     ,
           0.000000000000000     ,
           0.000000000000000     ,
           0.000000000000000     ,
           0.000000000000000     ,
           0.000000000000000     ,
           0.000000000000000     ,
           0.000000000000000     ,
           0.000000000000000     ,
           0.000000000000000     ,
           0.000000000000000     ,
           0.000000000000000     ,
           0.000000000000000     ,
           0.000000000000000     ,
           0.000000000000000     ,
           0.000000000000000     ,
           0.000000000000000     ,
           0.000000000000000     ,
           0.000000000000000     ,
           0.000000000000000     ,
           0.000000000000000     ,
           0.000000000000000     ,
           0.000000000000000     ,
           0.000000000000000     ,
           0.000000000000000     ,
           0.000000000000000     ,
           0.000000000000000     ,
           0.000000000000000     ,
           0.000000000000000     ,
           0.000000000000000     ,
           0.000000000000000     ,
           0.000000000000000     ,
           0.000000000000000     ,
           0.000000000000000     ,
           0.000000000000000     ,
           0.000000000000000     ,
           0.000000000000000     ,
           0.000000000000000     ,
           0.000000000000000     ,
           0.000000000000000     ,
           0.000000000000000     ,
           0.000000000000000     ,
           0.000000000000000     ,
           0.000000000000000     ,
           0.000000000000000     ,
           0.000000000000000     ,
           0.000000000000000     ,
           0.000000000000000     ,
           0.000000000000000     ,
           0.000000000000000     ,
           0.000000000000000     ,
           0.000000000000000     ,
           0.000000000000000     ,
           0.000000000000000     ,
           0.000000000000000     ,
           0.000000000000000     ,
           0.000000000000000     ,
           0.000000000000000     ,
           0.000000000000000     ,
           0.000000000000000     ,
           0.000000000000000     ,
           0.000000000000000     ,
           0.000000000000000     ,
           0.000000000000000     ,
           0.000000000000000     ,
           0.000000000000000     ,
           0.000000000000000     ,
           0.000000000000000     ,
           0.000000000000000     ,
           0.000000000000000     ,
           0.000000000000000     ,
           0.000000000000000     ,
           0.000000000000000     ,
           0.000000000000000     ,
           0.000000000000000     ,
           0.000000000000000     ,
           0.000000000000000     ,
           0.000000000000000     ,
           0.000000000000000     ,
           0.000000000000000     ,
           0.000000000000000     ,
           0.000000000000000     ,
           0.000000000000000     ,
           0.000000000000000     ,
           0.000000000000000     ,
           0.000000000000000     ,
           0.000000000000000     ,
           0.000000000000000     ,
           0.000000000000000     ,
           0.000000000000000     ,
           0.000000000000000     ,
           0.000000000000000     ,
           0.000000000000000     ,
           0.000000000000000     ,
           0.000000000000000     ,
           0.000000000000000     ,
           0.000000000000000     ,
           0.000000000000000     ,
           0.000000000000000     ,
           0.000000000000000     ,
           0.000000000000000     ,
           0.000000000000000     ,
           0.000000000000000     ,
           0.000000000000000     ,
           0.000000000000000     ,
           0.000000000000000     ,
           0.000000000000000     ,
           0.000000000000000     ,
           0.000000000000000     ,
           0.000000000000000     ,
           0.000000000000000     ,
           0.000000000000000     ,
           0.000000000000000     ,
           0.000000000000000     ,
           0.000000000000000     ,
           0.000000000000000     ,
           0.000000000000000     ,
           0.000000000000000     ,
           0.000000000000000     ,
           0.000000000000000     ,
           0.000000000000000     ,
           0.000000000000000     ,
           0.000000000000000     ,
           0.000000000000000     ,
           0.000000000000000     ,
           0.000000000000000     ,
           0.000000000000000     ,
           0.000000000000000     ,
           0.000000000000000     ,
           0.000000000000000     ,
           0.000000000000000     ,
           0.000000000000000     ,
           0.000000000000000     ,
           0.000000000000000     ,
           0.000000000000000     ,
           0.000000000000000     ,
           0.000000000000000     ,
           0.000000000000000     ,
           0.000000000000000     ,
           0.000000000000000     ,
           0.000000000000000     ,
           0.000000000000000     ,
           0.000000000000000     ,
           0.000000000000000     ,
           0.000000000000000     ,
           0.000000000000000     ,
           0.000000000000000     ,
           0.000000000000000     ,
           0.000000000000000     ,
           0.000000000000000     ,
           0.000000000000000     ,
           0.000000000000000     ,
           0.000000000000000     ,
           0.000000000000000     ,
           0.000000000000000     ,
           0.000000000000000     ,
           0.000000000000000     ,
           0.000000000000000     ,
           0.000000000000000     ,
           0.000000000000000     ,
           0.000000000000000     ,
           0.000000000000000     ,
           0.000000000000000     ,
           0.000000000000000     ,
           0.000000000000000     ,
           0.000000000000000     ,
           0.000000000000000     ,
           0.000000000000000     ,
           0.000000000000000     ,
           0.000000000000000     ,
           0.000000000000000     ,
           0.000000000000000     ,
           0.000000000000000     ,
           0.000000000000000     ,
           0.000000000000000     ,
           0.000000000000000     ,
           0.000000000000000     ,
           0.000000000000000     ,
           0.000000000000000     ,
           0.000000000000000     ,
           0.000000000000000     ,
           0.000000000000000     ,
           0.000000000000000     ,
           0.000000000000000     ,
           0.000000000000000     ,
           0.000000000000000     ,
           0.000000000000000     ,
           0.000000000000000     ,
           0.000000000000000     ,
           0.000000000000000     ,
           0.000000000000000     ,
           0.000000000000000     ,
           0.000000000000000     ,
           0.000000000000000     ,
           0.000000000000000     ,
           0.000000000000000     ,
           0.000000000000000     ,
           0.000000000000000     ,
           0.000000000000000     ,
           0.000000000000000     ,
           0.000000000000000     ,
           0.000000000000000     ,
           0.000000000000000     ,
           0.000000000000000     ,
           0.000000000000000     ,
           0.000000000000000     ,
           0.000000000000000     ,
           0.000000000000000     ,
           0.000000000000000     ,
           0.000000000000000     ,
           0.000000000000000     ,
           0.000000000000000     ,
           0.000000000000000     ,
           0.000000000000000     ,
           0.000000000000000     ,
           0.000000000000000     ,
           0.000000000000000     ,
           0.000000000000000     ,
           0.000000000000000     ,
           0.000000000000000     ,
           0.000000000000000     ,
           0.000000000000000     ,
           0.000000000000000     ,
           0.000000000000000     ,
           0.000000000000000     ,
           0.000000000000000     ,
           0.000000000000000     ,
           0.000000000000000     ,
           0.000000000000000     ,
           0.000000000000000     ,
           0.000000000000000     ,
           0.000000000000000     ,
           0.000000000000000     ,
           0.000000000000000     ,
           0.000000000000000     ,
           0.000000000000000     ,
           0.000000000000000     ,
           0.000000000000000     ,
           0.000000000000000     ,
           0.000000000000000     ,
           0.000000000000000     ,
           0.000000000000000     ,
           0.000000000000000     ,
           0.000000000000000     ,
           0.000000000000000     ,
           0.000000000000000     ,
           0.000000000000000     ,
           0.000000000000000     ,
           0.000000000000000     ,
           0.000000000000000     ,
           0.000000000000000     ,
           0.000000000000000     ,
           0.000000000000000     ,
           0.000000000000000     ,
           0.000000000000000     ,
           0.000000000000000     ,
           0.000000000000000     ,
           0.000000000000000     ,
           0.000000000000000     ,
           0.000000000000000     ,
           0.000000000000000     ,
           0.000000000000000     ,
           0.000000000000000     ,
           0.000000000000000     ,
           0.000000000000000     ,
           0.000000000000000     ,
           0.000000000000000     ,
           0.000000000000000     ,
           0.000000000000000     ,
           0.000000000000000     ,
           0.000000000000000     ,
           0.000000000000000     ,
           0.000000000000000     ,
           0.000000000000000     ,
           0.000000000000000     ,
           0.000000000000000     ,
           0.000000000000000     ,
           0.000000000000000     ,
           0.000000000000000     ,
           0.000000000000000     ,
           0.000000000000000     ,
           0.000000000000000     ,
           0.000000000000000     ,
           0.000000000000000     ,
           0.000000000000000     ,
           0.000000000000000     ,
           0.000000000000000     ,
           0.000000000000000     ,
           0.000000000000000     ,
           0.000000000000000     ,
           0.000000000000000     ,
           0.000000000000000     ,
           0.000000000000000     ,
           0.000000000000000     ,
           0.000000000000000     ,
           0.000000000000000     ,
           0.000000000000000     ,
           0.000000000000000     ,
           0.000000000000000     ,
           0.000000000000000     ,
           0.000000000000000     ,
           0.000000000000000     ,
           0.000000000000000     ,
           0.000000000000000     ,
           0.000000000000000     ,
           0.000000000000000     ,
           0.000000000000000     ,
           0.000000000000000     ,
           0.000000000000000     ,
           0.000000000000000     ,
           0.000000000000000     ,
           0.000000000000000     ,
           0.000000000000000     ,
           0.000000000000000     ,
           0.000000000000000     ,
           0.000000000000000     ,
           0.000000000000000     ,
           0.000000000000000     ,
           0.000000000000000     ,
           0.000000000000000     ,
           0.000000000000000     ,
           0.000000000000000     ,
           0.000000000000000     ,
           0.000000000000000     ,
           0.000000000000000     ,
           0.000000000000000     ,
           0.000000000000000     ,
           0.000000000000000     ,
           0.000000000000000     ,
           0.000000000000000     ,
           0.000000000000000     ,
           0.000000000000000     ,
           0.000000000000000     ,
           0.000000000000000     ,
           0.000000000000000     ,
           0.000000000000000     ,
           0.000000000000000     ,
           0.000000000000000     ,
           0.000000000000000     ,
 KFFCUR =            0,
 KPPCUR =            0,
 PCURBD =    0.000000000000000     ,
 FCURBD =    0.000000000000000     ,
 VBIT =    10.00000000000000     
 /
 &BASIS
 KPPFNC =            6,
 KPPKNT =            0,
 PPKNT =    0.000000000000000     ,
            0.000000000000000     ,
            0.000000000000000     ,
            0.000000000000000     ,
            0.000000000000000     ,
            0.000000000000000     ,
            0.000000000000000     ,
            0.000000000000000     ,
            0.000000000000000     ,
            0.000000000000000     ,
            0.000000000000000     ,
            0.000000000000000     ,
            0.000000000000000     ,
            0.000000000000000     ,
            0.000000000000000     ,
            0.000000000000000     ,
            0.000000000000000     ,
            0.000000000000000     ,
            0.000000000000000     ,
            0.000000000000000     ,
            0.000000000000000     ,
            0.000000000000000     ,
            0.000000000000000     ,
            0.000000000000000     ,
            0.000000000000000     ,
            0.000000000000000     ,
            0.000000000000000     ,
            0.000000000000000     ,
            0.000000000000000     ,
            0.000000000000000     ,
            0.000000000000000     ,
            0.000000000000000     ,
            0.000000000000000     ,
            0.000000000000000     ,
            0.000000000000000     ,
            0.000000000000000     ,
            0.000000000000000     ,
            0.000000000000000     ,
            0.000000000000000     ,
            0.000000000000000     ,
            0.000000000000000     ,
            0.000000000000000     ,
            0.000000000000000     ,
            0.000000000000000     ,
            0.000000000000000     ,
            0.000000000000000     ,
            0.000000000000000     ,
            0.000000000000000     ,
            0.000000000000000     ,
            0.000000000000000     ,
            0.000000000000000     ,
            0.000000000000000     ,
            0.000000000000000     ,
            0.000000000000000     ,
            0.000000000000000     ,
            0.000000000000000     ,
            0.000000000000000     ,
            0.000000000000000     ,
            0.000000000000000     ,
            0.000000000000000     ,
            0.000000000000000     ,
            0.000000000000000     ,
            0.000000000000000     ,
            0.000000000000000     ,
 PPTENS =    0.000000000000000     ,
 KFFFNC =            6,
 KFFKNT =            0,
 FFKNT =    0.000000000000000     ,
            0.000000000000000     ,
            0.000000000000000     ,
            0.000000000000000     ,
            0.000000000000000     ,
            0.000000000000000     ,
            0.000000000000000     ,
            0.000000000000000     ,
            0.000000000000000     ,
            0.000000000000000     ,
            0.000000000000000     ,
            0.000000000000000     ,
            0.000000000000000     ,
            0.000000000000000     ,
            0.000000000000000     ,
            0.000000000000000     ,
            0.000000000000000     ,
            0.000000000000000     ,
            0.000000000000000     ,
            0.000000000000000     ,
            0.000000000000000     ,
            0.000000000000000     ,
            0.000000000000000     ,
            0.000000000000000     ,
            0.000000000000000     ,
            0.000000000000000     ,
            0.000000000000000     ,
            0.000000000000000     ,
            0.000000000000000     ,
            0.000000000000000     ,
            0.000000000000000     ,
            0.000000000000000     ,
            0.000000000000000     ,
            0.000000000000000     ,
            0.000000000000000     ,
            0.000000000000000     ,
            0.000000000000000     ,
            0.000000000000000     ,
            0.000000000000000     ,
            0.000000000000000     ,
            0.000000000000000     ,
            0.000000000000000     ,
            0.000000000000000     ,
            0.000000000000000     ,
            0.000000000000000     ,
            0.000000000000000     ,
            0.000000000000000     ,
            0.000000000000000     ,
            0.000000000000000     ,
            0.000000000000000     ,
            0.000000000000000     ,
            0.000000000000000     ,
            0.000000000000000     ,
            0.000000000000000     ,
            0.000000000000000     ,
            0.000000000000000     ,
            0.000000000000000     ,
            0.000000000000000     ,
            0.000000000000000     ,
            0.000000000000000     ,
            0.000000000000000     ,
            0.000000000000000     ,
            0.000000000000000     ,
            0.000000000000000     ,
 FFTENS =    0.000000000000000     ,
 KWWFNC =            0,
 KWWKNT =            0,
 WWKNT =    0.000000000000000     ,
            0.000000000000000     ,
            0.000000000000000     ,
            0.000000000000000     ,
            0.000000000000000     ,
            0.000000000000000     ,
            0.000000000000000     ,
            0.000000000000000     ,
            0.000000000000000     ,
            0.000000000000000     ,
            0.000000000000000     ,
            0.000000000000000     ,
            0.000000000000000     ,
            0.000000000000000     ,
            0.000000000000000     ,
            0.000000000000000     ,
            0.000000000000000     ,
            0.000000000000000     ,
            0.000000000000000     ,
            0.000000000000000     ,
            0.000000000000000     ,
            0.000000000000000     ,
            0.000000000000000     ,
            0.000000000000000     ,
            0.000000000000000     ,
            0.000000000000000     ,
            0.000000000000000     ,
            0.000000000000000     ,
            0.000000000000000     ,
            0.000000000000000     ,
            0.000000000000000     ,
            0.000000000000000     ,
            0.000000000000000     ,
            0.000000000000000     ,
            0.000000000000000     ,
            0.000000000000000     ,
            0.000000000000000     ,
            0.000000000000000     ,
            0.000000000000000     ,
            0.000000000000000     ,
            0.000000000000000     ,
            0.000000000000000     ,
            0.000000000000000     ,
            0.000000000000000     ,
            0.000000000000000     ,
            0.000000000000000     ,
            0.000000000000000     ,
            0.000000000000000     ,
            0.000000000000000     ,
            0.000000000000000     ,
            0.000000000000000     ,
            0.000000000000000     ,
            0.000000000000000     ,
            0.000000000000000     ,
            0.000000000000000     ,
            0.000000000000000     ,
            0.000000000000000     ,
            0.000000000000000     ,
            0.000000000000000     ,
            0.000000000000000     ,
            0.000000000000000     ,
            0.000000000000000     ,
            0.000000000000000     ,
            0.000000000000000     ,
 WWTENS =    0.000000000000000     ,
 PPBDRY =    0.000000000000000     ,
             0.000000000000000     ,
             0.000000000000000     ,
             0.000000000000000     ,
             0.000000000000000     ,
             0.000000000000000     ,
             0.000000000000000     ,
             0.000000000000000     ,
             0.000000000000000     ,
             0.000000000000000     ,
             0.000000000000000     ,
             0.000000000000000     ,
             0.000000000000000     ,
             0.000000000000000     ,
             0.000000000000000     ,
             0.000000000000000     ,
             0.000000000000000     ,
             0.000000000000000     ,
             0.000000000000000     ,
             0.000000000000000     ,
             0.000000000000000     ,
             0.000000000000000     ,
             0.000000000000000     ,
             0.000000000000000     ,
             0.000000000000000     ,
             0.000000000000000     ,
             0.000000000000000     ,
             0.000000000000000     ,
             0.000000000000000     ,
             0.000000000000000     ,
             0.000000000000000     ,
             0.000000000000000     ,
             0.000000000000000     ,
             0.000000000000000     ,
             0.000000000000000     ,
             0.000000000000000     ,
             0.000000000000000     ,
             0.000000000000000     ,
             0.000000000000000     ,
             0.000000000000000     ,
             0.000000000000000     ,
             0.000000000000000     ,
             0.000000000000000     ,
             0.000000000000000     ,
             0.000000000000000     ,
             0.000000000000000     ,
             0.000000000000000     ,
             0.000000000000000     ,
             0.000000000000000     ,
             0.000000000000000     ,
             0.000000000000000     ,
             0.000000000000000     ,
             0.000000000000000     ,
             0.000000000000000     ,
             0.000000000000000     ,
             0.000000000000000     ,
             0.000000000000000     ,
             0.000000000000000     ,
             0.000000000000000     ,
             0.000000000000000     ,
             0.000000000000000     ,
             0.000000000000000     ,
             0.000000000000000     ,
             0.000000000000000     ,
 PP2BDRY =    0.000000000000000     ,
              0.000000000000000     ,
              0.000000000000000     ,
              0.000000000000000     ,
              0.000000000000000     ,
              0.000000000000000     ,
              0.000000000000000     ,
              0.000000000000000     ,
              0.000000000000000     ,
              0.000000000000000     ,
              0.000000000000000     ,
              0.000000000000000     ,
              0.000000000000000     ,
              0.000000000000000     ,
              0.000000000000000     ,
              0.000000000000000     ,
              0.000000000000000     ,
              0.000000000000000     ,
              0.000000000000000     ,
              0.000000000000000     ,
              0.000000000000000     ,
              0.000000000000000     ,
              0.000000000000000     ,
              0.000000000000000     ,
              0.000000000000000     ,
              0.000000000000000     ,
              0.000000000000000     ,
              0.000000000000000     ,
              0.000000000000000     ,
              0.000000000000000     ,
              0.000000000000000     ,
              0.000000000000000     ,
              0.000000000000000     ,
              0.000000000000000     ,
              0.000000000000000     ,
              0.000000000000000     ,
              0.000000000000000     ,
              0.000000000000000     ,
              0.000000000000000     ,
              0.000000000000000     ,
              0.000000000000000     ,
              0.000000000000000     ,
              0.000000000000000     ,
              0.000000000000000     ,
              0.000000000000000     ,
              0.000000000000000     ,
              0.000000000000000     ,
              0.000000000000000     ,
              0.000000000000000     ,
              0.000000000000000     ,
              0.000000000000000     ,
              0.000000000000000     ,
              0.000000000000000     ,
              0.000000000000000     ,
              0.000000000000000     ,
              0.000000000000000     ,
              0.000000000000000     ,
              0.000000000000000     ,
              0.000000000000000     ,
              0.000000000000000     ,
              0.000000000000000     ,
              0.000000000000000     ,
              0.000000000000000     ,
              0.000000000000000     ,
 KPPBDRY =            0,
                      0,
                      0,
                      0,
                      0,
                      0,
                      0,
                      0,
                      0,
                      0,
                      0,
                      0,
                      0,
                      0,
                      0,
                      0,
                      0,
                      0,
                      0,
                      0,
                      0,
                      0,
                      0,
                      0,
                      0,
                      0,
                      0,
                      0,
                      0,
                      0,
                      0,
                      0,
                      0,
                      0,
                      0,
                      0,
                      0,
                      0,
                      0,
                      0,
                      0,
                      0,
                      0,
                      0,
                      0,
                      0,
                      0,
                      0,
                      0,
                      0,
                      0,
                      0,
                      0,
                      0,
                      0,
                      0,
                      0,
                      0,
                      0,
                      0,
                      0,
                      0,
                      0,
                      0,
 KPP2BDRY =            0,
                       0,
                       0,
                       0,
                       0,
                       0,
                       0,
                       0,
                       0,
                       0,
                       0,
                       0,
                       0,
                       0,
                       0,
                       0,
                       0,
                       0,
                       0,
                       0,
                       0,
                       0,
                       0,
                       0,
                       0,
                       0,
                       0,
                       0,
                       0,
                       0,
                       0,
                       0,
                       0,
                       0,
                       0,
                       0,
                       0,
                       0,
                       0,
                       0,
                       0,
                       0,
                       0,
                       0,
                       0,
                       0,
                       0,
                       0,
                       0,
                       0,
                       0,
                       0,
                       0,
                       0,
                       0,
                       0,
                       0,
                       0,
                       0,
                       0,
                       0,
                       0,
                       0,
                       0,
 FFBDRY =    0.000000000000000     ,
             0.000000000000000     ,
             0.000000000000000     ,
             0.000000000000000     ,
             0.000000000000000     ,
             0.000000000000000     ,
             0.000000000000000     ,
             0.000000000000000     ,
             0.000000000000000     ,
             0.000000000000000     ,
             0.000000000000000     ,
             0.000000000000000     ,
             0.000000000000000     ,
             0.000000000000000     ,
             0.000000000000000     ,
             0.000000000000000     ,
             0.000000000000000     ,
             0.000000000000000     ,
             0.000000000000000     ,
             0.000000000000000     ,
             0.000000000000000     ,
             0.000000000000000     ,
             0.000000000000000     ,
             0.000000000000000     ,
             0.000000000000000     ,
             0.000000000000000     ,
             0.000000000000000     ,
             0.000000000000000     ,
             0.000000000000000     ,
             0.000000000000000     ,
             0.000000000000000     ,
             0.000000000000000     ,
             0.000000000000000     ,
             0.000000000000000     ,
             0.000000000000000     ,
             0.000000000000000     ,
             0.000000000000000     ,
             0.000000000000000     ,
             0.000000000000000     ,
             0.000000000000000     ,
             0.000000000000000     ,
             0.000000000000000     ,
             0.000000000000000     ,
             0.000000000000000     ,
             0.000000000000000     ,
             0.000000000000000     ,
             0.000000000000000     ,
             0.000000000000000     ,
             0.000000000000000     ,
             0.000000000000000     ,
             0.000000000000000     ,
             0.000000000000000     ,
             0.000000000000000     ,
             0.000000000000000     ,
             0.000000000000000     ,
             0.000000000000000     ,
             0.000000000000000     ,
             0.000000000000000     ,
             0.000000000000000     ,
             0.000000000000000     ,
             0.000000000000000     ,
             0.000000000000000     ,
             0.000000000000000     ,
             0.000000000000000     ,
 FF2BDRY =    0.000000000000000     ,
              0.000000000000000     ,
              0.000000000000000     ,
              0.000000000000000     ,
              0.000000000000000     ,
              0.000000000000000     ,
              0.000000000000000     ,
              0.000000000000000     ,
              0.000000000000000     ,
              0.000000000000000     ,
              0.000000000000000     ,
              0.000000000000000     ,
              0.000000000000000     ,
              0.000000000000000     ,
              0.000000000000000     ,
              0.000000000000000     ,
              0.000000000000000     ,
              0.000000000000000     ,
              0.000000000000000     ,
              0.000000000000000     ,
              0.000000000000000     ,
              0.000000000000000     ,
              0.000000000000000     ,
              0.000000000000000     ,
              0.000000000000000     ,
              0.000000000000000     ,
              0.000000000000000     ,
              0.000000000000000     ,
              0.000000000000000     ,
              0.000000000000000     ,
              0.000000000000000     ,
              0.000000000000000     ,
              0.000000000000000     ,
              0.000000000000000     ,
              0.000000000000000     ,
              0.000000000000000     ,
              0.000000000000000     ,
              0.000000000000000     ,
              0.000000000000000     ,
              0.000000000000000     ,
              0.000000000000000     ,
              0.000000000000000     ,
              0.000000000000000     ,
              0.000000000000000     ,
              0.000000000000000     ,
              0.000000000000000     ,
              0.000000000000000     ,
              0.000000000000000     ,
              0.000000000000000     ,
              0.000000000000000     ,
              0.000000000000000     ,
              0.000000000000000     ,
              0.000000000000000     ,
              0.000000000000000     ,
              0.000000000000000     ,
              0.000000000000000     ,
              0.000000000000000     ,
              0.000000000000000     ,
              0.000000000000000     ,
              0.000000000000000     ,
              0.000000000000000     ,
              0.000000000000000     ,
              0.000000000000000     ,
              0.000000000000000     ,
 KFFBDRY =            0,
                      0,
                      0,
                      0,
                      0,
                      0,
                      0,
                      0,
                      0,
                      0,
                      0,
                      0,
                      0,
                      0,
                      0,
                      0,
                      0,
                      0,
                      0,
                      0,
                      0,
                      0,
                      0,
                      0,
                      0,
                      0,
                      0,
                      0,
                      0,
                      0,
                      0,
                      0,
                      0,
                      0,
                      0,
                      0,
                      0,
                      0,
                      0,
                      0,
                      0,
                      0,
                      0,
                      0,
                      0,
                      0,
                      0,
                      0,
                      0,
                      0,
                      0,
                      0,
                      0,
                      0,
                      0,
                      0,
                      0,
                      0,
                      0,
                      0,
                      0,
                      0,
                      0,
                      0,
 KFF2BDRY =            0,
                       0,
                       0,
                       0,
                       0,
                       0,
                       0,
                       0,
                       0,
                       0,
                       0,
                       0,
                       0,
                       0,
                       0,
                       0,
                       0,
                       0,
                       0,
                       0,
                       0,
                       0,
                       0,
                       0,
                       0,
                       0,
                       0,
                       0,
                       0,
                       0,
                       0,
                       0,
                       0,
                       0,
                       0,
                       0,
                       0,
                       0,
                       0,
                       0,
                       0,
                       0,
                       0,
                       0,
                       0,
                       0,
                       0,
                       0,
                       0,
                       0,
                       0,
                       0,
                       0,
                       0,
                       0,
                       0,
                       0,
                       0,
                       0,
                       0,
                       0,
                       0,
                       0,
                       0,
 WWBDRY =    0.000000000000000     ,
             0.000000000000000     ,
             0.000000000000000     ,
             0.000000000000000     ,
             0.000000000000000     ,
             0.000000000000000     ,
             0.000000000000000     ,
             0.000000000000000     ,
             0.000000000000000     ,
             0.000000000000000     ,
             0.000000000000000     ,
             0.000000000000000     ,
             0.000000000000000     ,
             0.000000000000000     ,
             0.000000000000000     ,
             0.000000000000000     ,
             0.000000000000000     ,
             0.000000000000000     ,
             0.000000000000000     ,
             0.000000000000000     ,
             0.000000000000000     ,
             0.000000000000000     ,
             0.000000000000000     ,
             0.000000000000000     ,
             0.000000000000000     ,
             0.000000000000000     ,
             0.000000000000000     ,
             0.000000000000000     ,
             0.000000000000000     ,
             0.000000000000000     ,
             0.000000000000000     ,
             0.000000000000000     ,
             0.000000000000000     ,
             0.000000000000000     ,
             0.000000000000000     ,
             0.000000000000000     ,
             0.000000000000000     ,
             0.000000000000000     ,
             0.000000000000000     ,
             0.000000000000000     ,
             0.000000000000000     ,
             0.000000000000000     ,
             0.000000000000000     ,
             0.000000000000000     ,
             0.000000000000000     ,
             0.000000000000000     ,
             0.000000000000000     ,
             0.000000000000000     ,
             0.000000000000000     ,
             0.000000000000000     ,
             0.000000000000000     ,
             0.000000000000000     ,
             0.000000000000000     ,
             0.000000000000000     ,
             0.000000000000000     ,
             0.000000000000000     ,
             0.000000000000000     ,
             0.000000000000000     ,
             0.000000000000000     ,
             0.000000000000000     ,
             0.000000000000000     ,
             0.000000000000000     ,
             0.000000000000000     ,
             0.000000000000000     ,
 WW2BDRY =    0.000000000000000     ,
              0.000000000000000     ,
              0.000000000000000     ,
              0.000000000000000     ,
              0.000000000000000     ,
              0.000000000000000     ,
              0.000000000000000     ,
              0.000000000000000     ,
              0.000000000000000     ,
              0.000000000000000     ,
              0.000000000000000     ,
              0.000000000000000     ,
              0.000000000000000     ,
              0.000000000000000     ,
              0.000000000000000     ,
              0.000000000000000     ,
              0.000000000000000     ,
              0.000000000000000     ,
              0.000000000000000     ,
              0.000000000000000     ,
              0.000000000000000     ,
              0.000000000000000     ,
              0.000000000000000     ,
              0.000000000000000     ,
              0.000000000000000     ,
              0.000000000000000     ,
              0.000000000000000     ,
              0.000000000000000     ,
              0.000000000000000     ,
              0.000000000000000     ,
              0.000000000000000     ,
              0.000000000000000     ,
              0.000000000000000     ,
              0.000000000000000     ,
              0.000000000000000     ,
              0.000000000000000     ,
              0.000000000000000     ,
              0.000000000000000     ,
              0.000000000000000     ,
              0.000000000000000     ,
              0.000000000000000     ,
              0.000000000000000     ,
              0.000000000000000     ,
              0.000000000000000     ,
              0.000000000000000     ,
              0.000000000000000     ,
              0.000000000000000     ,
              0.000000000000000     ,
              0.000000000000000     ,
              0.000000000000000     ,
              0.000000000000000     ,
              0.000000000000000     ,
              0.000000000000000     ,
              0.000000000000000     ,
              0.000000000000000     ,
              0.000000000000000     ,
              0.000000000000000     ,
              0.000000000000000     ,
              0.000000000000000     ,
              0.000000000000000     ,
              0.000000000000000     ,
              0.000000000000000     ,
              0.000000000000000     ,
              0.000000000000000     ,
 KWWBDRY =            0,
                      0,
                      0,
                      0,
                      0,
                      0,
                      0,
                      0,
                      0,
                      0,
                      0,
                      0,
                      0,
                      0,
                      0,
                      0,
                      0,
                      0,
                      0,
                      0,
                      0,
                      0,
                      0,
                      0,
                      0,
                      0,
                      0,
                      0,
                      0,
                      0,
                      0,
                      0,
                      0,
                      0,
                      0,
                      0,
                      0,
                      0,
                      0,
                      0,
                      0,
                      0,
                      0,
                      0,
                      0,
                      0,
                      0,
                      0,
                      0,
                      0,
                      0,
                      0,
                      0,
                      0,
                      0,
                      0,
                      0,
                      0,
                      0,
                      0,
                      0,
                      0,
                      0,
                      0,
 KWW2BDRY =            0,
                       0,
                       0,
                       0,
                       0,
                       0,
                       0,
                       0,
                       0,
                       0,
                       0,
                       0,
                       0,
                       0,
                       0,
                       0,
                       0,
                       0,
                       0,
                       0,
                       0,
                       0,
                       0,
                       0,
                       0,
                       0,
                       0,
                       0,
                       0,
                       0,
                       0,
                       0,
                       0,
                       0,
                       0,
                       0,
                       0,
                       0,
                       0,
                       0,
                       0,
                       0,
                       0,
                       0,
                       0,
                       0,
                       0,
                       0,
                       0,
                       0,
                       0,
                       0,
                       0,
                       0,
                       0,
                       0,
                       0,
                       0,
                       0,
                       0,
                       0,
                       0,
                       0,
                       0,
 KEEFNC =            0,
 KEEKNT =            0,
 EEKNT =    0.000000000000000     ,
            0.000000000000000     ,
            0.000000000000000     ,
            0.000000000000000     ,
            0.000000000000000     ,
            0.000000000000000     ,
            0.000000000000000     ,
            0.000000000000000     ,
            0.000000000000000     ,
            0.000000000000000     ,
            0.000000000000000     ,
            0.000000000000000     ,
            0.000000000000000     ,
            0.000000000000000     ,
            0.000000000000000     ,
            0.000000000000000     ,
            0.000000000000000     ,
            0.000000000000000     ,
            0.000000000000000     ,
            0.000000000000000     ,
            0.000000000000000     ,
            0.000000000000000     ,
            0.000000000000000     ,
            0.000000000000000     ,
            0.000000000000000     ,
            0.000000000000000     ,
            0.000000000000000     ,
            0.000000000000000     ,
            0.000000000000000     ,
            0.000000000000000     ,
            0.000000000000000     ,
            0.000000000000000     ,
 EETENS =    5.000000000000000     ,
 EEBDRY =    0.000000000000000     ,
             0.000000000000000     ,
             0.000000000000000     ,
             0.000000000000000     ,
             0.000000000000000     ,
             0.000000000000000     ,
             0.000000000000000     ,
             0.000000000000000     ,
             0.000000000000000     ,
             0.000000000000000     ,
             0.000000000000000     ,
             0.000000000000000     ,
             0.000000000000000     ,
             0.000000000000000     ,
             0.000000000000000     ,
             0.000000000000000     ,
             0.000000000000000     ,
             0.000000000000000     ,
             0.000000000000000     ,
             0.000000000000000     ,
             0.000000000000000     ,
             0.000000000000000     ,
             0.000000000000000     ,
             0.000000000000000     ,
             0.000000000000000     ,
             0.000000000000000     ,
             0.000000000000000     ,
             0.000000000000000     ,
             0.000000000000000     ,
             0.000000000000000     ,
             0.000000000000000     ,
             0.000000000000000     ,
 EE2BDRY =    0.000000000000000     ,
              0.000000000000000     ,
              0.000000000000000     ,
              0.000000000000000     ,
              0.000000000000000     ,
              0.000000000000000     ,
              0.000000000000000     ,
              0.000000000000000     ,
              0.000000000000000     ,
              0.000000000000000     ,
              0.000000000000000     ,
              0.000000000000000     ,
              0.000000000000000     ,
              0.000000000000000     ,
              0.000000000000000     ,
              0.000000000000000     ,
              0.000000000000000     ,
              0.000000000000000     ,
              0.000000000000000     ,
              0.000000000000000     ,
              0.000000000000000     ,
              0.000000000000000     ,
              0.000000000000000     ,
              0.000000000000000     ,
              0.000000000000000     ,
              0.000000000000000     ,
              0.000000000000000     ,
              0.000000000000000     ,
              0.000000000000000     ,
              0.000000000000000     ,
              0.000000000000000     ,
              0.000000000000000     ,
 KEEBDRY =            0,
                      0,
                      0,
                      0,
                      0,
                      0,
                      0,
                      0,
                      0,
                      0,
                      0,
                      0,
                      0,
                      0,
                      0,
                      0,
                      0,
                      0,
                      0,
                      0,
                      0,
                      0,
                      0,
                      0,
                      0,
                      0,
                      0,
                      0,
                      0,
                      0,
                      0,
                      0,
 KEE2BDRY =            0,
                       0,
                       0,
                       0,
                       0,
                       0,
                       0,
                       0,
                       0,
                       0,
                       0,
                       0,
                       0,
                       0,
                       0,
                       0,
                       0,
                       0,
                       0,
                       0,
                       0,
                       0,
                       0,
                       0,
                       0,
                       0,
                       0,
                       0,
                       0,
                       0,
                       0,
                       0
 /
 &INWANT
 PSIWANT =    1.000000000000000     ,
 VZEROJ =    0.000000000000000     ,
             0.000000000000000     ,
             0.000000000000000     ,
             0.000000000000000     ,
             0.000000000000000     ,
             0.000000000000000     ,
             0.000000000000000     ,
             0.000000000000000     ,
             0.000000000000000     ,
             0.000000000000000     ,
             0.000000000000000     ,
             0.000000000000000     ,
             0.000000000000000     ,
             0.000000000000000     ,
             0.000000000000000     ,
             0.000000000000000     ,
             0.000000000000000     ,
             0.000000000000000     ,
             0.000000000000000     ,
             0.000000000000000     ,
             0.000000000000000     ,
             0.000000000000000     ,
             0.000000000000000     ,
             0.000000000000000     ,
             0.000000000000000     ,
             0.000000000000000     ,
             0.000000000000000     ,
             0.000000000000000     ,
             0.000000000000000     ,
             0.000000000000000     ,
             0.000000000000000     ,
             0.000000000000000     ,
             0.000000000000000     ,
             0.000000000000000     ,
             0.000000000000000     ,
             0.000000000000000     ,
             0.000000000000000     ,
             0.000000000000000     ,
             0.000000000000000     ,
             0.000000000000000     ,
             0.000000000000000     ,
             0.000000000000000     ,
             0.000000000000000     ,
             0.000000000000000     ,
             0.000000000000000     ,
             0.000000000000000     ,
             0.000000000000000     ,
             0.000000000000000     ,
             0.000000000000000     ,
             0.000000000000000     ,
             0.000000000000000     ,
             0.000000000000000     ,
             0.000000000000000     ,
             0.000000000000000     ,
             0.000000000000000     ,
             0.000000000000000     ,
             0.000000000000000     ,
             0.000000000000000     ,
             0.000000000000000     ,
             0.000000000000000     ,
             0.000000000000000     
 /
