&INSTATE
  DENSITY_MODEL = 1 
  MODEL_SHAPE = 0 
  NBDRY = 15 
  USE_INPED = 0 
  R0 = 4.55 
  A0 = 1.2 
  KAPPA = 1.4 
  DELTA = -0.5 
  B0 = 11.0 
  IP = 10.0 
  N_ION = 2 
  Z_ION = 1 1 
  A_ION = 2 3 
  F_ION = 0.5 0.5 
  N_IMP = 1 
  Z_IMP = 36 
  A_IMP = 84 
  F_IMP = 0.0011 
  N_MIN = 0 
  Z_MIN = 1 
  A_MIN = 1 
  N_BEAM = 1 
  Z_BEAM = 1 
  A_BEAM = 2 
  N_FUSION = 1 
  Z_FUSION = 2 
  A_FUSION = 4 
  NRHO = 101 
  NE_AXIS = 27.6 
  NE_PED = 14.424 
  NE_SEP = 9.0 
  NE_ALPHA = 1.5 
  NE_BETA = 1.1 
  NE_FIT = 1 
  NE_XMID = 0.975 
  NE_XWID = 0.05 
  TE_AXIS = 18.8 
  TE_PED = 3.7455 
  TE_SEP = 0.08 
  TE_ALPHA = 1.5 
  TE_BETA = 1.5 
  TE_FIT = 1 
  TE_XMID = 0.975 
  TE_XWID = 0.05 
  TI_AXIS = 19.0 
  TI_PED = 3.7455 
  TI_SEP = 0.08 
  TI_ALPHA = 1.5 
  TI_BETA = 1.5 
  TI_FIT = 1 
  TI_XMID = 0.975 
  TI_XWID = 0.05 
  ZEFF_AXIS = 2.26 
  OMEGA_AXIS = 5000.0 
  OMEGA_SEP = 0.0 
  OMEGA_ALPHA = 1.5 
  OMEGA_BETA = 1.5 
  JPAR_AXIS = 1.0 
  JPAR_SEP = 0.05 
  JPAR_ALPHA = 2.0 
  JPAR_BETA = 1.0 
  NBEAM_AXIS = 0.0 
  NBEAM_SEP = 0.0 
  NBEAM_ALPHA = 1.5 
  NBEAM_BETA = 1.5 
  TBEAMI = 20.0 20.0 20.0 20.0 20.0 20.0 20.0 20.0 20.0 20.0 20.0 20.0  
    20.0 20.0 20.0 20.0 20.0 20.0 20.0 20.0 20.0 20.0 20.0 20.0 20.0  
    20.0 20.0 20.0 20.0 20.0 20.0 20.0 20.0 20.0 20.0 20.0 20.0 20.0  
    20.0 20.0 20.0 20.0 20.0 20.0 20.0 20.0 20.0 20.0 20.0 20.0 20.0  
    20.0 20.0 20.0 20.0 20.0 20.0 20.0 20.0 20.0 20.0 20.0 20.0 20.0  
    20.0 20.0 20.0 20.0 20.0 20.0 20.0 20.0 20.0 20.0 20.0 20.0 20.0  
    20.0 20.0 20.0 20.0 20.0 20.0 20.0 20.0 20.0 20.0 20.0 20.0 20.0  
    20.0 20.0 20.0 20.0 20.0 20.0 20.0 20.0 20.0 20.0 20.0 
  BETAN_PED = -1.0 
  XMID = 0.975 
  XWID = 0.05 
  PRESSURE_MODEL = 'full' 
  H98_TARGET = 0.8 
  BETAN_TARGET = 1.25 
  BETAN_BEAM_TARGET = 0.0 
  CURRENT_MODEL = 'broad' 
  RHO_JBDRY = 0.85 
  RHO_JPEAK = 0.65 
  JAXIS = 0.6 
  JAXIS_PRIME = 1.0 
  JBDRY_PRIME = -1.0 
  RBDRY = 5.75 5.717889612279765 5.599231274196216 5.333894952548324  
    4.862048988436734 4.215741544340384 3.606248672667517  
    3.3499999999999996 3.606248672667517 4.215741544340384  
    4.862048988436735 5.333894952548324 5.599231274196216  
    5.717889612279765 5.75 
  ZBDRY = 0.0 0.7289246817174976 1.3134768905462901 1.6378788924654637  
    1.6378788924654637 1.3134768905462901 0.7289246817174978  
    2.0574066225675533e-16 -0.7289246817174975 -1.31347689054629  
    -1.6378788924654637 -1.6378788924654637 -1.3134768905462901  
    -0.728924681717498 0.0 
  NLIM = 5 
  RLIM = 6.0 3.5 3.5 6.0 6.0 
  ZLIM = 1.93 1.93 -1.93 -1.93 1.93 
  NE = 27.62277393 27.62277393 27.57846936 27.5310748 27.48062933  
    27.42717202 27.37074191 27.31137808 27.2491196 27.18400553  
    27.11607492 27.04536685 26.97192039 26.89577458 26.81696851  
    26.73554123 26.6515318 26.5649793 26.47592278 26.38440132  
    26.29045396 26.19411979 26.09543786 25.99444724 25.89118699  
    25.78569618 25.67801386 25.56817912 25.456231 25.34220857  
    25.2261509 25.10809706 24.9880861 24.86615709 24.74234909  
    24.61670118 24.48925241 24.36004184 24.22910855 24.0964916  
    23.96223004 23.82636295 23.68892939 23.54996843 23.40951912  
    23.26762053 23.12431173 22.97963178 22.83361975 22.6863147  
    22.53775569 22.38798178 22.23703205 22.08494556 21.93176137  
    21.77751854 21.62225615 21.46601324 21.3088289 21.15074218  
    20.99179214 20.83201786 20.67145839 20.5101528 20.34814015  
    20.18545952 20.02214995 19.85825053 19.6938003 19.52883834  
    19.363403709999996 19.19753547 19.03127269 18.86465442 18.69771972  
    18.53050763 18.36305717 18.19540729 18.02759684 17.85966439  
    17.69164789 17.52358405 17.35550673 17.187443649999995 17.0194091  
    16.85138814 16.68330201 16.51493301 16.3457611 16.17460934  
    15.99887885 15.8129144 15.60459306 15.34857328 14.994584959999992  
    14.453942009999992 13.6089121 12.4051874 11.0162713 9.804787057  
    8.99534321 
  TE = 17.727439402893815 17.721760160624974 17.70473334805279  
    17.676391672929892 17.636789531832633 17.58600283619149  
    17.524128769825108 17.451285479062058 17.36761169683329  
    17.2732663024093 17.168427818737598 17.053293849606302  
    16.928080459117353 16.79302149619643 16.648367867094755  
    16.494386759049558 16.33136081846378 16.159587287140766  
    15.979377100265237 15.791053949957211 15.594953318340075  
    15.391421484157135 15.180814507042719 14.963497193603667  
    14.739842049495236 14.51022822168184 14.275040435058145  
    14.03466792756999 13.789503387918186 13.53994189985187  
    13.286379896962583 13.031978546747297 12.779790425031182  
    12.53004947004103 12.282989620003635 12.038844813145799  
    11.797955592250588 11.560664879879377 11.327210183926425  
    11.097829012285981 10.872758872852303 10.65195297434488  
    10.435299148393472 10.222936837257734 10.015005483197323  
    9.811644528471897 9.61323133416518 9.419932519524016  
    9.23157141405274 9.04797134725568 8.868955648637176  
    8.694127050016267 8.52311812437127 8.355796962945426  
    8.192031656981973 8.031690297724154 7.87480882928466  
    7.721549041394549 7.571967793724605 7.426121945945622  
    7.284068357728387 7.1459711599210936 7.011840428087144  
    6.881501938970139 6.75478146931368 6.631504795861366  
    6.511347165806925 6.39396841700105 6.279171212172788  
    6.166758214051187 6.056532085365297 5.948381516746075  
    5.842251897261724 5.738030937297157 5.63560634723729  
    5.534865837467034 5.435718095190597 5.338053883691307  
    5.241734027472762 5.146619351038559 5.052570678892297  
    4.959339950423891 4.866751673127069 4.774775523661153  
    4.683381178685462 4.592538314859317 4.502318119953152  
    4.412897275155074 4.324403697250909 4.236965303026483  
    4.150710009267621 4.06648488896197 3.9844312997769293  
    3.903618585517951 3.823116089990488 3.7419931569999942 3.221569572  
    2.406970787 1.42627287 0.5996588162 0.09664111306 
  TI = 18.157060959819773 18.150489443306103 18.130789160747128  
    18.09800286147791 18.052201622614746 17.993484592304895  
    17.92197863209591 17.83783786023017 17.74124309816581  
    17.6324012231061 17.511544429782134 17.378929405175604  
    17.2348364202867 17.079568343444176 16.913449580018007  
    16.736824943727736 16.550058465039516 16.35353214241047  
    16.14764464236884 15.932809954611528 15.709456008455701  
    15.47802325709831 15.238963236215715 14.992737103475465  
    14.73981416553375 14.48067039905585 14.21578697222363  
    13.94564877308499 13.670742950956432 13.39155747691302  
    13.108579729191797 12.826864699751813 12.550979257204771  
    12.280677316245919 12.01571279157051 11.755839597873791  
    11.50147519462202 11.253285064900789 11.01139515883434  
    10.775931426546926 10.547019818162793 10.324596530299916  
    10.10848882346077 9.898659243596345 9.695070336657638  
    9.497684648595643 9.30669456554651 9.122090331174935  
    8.943531277724738 8.77067673743974 8.603186042563756  
    8.440436017134607 8.281853670389438 8.127173612371076  
    7.976130453122342 7.828458802686057 7.683842683119288  
    7.542222659495508 7.403718156382146 7.2684485983466285  
    7.136533409956385 7.008340508950095 6.884028972718318  
    6.763404965306311 6.6462746507593335 6.532444193122643  
    6.421490470352095 6.312967555004058 6.206647403024561  
    6.102301970359631 5.999703212955297 5.898709531700057  
    5.799264558008745 5.701268093616901 5.60461994026006  
    5.5092198996737585 5.415000878400111 5.32189423587437  
    5.229797453171781 5.138608011367597 5.048223391537063  
    4.958486809186158 4.86925182731331 4.7804314482324575  
    4.691938674257536 4.603686507702481 4.515583716592762  
    4.427640570747081 4.339922325169216 4.252494234862944  
    4.1654215548320455 4.079321752027955 3.994425047656835  
    3.9102158281045543 3.8261784797569844 3.741797388999994 3.2217276  
    2.407293842 1.426164137 0.5993649464 0.0968572034 
  OMEGA = 4992.501875 4992.501875 4978.801804 4961.079526 4940.12016  
    4916.382264 4890.178959 4861.74318 4831.258024 4798.873089  
    4764.714177 4728.889466 4691.493659 4652.610886 4612.316799  
    4570.680145 4527.763951 4483.626454 4438.321832 4391.900796  
    4344.411068 4295.897774 4246.403778 4195.969955 4144.635428  
    4092.437767 4039.413164 3985.596584 3931.021896 3875.721988  
    3819.72887 3763.073767 3705.787199 3647.899055 3589.43866  
    3530.4348369999993 3470.91596 3410.910006 3350.444605 3289.54708  
    3228.244492 3166.5636739999995 3104.531273 3042.173783 2979.517575  
    2916.588934 2853.414088 2790.0192379999994 2726.430588 2662.674375  
    2598.776897 2534.764544 2470.663824 2406.501396 2342.304099  
    2278.098979 2213.913327 2149.7747069999996 2085.710992 2021.750397  
    1957.921519 1894.253376 1830.775447 1767.517715 1704.510722  
    1641.785608 1579.374179 1517.308956 1455.623246 1394.3512129999992  
    1333.5279519999992 1273.18958 1213.373329 1154.117653 1095.462349  
    1037.448686 980.1195629 923.5196753 867.6957162 812.6966008  
    758.5737302 705.3812976 653.1766491999995 602.0207127999994  
    551.9785103 503.1197796 455.5197357 409.2600162 364.4298727  
    321.1276991 279.4630303 239.55922 201.557126 165.620359  
    131.94307479999964 100.76217029999968 72.37775876 47.19105135  
    25.78549737 9.151104569 6.075140391e-13 
  ZEFF = 2.386 2.386 2.386 2.3860000000000006 2.3859999999999997  
    2.3860000000000006 2.386 2.386 2.386 2.386 2.386 2.386 2.386 2.386  
    2.386 2.386 2.386 2.386 2.386 2.386 2.386 2.386 2.386 2.386 2.386  
    2.386 2.386 2.386 2.386 2.386 2.386 2.386 2.386 2.386 2.386 2.386  
    2.386 2.386 2.386 2.386 2.386 2.386 2.3859999999999997 2.386 2.386  
    2.386 2.386 2.386 2.3859999999999997 2.386 2.386 2.386 2.386 2.386  
    2.386 2.386 2.386 2.386 2.386 2.386 2.3859999999999997 2.386 2.386  
    2.386 2.386 2.386 2.386 2.386 2.3859999999999997 2.386 2.386 2.386  
    2.386 2.3859999999999997 2.386 2.386 2.386 2.3859999999999997  
    2.3859999999999997 2.386 2.386 2.3859999999999997 2.386 2.386  
    2.3860000000000006 2.3860000000000006 2.386 2.3859999999999997  
    2.386 2.386 2.386 2.3860000000000006 2.386 2.386 2.386 2.386 2.386  
    2.386 2.386 2.386 2.386 
  J_OH = 0.0 0.0 0.0 0.0 0.0 0.0 0.0 0.0 0.0 0.0 0.0 0.0 0.0 0.0 0.0  
    0.0 0.0 0.0 0.0 0.0 0.0 0.0 0.0 0.0 0.0 0.0 0.0 0.0 0.0 0.0 0.0 0.0  
    0.0 0.0 0.0 0.0 0.0 0.0 0.0 0.0 0.0 0.0 0.0 0.0 0.0 0.0 0.0 0.0 0.0  
    0.0 0.0 0.0 0.0 0.0 0.0 0.0 0.0 0.0 0.0 0.0 0.0 0.0 0.0 0.0 0.0 0.0  
    0.0 0.0 0.0 0.0 0.0 0.0 0.0 0.0 0.0 0.0 0.0 0.0 0.0 0.0 0.0 0.0 0.0  
    0.0 0.0 0.0 0.0 0.0 0.0 0.0 0.0 0.0 0.0 0.0 0.0 0.0 0.0 0.0 0.0 0.0  
    0.0 
  J_BS = 117826.27675981044 176739.41513971565 269148.89386643557  
    323695.59411913896 359770.64229213947 386535.31984248536  
    408040.80466904474 426279.9030992475 442313.26659686083  
    456740.39213931875 469919.40634314914 482069.7840056596  
    493321.34194549406 503748.8999955038 513396.17992032116  
    522288.47724414605 530440.7797522468 537861.537984353  
    544553.067571232 550513.1701659294 555741.2718419891  
    560242.2779393577 564025.1786271733 567100.8685373276  
    569480.3172782194 571172.6152075445 572185.0015790862  
    572526.1110505007 572208.0287277274 571245.9087155875  
    567299.0369802396 558262.1432451241 546855.5307230592  
    535553.0779266657 524349.5624262871 513055.1233140406  
    501432.4736340805 489591.97865433677 477693.64235598675  
    465737.306944911 453893.49498558394 442379.55782817816  
    431095.44962740643 419893.9727854115 408775.14310882566  
    397588.5013777303 386320.6288169423 375323.99473721493  
    364808.40320345206 354763.03590143233 345326.60739202856  
    336611.62065318343 328419.34928330994 320578.92181559297  
    313082.98019484576 305867.50206949085 298769.15931899485  
    291691.5548820565 284641.60606767476 277619.96464171325  
    270535.69999465643 263401.1866854217 256461.1372302007  
    249853.31703239086 243571.12440122315 237710.65506078623  
    232376.04879282325 227469.863033112 222886.67671792314  
    218620.28877496487 214615.89241102515 210782.1677370127  
    207108.4562305519 203622.2602233673 200320.85966819694  
    197187.40291169367 194212.10177025254 191417.1879716185  
    188817.9876406398 186412.36357970792 184248.4317214713  
    182346.87987294822 180616.7148629357 178998.79724443727  
    177503.15036513278 176114.21564892356 174779.5809089515  
    173537.0756661182 172589.7649348989 172362.57425189315  
    173383.30369997935 177491.13558103968 189370.71063261724  
    216806.88959717334 271572.6533441339 593699.5101069043  
    1035488.8054262821 1186336.4014595463 975809.2557704588  
    526285.6396496331 38696.760420346756 
  J_NB = 0.0 0.0 0.0 0.0 0.0 0.0 0.0 0.0 0.0 0.0 0.0 0.0 0.0 0.0 0.0  
    0.0 0.0 0.0 0.0 0.0 0.0 0.0 0.0 0.0 0.0 0.0 0.0 0.0 0.0 0.0 0.0 0.0  
    0.0 0.0 0.0 0.0 0.0 0.0 0.0 0.0 0.0 0.0 0.0 0.0 0.0 0.0 0.0 0.0 0.0  
    0.0 0.0 0.0 0.0 0.0 0.0 0.0 0.0 0.0 0.0 0.0 0.0 0.0 0.0 0.0 0.0 0.0  
    0.0 0.0 0.0 0.0 0.0 0.0 0.0 0.0 0.0 0.0 0.0 0.0 0.0 0.0 0.0 0.0 0.0  
    0.0 0.0 0.0 0.0 0.0 0.0 0.0 0.0 0.0 0.0 0.0 0.0 0.0 0.0 0.0 0.0 0.0  
    0.0 
  J_EC = 0.0 0.0 0.0 0.0 0.0 0.0 0.0 0.0 0.0 0.0 0.0 0.0 0.0 0.0 0.0  
    0.0 0.0 0.0 0.0 0.0 0.0 0.0 0.0 0.0 0.0 0.0 0.0 0.0 0.0 0.0 0.0 0.0  
    0.0 0.0 0.0 0.0 0.0 0.0 0.0 0.0 0.0 0.0 0.0 0.0 0.0 0.0 0.0 0.0 0.0  
    0.0 0.0 0.0 0.0 0.0 0.0 0.0 0.0 0.0 0.0 0.0 0.0 0.0 0.0 0.0 0.0 0.0  
    0.0 0.0 0.0 0.0 0.0 0.0 0.0 0.0 0.0 0.0 0.0 0.0 0.0 0.0 0.0 0.0 0.0  
    0.0 0.0 0.0 0.0 0.0 0.0 0.0 0.0 0.0 0.0 0.0 0.0 0.0 0.0 0.0 0.0 0.0  
    0.0 
  J_IC = 0.0 0.0 0.0 0.0 0.0 0.0 0.0 0.0 0.0 0.0 0.0 0.0 0.0 0.0 0.0  
    0.0 0.0 0.0 0.0 0.0 0.0 0.0 0.0 0.0 0.0 0.0 0.0 0.0 0.0 0.0 0.0 0.0  
    0.0 0.0 0.0 0.0 0.0 0.0 0.0 0.0 0.0 0.0 0.0 0.0 0.0 0.0 0.0 0.0 0.0  
    0.0 0.0 0.0 0.0 0.0 0.0 0.0 0.0 0.0 0.0 0.0 0.0 0.0 0.0 0.0 0.0 0.0  
    0.0 0.0 0.0 0.0 0.0 0.0 0.0 0.0 0.0 0.0 0.0 0.0 0.0 0.0 0.0 0.0 0.0  
    0.0 0.0 0.0 0.0 0.0 0.0 0.0 0.0 0.0 0.0 0.0 0.0 0.0 0.0 0.0 0.0 0.0  
    0.0 
  J_LH = 0.0 0.0 0.0 0.0 0.0 0.0 0.0 0.0 0.0 0.0 0.0 0.0 0.0 0.0 0.0  
    0.0 0.0 0.0 0.0 0.0 0.0 0.0 0.0 0.0 0.0 0.0 0.0 0.0 0.0 0.0 0.0 0.0  
    0.0 0.0 0.0 0.0 0.0 0.0 0.0 0.0 0.0 0.0 0.0 0.0 0.0 0.0 0.0 0.0 0.0  
    0.0 0.0 0.0 0.0 0.0 0.0 0.0 0.0 0.0 0.0 0.0 0.0 0.0 0.0 0.0 0.0 0.0  
    0.0 0.0 0.0 0.0 0.0 0.0 0.0 0.0 0.0 0.0 0.0 0.0 0.0 0.0 0.0 0.0 0.0  
    0.0 0.0 0.0 0.0 0.0 0.0 0.0 0.0 0.0 0.0 0.0 0.0 0.0 0.0 0.0 0.0 0.0  
    0.0 
  PE_NB = 0.0 0.0 0.0 0.0 0.0 0.0 0.0 0.0 0.0 0.0 0.0 0.0 0.0 0.0 0.0  
    0.0 0.0 0.0 0.0 0.0 0.0 0.0 0.0 0.0 0.0 0.0 0.0 0.0 0.0 0.0 0.0 0.0  
    0.0 0.0 0.0 0.0 0.0 0.0 0.0 0.0 0.0 0.0 0.0 0.0 0.0 0.0 0.0 0.0 0.0  
    0.0 0.0 0.0 0.0 0.0 0.0 0.0 0.0 0.0 0.0 0.0 0.0 0.0 0.0 0.0 0.0 0.0  
    0.0 0.0 0.0 0.0 0.0 0.0 0.0 0.0 0.0 0.0 0.0 0.0 0.0 0.0 0.0 0.0 0.0  
    0.0 0.0 0.0 0.0 0.0 0.0 0.0 0.0 0.0 0.0 0.0 0.0 0.0 0.0 0.0 0.0 0.0  
    0.0 
  PE_EC = 0.0 0.0 0.0 0.0 0.0 0.0 0.0 0.0 0.0 0.0 0.0 0.0 0.0 0.0 0.0  
    0.0 0.0 0.0 0.0 0.0 0.0 0.0 0.0 0.0 0.0 0.0 0.0 0.0 0.0 0.0 0.0 0.0  
    0.0 0.0 0.0 0.0 0.0 0.0 0.0 0.0 0.0 0.0 0.0 0.0 0.0 0.0 0.0 0.0 0.0  
    0.0 0.0 0.0 0.0 0.0 0.0 0.0 0.0 0.0 0.0 0.0 0.0 0.0 0.0 0.0 0.0 0.0  
    0.0 0.0 0.0 0.0 0.0 0.0 0.0 0.0 0.0 0.0 0.0 0.0 0.0 0.0 0.0 0.0 0.0  
    0.0 0.0 0.0 0.0 0.0 0.0 0.0 0.0 0.0 0.0 0.0 0.0 0.0 0.0 0.0 0.0 0.0  
    0.0 
  PE_IC = 0.0 0.0 0.0 0.0 0.0 0.0 0.0 0.0 0.0 0.0 0.0 0.0 0.0 0.0 0.0  
    0.0 0.0 0.0 0.0 0.0 0.0 0.0 0.0 0.0 0.0 0.0 0.0 0.0 0.0 0.0 0.0 0.0  
    0.0 0.0 0.0 0.0 0.0 0.0 0.0 0.0 0.0 0.0 0.0 0.0 0.0 0.0 0.0 0.0 0.0  
    0.0 0.0 0.0 0.0 0.0 0.0 0.0 0.0 0.0 0.0 0.0 0.0 0.0 0.0 0.0 0.0 0.0  
    0.0 0.0 0.0 0.0 0.0 0.0 0.0 0.0 0.0 0.0 0.0 0.0 0.0 0.0 0.0 0.0 0.0  
    0.0 0.0 0.0 0.0 0.0 0.0 0.0 0.0 0.0 0.0 0.0 0.0 0.0 0.0 0.0 0.0 0.0  
    0.0 
  PE_LH = 0.0 0.0 0.0 0.0 0.0 0.0 0.0 0.0 0.0 0.0 0.0 0.0 0.0 0.0 0.0  
    0.0 0.0 0.0 0.0 0.0 0.0 0.0 0.0 0.0 0.0 0.0 0.0 0.0 0.0 0.0 0.0 0.0  
    0.0 0.0 0.0 0.0 0.0 0.0 0.0 0.0 0.0 0.0 0.0 0.0 0.0 0.0 0.0 0.0 0.0  
    0.0 0.0 0.0 0.0 0.0 0.0 0.0 0.0 0.0 0.0 0.0 0.0 0.0 0.0 0.0 0.0 0.0  
    0.0 0.0 0.0 0.0 0.0 0.0 0.0 0.0 0.0 0.0 0.0 0.0 0.0 0.0 0.0 0.0 0.0  
    0.0 0.0 0.0 0.0 0.0 0.0 0.0 0.0 0.0 0.0 0.0 0.0 0.0 0.0 0.0 0.0 0.0  
    0.0 
  PE_FUS = 1840140.5656851411 1839684.1934875885 1833483.9277540788  
    1826507.2616187027 1819043.7932388268 1811384.6262744209  
    1803641.989778033 1795194.156352787 1785219.7979169164  
    1772868.63525608 1757244.2466731267 1737245.6290130336  
    1712700.7554141295 1684069.03781223 1651843.6623210772  
    1616573.2864367822 1578846.3483694934 1539169.3408408982  
    1498064.4672112023 1456115.0239543084 1413966.150651406  
    1371828.2110041187 1329484.5224956458 1286986.9057714946  
    1244389.859746277 1201750.355725823 1159254.9516048767  
    1117096.800101448 1075341.0746552479 1034048.2736977931  
    993274.0803673073 953014.8462357806 913261.6067138222  
    874056.7970066572 835440.646063804 797451.1263870965  
    760208.8470057321 723863.3177126225 688490.3062142777  
    654159.8396552986 620935.4995357897 588851.9945418573  
    557925.9781022572 528183.6975412118 499644.660651458  
    472321.69168098073 446249.773704883 421430.1053105353  
    397817.2986546433 375363.17877492495 354017.58440817025  
    333696.7080686542 314326.2318626451 295868.65615590994  
    278286.1014058876 261540.68595715275 245592.7668818798  
    230426.05841194178 216035.33482425084 202412.07262498687  
    189544.66941381007 177435.92052480733 166068.8106070142  
    155400.73343364126 145390.40114334796 135998.00149670654  
    127171.96831225744 118862.98076137232 111037.27468020393  
    103663.08955369362 96710.65812358538 90155.95868188424  
    83980.10508605417 78163.16606803826 72686.08488033668  
    67530.68048322565 62681.005339090174 58121.74575131893  
    53836.96392839465 49811.55736153221 46031.236452969264  
    42480.96517726329 39147.0236736365 36018.146963882245  
    33083.639671142475 30333.31048267645 27757.196995159236  
    25347.69518539476 23097.726061870224 20998.72141355532  
    19039.489040797594 17212.635283710548 15493.783244883758  
    13832.077987147555 12155.038929504386 10370.032277116194  
    5104.3235853714605 1226.7766562923164 73.46093932268761  
    0.24396032291709155 1.5593608678275133e-09 
  PE_IONIZATION = 0.0 0.0 0.0 0.0 0.0 0.0 0.0 0.0 0.0 0.0 0.0 0.0 0.0  
    0.0 0.0 0.0 0.0 0.0 0.0 0.0 0.0 0.0 0.0 0.0 0.0 0.0 0.0 0.0 0.0 0.0  
    0.0 0.0 0.0 0.0 0.0 0.0 0.0 0.0 0.0 0.0 0.0 0.0 0.0 0.0 0.0 0.0 0.0  
    0.0 0.0 0.0 0.0 0.0 0.0 0.0 0.0 0.0 0.0 0.0 0.0 0.0 0.0 0.0 0.0 0.0  
    0.0 0.0 0.0 0.0 0.0 0.0 0.0 0.0 0.0 0.0 0.0 0.0 0.0 0.0 0.0 0.0 0.0  
    0.0 0.0 0.0 0.0 0.0 0.0 0.0 0.0 0.0 0.0 0.0 0.0 0.0 0.0 0.0 0.0 0.0  
    0.0 0.0 0.0 
  P_RAD = 0.0 0.0 0.0 0.0 0.0 0.0 0.0 0.0 0.0 0.0 0.0 0.0 0.0 0.0 0.0  
    0.0 0.0 0.0 0.0 0.0 0.0 0.0 0.0 0.0 0.0 0.0 0.0 0.0 0.0 0.0 0.0 0.0  
    0.0 0.0 0.0 0.0 0.0 0.0 0.0 0.0 0.0 0.0 0.0 0.0 0.0 0.0 0.0 0.0 0.0  
    0.0 0.0 0.0 0.0 0.0 0.0 0.0 0.0 0.0 0.0 0.0 0.0 0.0 0.0 0.0 0.0 0.0  
    0.0 0.0 0.0 0.0 0.0 0.0 0.0 0.0 0.0 0.0 0.0 0.0 0.0 0.0 0.0 0.0 0.0  
    0.0 0.0 0.0 0.0 0.0 0.0 0.0 0.0 0.0 0.0 0.0 0.0 0.0 0.0 0.0 0.0 0.0  
    0.0 
  PI_NB = 0.0 0.0 0.0 0.0 0.0 0.0 0.0 0.0 0.0 0.0 0.0 0.0 0.0 0.0 0.0  
    0.0 0.0 0.0 0.0 0.0 0.0 0.0 0.0 0.0 0.0 0.0 0.0 0.0 0.0 0.0 0.0 0.0  
    0.0 0.0 0.0 0.0 0.0 0.0 0.0 0.0 0.0 0.0 0.0 0.0 0.0 0.0 0.0 0.0 0.0  
    0.0 0.0 0.0 0.0 0.0 0.0 0.0 0.0 0.0 0.0 0.0 0.0 0.0 0.0 0.0 0.0 0.0  
    0.0 0.0 0.0 0.0 0.0 0.0 0.0 0.0 0.0 0.0 0.0 0.0 0.0 0.0 0.0 0.0 0.0  
    0.0 0.0 0.0 0.0 0.0 0.0 0.0 0.0 0.0 0.0 0.0 0.0 0.0 0.0 0.0 0.0 0.0  
    0.0 
  PI_IC = 0.0 0.0 0.0 0.0 0.0 0.0 0.0 0.0 0.0 0.0 0.0 0.0 0.0 0.0 0.0  
    0.0 0.0 0.0 0.0 0.0 0.0 0.0 0.0 0.0 0.0 0.0 0.0 0.0 0.0 0.0 0.0 0.0  
    0.0 0.0 0.0 0.0 0.0 0.0 0.0 0.0 0.0 0.0 0.0 0.0 0.0 0.0 0.0 0.0 0.0  
    0.0 0.0 0.0 0.0 0.0 0.0 0.0 0.0 0.0 0.0 0.0 0.0 0.0 0.0 0.0 0.0 0.0  
    0.0 0.0 0.0 0.0 0.0 0.0 0.0 0.0 0.0 0.0 0.0 0.0 0.0 0.0 0.0 0.0 0.0  
    0.0 0.0 0.0 0.0 0.0 0.0 0.0 0.0 0.0 0.0 0.0 0.0 0.0 0.0 0.0 0.0 0.0  
    0.0 
  PI_LH = 0.0 0.0 0.0 0.0 0.0 0.0 0.0 0.0 0.0 0.0 0.0 0.0 0.0 0.0 0.0  
    0.0 0.0 0.0 0.0 0.0 0.0 0.0 0.0 0.0 0.0 0.0 0.0 0.0 0.0 0.0 0.0 0.0  
    0.0 0.0 0.0 0.0 0.0 0.0 0.0 0.0 0.0 0.0 0.0 0.0 0.0 0.0 0.0 0.0 0.0  
    0.0 0.0 0.0 0.0 0.0 0.0 0.0 0.0 0.0 0.0 0.0 0.0 0.0 0.0 0.0 0.0 0.0  
    0.0 0.0 0.0 0.0 0.0 0.0 0.0 0.0 0.0 0.0 0.0 0.0 0.0 0.0 0.0 0.0 0.0  
    0.0 0.0 0.0 0.0 0.0 0.0 0.0 0.0 0.0 0.0 0.0 0.0 0.0 0.0 0.0 0.0 0.0  
    0.0 
  PI_FUS = 834628.4400238087 833801.0576663327 829253.8009179046  
    823255.1137265922 816019.5605082277 807761.0751573008  
    798608.9933989281 788358.3056025092 776723.1629472004  
    763419.6666111542 748162.4242910176 730807.7888007942  
    711638.9316388773 691002.5681457069 669245.613998845  
    646720.5527557831 623625.9518951998 600061.3525496823  
    576247.8974806118 552420.6776131878 528827.4787158138  
    505602.8882405352 482742.27648110624 460290.77272000496  
    438290.8099766837 416781.91890549945 395842.04332748934  
    375526.3873966301 355836.94126482646 336774.21215021994  
    318337.27014062897 300499.4936163694 283243.01937582827  
    266577.2420700417 250509.2240615776 235043.7460989048  
    220208.49348211137 206035.78016417284 192533.01191928683  
    179704.04107679575 167549.17484940207 156055.6293939194  
    145205.01389408947 134984.75172588724 125379.96789318467  
    116373.71277697964 107956.70149002943 100108.40413731443  
    92794.17579236341 85980.32206347091 79634.28253904355  
    73715.79139583146 68189.30766497663 63030.998884614986  
    58218.016913573425 53728.54998389423 49542.579944941215  
    45646.09192500572 42026.7602542466 38671.920647639854  
    35568.67875133315 32707.576406740936 30075.09838243619  
    27653.108800993137 25424.712168659666 23374.21013136406  
    21484.365843046133 19739.343468204723 18127.201259447582  
    16636.994624624793 15258.712180927701 13983.975338278566  
    12805.727503077505 11716.98107587117 10711.23191050583  
    9782.432768883818 8925.19508777923 8134.456445477033  
    7405.279989685674 6733.10030319574 6113.6981243969985  
    5542.862237642345 5016.871219630444 4532.643052000766  
    4087.293465460825 3678.118960454953 3302.6254958203135  
    2958.7438843323457 2644.4774860097955 2357.7123733278986  
    2096.108669699419 1858.1235041285943 1640.0648568914364  
    1435.2977463712298 1235.5215540284632 1031.1653820707581  
    440.17518428995703 80.3359867165359 2.949389389191536  
    0.004398191610112562 5.358910974242798e-12 
  PI_IONIZATION = 0.0 0.0 0.0 0.0 0.0 0.0 0.0 0.0 0.0 0.0 0.0 0.0 0.0  
    0.0 0.0 0.0 0.0 0.0 0.0 0.0 0.0 0.0 0.0 0.0 0.0 0.0 0.0 0.0 0.0 0.0  
    0.0 0.0 0.0 0.0 0.0 0.0 0.0 0.0 0.0 0.0 0.0 0.0 0.0 0.0 0.0 0.0 0.0  
    0.0 0.0 0.0 0.0 0.0 0.0 0.0 0.0 0.0 0.0 0.0 0.0 0.0 0.0 0.0 0.0 0.0  
    0.0 0.0 0.0 0.0 0.0 0.0 0.0 0.0 0.0 0.0 0.0 0.0 0.0 0.0 0.0 0.0 0.0  
    0.0 0.0 0.0 0.0 0.0 0.0 0.0 0.0 0.0 0.0 0.0 0.0 0.0 0.0 0.0 0.0 0.0  
    0.0 0.0 0.0 
  PI_CX = 0.0 0.0 0.0 0.0 0.0 0.0 0.0 0.0 0.0 0.0 0.0 0.0 0.0 0.0 0.0  
    0.0 0.0 0.0 0.0 0.0 0.0 0.0 0.0 0.0 0.0 0.0 0.0 0.0 0.0 0.0 0.0 0.0  
    0.0 0.0 0.0 0.0 0.0 0.0 0.0 0.0 0.0 0.0 0.0 0.0 0.0 0.0 0.0 0.0 0.0  
    0.0 0.0 0.0 0.0 0.0 0.0 0.0 0.0 0.0 0.0 0.0 0.0 0.0 0.0 0.0 0.0 0.0  
    0.0 0.0 0.0 0.0 0.0 0.0 0.0 0.0 0.0 0.0 0.0 0.0 0.0 0.0 0.0 0.0 0.0  
    0.0 0.0 0.0 0.0 0.0 0.0 0.0 0.0 0.0 0.0 0.0 0.0 0.0 0.0 0.0 0.0 0.0  
    0.0 
  P_OHM = 0.0 0.0 0.0 0.0 0.0 0.0 0.0 0.0 0.0 0.0 0.0 0.0 0.0 0.0 0.0  
    0.0 0.0 0.0 0.0 0.0 0.0 0.0 0.0 0.0 0.0 0.0 0.0 0.0 0.0 0.0 0.0 0.0  
    0.0 0.0 0.0 0.0 0.0 0.0 0.0 0.0 0.0 0.0 0.0 0.0 0.0 0.0 0.0 0.0 0.0  
    0.0 0.0 0.0 0.0 0.0 0.0 0.0 0.0 0.0 0.0 0.0 0.0 0.0 0.0 0.0 0.0 0.0  
    0.0 0.0 0.0 0.0 0.0 0.0 0.0 0.0 0.0 0.0 0.0 0.0 0.0 0.0 0.0 0.0 0.0  
    0.0 0.0 0.0 0.0 0.0 0.0 0.0 0.0 0.0 0.0 0.0 0.0 0.0 0.0 0.0 0.0 0.0  
    0.0 
  P_EI = 0.0 0.0 0.0 0.0 0.0 0.0 0.0 0.0 0.0 0.0 0.0 0.0 0.0 0.0 0.0  
    0.0 0.0 0.0 0.0 0.0 0.0 0.0 0.0 0.0 0.0 0.0 0.0 0.0 0.0 0.0 0.0 0.0  
    0.0 0.0 0.0 0.0 0.0 0.0 0.0 0.0 0.0 0.0 0.0 0.0 0.0 0.0 0.0 0.0 0.0  
    0.0 0.0 0.0 0.0 0.0 0.0 0.0 0.0 0.0 0.0 0.0 0.0 0.0 0.0 0.0 0.0 0.0  
    0.0 0.0 0.0 0.0 0.0 0.0 0.0 0.0 0.0 0.0 0.0 0.0 0.0 0.0 0.0 0.0 0.0  
    0.0 0.0 0.0 0.0 0.0 0.0 0.0 0.0 0.0 0.0 0.0 0.0 0.0 0.0 0.0 0.0 0.0  
    0.0 
  TORQUE_NB = 0.0 0.0 0.0 0.0 0.0 0.0 0.0 0.0 0.0 0.0 0.0 0.0 0.0 0.0  
    0.0 0.0 0.0 0.0 0.0 0.0 0.0 0.0 0.0 0.0 0.0 0.0 0.0 0.0 0.0 0.0 0.0  
    0.0 0.0 0.0 0.0 0.0 0.0 0.0 0.0 0.0 0.0 0.0 0.0 0.0 0.0 0.0 0.0 0.0  
    0.0 0.0 0.0 0.0 0.0 0.0 0.0 0.0 0.0 0.0 0.0 0.0 0.0 0.0 0.0 0.0 0.0  
    0.0 0.0 0.0 0.0 0.0 0.0 0.0 0.0 0.0 0.0 0.0 0.0 0.0 0.0 0.0 0.0 0.0  
    0.0 0.0 0.0 0.0 0.0 0.0 0.0 0.0 0.0 0.0 0.0 0.0 0.0 0.0 0.0 0.0 0.0  
    0.0 0.0 
  TORQUE_IN = 0.0 0.0 0.0 0.0 0.0 0.0 0.0 0.0 0.0 0.0 0.0 0.0 0.0 0.0  
    0.0 0.0 0.0 0.0 0.0 0.0 0.0 0.0 0.0 0.0 0.0 0.0 0.0 0.0 0.0 0.0 0.0  
    0.0 0.0 0.0 0.0 0.0 0.0 0.0 0.0 0.0 0.0 0.0 0.0 0.0 0.0 0.0 0.0 0.0  
    0.0 0.0 0.0 0.0 0.0 0.0 0.0 0.0 0.0 0.0 0.0 0.0 0.0 0.0 0.0 0.0 0.0  
    0.0 0.0 0.0 0.0 0.0 0.0 0.0 0.0 0.0 0.0 0.0 0.0 0.0 0.0 0.0 0.0 0.0  
    0.0 0.0 0.0 0.0 0.0 0.0 0.0 0.0 0.0 0.0 0.0 0.0 0.0 0.0 0.0 0.0 0.0  
    0.0 0.0 
  SE_NB = 0.0 0.0 0.0 0.0 0.0 0.0 0.0 0.0 0.0 0.0 0.0 0.0 0.0 0.0 0.0  
    0.0 0.0 0.0 0.0 0.0 0.0 0.0 0.0 0.0 0.0 0.0 0.0 0.0 0.0 0.0 0.0 0.0  
    0.0 0.0 0.0 0.0 0.0 0.0 0.0 0.0 0.0 0.0 0.0 0.0 0.0 0.0 0.0 0.0 0.0  
    0.0 0.0 0.0 0.0 0.0 0.0 0.0 0.0 0.0 0.0 0.0 0.0 0.0 0.0 0.0 0.0 0.0  
    0.0 0.0 0.0 0.0 0.0 0.0 0.0 0.0 0.0 0.0 0.0 0.0 0.0 0.0 0.0 0.0 0.0  
    0.0 0.0 0.0 0.0 0.0 0.0 0.0 0.0 0.0 0.0 0.0 0.0 0.0 0.0 0.0 0.0 0.0  
    0.0 
  SE_IONIZATION = 0.0 0.0 0.0 0.0 0.0 0.0 0.0 0.0 0.0 0.0 0.0 0.0 0.0  
    0.0 0.0 0.0 0.0 0.0 0.0 0.0 0.0 0.0 0.0 0.0 0.0 0.0 0.0 0.0 0.0 0.0  
    0.0 0.0 0.0 0.0 0.0 0.0 0.0 0.0 0.0 0.0 0.0 0.0 0.0 0.0 0.0 0.0 0.0  
    0.0 0.0 0.0 0.0 0.0 0.0 0.0 0.0 0.0 0.0 0.0 0.0 0.0 0.0 0.0 0.0 0.0  
    0.0 0.0 0.0 0.0 0.0 0.0 0.0 0.0 0.0 0.0 0.0 0.0 0.0 0.0 0.0 0.0 0.0  
    0.0 0.0 0.0 0.0 0.0 0.0 0.0 0.0 0.0 0.0 0.0 0.0 0.0 0.0 0.0 0.0 0.0  
    0.0 0.0 0.0 
  SI_NB = 0.0 0.0 0.0 0.0 0.0 0.0 0.0 0.0 0.0 0.0 0.0 0.0 0.0 0.0 0.0  
    0.0 0.0 0.0 0.0 0.0 0.0 0.0 0.0 0.0 0.0 0.0 0.0 0.0 0.0 0.0 0.0 0.0  
    0.0 0.0 0.0 0.0 0.0 0.0 0.0 0.0 0.0 0.0 0.0 0.0 0.0 0.0 0.0 0.0 0.0  
    0.0 0.0 0.0 0.0 0.0 0.0 0.0 0.0 0.0 0.0 0.0 0.0 0.0 0.0 0.0 0.0 0.0  
    0.0 0.0 0.0 0.0 0.0 0.0 0.0 0.0 0.0 0.0 0.0 0.0 0.0 0.0 0.0 0.0 0.0  
    0.0 0.0 0.0 0.0 0.0 0.0 0.0 0.0 0.0 0.0 0.0 0.0 0.0 0.0 0.0 0.0 0.0  
    0.0 
  SI_IONIZATION = 0.0 0.0 0.0 0.0 0.0 0.0 0.0 0.0 0.0 0.0 0.0 0.0 0.0  
    0.0 0.0 0.0 0.0 0.0 0.0 0.0 0.0 0.0 0.0 0.0 0.0 0.0 0.0 0.0 0.0 0.0  
    0.0 0.0 0.0 0.0 0.0 0.0 0.0 0.0 0.0 0.0 0.0 0.0 0.0 0.0 0.0 0.0 0.0  
    0.0 0.0 0.0 0.0 0.0 0.0 0.0 0.0 0.0 0.0 0.0 0.0 0.0 0.0 0.0 0.0 0.0  
    0.0 0.0 0.0 0.0 0.0 0.0 0.0 0.0 0.0 0.0 0.0 0.0 0.0 0.0 0.0 0.0 0.0  
    0.0 0.0 0.0 0.0 0.0 0.0 0.0 0.0 0.0 0.0 0.0 0.0 0.0 0.0 0.0 0.0 0.0  
    0.0 0.0 0.0 
  SE_PELLET = 0.0 0.0 0.0 0.0 0.0 0.0 0.0 0.0 0.0 0.0 0.0 0.0 0.0 0.0  
    0.0 0.0 0.0 0.0 0.0 0.0 0.0 0.0 0.0 0.0 0.0 0.0 0.0 0.0 0.0 0.0 0.0  
    0.0 0.0 0.0 0.0 0.0 0.0 0.0 0.0 0.0 0.0 0.0 0.0 0.0 0.0 0.0 0.0 0.0  
    0.0 0.0 0.0 0.0 0.0 0.0 0.0 0.0 0.0 0.0 0.0 0.0 0.0 0.0 0.0 0.0 0.0  
    0.0 0.0 0.0 0.0 0.0 0.0 0.0 0.0 0.0 0.0 0.0 0.0 0.0 0.0 0.0 0.0 0.0  
    0.0 0.0 0.0 0.0 0.0 0.0 0.0 0.0 0.0 0.0 0.0 0.0 0.0 0.0 0.0 0.0 0.0  
    0.0 0.0 
  Q = 0.0 0.0 0.0 0.0 0.0 0.0 0.0 0.0 0.0 0.0 0.0 0.0 0.0 0.0 0.0 0.0  
    0.0 0.0 0.0 0.0 0.0 0.0 0.0 0.0 0.0 0.0 0.0 0.0 0.0 0.0 0.0 0.0 0.0  
    0.0 0.0 0.0 0.0 0.0 0.0 0.0 0.0 0.0 0.0 0.0 0.0 0.0 0.0 0.0 0.0 0.0  
    0.0 0.0 0.0 0.0 0.0 0.0 0.0 0.0 0.0 0.0 0.0 0.0 0.0 0.0 0.0 0.0 0.0  
    0.0 0.0 0.0 0.0 0.0 0.0 0.0 0.0 0.0 0.0 0.0 0.0 0.0 0.0 0.0 0.0 0.0  
    0.0 0.0 0.0 0.0 0.0 0.0 0.0 0.0 0.0 0.0 0.0 0.0 0.0 0.0 0.0 0.0 0.0 
  PSIPOL = 0.0 0.0 0.0 0.0 0.0 0.0 0.0 0.0 0.0 0.0 0.0 0.0 0.0 0.0 0.0  
    0.0 0.0 0.0 0.0 0.0 0.0 0.0 0.0 0.0 0.0 0.0 0.0 0.0 0.0 0.0 0.0 0.0  
    0.0 0.0 0.0 0.0 0.0 0.0 0.0 0.0 0.0 0.0 0.0 0.0 0.0 0.0 0.0 0.0 0.0  
    0.0 0.0 0.0 0.0 0.0 0.0 0.0 0.0 0.0 0.0 0.0 0.0 0.0 0.0 0.0 0.0 0.0  
    0.0 0.0 0.0 0.0 0.0 0.0 0.0 0.0 0.0 0.0 0.0 0.0 0.0 0.0 0.0 0.0 0.0  
    0.0 0.0 0.0 0.0 0.0 0.0 0.0 0.0 0.0 0.0 0.0 0.0 0.0 0.0 0.0 0.0 0.0  
    0.0 
  PSI = 0.0 0.0 0.0 0.0 0.0 0.0 0.0 0.0 0.0 0.0 0.0 0.0 0.0 0.0 0.0 0.0  
    0.0 0.0 0.0 0.0 0.0 0.0 0.0 0.0 0.0 0.0 0.0 0.0 0.0 0.0 0.0 0.0 0.0  
    0.0 0.0 0.0 0.0 0.0 0.0 0.0 0.0 0.0 0.0 0.0 0.0 0.0 0.0 0.0 0.0 0.0  
    0.0 0.0 0.0 0.0 0.0 0.0 0.0 0.0 0.0 0.0 0.0 0.0 0.0 0.0 0.0 0.0 0.0  
    0.0 0.0 0.0 0.0 0.0 0.0 0.0 0.0 0.0 0.0 0.0 0.0 0.0 0.0 0.0 0.0 0.0  
    0.0 0.0 0.0 0.0 0.0 0.0 0.0 0.0 0.0 0.0 0.0 0.0 0.0 0.0 0.0 0.0 0.0 
  DENSITY_BEAM = 0.0 0.0 0.0 0.0 0.0 0.0 0.0 0.0 0.0 0.0 0.0 0.0 0.0  
    0.0 0.0 0.0 0.0 0.0 0.0 0.0 0.0 0.0 0.0 0.0 0.0 0.0 0.0 0.0 0.0 0.0  
    0.0 0.0 0.0 0.0 0.0 0.0 0.0 0.0 0.0 0.0 0.0 0.0 0.0 0.0 0.0 0.0 0.0  
    0.0 0.0 0.0 0.0 0.0 0.0 0.0 0.0 0.0 0.0 0.0 0.0 0.0 0.0 0.0 0.0 0.0  
    0.0 0.0 0.0 0.0 0.0 0.0 0.0 0.0 0.0 0.0 0.0 0.0 0.0 0.0 0.0 0.0 0.0  
    0.0 0.0 0.0 0.0 0.0 0.0 0.0 0.0 0.0 0.0 0.0 0.0 0.0 0.0 0.0 0.0 0.0  
    0.0 0.0 0.0 
  WBEAM = 0.0 0.0 0.0 0.0 0.0 0.0 0.0 0.0 0.0 0.0 0.0 0.0 0.0 0.0 0.0  
    0.0 0.0 0.0 0.0 0.0 0.0 0.0 0.0 0.0 0.0 0.0 0.0 0.0 0.0 0.0 0.0 0.0  
    0.0 0.0 0.0 0.0 0.0 0.0 0.0 0.0 0.0 0.0 0.0 0.0 0.0 0.0 0.0 0.0 0.0  
    0.0 0.0 0.0 0.0 0.0 0.0 0.0 0.0 0.0 0.0 0.0 0.0 0.0 0.0 0.0 0.0 0.0  
    0.0 0.0 0.0 0.0 0.0 0.0 0.0 0.0 0.0 0.0 0.0 0.0 0.0 0.0 0.0 0.0 0.0  
    0.0 0.0 0.0 0.0 0.0 0.0 0.0 0.0 0.0 0.0 0.0 0.0 0.0 0.0 0.0 0.0 0.0  
    0.0 
  TBEAM = 0.0 0.0 0.0 0.0 0.0 0.0 0.0 0.0 0.0 0.0 0.0 0.0 0.0 0.0 0.0  
    0.0 0.0 0.0 0.0 0.0 0.0 0.0 0.0 0.0 0.0 0.0 0.0 0.0 0.0 0.0 0.0 0.0  
    0.0 0.0 0.0 0.0 0.0 0.0 0.0 0.0 0.0 0.0 0.0 0.0 0.0 0.0 0.0 0.0 0.0  
    0.0 0.0 0.0 0.0 0.0 0.0 0.0 0.0 0.0 0.0 0.0 0.0 0.0 0.0 0.0 0.0 0.0  
    0.0 0.0 0.0 0.0 0.0 0.0 0.0 0.0 0.0 0.0 0.0 0.0 0.0 0.0 0.0 0.0 0.0  
    0.0 0.0 0.0 0.0 0.0 0.0 0.0 0.0 0.0 0.0 0.0 0.0 0.0 0.0 0.0 0.0 0.0  
    0.0 
  DENSITY_ALPHA = 0.0 0.0 0.0 0.0 0.0 0.0 0.0 0.0 0.0 0.0 0.0 0.0 0.0  
    0.0 0.0 0.0 0.0 0.0 0.0 0.0 0.0 0.0 0.0 0.0 0.0 0.0 0.0 0.0 0.0 0.0  
    0.0 0.0 0.0 0.0 0.0 0.0 0.0 0.0 0.0 0.0 0.0 0.0 0.0 0.0 0.0 0.0 0.0  
    0.0 0.0 0.0 0.0 0.0 0.0 0.0 0.0 0.0 0.0 0.0 0.0 0.0 0.0 0.0 0.0 0.0  
    0.0 0.0 0.0 0.0 0.0 0.0 0.0 0.0 0.0 0.0 0.0 0.0 0.0 0.0 0.0 0.0 0.0  
    0.0 0.0 0.0 0.0 0.0 0.0 0.0 0.0 0.0 0.0 0.0 0.0 0.0 0.0 0.0 0.0 0.0  
    0.0 0.0 0.0 
  WALPHA = 0.0 0.0 0.0 0.0 0.0 0.0 0.0 0.0 0.0 0.0 0.0 0.0 0.0 0.0 0.0  
    0.0 0.0 0.0 0.0 0.0 0.0 0.0 0.0 0.0 0.0 0.0 0.0 0.0 0.0 0.0 0.0 0.0  
    0.0 0.0 0.0 0.0 0.0 0.0 0.0 0.0 0.0 0.0 0.0 0.0 0.0 0.0 0.0 0.0 0.0  
    0.0 0.0 0.0 0.0 0.0 0.0 0.0 0.0 0.0 0.0 0.0 0.0 0.0 0.0 0.0 0.0 0.0  
    0.0 0.0 0.0 0.0 0.0 0.0 0.0 0.0 0.0 0.0 0.0 0.0 0.0 0.0 0.0 0.0 0.0  
    0.0 0.0 0.0 0.0 0.0 0.0 0.0 0.0 0.0 0.0 0.0 0.0 0.0 0.0 0.0 0.0 0.0  
    0.0 
  TALPHA = 0.0 0.0 0.0 0.0 0.0 0.0 0.0 0.0 0.0 0.0 0.0 0.0 0.0 0.0 0.0  
    0.0 0.0 0.0 0.0 0.0 0.0 0.0 0.0 0.0 0.0 0.0 0.0 0.0 0.0 0.0 0.0 0.0  
    0.0 0.0 0.0 0.0 0.0 0.0 0.0 0.0 0.0 0.0 0.0 0.0 0.0 0.0 0.0 0.0 0.0  
    0.0 0.0 0.0 0.0 0.0 0.0 0.0 0.0 0.0 0.0 0.0 0.0 0.0 0.0 0.0 0.0 0.0  
    0.0 0.0 0.0 0.0 0.0 0.0 0.0 0.0 0.0 0.0 0.0 0.0 0.0 0.0 0.0 0.0 0.0  
    0.0 0.0 0.0 0.0 0.0 0.0 0.0 0.0 0.0 0.0 0.0 0.0 0.0 0.0 0.0 0.0 0.0  
    0.0 
  CHIE = 0.0 0.0 0.0 0.0 0.0 0.0 0.0 0.0 0.0 0.0 0.0 0.0 0.0 0.0 0.0  
    0.0 0.0 0.0 0.0 0.0 0.0 0.0 0.0 0.0 0.0 0.0 0.0 0.0 0.0 0.0 0.0 0.0  
    0.0 0.0 0.0 0.0 0.0 0.0 0.0 0.0 0.0 0.0 0.0 0.0 0.0 0.0 0.0 0.0 0.0  
    0.0 0.0 0.0 0.0 0.0 0.0 0.0 0.0 0.0 0.0 0.0 0.0 0.0 0.0 0.0 0.0 0.0  
    0.0 0.0 0.0 0.0 0.0 0.0 0.0 0.0 0.0 0.0 0.0 0.0 0.0 0.0 0.0 0.0 0.0  
    0.0 0.0 0.0 0.0 0.0 0.0 0.0 0.0 0.0 0.0 0.0 0.0 0.0 0.0 0.0 0.0 0.0  
    0.0 
  CHII = 0.0 0.0 0.0 0.0 0.0 0.0 0.0 0.0 0.0 0.0 0.0 0.0 0.0 0.0 0.0  
    0.0 0.0 0.0 0.0 0.0 0.0 0.0 0.0 0.0 0.0 0.0 0.0 0.0 0.0 0.0 0.0 0.0  
    0.0 0.0 0.0 0.0 0.0 0.0 0.0 0.0 0.0 0.0 0.0 0.0 0.0 0.0 0.0 0.0 0.0  
    0.0 0.0 0.0 0.0 0.0 0.0 0.0 0.0 0.0 0.0 0.0 0.0 0.0 0.0 0.0 0.0 0.0  
    0.0 0.0 0.0 0.0 0.0 0.0 0.0 0.0 0.0 0.0 0.0 0.0 0.0 0.0 0.0 0.0 0.0  
    0.0 0.0 0.0 0.0 0.0 0.0 0.0 0.0 0.0 0.0 0.0 0.0 0.0 0.0 0.0 0.0 0.0  
    0.0 
  P_EQ = 0.0 0.0 0.0 0.0 0.0 0.0 0.0 0.0 0.0 0.0 0.0 0.0 0.0 0.0 0.0  
    0.0 0.0 0.0 0.0 0.0 0.0 0.0 0.0 0.0 0.0 0.0 0.0 0.0 0.0 0.0 0.0 0.0  
    0.0 0.0 0.0 0.0 0.0 0.0 0.0 0.0 0.0 0.0 0.0 0.0 0.0 0.0 0.0 0.0 0.0  
    0.0 0.0 0.0 0.0 0.0 0.0 0.0 0.0 0.0 0.0 0.0 0.0 0.0 0.0 0.0 0.0 0.0  
    0.0 0.0 0.0 0.0 0.0 0.0 0.0 0.0 0.0 0.0 0.0 0.0 0.0 0.0 0.0 0.0 0.0  
    0.0 0.0 0.0 0.0 0.0 0.0 0.0 0.0 0.0 0.0 0.0 0.0 0.0 0.0 0.0 0.0 0.0  
    0.0 
  J_TOT = 3663917.6751890574 3663917.6751890574 3663382.3497319273  
    3661931.638831108 3659707.8595870524 3656709.385124997  
    3652958.1373005672 3648472.7869751337 3643267.4575256794  
    3637352.1140923975 3630732.948818591 3623413.4351257454  
    3615395.328385408 3606679.427381786 3597266.058742303  
    3587155.3426978854 3576347.3190749614 3564841.999395681  
    3552639.386415386 3539739.48113596 3526142.2838078905  
    3511847.7941806223 3496856.012254317 3481166.938279417  
    3464780.5722558643 3447696.9139331956 3429915.963561773  
    3411437.72114165 3392262.186673174 3372389.3601559405  
    3351819.2413393557 3330551.8302237866 3308587.126809152  
    3285925.131095362 3262565.8430824317 3238509.2630211622  
    3213755.3911615545 3188304.227253016 3162155.7710453453  
    3135310.0225389027 3107766.9817333487 3079526.648878969  
    3050589.0237255525 3020954.1060221936 2990621.8962705233  
    2959592.3947208133 2927865.6011224794 2895441.515225133  
    2862320.1372787356 2828501.467283522 2793985.504989518  
    2758772.250396474 2722861.703504006 2686253.8643124118  
    2648948.7330726194 2610946.309783962 2572246.5941956756  
    2532849.586559741 2492755.28662419 2451963.6941389125  
    2410474.8098559333 2368288.6337743457 2325405.165394228  
    2281824.4047139203 2237546.351734199 2192571.0067075253  
    2146898.3696315903 2100528.4402559 2053461.2185810648  
    2005696.7048582423 1957234.8990876582 1908075.8010167892  
    1858219.4108968615 1807665.7287289742 1756414.754261435  
    1704466.4874947667 1651820.928429743 1598478.0773160488  
    1544437.9341530912 1489700.4986906617 1434265.771180841  
    1378133.751872391 1321304.4422680307 1263777.8523885154  
    1205554.0338322467 1146633.216539611 1087016.2949801977  
    1026706.347165966 965712.8079166581 904061.5879518024  
    841816.7559286538 779121.4792785993 716265.6241782801  
    653781.9624316908 592559.6381288385 533943.4144487261  
    479787.04965629964 432327.748309134 394050.5359552897  
    368243.06039768516 349661.7224070503 
  RHO = 0.0 0.01 0.02 0.03 0.04 0.05 0.06 0.07 0.08 0.09 0.1 0.11 0.12  
    0.13 0.14 0.15 0.16 0.17 0.18 0.19 0.2 0.21 0.22 0.23 0.24 0.25  
    0.26 0.27 0.28 0.29 0.3 0.31 0.32 0.33 0.34 0.35 0.36 0.37 0.38  
    0.39 0.4 0.41 0.42 0.43 0.44 0.45 0.46 0.47 0.48 0.49 0.5 0.51 0.52  
    0.53 0.54 0.55 0.56 0.57 0.58 0.59 0.6 0.61 0.62 0.63 0.64 0.65  
    0.66 0.67 0.68 0.69 0.7 0.71 0.72 0.73 0.74 0.75 0.76 0.77 0.78  
    0.79 0.8 0.81 0.82 0.83 0.84 0.85 0.86 0.87 0.88 0.89 0.9 0.91 0.92  
    0.93 0.94 0.95 0.96 0.97 0.98 0.99 1.0 
  MODEL_PROFILE_NE = 'ped' 
  MODEL_PROFILE_TE = 'ped' 
  MODEL_PROFILE_TI = 'ped' 
  MODEL_PROFILE_DENSITY_BEAM = 'parab' 
  MODEL_PROFILE_J_TOT = 'parab' 
  MODEL_PROFILE_OMEGA = 'parab' 
  MODEL_PROFILE_ZEFF = 'const' 
  MODEL_PROFILE_TBEAMI = 'const' 
  MODEL_PROFILE_DENSITY_ALPHA = 'zero' 
  MODEL_PROFILE_WALPHA = 'zero' 
  MODEL_PROFILE_WBEAM = 'derived' 
  J_TOT_AXIS = 1.0 
  J_TOT_SEP = 0.05 
  J_TOT_ALPHA = 2.0 
  J_TOT_BETA = 1.0 
  DENSITY_BEAM_AXIS = 0.0 
  DENSITY_BEAM_SEP = 0.0 
  DENSITY_BEAM_ALPHA = 1.5 
  DENSITY_BEAM_BETA = 1.5 
  TBEAMI_AXIS = 20.0 
  DENSITY_ION_0 = 13.264456041186001 13.264456041186001 13.243180986672  
    13.22042211896 13.196198204266 13.170528004004 13.143430265182  
    13.114923754016 13.08502723192 13.053759455506 13.021139176583999  
    12.98718516137 12.951916171278 12.915350953316 12.877508278501999  
    12.838406898646 12.79806557036 12.75650305986 12.713738118956  
    12.669789513864 12.624675991592 12.578416323157999 12.531029260372  
    12.482533564648 12.432947992598 12.382291305635999 12.330582255572  
    12.277839613424 12.224082126199999 12.169328555314 12.11359766218  
    12.056908208211999 11.99927894522 11.940728634618 11.881276033018  
    11.820939906636 11.759739007281999 11.697692091568001  
    11.63481792571 11.57113526632 11.506662865208 11.44141948859  
    11.375423893077999 11.308694840086 11.241251081424  
    11.173111378505999 11.104294492746 11.034819180756 10.96470420395  
    10.89396831894 10.822630282338 10.750708850756 10.67822279041  
    10.605190857912001 10.531631809874 10.457564402908 10.38300740323  
    10.307979557848 10.23249963778 10.156586394836001 10.080258585628  
    10.003534976372 9.926434318878 9.84897537456 9.77117690003  
    9.693057661504 9.61463640599 9.535931904506 9.45696290406  
    9.377748170868 9.298306461541998 9.218656532693998 9.138817145738  
    9.058807052484001 8.978645009544 8.898349763926 8.817940053034  
    8.737434580657998 8.656852002568 8.576210840078 8.495529316777999  
    8.41482506081 8.334114331746 8.253410440729997 8.172720249820001  
    8.092036584828001 8.011321625202 7.930470831402 7.849234480220001  
    7.767047405068 7.6826616237700005 7.59336149488 7.4933255874119995  
    7.370384889056 7.200399697791996 6.940782953201996 6.53499959042  
    5.95697098948 5.29001347826 4.7082587447714 4.319563809442 
  DENSITY_ION_1 = 13.264456041186001 13.264456041186001 13.243180986672  
    13.22042211896 13.196198204266 13.170528004004 13.143430265182  
    13.114923754016 13.08502723192 13.053759455506 13.021139176583999  
    12.98718516137 12.951916171278 12.915350953316 12.877508278501999  
    12.838406898646 12.79806557036 12.75650305986 12.713738118956  
    12.669789513864 12.624675991592 12.578416323157999 12.531029260372  
    12.482533564648 12.432947992598 12.382291305635999 12.330582255572  
    12.277839613424 12.224082126199999 12.169328555314 12.11359766218  
    12.056908208211999 11.99927894522 11.940728634618 11.881276033018  
    11.820939906636 11.759739007281999 11.697692091568001  
    11.63481792571 11.57113526632 11.506662865208 11.44141948859  
    11.375423893077999 11.308694840086 11.241251081424  
    11.173111378505999 11.104294492746 11.034819180756 10.96470420395  
    10.89396831894 10.822630282338 10.750708850756 10.67822279041  
    10.605190857912001 10.531631809874 10.457564402908 10.38300740323  
    10.307979557848 10.23249963778 10.156586394836001 10.080258585628  
    10.003534976372 9.926434318878 9.84897537456 9.77117690003  
    9.693057661504 9.61463640599 9.535931904506 9.45696290406  
    9.377748170868 9.298306461541998 9.218656532693998 9.138817145738  
    9.058807052484001 8.978645009544 8.898349763926 8.817940053034  
    8.737434580657998 8.656852002568 8.576210840078 8.495529316777999  
    8.41482506081 8.334114331746 8.253410440729997 8.172720249820001  
    8.092036584828001 8.011321625202 7.930470831402 7.849234480220001  
    7.767047405068 7.6826616237700005 7.59336149488 7.4933255874119995  
    7.370384889056 7.200399697791996 6.940782953201996 6.53499959042  
    5.95697098948 5.29001347826 4.7082587447714 4.319563809442 
  DENSITY_IMP_0 = 0.030385051323 0.030385051323 0.030336316296  
    0.030284182280000002 0.030228692263 0.030169889222000004  
    0.030107816101000003 0.030042515888000002 0.029974031560000003  
    0.029902406083000002 0.029827682412 0.029749903535000004  
    0.029669112429000003 0.029585352038000005 0.029498665361  
    0.029409095353 0.029316684980000004 0.029221477230000004  
    0.029123515058000003 0.029022841452 0.028919499356 0.028813531769  
    0.028704981646 0.028593891964 0.028480305689000004 0.028364265798  
    0.028245815246000002 0.028124997032000002 0.0280018541  
    0.027876429427000003 0.027748765990000004 0.027618906766  
    0.02748689471 0.027352772799000002 0.027216583999000003  
    0.027078371298 0.026938177651 0.026796046024000004 0.026652019405  
    0.02650614076 0.026358453044000002 0.026208999245000003  
    0.026057822329 0.025904965273000003 0.025750471032 0.025594382583  
    0.025436742903 0.025277594958 0.025116981725 0.024954946170000002  
    0.024791531259000004 0.024626779958000004 0.024460735255  
    0.024293440116000004 0.024124937507 0.023955270394 0.023784481765  
    0.023612614564 0.023439711790000005 0.023265816398000003  
    0.023090971354 0.022915219646 0.022738604229000002  
    0.022561168080000003 0.022382954165 0.022204005472 0.022024364945  
    0.021844075583 0.02166318033 0.021481722174 0.021299744080999997  
    0.021117289017 0.020934399959000004 0.020751119862 0.020567491692  
    0.020383558393 0.020199362887000003 0.020014948019  
    0.019830356524000003 0.019645630829 0.019460812679 0.019275942455  
    0.019091057403 0.018906188014999995 0.018721350010000002  
    0.018536526954 0.018351632211 0.018166426311 0.017980337210000003  
    0.017792070274 0.017598766735 0.017394205840000003 0.017165052366  
    0.016883430608000002 0.01649404345599999 0.015899336210999992  
    0.01496980331 0.013645706140000002 0.012117898430000001  
    0.0107852657627 0.009894877531 
  DENSITY_TH = 26.559297133695004 26.559297133695004 26.51669828964  
    26.4711284202 26.422625100795003 26.37122589723 26.316968346465  
    26.25989002392 26.200028495399998 26.137421317095 26.07210603558  
    26.004120226275 25.933501454985002 25.860287258670002  
    25.784515222365 25.706222892645 25.6254478257 25.54222759695  
    25.45659975297 25.36860186918 25.27827148254 25.185646178084998  
    25.09076350239 24.99366102126 24.894376290885003 24.792946877069998  
    24.68941032639 24.583804223879998 24.4761661065 24.366533540055  
    24.25494409035 24.14143532319 24.026044785150003 23.908810042035  
    23.789768650035 23.66895818457 23.546416192215 23.422180229160002  
    23.296287870824997 23.1687766734 23.03968418346 22.909047976425  
    22.776905608485 22.643294645445 22.50825263388 22.371817139595  
    22.234025728395 22.094915956469997 21.954525389624997  
    21.81289158405 21.670052095935002 21.526044481470002  
    21.380906316075002 21.234675155940003 21.087388557255  
    20.93908407621 20.789799288224998 20.639571730260002 20.48843898735  
    20.33643860607 20.18360814261 20.02998517239 19.875607241985  
    19.7205119172 19.564736754225 19.408319328479998 19.251297176925  
    19.093707884595002 18.935588988449997 18.776978063909997  
    18.617912667164994 18.458430354404996 18.298568691435  
    18.13836522483 17.977857510779998 17.817083086245 17.656079468955  
    17.494884109334997 17.33353436166 17.172067310985  
    17.010519446234998 16.848926064075 16.687319720894997  
    16.525727069474993 16.364161849650003 16.202609696610004  
    16.040994882615 15.879108089115 15.716449297650001 15.55188688041  
    15.382922014275001 15.2041171956 15.003816227189999 14.75765320872  
    14.417293439039991 13.897465242614992 13.08496898415 11.9275876851  
    10.59214485495 9.427302755305499 8.649022496415 
  NI = 26.528912082372003 26.528912082372003 26.486361973344  
    26.44084423792 26.392396408532 26.341056008008 26.286860530364  
    26.229847508032 26.17005446384 26.107518911012 26.042278353167998  
    25.97437032274 25.903832342556 25.830701906632 25.755016557003998  
    25.676813797292 25.59613114072 25.51300611972 25.427476237912  
    25.339579027728 25.249351983184 25.156832646315998 25.062058520744  
    24.965067129296 24.865895985196 24.764582611271997 24.661164511144  
    24.555679226848 24.448164252399998 24.338657110628 24.22719532436  
    24.113816416423997 23.99855789044 23.881457269236 23.762552066036  
    23.641879813272 23.519478014563997 23.395384183136002  
    23.26963585142 23.14227053264 23.013325730416 22.88283897718  
    22.750847786155997 22.617389680172 22.482502162848  
    22.346222757011997 22.208588985492 22.069638361512 21.9294084079  
    21.78793663788 21.645260564676 21.501417701512 21.35644558082  
    21.210381715824003 21.063263619748 20.915128805816 20.76601480646  
    20.615959115696 20.46499927556 20.313172789672002 20.160517171256  
    20.007069952744 19.852868637756 19.69795074912 19.54235380006  
    19.386115323008 19.22927281198 19.071863809012 18.91392580812  
    18.755496341736 18.596612923083995 18.437313065387997  
    18.277634291476 18.117614104968002 17.957290019088 17.796699527852  
    17.635880106068 17.474869161315997 17.313704005136 17.152421680156  
    16.991058633555998 16.82965012162 16.668228663492  
    16.506820881459994 16.345440499640002 16.184073169656003  
    16.022643250404 15.860941662804 15.698468960440001 15.534094810136  
    15.365323247540001 15.18672298976 14.986651174823999  
    14.740769778112 14.400799395583991 13.881565906403992  
    13.06999918084 11.91394197896 10.58002695652 9.4165174895428  
    8.639127618884 
  NZ = 0.030385051323 0.030385051323 0.030336316296  
    0.030284182280000002 0.030228692263 0.030169889222000004  
    0.030107816101000003 0.030042515888000002 0.029974031560000003  
    0.029902406083000002 0.029827682412 0.029749903535000004  
    0.029669112429000003 0.029585352038000005 0.029498665361  
    0.029409095353 0.029316684980000004 0.029221477230000004  
    0.029123515058000003 0.029022841452 0.028919499356 0.028813531769  
    0.028704981646 0.028593891964 0.028480305689000004 0.028364265798  
    0.028245815246000002 0.028124997032000002 0.0280018541  
    0.027876429427000003 0.027748765990000004 0.027618906766  
    0.02748689471 0.027352772799000002 0.027216583999000003  
    0.027078371298 0.026938177651 0.026796046024000004 0.026652019405  
    0.02650614076 0.026358453044000002 0.026208999245000003  
    0.026057822329 0.025904965273000003 0.025750471032 0.025594382583  
    0.025436742903 0.025277594958 0.025116981725 0.024954946170000002  
    0.024791531259000004 0.024626779958000004 0.024460735255  
    0.024293440116000004 0.024124937507 0.023955270394 0.023784481765  
    0.023612614564 0.023439711790000005 0.023265816398000003  
    0.023090971354 0.022915219646 0.022738604229000002  
    0.022561168080000003 0.022382954165 0.022204005472 0.022024364945  
    0.021844075583 0.02166318033 0.021481722174 0.021299744080999997  
    0.021117289017 0.020934399959000004 0.020751119862 0.020567491692  
    0.020383558393 0.020199362887000003 0.020014948019  
    0.019830356524000003 0.019645630829 0.019460812679 0.019275942455  
    0.019091057403 0.018906188014999995 0.018721350010000002  
    0.018536526954 0.018351632211 0.018166426311 0.017980337210000003  
    0.017792070274 0.017598766735 0.017394205840000003 0.017165052366  
    0.016883430608000002 0.01649404345599999 0.015899336210999992  
    0.01496980331 0.013645706140000002 0.012117898430000001  
    0.0107852657627 0.009894877531 
  DENSITY_HE = 2.37463225125601 2.3734925589872677 2.363951043458587  
    2.352431697023976 2.339382104927432 2.325250629399654  
    2.310251726288102 2.2936514312008267 2.2744668092517384  
    2.2516909532929468 2.2242746642041396 2.191112955257301  
    2.1523044962171074 2.108564954715824 2.060640161756309  
    2.0093301397242307 1.955333576244175 1.8991884864626605  
    1.841554794751149 1.7831590478222208 1.7247939680854252  
    1.6667657967292002 1.608878059089303 1.5512168306642162  
    1.493868171089098 1.436917758340909 1.3806004210303278  
    1.3251366540361063 1.2705860881916606 1.2170028872047456  
    1.1644356637468274 1.1128575458081396 1.0622447171158986  
    1.0126431943310648 0.96409496467318 0.9166379863273811  
    0.8704039155535543 0.8255541763221347 0.7821626118265974  
    0.7402948135218856 0.7000075025681938 0.6613201380207212  
    0.6242311823097417 0.5887527854094752 0.554889069374431  
    0.5226363772062582 0.49201754336621667 0.4630154003914985  
    0.4355588667221008 0.40957523685388997 0.3849910542865561  
    0.3616961409837093 0.3395929535607484 0.31862705088718907  
    0.2987445275560708 0.2798923955223027 0.2620177016744  
    0.24509355794074272 0.22910438645294656 0.21403137962647614  
    0.19985279108582013 0.18656270617512521 0.17413401844388418  
    0.1625127995932394 0.15164739340372274 0.14148851687680017  
    0.13197508574955308 0.12304925369610159 0.11467044354438452  
    0.10680074219719748 0.09940483463592101 0.09245395655259708  
    0.08592507652870349 0.07979429619141332 0.07403892274206764  
    0.06863744645168836 0.06357092517236058 0.0588212690095237  
    0.054369945550319904 0.050199493710610235 0.046293481428997564  
    0.04263482114137758 0.039208028601461914 0.036000366637617194  
    0.03299977933460666 0.030194818775287145 0.027574426228648  
    0.025130013888088106 0.02285352447964467 0.02073547450531784  
    0.018763850344885428 0.016930718242520456 0.015211159013836118  
    0.013554133980161993 0.011887926847545664 0.010121801899136147  
    0.004922317799770435 0.0011604338094893924 6.783587421154043e-05  
    2.2048873803906615e-07 1.389133326350991e-15 
  _NZ_0 = 0.05671876605135302 0.05671876605135302 0.05662779399520819  
    0.05653047715919603 0.05642689578758827 0.05631713010412331  
    0.05620126027093953 0.05607936653230869 0.05595152911196918  
    0.05581782821312605 0.055678344018451044 0.0555331567722159  
    0.05538234669815901 0.05522599395841877 0.05506417881780025  
    0.054896981458975175 0.05472448208514862 0.05454676094059232  
    0.05436389820797799 0.05417597413157737 0.05398306887352886  
    0.05378526269863753 0.05358263578957511 0.05337526837007999  
    0.05316324064335725 0.05294663283314527 0.0527255251221158  
    0.052499997775073894 0.05227013095415795 0.052036004883106377  
    0.05179769978565757 0.05155529588554991 0.051308873365455164  
    0.051058512449111706 0.0508042933397246 0.05054629628156559  
    0.05028460145730639 0.050019289070152094 0.049750439364374406  
    0.04947813254317841 0.04920244878923583 0.0489234683468184  
    0.048641271419131174 0.04835593822991257 0.04806754896183431  
    0.04777618383863479 0.04748192308405242 0.04718484690129225  
    0.0468850355140927 0.04658256912565881 0.04627752793919566  
    0.045969992157908306 0.045660042026068486 0.045347757746881275  
    0.04503321952355172 0.0447165075592849 0.044397702098352546  
    0.04407688330289305 0.04375413143771148 0.04342952668547957  
    0.04310314924940238 0.04277507937375165 0.042445397241199105  
    0.04211418307548315 0.04178151707980884 0.04144747949844791  
    0.04111215049353877 0.04077561032988648 0.040437939169629435  
    0.04009921725703937 0.03975952479532134 0.03941894198768043  
    0.03907754905785503 0.03873542618851686 0.038392653582870986  
    0.03804931140305582 0.03770547977014308 0.03736123866147114  
    0.03701666784904506 0.03667184652993648 0.03632685262815034  
    0.03598176152155806 0.035636642736030705 0.03529155318997185  
    0.03494652222551672 0.03460151916586333 0.03425638229046816  
    0.03391066458863631 0.03356329824483369 0.03321186660877434  
    0.032851033313187956 0.032469186285074565 0.03204143310659557  
    0.03151573912513167 0.0307888830621645 0.029678762801394462  
    0.027943634609955602 0.025471986403205967 0.02262007849777651  
    0.02013249736172739 0.018470439224262836 
  PNBE = 0.0 
  PNBI = 0.0 
  PRFE = 6.381823155309694 
  PRFI = 13.631631039129052 
  PFUSE = 43.570488540964796 
  PFUSI = 13.070300277106222 
  PEI = -3.547127158943397 
  PRAD = -30.98406373452433 
  AREA = 242.5405548 
/









