@R IP 1 []
  9.999999995e+06
@R BCENTR 1 []
  1.100000000e+01
@R RMAJOR 1 []
  4.550000000e+00
@R AMINOR 1 []
  1.107051815e+00
@R KAPPA 1 []
  1.338539807e+00
@R DELTA 1 []
 -3.055478539e-01
@I NRHO 1 []
              101
@R RHOB 1 []
  1.260630535e+00
@R RHO 101 []
  0.000000000e+00  1.000000000e-02  2.000000000e-02  3.000000000e-02
  4.000000000e-02  5.000000000e-02  6.000000000e-02  7.000000000e-02
  8.000000000e-02  9.000000000e-02  1.000000000e-01  1.100000000e-01
  1.200000000e-01  1.300000000e-01  1.400000000e-01  1.500000000e-01
  1.600000000e-01  1.700000000e-01  1.800000000e-01  1.900000000e-01
  2.000000000e-01  2.100000000e-01  2.200000000e-01  2.300000000e-01
  2.400000000e-01  2.500000000e-01  2.600000000e-01  2.700000000e-01
  2.800000000e-01  2.900000000e-01  3.000000000e-01  3.100000000e-01
  3.200000000e-01  3.300000000e-01  3.400000000e-01  3.500000000e-01
  3.600000000e-01  3.700000000e-01  3.800000000e-01  3.900000000e-01
  4.000000000e-01  4.100000000e-01  4.200000000e-01  4.300000000e-01
  4.400000000e-01  4.500000000e-01  4.600000000e-01  4.700000000e-01
  4.800000000e-01  4.900000000e-01  5.000000000e-01  5.100000000e-01
  5.200000000e-01  5.300000000e-01  5.400000000e-01  5.500000000e-01
  5.600000000e-01  5.700000000e-01  5.800000000e-01  5.900000000e-01
  6.000000000e-01  6.100000000e-01  6.200000000e-01  6.300000000e-01
  6.400000000e-01  6.500000000e-01  6.600000000e-01  6.700000000e-01
  6.800000000e-01  6.900000000e-01  7.000000000e-01  7.100000000e-01
  7.200000000e-01  7.300000000e-01  7.400000000e-01  7.500000000e-01
  7.600000000e-01  7.700000000e-01  7.800000000e-01  7.900000000e-01
  8.000000000e-01  8.100000000e-01  8.200000000e-01  8.300000000e-01
  8.400000000e-01  8.500000000e-01  8.600000000e-01  8.700000000e-01
  8.800000000e-01  8.900000000e-01  9.000000000e-01  9.100000000e-01
  9.200000000e-01  9.300000000e-01  9.400000000e-01  9.500000000e-01
  9.600000000e-01  9.700000000e-01  9.800000000e-01  9.900000000e-01
  1.000000000e+00
@R VOLP 101 []
  0.000000000e+00  2.430924913e+00  4.861667164e+00  7.292043837e+00
  9.721876171e+00  1.215098575e+01  1.457919628e+01  1.700633994e+01
  1.943225157e+01  2.185676848e+01  2.427973925e+01  2.670101792e+01
  2.912046109e+01  3.153793953e+01  3.395333265e+01  3.636651834e+01
  3.877738983e+01  4.118585658e+01  4.359182323e+01  4.599520706e+01
  4.839594118e+01  5.079396055e+01  5.318920471e+01  5.558162598e+01
  5.797118058e+01  6.035782047e+01  6.274151889e+01  6.512226719e+01
  6.750005248e+01  6.987485549e+01  7.224664279e+01  7.461536226e+01
  7.698095226e+01  7.934335509e+01  8.170251940e+01  8.405838606e+01
  8.641088989e+01  8.875997721e+01  9.110558811e+01  9.344765094e+01
  9.578610691e+01  9.812089320e+01  1.004519336e+02  1.027791580e+02
  1.051024993e+02  1.074218859e+02  1.097372332e+02  1.120484665e+02
  1.143555180e+02  1.166582997e+02  1.189567260e+02  1.212507193e+02
  1.235402038e+02  1.258250807e+02  1.281052639e+02  1.303806834e+02
  1.326512500e+02  1.349168666e+02  1.371774510e+02  1.394329290e+02
  1.416832155e+02  1.439282238e+02  1.461678791e+02  1.484021173e+02
  1.506308624e+02  1.528540393e+02  1.550715999e+02  1.572835047e+02
  1.594896955e+02  1.616901394e+02  1.638848221e+02  1.660737367e+02
  1.682568800e+02  1.704342747e+02  1.726059872e+02  1.747720796e+02
  1.769326285e+02  1.790877562e+02  1.812376199e+02  1.833823975e+02
  1.855222899e+02  1.876575736e+02  1.897886410e+02  1.919159372e+02
  1.940399271e+02  1.961611112e+02  1.982800235e+02  2.003972593e+02
  2.025134360e+02  2.046293423e+02  2.067463166e+02  2.088670906e+02
  2.109965280e+02  2.131389655e+02  2.152939468e+02  2.174524457e+02
  2.196067133e+02  2.217725871e+02  2.240028620e+02  2.263532183e+02
  2.288482824e+02
@R IPOL 101 []
  1.015582585e+00  1.015581615e+00  1.015578689e+00  1.015573764e+00
  1.015566764e+00  1.015557589e+00  1.015546106e+00  1.015532160e+00
  1.015515569e+00  1.015496126e+00  1.015473605e+00  1.015447758e+00
  1.015418322e+00  1.015385015e+00  1.015347545e+00  1.015305609e+00
  1.015258893e+00  1.015207091e+00  1.015149881e+00  1.015086965e+00
  1.015018029e+00  1.014942778e+00  1.014860932e+00  1.014772224e+00
  1.014676406e+00  1.014573251e+00  1.014462570e+00  1.014344172e+00
  1.014217782e+00  1.014083217e+00  1.013940541e+00  1.013789912e+00
  1.013631481e+00  1.013465411e+00  1.013291880e+00  1.013111074e+00
  1.012923190e+00  1.012728434e+00  1.012527030e+00  1.012319214e+00
  1.012105227e+00  1.011885308e+00  1.011659723e+00  1.011428757e+00
  1.011192663e+00  1.010951736e+00  1.010706277e+00  1.010456581e+00
  1.010202972e+00  1.009945741e+00  1.009685246e+00  1.009421776e+00
  1.009155706e+00  1.008887344e+00  1.008617054e+00  1.008345184e+00
  1.008072072e+00  1.007798093e+00  1.007523597e+00  1.007248940e+00
  1.006974497e+00  1.006700629e+00  1.006427688e+00  1.006156055e+00
  1.005886094e+00  1.005618159e+00  1.005352613e+00  1.005089823e+00
  1.004830147e+00  1.004573933e+00  1.004321531e+00  1.004073291e+00
  1.003829555e+00  1.003590662e+00  1.003356937e+00  1.003128708e+00
  1.002906295e+00  1.002690016e+00  1.002480177e+00  1.002277087e+00
  1.002081039e+00  1.001892329e+00  1.001711255e+00  1.001538110e+00
  1.001373184e+00  1.001216766e+00  1.001069146e+00  1.000930600e+00
  1.000801396e+00  1.000681756e+00  1.000571823e+00  1.000471640e+00
  1.000381131e+00  1.000300163e+00  1.000228843e+00  1.000168198e+00
  1.000120611e+00  1.000087048e+00  1.000061944e+00  1.000035985e+00
  1.000000000e+00
@R G11 101 []
  0.000000000e+00  2.440125257e+00  4.880337528e+00  7.320516419e+00
  9.761156970e+00  1.220271155e+01  1.464486588e+01  1.708719596e+01
  1.953020156e+01  2.197451722e+01  2.441998243e+01  2.686594725e+01
  2.931395629e+01  3.176141896e+01  3.421251156e+01  3.665689336e+01
  3.910591007e+01  4.155862761e+01  4.401521775e+01  4.647937816e+01
  4.893061491e+01  5.139555411e+01  5.386429497e+01  5.632715182e+01
  5.879064907e+01  6.125956654e+01  6.373374013e+01  6.620792909e+01
  6.868342668e+01  7.116071249e+01  7.364007725e+01  7.612176195e+01
  7.860618811e+01  8.109361851e+01  8.358564038e+01  8.607833682e+01
  8.856987224e+01  9.106528046e+01  9.356725710e+01  9.607840597e+01
  9.858426293e+01  1.010879353e+02  1.036123327e+02  1.061302168e+02
  1.086470810e+02  1.111831408e+02  1.137086424e+02  1.162496934e+02
  1.187896243e+02  1.213367693e+02  1.238900331e+02  1.264456020e+02
  1.290144963e+02  1.315776701e+02  1.341631818e+02  1.367399522e+02
  1.393304722e+02  1.419378889e+02  1.445336396e+02  1.471512470e+02
  1.497831157e+02  1.524062537e+02  1.550481930e+02  1.577098351e+02
  1.603724460e+02  1.630397929e+02  1.657278960e+02  1.684350344e+02
  1.711484047e+02  1.738706339e+02  1.766088788e+02  1.793713552e+02
  1.821505970e+02  1.849431379e+02  1.877515831e+02  1.905776127e+02
  1.934316064e+02  1.963126066e+02  1.992137069e+02  2.021386060e+02
  2.050873218e+02  2.080663630e+02  2.110849923e+02  2.141389909e+02
  2.172252744e+02  2.203475600e+02  2.235097248e+02  2.267301044e+02
  2.300100873e+02  2.333420399e+02  2.367261559e+02  2.401813626e+02
  2.437178153e+02  2.473191655e+02  2.509966345e+02  2.548122925e+02
  2.587907328e+02  2.629073424e+02  2.672100497e+02  2.717221658e+02
  2.764562437e+02
@R G22 101 []
  0.000000000e+00  1.245972646e-02  2.492002881e-02  3.738042613e-02
  4.984359008e-02  6.231196112e-02  7.478407190e-02  8.725792113e-02
  9.973620861e-02  1.122223192e-01  1.247156179e-01  1.372129604e-01
  1.497223919e-01  1.622308920e-01  1.747600110e-01  1.872570882e-01
  1.997803152e-01  2.123251762e-01  2.248927589e-01  2.375021751e-01
  2.500490132e-01  2.626695782e-01  2.753135024e-01  2.879315830e-01
  3.005574425e-01  3.132157233e-01  3.259059034e-01  3.386015792e-01
  3.513096404e-01  3.640327784e-01  3.767727226e-01  3.895308671e-01
  4.023094710e-01  4.151100278e-01  4.279408558e-01  4.407820297e-01
  4.536242715e-01  4.664935651e-01  4.794038801e-01  4.923686459e-01
  5.053139240e-01  5.182558260e-01  5.313118757e-01  5.443425345e-01
  5.573761618e-01  5.705165724e-01  5.836111702e-01  5.967940938e-01
  6.099799158e-01  6.232115194e-01  6.364832847e-01  6.497758086e-01
  6.631458087e-01  6.764953948e-01  6.899688425e-01  7.034064989e-01
  7.169240795e-01  7.305376816e-01  7.441003832e-01  7.577848154e-01
  7.715518094e-01  7.852828646e-01  7.991198177e-01  8.130673111e-01
  8.270286394e-01  8.410230337e-01  8.551330945e-01  8.693498663e-01
  8.836069900e-01  8.979177885e-01  9.123190722e-01  9.268530334e-01
  9.414806999e-01  9.561838221e-01  9.709756601e-01  9.858644793e-01
  1.000903389e+00  1.016086887e+00  1.031378679e+00  1.046797161e+00
  1.062341464e+00  1.078044557e+00  1.093954131e+00  1.110047787e+00
  1.126308480e+00  1.142753719e+00  1.159400803e+00  1.176341490e+00
  1.193579149e+00  1.211071094e+00  1.228819243e+00  1.246930220e+00
  1.265472585e+00  1.284369351e+00  1.303651425e+00  1.323563330e+00
  1.344166129e+00  1.365380023e+00  1.387660701e+00  1.411305549e+00
  1.436395406e+00
@R G33 101 []
  9.172056886e-01  9.172180259e-01  9.172551297e-01  9.173170526e-01
  9.174034784e-01  9.175144085e-01  9.176498078e-01  9.178093096e-01
  9.179927112e-01  9.181999029e-01  9.184305013e-01  9.186841798e-01
  9.189607434e-01  9.192597443e-01  9.195807264e-01  9.199234822e-01
  9.202875858e-01  9.206724169e-01  9.210776815e-01  9.215029449e-01
  9.219476354e-01  9.224113025e-01  9.228935395e-01  9.233938404e-01
  9.239117512e-01  9.244469795e-01  9.249989671e-01  9.255670168e-01
  9.261506929e-01  9.267496613e-01  9.273636140e-01  9.279924274e-01
  9.286361048e-01  9.292945792e-01  9.299676933e-01  9.306553759e-01
  9.313576043e-01  9.320742158e-01  9.328050979e-01  9.335502391e-01
  9.343094837e-01  9.350827160e-01  9.358699134e-01  9.366709663e-01
  9.374857592e-01  9.383141694e-01  9.391561756e-01  9.400116587e-01
  9.408804093e-01  9.417624099e-01  9.426575431e-01  9.435656857e-01
  9.444866116e-01  9.454203229e-01  9.463666624e-01  9.473253606e-01
  9.482962932e-01  9.492793492e-01  9.502743229e-01  9.512809465e-01
  9.522990038e-01  9.533282997e-01  9.543685596e-01  9.554194166e-01
  9.564805947e-01  9.575518184e-01  9.586326419e-01  9.597225632e-01
  9.608212140e-01  9.619280887e-01  9.630425784e-01  9.641640459e-01
  9.652918570e-01  9.664252483e-01  9.675632436e-01  9.687049210e-01
  9.698493112e-01  9.709952277e-01  9.721413465e-01  9.732862746e-01
  9.744285542e-01  9.755663833e-01  9.766974158e-01  9.778191257e-01
  9.789289727e-01  9.800243243e-01  9.811024710e-01  9.821605010e-01
  9.831955024e-01  9.842038783e-01  9.851796123e-01  9.861104216e-01
  9.869746152e-01  9.877538054e-01  9.884520728e-01  9.891114362e-01
  9.897652440e-01  9.903416047e-01  9.906142323e-01  9.903571671e-01
  9.894897474e-01
@R GRADRHO 101 []
  1.005742849e+00  9.980110807e-01  9.980293812e-01  9.980499232e-01
  9.981050671e-01  9.981954582e-01  9.982961885e-01  9.983939643e-01
  9.985054178e-01  9.986436339e-01  9.987997098e-01  9.989577715e-01
  9.991447070e-01  9.993153507e-01  9.995358339e-01  9.996556464e-01
  9.998394246e-01  1.000065628e+00  1.000329964e+00  1.000666751e+00
  1.000856069e+00  1.001178442e+00  1.001523908e+00  1.001803954e+00
  1.002082582e+00  1.002398823e+00  1.002747098e+00  1.003084540e+00
  1.003421625e+00  1.003761521e+00  1.004105994e+00  1.004456287e+00
  1.004814629e+00  1.005182042e+00  1.005567333e+00  1.005945958e+00
  1.006308156e+00  1.006683279e+00  1.007084795e+00  1.007524206e+00
  1.007924745e+00  1.008304933e+00  1.008777698e+00  1.009206964e+00
  1.009621265e+00  1.010113427e+00  1.010546072e+00  1.011036500e+00
  1.011510040e+00  1.012002362e+00  1.012507703e+00  1.013009988e+00
  1.013552523e+00  1.014059374e+00  1.014638396e+00  1.015170088e+00
  1.015738690e+00  1.016353118e+00  1.016910165e+00  1.017528331e+00
  1.018178184e+00  1.018780695e+00  1.019428198e+00  1.020120795e+00
  1.020795900e+00  1.021465269e+00  1.022177722e+00  1.022925056e+00
  1.023666185e+00  1.024407788e+00  1.025169263e+00  1.025971695e+00
  1.026790439e+00  1.027613189e+00  1.028444773e+00  1.029286985e+00
  1.030164278e+00  1.031069591e+00  1.031980488e+00  1.032902374e+00
  1.033830613e+00  1.034776573e+00  1.035757346e+00  1.036755654e+00
  1.037756887e+00  1.038761861e+00  1.039769842e+00  1.040812127e+00
  1.041879419e+00  1.042942165e+00  1.043989726e+00  1.045049425e+00
  1.046118468e+00  1.047133852e+00  1.048093093e+00  1.049111429e+00
  1.050218728e+00  1.051272371e+00  1.052146790e+00  1.052600039e+00
  1.052476842e+00
@R AREA 101 []
  0.000000000e+00  2.426039316e+00  4.852023306e+00  7.277962061e+00
  9.703760765e+00  1.212928918e+01  1.455448389e+01  1.697932612e+01
  1.940380116e+01  2.182783135e+01  2.425134378e+01  2.667429367e+01
  2.909665760e+01  3.151835959e+01  3.393943933e+01  3.635976269e+01
  3.877967766e+01  4.119866387e+01  4.361701002e+01  4.603419906e+01
  4.845059220e+01  5.086613177e+01  5.328054691e+01  5.569398171e+01
  5.810648603e+01  6.051804095e+01  6.292853074e+01  6.533796125e+01
  6.774635051e+01  7.015370574e+01  7.256002974e+01  7.496532329e+01
  7.736958326e+01  7.977280217e+01  8.217496621e+01  8.457606119e+01
  8.697615545e+01  8.937526325e+01  9.177335765e+01  9.417038085e+01
  9.656632353e+01  9.896135026e+01  1.013553659e+02  1.037482736e+02
  1.061403010e+02  1.085312986e+02  1.109212897e+02  1.133103963e+02
  1.156984434e+02  1.180856720e+02  1.204718631e+02  1.228572650e+02
  1.252416842e+02  1.276253108e+02  1.300080774e+02  1.323899951e+02
  1.347712266e+02  1.371516133e+02  1.395313125e+02  1.419103965e+02
  1.442887646e+02  1.466665595e+02  1.490438883e+02  1.514206782e+02
  1.537970241e+02  1.561730514e+02  1.585488430e+02  1.609243846e+02
  1.632997944e+02  1.656752040e+02  1.680507471e+02  1.704264943e+02
  1.728025404e+02  1.751790504e+02  1.775561994e+02  1.799341755e+02
  1.823131587e+02  1.846933021e+02  1.870748461e+02  1.894580592e+02
  1.918432358e+02  1.942307008e+02  1.966207657e+02  1.990137765e+02
  2.014101751e+02  2.038104551e+02  2.062151706e+02  2.086249104e+02
  2.110402679e+02  2.134620005e+02  2.158909742e+02  2.183281868e+02
  2.207747129e+02  2.232319662e+02  2.257016250e+02  2.281854125e+02
  2.306848312e+02  2.332018706e+02  2.357398103e+02  2.383041192e+02
  2.409029516e+02
@R A 101 []
  0.000000000e+00  1.128417554e-02  2.256782375e-02  3.385126822e-02
  4.513486996e-02  5.641828182e-02  6.770131734e-02  7.898420004e-02
  9.026687934e-02  1.015491092e-01  1.128309471e-01  1.241123978e-01
  1.353933378e-01  1.466735626e-01  1.579535288e-01  1.692327013e-01
  1.805127661e-01  1.917914492e-01  2.030701525e-01  2.143464835e-01
  2.256222653e-01  2.368972740e-01  2.481701630e-01  2.594416292e-01
  2.707119675e-01  2.819810266e-01  2.932481669e-01  3.045134120e-01
  3.157767707e-01  3.270381184e-01  3.382973903e-01  3.495545004e-01
  3.608092762e-01  3.720615688e-01  3.833112406e-01  3.945580733e-01
  4.058022164e-01  4.170436353e-01  4.282820686e-01  4.395170746e-01
  4.507484319e-01  4.619767615e-01  4.732014459e-01  4.844218084e-01
  4.956387262e-01  5.068513080e-01  5.180594183e-01  5.292633746e-01
  5.404621414e-01  5.516565795e-01  5.628453481e-01  5.740293294e-01
  5.852073208e-01  5.963798772e-01  6.075463065e-01  6.187063074e-01
  6.298602653e-01  6.410070021e-01  6.521467973e-01  6.632795518e-01
  6.744042992e-01  6.855211511e-01  6.966300543e-01  7.077300934e-01
  7.188210733e-01  7.299028856e-01  7.409752034e-01  7.520372142e-01
  7.630886446e-01  7.741292038e-01  7.851585917e-01  7.961761441e-01
  8.071812086e-01  8.181733778e-01  8.291522373e-01  8.401173288e-01
  8.510680330e-01  8.620034699e-01  8.729230593e-01  8.838261871e-01
  8.947121750e-01  9.055803186e-01  9.164297361e-01  9.272594938e-01
  9.380688292e-01  9.488568884e-01  9.596226376e-01  9.703647478e-01
  9.810815120e-01  9.917715861e-01  1.002433934e+00  1.013067701e+00
  1.023671191e+00  1.034243011e+00  1.044782034e+00  1.055285445e+00
  1.065748849e+00  1.076166092e+00  1.086529677e+00  1.096829467e+00
  1.107051815e+00
@R RTOR 101 []
  4.750923385e+00  4.750906187e+00  4.750854485e+00  4.750767960e+00
  4.750647011e+00  4.750491764e+00  4.750302121e+00  4.750078379e+00
  4.749820778e+00  4.749529368e+00  4.749204437e+00  4.748846317e+00
  4.748455163e+00  4.748031271e+00  4.747575046e+00  4.747086772e+00
  4.746566648e+00  4.746015244e+00  4.745432847e+00  4.744819868e+00
  4.744176686e+00  4.743503748e+00  4.742801464e+00  4.742070213e+00
  4.741310444e+00  4.740522517e+00  4.739706825e+00  4.738863868e+00
  4.737994078e+00  4.737097814e+00  4.736175476e+00  4.735227433e+00
  4.734253971e+00  4.733255332e+00  4.732231767e+00  4.731183478e+00
  4.730110554e+00  4.729013150e+00  4.727891431e+00  4.726745493e+00
  4.725575415e+00  4.724381233e+00  4.723163039e+00  4.721920895e+00
  4.720654744e+00  4.719364698e+00  4.718050740e+00  4.716712786e+00
  4.715350951e+00  4.713965085e+00  4.712555260e+00  4.711121291e+00
  4.709663278e+00  4.708181036e+00  4.706674513e+00  4.705143659e+00
  4.703588296e+00  4.702008418e+00  4.700403815e+00  4.698774351e+00
  4.697119986e+00  4.695440477e+00  4.693735611e+00  4.692005330e+00
  4.690249415e+00  4.688467589e+00  4.686659643e+00  4.684825434e+00
  4.682964687e+00  4.681077096e+00  4.679162376e+00  4.677220289e+00
  4.675250550e+00  4.673252789e+00  4.671226676e+00  4.669171858e+00
  4.667087951e+00  4.664974592e+00  4.662831361e+00  4.660657803e+00
  4.658453425e+00  4.656217696e+00  4.653950196e+00  4.651650491e+00
  4.649318034e+00  4.646952223e+00  4.644552304e+00  4.642117468e+00
  4.639646933e+00  4.637139734e+00  4.634595245e+00  4.632013321e+00
  4.629394100e+00  4.626737569e+00  4.624042609e+00  4.621306106e+00
  4.618524958e+00  4.615698050e+00  4.612825073e+00  4.609909857e+00
  4.606961427e+00
@R SHIFT 101 []
  2.009233846e-01  2.009061866e-01  2.008544849e-01  2.007679598e-01
  2.006470112e-01  2.004917644e-01  2.003021213e-01  2.000783792e-01
  1.998207784e-01  1.995293680e-01  1.992044375e-01  1.988463173e-01
  1.984551628e-01  1.980312706e-01  1.975750457e-01  1.970867718e-01
  1.965666475e-01  1.960152437e-01  1.954328469e-01  1.948198683e-01
  1.941766861e-01  1.935037480e-01  1.928014639e-01  1.920702133e-01
  1.913104445e-01  1.905225166e-01  1.897068253e-01  1.888638685e-01
  1.879940777e-01  1.870978135e-01  1.861754763e-01  1.852274327e-01
  1.842539714e-01  1.832553315e-01  1.822317665e-01  1.811834780e-01
  1.801105545e-01  1.790131504e-01  1.778914314e-01  1.767454934e-01
  1.755754153e-01  1.743812333e-01  1.731630387e-01  1.719208948e-01
  1.706547442e-01  1.693646984e-01  1.680507395e-01  1.667127862e-01
  1.653509506e-01  1.639650848e-01  1.625552603e-01  1.611212914e-01
  1.596632780e-01  1.581810362e-01  1.566745129e-01  1.551436588e-01
  1.535882960e-01  1.520084180e-01  1.504038149e-01  1.487743510e-01
  1.471199856e-01  1.454404770e-01  1.437356115e-01  1.420053298e-01
  1.402494148e-01  1.384675890e-01  1.366596426e-01  1.348254344e-01
  1.329646873e-01  1.310770957e-01  1.291623756e-01  1.272202892e-01
  1.252505500e-01  1.232527892e-01  1.212266765e-01  1.191718578e-01
  1.170879514e-01  1.149745925e-01  1.128313608e-01  1.106578030e-01
  1.084534251e-01  1.062176962e-01  1.039501957e-01  1.016504909e-01
  9.931803444e-02  9.695222262e-02  9.455230363e-02  9.211746754e-02
  8.964693272e-02  8.713973383e-02  8.459524496e-02  8.201332123e-02
  7.939409985e-02  7.673756905e-02  7.404260905e-02  7.130610585e-02
  6.852495799e-02  6.569804950e-02  6.282507350e-02  5.990985744e-02
  5.696142703e-02
@R ELONG 101 []
  1.283870766e+00  1.283887723e+00  1.283938592e+00  1.283985751e+00
  1.283996137e+00  1.283985901e+00  1.283971858e+00  1.283957586e+00
  1.283945623e+00  1.283932902e+00  1.283916525e+00  1.283897927e+00
  1.283881376e+00  1.283866231e+00  1.283849884e+00  1.283833406e+00
  1.283818423e+00  1.283805517e+00  1.283794471e+00  1.283785509e+00
  1.283778735e+00  1.283775124e+00  1.283775762e+00  1.283780366e+00
  1.283788926e+00  1.283802242e+00  1.283821450e+00  1.283846542e+00
  1.283877609e+00  1.283915458e+00  1.283960580e+00  1.284013431e+00
  1.284074294e+00  1.284143389e+00  1.284220862e+00  1.284307236e+00
  1.284402907e+00  1.284507811e+00  1.284622182e+00  1.284746341e+00
  1.284880704e+00  1.285025389e+00  1.285180542e+00  1.285346532e+00
  1.285523658e+00  1.285712177e+00  1.285912340e+00  1.286124521e+00
  1.286348906e+00  1.286585918e+00  1.286835941e+00  1.287099276e+00
  1.287376261e+00  1.287667311e+00  1.287972931e+00  1.288293482e+00
  1.288629415e+00  1.288981220e+00  1.289349469e+00  1.289734666e+00
  1.290137338e+00  1.290558195e+00  1.290997848e+00  1.291456940e+00
  1.291936206e+00  1.292436492e+00  1.292958617e+00  1.293503373e+00
  1.294071743e+00  1.294664800e+00  1.295283631e+00  1.295929335e+00
  1.296603159e+00  1.297306488e+00  1.298040760e+00  1.298807506e+00
  1.299608375e+00  1.300445238e+00  1.301320113e+00  1.302235199e+00
  1.303192872e+00  1.304195686e+00  1.305246302e+00  1.306347643e+00
  1.307502977e+00  1.308715994e+00  1.309991132e+00  1.311333320e+00
  1.312747789e+00  1.314240178e+00  1.315816102e+00  1.317481644e+00
  1.319244825e+00  1.321115520e+00  1.323105390e+00  1.325227644e+00
  1.327495336e+00  1.329924636e+00  1.332538386e+00  1.335386581e+00
  1.338539807e+00
@R TRIAG 101 []
  0.000000000e+00  3.211795527e-02  3.046042928e-02  2.878571722e-02
  2.710982857e-02  2.543081961e-02  2.374273037e-02  2.204700935e-02
  2.034360473e-02  1.863044978e-02  1.690761748e-02  1.517476649e-02
  1.343022363e-02  1.167366084e-02  9.905416494e-03  8.124284223e-03
  6.328680327e-03  4.518783304e-03  2.693742711e-03  8.529528975e-04
 -1.004100877e-03 -2.877827401e-03 -4.768910933e-03 -6.677967300e-03
 -8.605465043e-03 -1.055227578e-02 -1.251913046e-02 -1.450637418e-02
 -1.651449055e-02 -1.854403445e-02 -2.059544805e-02 -2.266929281e-02
 -2.476638175e-02 -2.688728449e-02 -2.903214400e-02 -3.120136275e-02
 -3.339562129e-02 -3.561544489e-02 -3.786127870e-02 -4.013364428e-02
 -4.243323629e-02 -4.476081911e-02 -4.711700339e-02 -4.950246759e-02
 -5.191805772e-02 -5.436443355e-02 -5.684252074e-02 -5.935325946e-02
 -6.189728061e-02 -6.447571792e-02 -6.708942518e-02 -6.973970577e-02
 -7.242725947e-02 -7.515341989e-02 -7.791932204e-02 -8.072625016e-02
 -8.357556813e-02 -8.646844471e-02 -8.940647896e-02 -9.239124266e-02
 -9.542426052e-02 -9.850721429e-02 -1.016420597e-01 -1.048305148e-01
 -1.080747673e-01 -1.113776409e-01 -1.147419983e-01 -1.181701645e-01
 -1.216648002e-01 -1.252287456e-01 -1.288647625e-01 -1.325757954e-01
 -1.363651183e-01 -1.402363975e-01 -1.441933553e-01 -1.482400586e-01
 -1.523809592e-01 -1.566208825e-01 -1.609647778e-01 -1.654176462e-01
 -1.699853009e-01 -1.746742562e-01 -1.794918694e-01 -1.844469997e-01
 -1.895494001e-01 -1.948098059e-01 -2.002399390e-01 -2.058479176e-01
 -2.116432149e-01 -2.176404731e-01 -2.238574035e-01 -2.303250527e-01
 -2.370799790e-01 -2.441551805e-01 -2.515846860e-01 -2.593721324e-01
 -2.675272567e-01 -2.760967091e-01 -2.851791608e-01 -2.949486971e-01
 -3.055478539e-01
@R PMHD 101 []
  1.601680255e+06  1.601043871e+06  1.599136735e+06  1.595964892e+06
  1.591538373e+06  1.585871150e+06  1.578981050e+06  1.570889661e+06
  1.561622173e+06  1.551207316e+06  1.539677121e+06  1.527066717e+06
  1.513414088e+06  1.498760191e+06  1.483147648e+06  1.466622371e+06
  1.449228828e+06  1.431019391e+06  1.412041888e+06  1.392351385e+06
  1.371996742e+06  1.351030535e+06  1.329507344e+06  1.307477753e+06
  1.284992468e+06  1.262101798e+06  1.238855643e+06  1.215303376e+06
  1.191502916e+06  1.167505083e+06  1.143338715e+06  1.119025545e+06
  1.094589025e+06  1.070051922e+06  1.045436571e+06  1.020765450e+06
  9.960599460e+05  9.713411523e+05  9.466303651e+05  9.219490795e+05
  8.973179404e+05  8.727553579e+05  8.482819212e+05  8.239177790e+05
  7.996796778e+05  7.755881636e+05  7.516609914e+05  7.279136977e+05
  7.043661321e+05  6.810328294e+05  6.579315449e+05  6.350767873e+05
  6.124850307e+05  5.901701624e+05  5.681470101e+05  5.464296545e+05
  5.250304211e+05  5.039637236e+05  4.832409151e+05  4.628736490e+05
  4.428745051e+05  4.232535255e+05  4.040206527e+05  3.851868002e+05
  3.667610243e+05  3.487516954e+05  3.311670641e+05  3.140156291e+05
  2.973044358e+05  2.810399316e+05  2.652280921e+05  2.498748656e+05
  2.349855500e+05  2.205643970e+05  2.066150582e+05  1.931406249e+05
  1.801436672e+05  1.676261147e+05  1.555886444e+05  1.440310911e+05
  1.329522075e+05  1.223494291e+05  1.122190617e+05  1.025559020e+05
  9.335281744e+04  8.460087402e+04  7.628954867e+04  6.840731180e+04
  6.094273269e+04  5.388590653e+04  4.723167692e+04  4.098301410e+04
  3.515252413e+04  2.975469107e+04  2.477793544e+04  2.011924482e+04
  1.554426656e+04  1.095310132e+04  6.878117037e+03  4.141773121e+03
  3.218621598e+03
@R QMHD 101 []
  9.696344841e-01  9.696947639e-01  9.698757172e-01  9.701776776e-01
  9.706011772e-01  9.711469098e-01  9.718156810e-01  9.726083429e-01
  9.735257198e-01  9.745685092e-01  9.757371851e-01  9.770318813e-01
  9.784521821e-01  9.799968581e-01  9.816647681e-01  9.834579019e-01
  9.853796593e-01  9.874296092e-01  9.896069575e-01  9.919109982e-01
  9.943445622e-01  9.969111677e-01  9.996085650e-01  1.002437434e+00
  1.005400058e+00  1.008497892e+00  1.011733954e+00  1.015108998e+00
  1.018623262e+00  1.022278193e+00  1.026078113e+00  1.030025783e+00
  1.034121537e+00  1.038368921e+00  1.042771505e+00  1.047332446e+00
  1.052054473e+00  1.056940965e+00  1.061995675e+00  1.067222312e+00
  1.072625290e+00  1.078208804e+00  1.083976760e+00  1.089933399e+00
  1.096084847e+00  1.102435941e+00  1.108990879e+00  1.115756277e+00
  1.122737815e+00  1.129942399e+00  1.137375627e+00  1.145045081e+00
  1.152957089e+00  1.161119837e+00  1.169541383e+00  1.178229614e+00
  1.187194425e+00  1.196443739e+00  1.205987827e+00  1.215837575e+00
  1.226003096e+00  1.236496006e+00  1.247328750e+00  1.258513713e+00
  1.270064352e+00  1.281995042e+00  1.294321217e+00  1.307058337e+00
  1.320223356e+00  1.333834631e+00  1.347911611e+00  1.362474156e+00
  1.377543473e+00  1.393142746e+00  1.409297372e+00  1.426033561e+00
  1.443379036e+00  1.461364145e+00  1.480022415e+00  1.499389174e+00
  1.519501624e+00  1.540399737e+00  1.562127360e+00  1.584731599e+00
  1.608264469e+00  1.632783200e+00  1.658353768e+00  1.685046400e+00
  1.712937566e+00  1.742115627e+00  1.772683970e+00  1.804740128e+00
  1.838373954e+00  1.873666668e+00  1.910744907e+00  1.949815079e+00
  1.991153512e+00  2.035081963e+00  2.082019407e+00  2.132935284e+00
  2.189082172e+00
@R ER 101 []
  0.000000000e+00  0.000000000e+00  0.000000000e+00  0.000000000e+00
  0.000000000e+00  0.000000000e+00  0.000000000e+00  0.000000000e+00
  0.000000000e+00  0.000000000e+00  0.000000000e+00  0.000000000e+00
  0.000000000e+00  0.000000000e+00  0.000000000e+00  0.000000000e+00
  0.000000000e+00  0.000000000e+00  0.000000000e+00  0.000000000e+00
  0.000000000e+00  0.000000000e+00  0.000000000e+00  0.000000000e+00
  0.000000000e+00  0.000000000e+00  0.000000000e+00  0.000000000e+00
  0.000000000e+00  0.000000000e+00  0.000000000e+00  0.000000000e+00
  0.000000000e+00  0.000000000e+00  0.000000000e+00  0.000000000e+00
  0.000000000e+00  0.000000000e+00  0.000000000e+00  0.000000000e+00
  0.000000000e+00  0.000000000e+00  0.000000000e+00  0.000000000e+00
  0.000000000e+00  0.000000000e+00  0.000000000e+00  0.000000000e+00
  0.000000000e+00  0.000000000e+00  0.000000000e+00  0.000000000e+00
  0.000000000e+00  0.000000000e+00  0.000000000e+00  0.000000000e+00
  0.000000000e+00  0.000000000e+00  0.000000000e+00  0.000000000e+00
  0.000000000e+00  0.000000000e+00  0.000000000e+00  0.000000000e+00
  0.000000000e+00  0.000000000e+00  0.000000000e+00  0.000000000e+00
  0.000000000e+00  0.000000000e+00  0.000000000e+00  0.000000000e+00
  0.000000000e+00  0.000000000e+00  0.000000000e+00  0.000000000e+00
  0.000000000e+00  0.000000000e+00  0.000000000e+00  0.000000000e+00
  0.000000000e+00  0.000000000e+00  0.000000000e+00  0.000000000e+00
  0.000000000e+00  0.000000000e+00  0.000000000e+00  0.000000000e+00
  0.000000000e+00  0.000000000e+00  0.000000000e+00  0.000000000e+00
  0.000000000e+00  0.000000000e+00  0.000000000e+00  0.000000000e+00
  0.000000000e+00  0.000000000e+00  0.000000000e+00  0.000000000e+00
  0.000000000e+00
@R NC1 101 []
  9.985000474e-01  9.385901600e-01  9.154901850e-01  8.985802894e-01
  8.848368566e-01  8.730963269e-01  8.627645768e-01  8.534894875e-01
  8.450434317e-01  8.372693602e-01  8.300526633e-01  8.233073313e-01
  8.169670609e-01  8.109791607e-01  8.053007516e-01  7.998973274e-01
  7.947387163e-01  7.898003231e-01  7.850616525e-01  7.805057282e-01
  7.761158569e-01  7.718784318e-01  7.677820211e-01  7.638156734e-01
  7.599696716e-01  7.562358139e-01  7.526065546e-01  7.490747998e-01
  7.456343410e-01  7.422796819e-01  7.390058703e-01  7.358084433e-01
  7.326835436e-01  7.296275879e-01  7.266369981e-01  7.237086179e-01
  7.208395140e-01  7.180267710e-01  7.152678609e-01  7.125605382e-01
  7.099024054e-01  7.072911819e-01  7.047250762e-01  7.022022363e-01
  6.997206424e-01  6.972788126e-01  6.948751417e-01  6.925080332e-01
  6.901762051e-01  6.878780304e-01  6.856125830e-01  6.833783081e-01
  6.811742353e-01  6.789991595e-01  6.768520398e-01  6.747318387e-01
  6.726374691e-01  6.705681682e-01  6.685229188e-01  6.665007851e-01
  6.645010169e-01  6.625227664e-01  6.605651622e-01  6.586274882e-01
  6.567090264e-01  6.548089757e-01  6.529265704e-01  6.510612053e-01
  6.492121395e-01  6.473786659e-01  6.455600696e-01  6.437556750e-01
  6.419649007e-01  6.401870355e-01  6.384213014e-01  6.366670453e-01
  6.349235821e-01  6.331902267e-01  6.314662309e-01  6.297508072e-01
  6.280432603e-01  6.263427928e-01  6.246484785e-01  6.229594584e-01
  6.212747961e-01  6.195935039e-01  6.179145709e-01  6.162368983e-01
  6.145597470e-01  6.128821702e-01  6.112022196e-01  6.095162494e-01
  6.078181020e-01  6.061043960e-01  6.043775964e-01  6.026511081e-01
  6.009293686e-01  5.991877376e-01  5.973571080e-01  5.953607542e-01
  5.931725357e-01
@R HFAC1 101 []
  1.000000000e+00  9.976255935e-01  9.952528986e-01  9.928819245e-01
  9.905126167e-01  9.881451826e-01  9.857797278e-01  9.834161578e-01
  9.810545125e-01  9.786948887e-01  9.763372016e-01  9.739814073e-01
  9.716275274e-01  9.692754814e-01  9.669250603e-01  9.645763690e-01
  9.622288907e-01  9.598829182e-01  9.575380853e-01  9.551947731e-01
  9.528523631e-01  9.505107527e-01  9.481701014e-01  9.458300606e-01
  9.434904038e-01  9.411510647e-01  9.388119329e-01  9.364726981e-01
  9.341331823e-01  9.317932872e-01  9.294529312e-01  9.271120969e-01
  9.247708598e-01  9.224292626e-01  9.200872461e-01  9.177448222e-01
  9.154019447e-01  9.130584952e-01  9.107144606e-01  9.083699186e-01
  9.060247657e-01  9.036787614e-01  9.013320016e-01  8.989844996e-01
  8.966359285e-01  8.942863821e-01  8.919357809e-01  8.895839129e-01
  8.872308454e-01  8.848762375e-01  8.825202921e-01  8.801626021e-01
  8.778032562e-01  8.754420167e-01  8.730788370e-01  8.707135507e-01
  8.683458900e-01  8.659759519e-01  8.636034396e-01  8.612281243e-01
  8.588499929e-01  8.564687996e-01  8.540842783e-01  8.516963329e-01
  8.493047600e-01  8.469092919e-01  8.445096436e-01  8.421056640e-01
  8.396970798e-01  8.372835766e-01  8.348648047e-01  8.324404751e-01
  8.300103324e-01  8.275739753e-01  8.251309029e-01  8.226806910e-01
  8.202229128e-01  8.177571187e-01  8.152827406e-01  8.127991712e-01
  8.103058296e-01  8.078019887e-01  8.052867399e-01  8.027591776e-01
  8.002183303e-01  7.976632036e-01  7.950928420e-01  7.925062700e-01
  7.899027625e-01  7.872811576e-01  7.846389647e-01  7.819710288e-01
  7.792689846e-01  7.765272390e-01  7.737492731e-01  7.709525931e-01
  7.681478790e-01  7.653065484e-01  7.623448870e-01  7.591761761e-01
  7.557734596e-01
@R HFAC2 101 []
  1.000000000e+00  9.952596321e-01  9.905395070e-01  9.858395378e-01
  9.811595136e-01  9.764997399e-01  9.718603169e-01  9.672409509e-01
  9.626416137e-01  9.580623887e-01  9.535030038e-01  9.489632657e-01
  9.444431094e-01  9.399422757e-01  9.354602614e-01  9.309971650e-01
  9.265519024e-01  9.221249291e-01  9.177154599e-01  9.133241151e-01
  9.089496363e-01  9.045917404e-01  9.002506349e-01  8.959255864e-01
  8.916160926e-01  8.873219503e-01  8.830428731e-01  8.787782149e-01
  8.745275786e-01  8.702907165e-01  8.660674175e-01  8.618575909e-01
  8.576613182e-01  8.534786212e-01  8.493093324e-01  8.451534124e-01
  8.410107265e-01  8.368810084e-01  8.327641796e-01  8.286603232e-01
  8.245691984e-01  8.204903359e-01  8.164238557e-01  8.123697251e-01
  8.083273294e-01  8.042967852e-01  8.002779082e-01  7.962702910e-01
  7.922740024e-01  7.882884176e-01  7.843138436e-01  7.803495506e-01
  7.763956484e-01  7.724517031e-01  7.685175976e-01  7.645930193e-01
  7.606774914e-01  7.567711423e-01  7.528734502e-01  7.489840104e-01
  7.451027707e-01  7.412293027e-01  7.373631490e-01  7.335041258e-01
  7.296518821e-01  7.258059623e-01  7.219658861e-01  7.181313928e-01
  7.143020231e-01  7.104772554e-01  7.066565181e-01  7.028393358e-01
  6.990252907e-01  6.952137329e-01  6.914038558e-01  6.875949855e-01
  6.837864411e-01  6.799775010e-01  6.761672637e-01  6.723547692e-01
  6.685391091e-01  6.647191531e-01  6.608934899e-01  6.570607241e-01
  6.532193616e-01  6.493678562e-01  6.455046850e-01  6.416282733e-01
  6.377374737e-01  6.338305402e-01  6.299037597e-01  6.259493245e-01
  6.219542836e-01  6.179099765e-01  6.138220317e-01  6.097183238e-01
  6.056149059e-01  6.014647361e-01  5.971329915e-01  5.924832413e-01
  5.874765173e-01
