&INSTATE
  DENSITY_MODEL = 1 
  MODEL_SHAPE = 0 
  NBDRY = 15 
  USE_INPED = 0 
  R0 = 4.55 
  A0 = 1.2 
  KAPPA = 1.4 
  DELTA = -0.5 
  B0 = 11.0 
  IP = 10.0 
  N_ION = 2 
  Z_ION = 1 1 
  A_ION = 2 3 
  F_ION = 0.5 0.5 
  N_IMP = 1 
  Z_IMP = 74 
  A_IMP = 184 
  F_IMP = 1.5e-05 
  N_MIN = 0 
  Z_MIN = 1 
  A_MIN = 1 
  N_BEAM = 1 
  Z_BEAM = 1 
  A_BEAM = 2 
  N_FUSION = 1 
  Z_FUSION = 2 
  A_FUSION = 4 
  NRHO = 101 
  NE_AXIS = 27.6 
  NE_PED = 13.0 
  NE_SEP = 9.0 
  NE_ALPHA = 1.5 
  NE_BETA = 1.1 
  NE_FIT = 1 
  NE_XMID = 0.95 
  NE_XWID = 0.1 
  TE_AXIS = 18.8 
  TE_PED = 1.0 
  TE_SEP = 0.08 
  TE_ALPHA = 1.5 
  TE_BETA = 1.5 
  TE_FIT = 1 
  TE_XMID = 0.95 
  TE_XWID = 0.1 
  TI_AXIS = 19.0 
  TI_PED = 1.0 
  TI_SEP = 0.08 
  TI_ALPHA = 1.5 
  TI_BETA = 1.5 
  TI_FIT = 1 
  TI_XMID = 0.95 
  TI_XWID = 0.1 
  ZEFF_AXIS = 2.0 
  OMEGA_AXIS = 5000.0 
  OMEGA_SEP = 0.0 
  OMEGA_ALPHA = 1.5 
  OMEGA_BETA = 1.5 
  JPAR_AXIS = 1.0 
  JPAR_SEP = 0.05 
  JPAR_ALPHA = 2.0 
  JPAR_BETA = 1.0 
  NBEAM_AXIS = 0.0 
  NBEAM_SEP = 0.0 
  NBEAM_ALPHA = 1.5 
  NBEAM_BETA = 1.5 
  TBEAMI = 20.0 20.0 20.0 20.0 20.0 20.0 20.0 20.0 20.0 20.0 20.0 20.0  
    20.0 20.0 20.0 20.0 20.0 20.0 20.0 20.0 20.0 20.0 20.0 20.0 20.0  
    20.0 20.0 20.0 20.0 20.0 20.0 20.0 20.0 20.0 20.0 20.0 20.0 20.0  
    20.0 20.0 20.0 20.0 20.0 20.0 20.0 20.0 20.0 20.0 20.0 20.0 20.0  
    20.0 20.0 20.0 20.0 20.0 20.0 20.0 20.0 20.0 20.0 20.0 20.0 20.0  
    20.0 20.0 20.0 20.0 20.0 20.0 20.0 20.0 20.0 20.0 20.0 20.0 20.0  
    20.0 20.0 20.0 20.0 20.0 20.0 20.0 20.0 20.0 20.0 20.0 20.0 20.0  
    20.0 20.0 20.0 20.0 20.0 20.0 20.0 20.0 20.0 20.0 20.0 
  BETAN_PED = -1.0 
  XMID = 0.95 
  XWID = 0.1 
  PRESSURE_MODEL = 'full' 
  H98_TARGET = 0.8 
  BETAN_TARGET = 1.25 
  BETAN_BEAM_TARGET = 0.0 
  CURRENT_MODEL = 'broad' 
  RHO_JBDRY = 0.85 
  RHO_JPEAK = 0.65 
  JAXIS = 0.6 
  JAXIS_PRIME = 1.0 
  JBDRY_PRIME = -1.0 
  RBDRY = 5.75 5.717889612279765 5.599231274196216 5.333894952548324  
    4.862048988436734 4.215741544340384 3.606248672667517  
    3.3499999999999996 3.606248672667517 4.215741544340384  
    4.862048988436735 5.333894952548324 5.599231274196216  
    5.717889612279765 5.75 
  ZBDRY = 0.0 0.7289246817174976 1.3134768905462901 1.6378788924654637  
    1.6378788924654637 1.3134768905462901 0.7289246817174978  
    2.0574066225675533e-16 -0.7289246817174975 -1.31347689054629  
    -1.6378788924654637 -1.6378788924654637 -1.3134768905462901  
    -0.728924681717498 0.0 
  NLIM = 5 
  RLIM = 6.0 3.5 3.5 6.0 6.0 
  ZLIM = 1.93 1.93 -1.93 -1.93 1.93 
  NE = 27.62637092 27.62637092 27.57235982 27.51450361 27.45285286  
    27.38745813 27.31836998 27.24563899 27.16931572 27.08945072  
    27.00609457 26.91929784 26.82911107 26.73558485 26.63876973  
    26.53871628 26.43547506 26.32909664 26.21963158 26.10713045  
    25.99164381 25.87322223 25.75191627 25.62777649 25.50085347  
    25.37119775 25.23885992 25.10389053 24.96634015 24.82625935  
    24.68369868 24.53870871 24.39134001 24.24164314 24.08966867  
    23.93546716 23.77908917 23.62058528 23.46000603 23.29740201  
    23.13282377 22.96632187 22.79794689 22.62774938 22.45577991  
    22.28208904 22.10672733 21.92974535 21.75119365 21.57112279  
    21.38958333 21.20662581 21.02230078 20.83665877 20.64975031  
    20.46162589 20.27233599 20.081931059999995 19.89046147 19.69797755  
    19.50452948 19.31016732 19.1149409 18.91889975 18.72209295  
    18.52456898 18.32637542 18.12755861 17.92816316 17.728231149999996  
    17.527801189999998 17.3269069 17.12557492 16.92382203 16.72165114  
    16.51904563 16.31596151 16.11231636 15.90797403 15.70272338  
    15.49624892 15.28809061 15.077589279999998 14.863813629999997  
    14.64546461 14.42075424 14.18726007 13.94176664 13.68012594  
    13.39720656 13.08706069 12.74351126 12.36140712 11.93870464  
    11.479153039999995 10.994628899999995 10.50546087 10.03732921  
    9.615147828 9.256666394 8.96902876 
  TE = 17.730277380448047 17.72263862205057 17.69974208728438  
    17.661646912429106 17.60845137513271 17.54029247197326  
    17.457345330608916 17.359822460046544 17.24797284352109  
    17.122080879405086 16.98246517645306 16.829477210523024  
    16.663499850700056 16.484945763469817 16.29425570424738  
    16.091896706154692 15.878360176454246 15.654159911484072  
    15.419830041297336 15.175922915486886 14.923006941870009  
    14.661664389820908 14.392489170068467 14.116084602725707  
    13.833061185186665 13.544034371318629 13.249622373095702  
    12.950443995467094 12.647116514834462 12.340253611031587  
    12.030463362161752 11.72132424677145 11.416304481032796  
    11.11584138031119 10.820372259972032 10.530334435380722  
    10.246228960932784 9.968441261473956 9.697235208044951  
    9.43287467168648 9.175623523439253 8.925850324905362  
    8.683640553275893 8.448833452975045 8.221268268427025  
    8.000784244056034 7.786937373401576 7.579208169143937  
    7.377322654418485 7.181006852360591 6.989986786105624  
    6.804156082519059 6.623441901218332 6.44762056446676  
    6.276468394527662 6.10976171366435 5.947286176393731  
    5.788810625936006 5.634086167609432 5.4828639067322715  
    5.334894948622782 5.1898885009570614 5.047621421777486  
    4.907946291951742 4.77071569234751 4.635782203832476  
    4.503011614685161 4.372227417339451 4.243218748896072  
    4.115774746455752 3.9896845471192166 3.8647279839280624  
    3.7406202658006698 3.6170535936529444 3.493720168400793  
    3.3703121909601195 3.2465029403682015 3.1218318994971197  
    2.995790575014988 2.867870473589919 2.7375631018900277  
    2.60464044730392 2.468191707208273 2.326684203253304  
    2.1785852570892317 2.0223621903662723 1.8438452036834765  
    1.6377622684940292 1.4159273627293527 1.190154464320869  
    0.9722575512 0.8707438084 0.776200114 0.6883437879  
    0.6059958175999991 0.525453887799999 0.4371928533 0.3268964627  
    0.2057169962 0.1248146952 0.09312235766 
  TI = 18.3109647448719 18.30146211892881 18.272983819659885  
    18.22561842935196 18.15951307494906 18.074872666637578  
    17.971958839600706 17.85108860659075 17.71263273103081  
    17.557013832330174 17.384704236962744 17.1962235905983  
    16.992136248177193 16.77304846026605 16.539605375313883  
    16.292487878533837 16.03240928905778 15.760111937742685  
    15.476363648544893 15.181954146719107 14.877691417242543  
    14.56439803681385 14.242907502534246 13.914060579951157  
    13.578701692539763 13.237675373924532 12.891822803211921  
    12.541978442728976 12.18896679625389 11.83359930449833  
    11.476671393172277 11.124975972759232 10.785095111016348  
    10.457494269448077 10.142638909558876 9.840994492853195  
    9.552770184426693 9.277629332595069 9.015218673692843  
    8.765184944054544 8.527174880014693 8.300355077442198  
    8.083612530656053 7.876174573665896 7.677268540481369  
    7.486121765112111 7.302121460678722 7.124698921114178  
    6.95314760164669 6.786760957504467 6.624832443915719  
    6.467032853581301 6.313341820238376 6.163516060669613  
    6.017312291657682 5.874487229985256 5.734747788576661  
    5.5978189728290015 5.463484638234102 5.331528640283788  
    5.201734834469889 5.07388837245162 4.947815823956644  
    4.823363171579458 4.7003763979145585 4.578701485556441  
    4.45818966848325 4.3386825503655855 4.220011668336625  
    4.102008559529547 3.984504761077529 3.867332957761748  
    3.7502734857215816 3.6330793591275095 3.5155035921500106  
    3.3972991989595647 3.278289106044625 3.158113891924377  
    3.0362530488153947 2.9121860689342522 2.785392444497523  
    2.6554684990060404 2.521198601032432 2.3808443104009647  
    2.232667186935905 2.074928790461521 1.8911675941978119  
    1.675264446249082 1.4409944687660547 1.202132783899453 0.9724545138  
    0.8699968281 0.7746275734 0.6861146643 0.6034045031999992  
    0.523074678499999 0.4360083277 0.3275104766 0.2065209832  
    0.1246967526 0.09282090203 
  OMEGA = 4992.501875 4992.501875 4978.801804 4961.079526 4940.12016  
    4916.382264 4890.178959 4861.74318 4831.258024 4798.873089  
    4764.714177 4728.889466 4691.493659 4652.610886 4612.316799  
    4570.680145 4527.763951 4483.626454 4438.321832 4391.900796  
    4344.411068 4295.897774 4246.403778 4195.969955 4144.635428  
    4092.437767 4039.413164 3985.596584 3931.021896 3875.721988  
    3819.72887 3763.073767 3705.787199 3647.899055 3589.43866  
    3530.4348369999993 3470.91596 3410.910006 3350.444605 3289.54708  
    3228.244492 3166.5636739999995 3104.531273 3042.173783 2979.517575  
    2916.588934 2853.414088 2790.0192379999994 2726.430588 2662.674375  
    2598.776897 2534.764544 2470.663824 2406.501396 2342.304099  
    2278.098979 2213.913327 2149.774706999999 2085.710992 2021.750397  
    1957.921519 1894.253376 1830.775447 1767.517715 1704.510722  
    1641.785608 1579.374179 1517.308956 1455.623246 1394.3512129999992  
    1333.5279519999992 1273.18958 1213.373329 1154.117653 1095.462349  
    1037.448686 980.1195629 923.5196753 867.6957162 812.6966008  
    758.5737302 705.3812976 653.1766491999995 602.0207127999994  
    551.9785103 503.1197796 455.5197357 409.2600162 364.4298727  
    321.1276991 279.4630303 239.55922 201.557126 165.620359  
    131.94307479999966 100.76217029999968 72.37775876 47.19105135  
    25.78549737 9.151104569 -7.638334409e-13 
  ZEFF = 1.08103 1.08103 1.0810300000000002 1.08103 1.08103  
    1.0810300000000002 1.08103 1.08103 1.08103 1.08103 1.08103  
    1.0810300000000002 1.08103 1.08103 1.08103 1.08103 1.08103 1.08103  
    1.08103 1.0810300000000002 1.0810300000000002 1.0810300000000002  
    1.0810300000000002 1.0810300000000002 1.08103 1.0810300000000002  
    1.08103 1.0810300000000002 1.08103 1.08103 1.0810300000000002  
    1.08103 1.08103 1.08103 1.08103 1.08103 1.08103 1.08103 1.08103  
    1.08103 1.08103 1.08103 1.0810300000000002 1.08103 1.08103 1.08103  
    1.08103 1.08103 1.08103 1.08103 1.08103 1.0810300000000002 1.08103  
    1.08103 1.0810300000000002 1.08103 1.08103 1.08103  
    1.0810300000000002 1.08103 1.0810300000000002 1.08103 1.08103  
    1.08103 1.0810300000000002 1.08103 1.0810300000000002 1.08103  
    1.08103 1.08103 1.08103 1.08103 1.08103 1.08103 1.08103 1.08103  
    1.08103 1.08103 1.08103 1.08103 1.0810300000000002  
    1.0810300000000002 1.08103 1.0810300000000002 1.08103 1.08103  
    1.08103 1.08103 1.08103 1.08103 1.08103 1.0810300000000002 1.08103  
    1.08103 1.0810300000000002 1.08103 1.08103 1.08103 1.08103 1.08103  
    1.08103 
  J_OH = 0.0 0.0 0.0 0.0 0.0 0.0 0.0 0.0 0.0 0.0 0.0 0.0 0.0 0.0 0.0  
    0.0 0.0 0.0 0.0 0.0 0.0 0.0 0.0 0.0 0.0 0.0 0.0 0.0 0.0 0.0 0.0 0.0  
    0.0 0.0 0.0 0.0 0.0 0.0 0.0 0.0 0.0 0.0 0.0 0.0 0.0 0.0 0.0 0.0 0.0  
    0.0 0.0 0.0 0.0 0.0 0.0 0.0 0.0 0.0 0.0 0.0 0.0 0.0 0.0 0.0 0.0 0.0  
    0.0 0.0 0.0 0.0 0.0 0.0 0.0 0.0 0.0 0.0 0.0 0.0 0.0 0.0 0.0 0.0 0.0  
    0.0 0.0 0.0 0.0 0.0 0.0 0.0 0.0 0.0 0.0 0.0 0.0 0.0 0.0 0.0 0.0 0.0  
    0.0 
  J_BS = 150885.7782186009 226328.66732790132 345439.82405961415  
    416570.16399386857 463589.0015927282 498359.2548028941  
    526155.3278689369 549593.9708588345 570093.0181114065  
    588482.0708629085 605261.2518248312 620680.8965525619  
    634821.8919621273 647700.8139821296 659296.7987615821  
    669574.5412005598 678547.8606596609 686268.975398568  
    692770.0231984598 698063.8990074124 702166.017760759  
    705090.9211553547 706852.8932008558 707473.4396852396  
    706979.4080811848 705397.342455854 702752.1636629747  
    699069.040096688 694376.4445643019 688707.9484228176  
    679281.9605258063 663500.4223598597 644486.0578096572  
    625162.2929488581 605535.09751387 585638.767398547  
    565685.4581211832 545921.8080188244 526415.9445215696  
    507174.1579439073 488262.2213555646 469932.1218590649  
    452402.2672744653 435693.60154333623 419790.31818538724  
    404759.68224864313 390685.0602396131 377489.6945665192  
    365078.69029810437 353432.0530515328 342383.2620425459  
    331692.31187878724 321378.3853865334 311537.7945324218  
    302157.7571385189 293232.6939349632 284759.6784954243  
    276722.9351409713 269104.33367607347 261891.7641299029  
    255087.9992772449 248662.9931540387 242542.29688730673  
    236686.7070178196 231089.17008750202 225737.2715531703  
    220635.28684527843 215806.45039924406 211256.78862378554  
    206978.54312901653 202967.20370186315 199250.08021136493  
    195863.81746848798 192812.81673886205 190089.19852859285  
    187678.67646200914 185646.09396983427 184109.01660220718  
    183105.01954512572 182625.91168839723 182555.59274147416  
    183147.7930416421 185044.12939253784 188487.25616083667  
    193395.9034563734 206166.22019995932 228148.3636946538  
    245076.67471433818 247672.16900407962 235795.13584889454  
    168137.6184636278 104924.74973364851 94683.30048120441  
    84716.90303979513 76050.50731916763 70894.74896707607  
    70926.28389675585 67538.31909069313 45049.953001754075  
    16796.545467900953 -4241.116704082793 
  J_NB = 0.0 0.0 0.0 0.0 0.0 0.0 0.0 0.0 0.0 0.0 0.0 0.0 0.0 0.0 0.0  
    0.0 0.0 0.0 0.0 0.0 0.0 0.0 0.0 0.0 0.0 0.0 0.0 0.0 0.0 0.0 0.0 0.0  
    0.0 0.0 0.0 0.0 0.0 0.0 0.0 0.0 0.0 0.0 0.0 0.0 0.0 0.0 0.0 0.0 0.0  
    0.0 0.0 0.0 0.0 0.0 0.0 0.0 0.0 0.0 0.0 0.0 0.0 0.0 0.0 0.0 0.0 0.0  
    0.0 0.0 0.0 0.0 0.0 0.0 0.0 0.0 0.0 0.0 0.0 0.0 0.0 0.0 0.0 0.0 0.0  
    0.0 0.0 0.0 0.0 0.0 0.0 0.0 0.0 0.0 0.0 0.0 0.0 0.0 0.0 0.0 0.0 0.0  
    0.0 
  J_EC = 0.0 0.0 0.0 0.0 0.0 0.0 0.0 0.0 0.0 0.0 0.0 0.0 0.0 0.0 0.0  
    0.0 0.0 0.0 0.0 0.0 0.0 0.0 0.0 0.0 0.0 0.0 0.0 0.0 0.0 0.0 0.0 0.0  
    0.0 0.0 0.0 0.0 0.0 0.0 0.0 0.0 0.0 0.0 0.0 0.0 0.0 0.0 0.0 0.0 0.0  
    0.0 0.0 0.0 0.0 0.0 0.0 0.0 0.0 0.0 0.0 0.0 0.0 0.0 0.0 0.0 0.0 0.0  
    0.0 0.0 0.0 0.0 0.0 0.0 0.0 0.0 0.0 0.0 0.0 0.0 0.0 0.0 0.0 0.0 0.0  
    0.0 0.0 0.0 0.0 0.0 0.0 0.0 0.0 0.0 0.0 0.0 0.0 0.0 0.0 0.0 0.0 0.0  
    0.0 
  J_IC = 0.0 0.0 0.0 0.0 0.0 0.0 0.0 0.0 0.0 0.0 0.0 0.0 0.0 0.0 0.0  
    0.0 0.0 0.0 0.0 0.0 0.0 0.0 0.0 0.0 0.0 0.0 0.0 0.0 0.0 0.0 0.0 0.0  
    0.0 0.0 0.0 0.0 0.0 0.0 0.0 0.0 0.0 0.0 0.0 0.0 0.0 0.0 0.0 0.0 0.0  
    0.0 0.0 0.0 0.0 0.0 0.0 0.0 0.0 0.0 0.0 0.0 0.0 0.0 0.0 0.0 0.0 0.0  
    0.0 0.0 0.0 0.0 0.0 0.0 0.0 0.0 0.0 0.0 0.0 0.0 0.0 0.0 0.0 0.0 0.0  
    0.0 0.0 0.0 0.0 0.0 0.0 0.0 0.0 0.0 0.0 0.0 0.0 0.0 0.0 0.0 0.0 0.0  
    0.0 
  J_LH = 0.0 0.0 0.0 0.0 0.0 0.0 0.0 0.0 0.0 0.0 0.0 0.0 0.0 0.0 0.0  
    0.0 0.0 0.0 0.0 0.0 0.0 0.0 0.0 0.0 0.0 0.0 0.0 0.0 0.0 0.0 0.0 0.0  
    0.0 0.0 0.0 0.0 0.0 0.0 0.0 0.0 0.0 0.0 0.0 0.0 0.0 0.0 0.0 0.0 0.0  
    0.0 0.0 0.0 0.0 0.0 0.0 0.0 0.0 0.0 0.0 0.0 0.0 0.0 0.0 0.0 0.0 0.0  
    0.0 0.0 0.0 0.0 0.0 0.0 0.0 0.0 0.0 0.0 0.0 0.0 0.0 0.0 0.0 0.0 0.0  
    0.0 0.0 0.0 0.0 0.0 0.0 0.0 0.0 0.0 0.0 0.0 0.0 0.0 0.0 0.0 0.0 0.0  
    0.0 
  PE_NB = 0.0 0.0 0.0 0.0 0.0 0.0 0.0 0.0 0.0 0.0 0.0 0.0 0.0 0.0 0.0  
    0.0 0.0 0.0 0.0 0.0 0.0 0.0 0.0 0.0 0.0 0.0 0.0 0.0 0.0 0.0 0.0 0.0  
    0.0 0.0 0.0 0.0 0.0 0.0 0.0 0.0 0.0 0.0 0.0 0.0 0.0 0.0 0.0 0.0 0.0  
    0.0 0.0 0.0 0.0 0.0 0.0 0.0 0.0 0.0 0.0 0.0 0.0 0.0 0.0 0.0 0.0 0.0  
    0.0 0.0 0.0 0.0 0.0 0.0 0.0 0.0 0.0 0.0 0.0 0.0 0.0 0.0 0.0 0.0 0.0  
    0.0 0.0 0.0 0.0 0.0 0.0 0.0 0.0 0.0 0.0 0.0 0.0 0.0 0.0 0.0 0.0 0.0  
    0.0 
  PE_EC = 0.0 0.0 0.0 0.0 0.0 0.0 0.0 0.0 0.0 0.0 0.0 0.0 0.0 0.0 0.0  
    0.0 0.0 0.0 0.0 0.0 0.0 0.0 0.0 0.0 0.0 0.0 0.0 0.0 0.0 0.0 0.0 0.0  
    0.0 0.0 0.0 0.0 0.0 0.0 0.0 0.0 0.0 0.0 0.0 0.0 0.0 0.0 0.0 0.0 0.0  
    0.0 0.0 0.0 0.0 0.0 0.0 0.0 0.0 0.0 0.0 0.0 0.0 0.0 0.0 0.0 0.0 0.0  
    0.0 0.0 0.0 0.0 0.0 0.0 0.0 0.0 0.0 0.0 0.0 0.0 0.0 0.0 0.0 0.0 0.0  
    0.0 0.0 0.0 0.0 0.0 0.0 0.0 0.0 0.0 0.0 0.0 0.0 0.0 0.0 0.0 0.0 0.0  
    0.0 
  PE_IC = 0.0 0.0 0.0 0.0 0.0 0.0 0.0 0.0 0.0 0.0 0.0 0.0 0.0 0.0 0.0  
    0.0 0.0 0.0 0.0 0.0 0.0 0.0 0.0 0.0 0.0 0.0 0.0 0.0 0.0 0.0 0.0 0.0  
    0.0 0.0 0.0 0.0 0.0 0.0 0.0 0.0 0.0 0.0 0.0 0.0 0.0 0.0 0.0 0.0 0.0  
    0.0 0.0 0.0 0.0 0.0 0.0 0.0 0.0 0.0 0.0 0.0 0.0 0.0 0.0 0.0 0.0 0.0  
    0.0 0.0 0.0 0.0 0.0 0.0 0.0 0.0 0.0 0.0 0.0 0.0 0.0 0.0 0.0 0.0 0.0  
    0.0 0.0 0.0 0.0 0.0 0.0 0.0 0.0 0.0 0.0 0.0 0.0 0.0 0.0 0.0 0.0 0.0  
    0.0 
  PE_LH = 0.0 0.0 0.0 0.0 0.0 0.0 0.0 0.0 0.0 0.0 0.0 0.0 0.0 0.0 0.0  
    0.0 0.0 0.0 0.0 0.0 0.0 0.0 0.0 0.0 0.0 0.0 0.0 0.0 0.0 0.0 0.0 0.0  
    0.0 0.0 0.0 0.0 0.0 0.0 0.0 0.0 0.0 0.0 0.0 0.0 0.0 0.0 0.0 0.0 0.0  
    0.0 0.0 0.0 0.0 0.0 0.0 0.0 0.0 0.0 0.0 0.0 0.0 0.0 0.0 0.0 0.0 0.0  
    0.0 0.0 0.0 0.0 0.0 0.0 0.0 0.0 0.0 0.0 0.0 0.0 0.0 0.0 0.0 0.0 0.0  
    0.0 0.0 0.0 0.0 0.0 0.0 0.0 0.0 0.0 0.0 0.0 0.0 0.0 0.0 0.0 0.0 0.0  
    0.0 
  PE_FUS = 2254714.099133416 2255063.5070527345 2248631.4029031727  
    2242039.0084302253 2235081.0201826254 2227548.8802539906  
    2218833.2871722155 2206687.348891412 2188311.8342873435  
    2160620.3811483583 2120038.884686954 2066877.8208786268  
    2005611.972343107 1938774.161989483 1869525.831219611  
    1801721.337151855 1735908.6859655008 1669846.635762289  
    1603704.5670785648 1537640.4319641 1471799.4130698566  
    1406378.388051787 1341515.4375964836 1277243.4183718716  
    1213577.6595618275 1150517.7678359197 1088199.1459443697  
    1026901.3427690879 966825.4721434799 908164.5834696174  
    851100.8551944548 795790.582086565 742435.7428693139  
    691260.9583705758 642465.3457354675 596218.4473461132  
    552622.1518321546 511675.08331469423 473349.47841027705  
    437595.2699869376 404342.8907917431 373447.881392019  
    344729.9508597494 318050.33603410795 293269.0863647841  
    270247.5796704118 248867.96911362457 229018.9334738889  
    210578.11472026532 193429.56353794227 177464.55360319134  
    162611.15642167168 148822.65645073756 136035.0733938059  
    124186.28705174699 113216.38551891928 103064.91873601796  
    93675.86585182442 84999.57266382499 76988.85141793267  
    69599.04462968014 62788.178212088475 56518.365943618104  
    50754.393840540855 45462.90386844696 40612.37350360773  
    36173.22226483446 32117.33678898028 28418.093169009087  
    25050.590096578395 21991.56025394754 19219.30066625192  
    16712.654183994426 14451.720422239876 12418.299013809126  
    10595.719188682644 8969.459939591708 7524.05379702296  
    6244.267404774287 5116.975476524975 4130.790994693655  
    3276.3150310655956 2541.152200512956 1914.0375651982156  
    1387.3987878873004 956.040436393279 592.8477947973871  
    312.73139110536147 136.83519886902417 47.96376939702175  
    12.948494037439458 6.087007866633419 2.6740179465615417  
    1.087578666338883 0.40139053340992237 0.12615272110537276  
    0.02714173546114677 0.0021023706989345427 2.0709092165984288e-05  
    5.39772932680844e-08 9.785709858869382e-10 
  PE_IONIZATION = 0.0 0.0 0.0 0.0 0.0 0.0 0.0 0.0 0.0 0.0 0.0 0.0 0.0  
    0.0 0.0 0.0 0.0 0.0 0.0 0.0 0.0 0.0 0.0 0.0 0.0 0.0 0.0 0.0 0.0 0.0  
    0.0 0.0 0.0 0.0 0.0 0.0 0.0 0.0 0.0 0.0 0.0 0.0 0.0 0.0 0.0 0.0 0.0  
    0.0 0.0 0.0 0.0 0.0 0.0 0.0 0.0 0.0 0.0 0.0 0.0 0.0 0.0 0.0 0.0 0.0  
    0.0 0.0 0.0 0.0 0.0 0.0 0.0 0.0 0.0 0.0 0.0 0.0 0.0 0.0 0.0 0.0 0.0  
    0.0 0.0 0.0 0.0 0.0 0.0 0.0 0.0 0.0 0.0 0.0 0.0 0.0 0.0 0.0 0.0 0.0  
    0.0 0.0 0.0 
  P_RAD = 0.0 0.0 0.0 0.0 0.0 0.0 0.0 0.0 0.0 0.0 0.0 0.0 0.0 0.0 0.0  
    0.0 0.0 0.0 0.0 0.0 0.0 0.0 0.0 0.0 0.0 0.0 0.0 0.0 0.0 0.0 0.0 0.0  
    0.0 0.0 0.0 0.0 0.0 0.0 0.0 0.0 0.0 0.0 0.0 0.0 0.0 0.0 0.0 0.0 0.0  
    0.0 0.0 0.0 0.0 0.0 0.0 0.0 0.0 0.0 0.0 0.0 0.0 0.0 0.0 0.0 0.0 0.0  
    0.0 0.0 0.0 0.0 0.0 0.0 0.0 0.0 0.0 0.0 0.0 0.0 0.0 0.0 0.0 0.0 0.0  
    0.0 0.0 0.0 0.0 0.0 0.0 0.0 0.0 0.0 0.0 0.0 0.0 0.0 0.0 0.0 0.0 0.0  
    0.0 
  PI_NB = 0.0 0.0 0.0 0.0 0.0 0.0 0.0 0.0 0.0 0.0 0.0 0.0 0.0 0.0 0.0  
    0.0 0.0 0.0 0.0 0.0 0.0 0.0 0.0 0.0 0.0 0.0 0.0 0.0 0.0 0.0 0.0 0.0  
    0.0 0.0 0.0 0.0 0.0 0.0 0.0 0.0 0.0 0.0 0.0 0.0 0.0 0.0 0.0 0.0 0.0  
    0.0 0.0 0.0 0.0 0.0 0.0 0.0 0.0 0.0 0.0 0.0 0.0 0.0 0.0 0.0 0.0 0.0  
    0.0 0.0 0.0 0.0 0.0 0.0 0.0 0.0 0.0 0.0 0.0 0.0 0.0 0.0 0.0 0.0 0.0  
    0.0 0.0 0.0 0.0 0.0 0.0 0.0 0.0 0.0 0.0 0.0 0.0 0.0 0.0 0.0 0.0 0.0  
    0.0 
  PI_IC = 0.0 0.0 0.0 0.0 0.0 0.0 0.0 0.0 0.0 0.0 0.0 0.0 0.0 0.0 0.0  
    0.0 0.0 0.0 0.0 0.0 0.0 0.0 0.0 0.0 0.0 0.0 0.0 0.0 0.0 0.0 0.0 0.0  
    0.0 0.0 0.0 0.0 0.0 0.0 0.0 0.0 0.0 0.0 0.0 0.0 0.0 0.0 0.0 0.0 0.0  
    0.0 0.0 0.0 0.0 0.0 0.0 0.0 0.0 0.0 0.0 0.0 0.0 0.0 0.0 0.0 0.0 0.0  
    0.0 0.0 0.0 0.0 0.0 0.0 0.0 0.0 0.0 0.0 0.0 0.0 0.0 0.0 0.0 0.0 0.0  
    0.0 0.0 0.0 0.0 0.0 0.0 0.0 0.0 0.0 0.0 0.0 0.0 0.0 0.0 0.0 0.0 0.0  
    0.0 
  PI_LH = 0.0 0.0 0.0 0.0 0.0 0.0 0.0 0.0 0.0 0.0 0.0 0.0 0.0 0.0 0.0  
    0.0 0.0 0.0 0.0 0.0 0.0 0.0 0.0 0.0 0.0 0.0 0.0 0.0 0.0 0.0 0.0 0.0  
    0.0 0.0 0.0 0.0 0.0 0.0 0.0 0.0 0.0 0.0 0.0 0.0 0.0 0.0 0.0 0.0 0.0  
    0.0 0.0 0.0 0.0 0.0 0.0 0.0 0.0 0.0 0.0 0.0 0.0 0.0 0.0 0.0 0.0 0.0  
    0.0 0.0 0.0 0.0 0.0 0.0 0.0 0.0 0.0 0.0 0.0 0.0 0.0 0.0 0.0 0.0 0.0  
    0.0 0.0 0.0 0.0 0.0 0.0 0.0 0.0 0.0 0.0 0.0 0.0 0.0 0.0 0.0 0.0 0.0  
    0.0 
  PI_FUS = 1076508.815308646 1074788.6150169463 1066564.926765603  
    1055404.5173712124 1041748.850516341 1026037.1195826959  
    1008524.340376339 988733.1245098873 965991.4630298009  
    939571.3005063122 908609.1855744743 873721.2918666233  
    836748.3638973885 798609.6195955953 760418.7699681544  
    723505.9701815221 687889.5887773924 652638.2136093533  
    617810.5399625356 583464.067141767 549654.5830034046  
    516553.7533795027 484331.4653085107 453030.7084003935  
    422683.5653712638 393312.09076090413 364950.1279622011  
    337666.489861689 311522.6924720865 286571.3456619522  
    262855.33123573137 240419.14499044113 219312.17136536585  
    199566.203352669 181198.28524427576 164210.52670868445  
    148582.48808404774 134261.3961961908 121184.80187938764  
    109284.91911270181 98490.23761751628 88714.43083140627  
    79863.75289945352 71856.66049058642 64616.04906686443  
    58069.70110574398 52152.329026433144 46803.992361156255  
    41968.153338957316 37593.28038529678 33632.68273217841  
    30050.29458239493 26816.830583244246 23901.068153084434  
    21274.12650142615 18909.385419471062 16781.92430022195  
    14869.152358115338 13150.952013597142 11608.942743888865  
    10226.368151848648 8987.933472848636 7880.081418119468  
    6890.623446021303 6008.395799082402 5223.188944587129  
    4525.708607955457 3907.402095802311 3360.4365474191745  
    2877.7103680735486 2452.787279417543 2079.832745353307  
    1753.4386217042695 1468.7012028746965 1221.2366330310113  
    1007.1173073471871 822.8823232009045 665.1947670541383  
    530.981169171199 417.57832500025876 322.65388930680274  
    244.20676458426342 180.07581461064197 128.3316240887021  
    87.46865036492567 56.226516462589565 31.991250130183342  
    15.117233473444582 5.780467938580171 1.725719813822513  
    0.3866126539646482 0.16403806383619382 0.0647521386911596  
    0.023547357833018635 0.007716917839812672 0.002123568834847077  
    0.0003852597998548613 2.28410668413746e-05 1.4746632661770505e-07  
    2.4438701365399207e-10 3.3996897013073826e-12 
  PI_IONIZATION = 0.0 0.0 0.0 0.0 0.0 0.0 0.0 0.0 0.0 0.0 0.0 0.0 0.0  
    0.0 0.0 0.0 0.0 0.0 0.0 0.0 0.0 0.0 0.0 0.0 0.0 0.0 0.0 0.0 0.0 0.0  
    0.0 0.0 0.0 0.0 0.0 0.0 0.0 0.0 0.0 0.0 0.0 0.0 0.0 0.0 0.0 0.0 0.0  
    0.0 0.0 0.0 0.0 0.0 0.0 0.0 0.0 0.0 0.0 0.0 0.0 0.0 0.0 0.0 0.0 0.0  
    0.0 0.0 0.0 0.0 0.0 0.0 0.0 0.0 0.0 0.0 0.0 0.0 0.0 0.0 0.0 0.0 0.0  
    0.0 0.0 0.0 0.0 0.0 0.0 0.0 0.0 0.0 0.0 0.0 0.0 0.0 0.0 0.0 0.0 0.0  
    0.0 0.0 0.0 
  PI_CX = 0.0 0.0 0.0 0.0 0.0 0.0 0.0 0.0 0.0 0.0 0.0 0.0 0.0 0.0 0.0  
    0.0 0.0 0.0 0.0 0.0 0.0 0.0 0.0 0.0 0.0 0.0 0.0 0.0 0.0 0.0 0.0 0.0  
    0.0 0.0 0.0 0.0 0.0 0.0 0.0 0.0 0.0 0.0 0.0 0.0 0.0 0.0 0.0 0.0 0.0  
    0.0 0.0 0.0 0.0 0.0 0.0 0.0 0.0 0.0 0.0 0.0 0.0 0.0 0.0 0.0 0.0 0.0  
    0.0 0.0 0.0 0.0 0.0 0.0 0.0 0.0 0.0 0.0 0.0 0.0 0.0 0.0 0.0 0.0 0.0  
    0.0 0.0 0.0 0.0 0.0 0.0 0.0 0.0 0.0 0.0 0.0 0.0 0.0 0.0 0.0 0.0 0.0  
    0.0 
  P_OHM = 0.0 0.0 0.0 0.0 0.0 0.0 0.0 0.0 0.0 0.0 0.0 0.0 0.0 0.0 0.0  
    0.0 0.0 0.0 0.0 0.0 0.0 0.0 0.0 0.0 0.0 0.0 0.0 0.0 0.0 0.0 0.0 0.0  
    0.0 0.0 0.0 0.0 0.0 0.0 0.0 0.0 0.0 0.0 0.0 0.0 0.0 0.0 0.0 0.0 0.0  
    0.0 0.0 0.0 0.0 0.0 0.0 0.0 0.0 0.0 0.0 0.0 0.0 0.0 0.0 0.0 0.0 0.0  
    0.0 0.0 0.0 0.0 0.0 0.0 0.0 0.0 0.0 0.0 0.0 0.0 0.0 0.0 0.0 0.0 0.0  
    0.0 0.0 0.0 0.0 0.0 0.0 0.0 0.0 0.0 0.0 0.0 0.0 0.0 0.0 0.0 0.0 0.0  
    0.0 
  P_EI = 0.0 0.0 0.0 0.0 0.0 0.0 0.0 0.0 0.0 0.0 0.0 0.0 0.0 0.0 0.0  
    0.0 0.0 0.0 0.0 0.0 0.0 0.0 0.0 0.0 0.0 0.0 0.0 0.0 0.0 0.0 0.0 0.0  
    0.0 0.0 0.0 0.0 0.0 0.0 0.0 0.0 0.0 0.0 0.0 0.0 0.0 0.0 0.0 0.0 0.0  
    0.0 0.0 0.0 0.0 0.0 0.0 0.0 0.0 0.0 0.0 0.0 0.0 0.0 0.0 0.0 0.0 0.0  
    0.0 0.0 0.0 0.0 0.0 0.0 0.0 0.0 0.0 0.0 0.0 0.0 0.0 0.0 0.0 0.0 0.0  
    0.0 0.0 0.0 0.0 0.0 0.0 0.0 0.0 0.0 0.0 0.0 0.0 0.0 0.0 0.0 0.0 0.0  
    0.0 
  TORQUE_NB = 0.0 0.0 0.0 0.0 0.0 0.0 0.0 0.0 0.0 0.0 0.0 0.0 0.0 0.0  
    0.0 0.0 0.0 0.0 0.0 0.0 0.0 0.0 0.0 0.0 0.0 0.0 0.0 0.0 0.0 0.0 0.0  
    0.0 0.0 0.0 0.0 0.0 0.0 0.0 0.0 0.0 0.0 0.0 0.0 0.0 0.0 0.0 0.0 0.0  
    0.0 0.0 0.0 0.0 0.0 0.0 0.0 0.0 0.0 0.0 0.0 0.0 0.0 0.0 0.0 0.0 0.0  
    0.0 0.0 0.0 0.0 0.0 0.0 0.0 0.0 0.0 0.0 0.0 0.0 0.0 0.0 0.0 0.0 0.0  
    0.0 0.0 0.0 0.0 0.0 0.0 0.0 0.0 0.0 0.0 0.0 0.0 0.0 0.0 0.0 0.0 0.0  
    0.0 0.0 
  TORQUE_IN = 0.0 0.0 0.0 0.0 0.0 0.0 0.0 0.0 0.0 0.0 0.0 0.0 0.0 0.0  
    0.0 0.0 0.0 0.0 0.0 0.0 0.0 0.0 0.0 0.0 0.0 0.0 0.0 0.0 0.0 0.0 0.0  
    0.0 0.0 0.0 0.0 0.0 0.0 0.0 0.0 0.0 0.0 0.0 0.0 0.0 0.0 0.0 0.0 0.0  
    0.0 0.0 0.0 0.0 0.0 0.0 0.0 0.0 0.0 0.0 0.0 0.0 0.0 0.0 0.0 0.0 0.0  
    0.0 0.0 0.0 0.0 0.0 0.0 0.0 0.0 0.0 0.0 0.0 0.0 0.0 0.0 0.0 0.0 0.0  
    0.0 0.0 0.0 0.0 0.0 0.0 0.0 0.0 0.0 0.0 0.0 0.0 0.0 0.0 0.0 0.0 0.0  
    0.0 0.0 
  SE_NB = 0.0 0.0 0.0 0.0 0.0 0.0 0.0 0.0 0.0 0.0 0.0 0.0 0.0 0.0 0.0  
    0.0 0.0 0.0 0.0 0.0 0.0 0.0 0.0 0.0 0.0 0.0 0.0 0.0 0.0 0.0 0.0 0.0  
    0.0 0.0 0.0 0.0 0.0 0.0 0.0 0.0 0.0 0.0 0.0 0.0 0.0 0.0 0.0 0.0 0.0  
    0.0 0.0 0.0 0.0 0.0 0.0 0.0 0.0 0.0 0.0 0.0 0.0 0.0 0.0 0.0 0.0 0.0  
    0.0 0.0 0.0 0.0 0.0 0.0 0.0 0.0 0.0 0.0 0.0 0.0 0.0 0.0 0.0 0.0 0.0  
    0.0 0.0 0.0 0.0 0.0 0.0 0.0 0.0 0.0 0.0 0.0 0.0 0.0 0.0 0.0 0.0 0.0  
    0.0 
  SE_IONIZATION = 0.0 0.0 0.0 0.0 0.0 0.0 0.0 0.0 0.0 0.0 0.0 0.0 0.0  
    0.0 0.0 0.0 0.0 0.0 0.0 0.0 0.0 0.0 0.0 0.0 0.0 0.0 0.0 0.0 0.0 0.0  
    0.0 0.0 0.0 0.0 0.0 0.0 0.0 0.0 0.0 0.0 0.0 0.0 0.0 0.0 0.0 0.0 0.0  
    0.0 0.0 0.0 0.0 0.0 0.0 0.0 0.0 0.0 0.0 0.0 0.0 0.0 0.0 0.0 0.0 0.0  
    0.0 0.0 0.0 0.0 0.0 0.0 0.0 0.0 0.0 0.0 0.0 0.0 0.0 0.0 0.0 0.0 0.0  
    0.0 0.0 0.0 0.0 0.0 0.0 0.0 0.0 0.0 0.0 0.0 0.0 0.0 0.0 0.0 0.0 0.0  
    0.0 0.0 0.0 
  SI_NB = 0.0 0.0 0.0 0.0 0.0 0.0 0.0 0.0 0.0 0.0 0.0 0.0 0.0 0.0 0.0  
    0.0 0.0 0.0 0.0 0.0 0.0 0.0 0.0 0.0 0.0 0.0 0.0 0.0 0.0 0.0 0.0 0.0  
    0.0 0.0 0.0 0.0 0.0 0.0 0.0 0.0 0.0 0.0 0.0 0.0 0.0 0.0 0.0 0.0 0.0  
    0.0 0.0 0.0 0.0 0.0 0.0 0.0 0.0 0.0 0.0 0.0 0.0 0.0 0.0 0.0 0.0 0.0  
    0.0 0.0 0.0 0.0 0.0 0.0 0.0 0.0 0.0 0.0 0.0 0.0 0.0 0.0 0.0 0.0 0.0  
    0.0 0.0 0.0 0.0 0.0 0.0 0.0 0.0 0.0 0.0 0.0 0.0 0.0 0.0 0.0 0.0 0.0  
    0.0 
  SI_IONIZATION = 0.0 0.0 0.0 0.0 0.0 0.0 0.0 0.0 0.0 0.0 0.0 0.0 0.0  
    0.0 0.0 0.0 0.0 0.0 0.0 0.0 0.0 0.0 0.0 0.0 0.0 0.0 0.0 0.0 0.0 0.0  
    0.0 0.0 0.0 0.0 0.0 0.0 0.0 0.0 0.0 0.0 0.0 0.0 0.0 0.0 0.0 0.0 0.0  
    0.0 0.0 0.0 0.0 0.0 0.0 0.0 0.0 0.0 0.0 0.0 0.0 0.0 0.0 0.0 0.0 0.0  
    0.0 0.0 0.0 0.0 0.0 0.0 0.0 0.0 0.0 0.0 0.0 0.0 0.0 0.0 0.0 0.0 0.0  
    0.0 0.0 0.0 0.0 0.0 0.0 0.0 0.0 0.0 0.0 0.0 0.0 0.0 0.0 0.0 0.0 0.0  
    0.0 0.0 0.0 
  SE_PELLET = 0.0 0.0 0.0 0.0 0.0 0.0 0.0 0.0 0.0 0.0 0.0 0.0 0.0 0.0  
    0.0 0.0 0.0 0.0 0.0 0.0 0.0 0.0 0.0 0.0 0.0 0.0 0.0 0.0 0.0 0.0 0.0  
    0.0 0.0 0.0 0.0 0.0 0.0 0.0 0.0 0.0 0.0 0.0 0.0 0.0 0.0 0.0 0.0 0.0  
    0.0 0.0 0.0 0.0 0.0 0.0 0.0 0.0 0.0 0.0 0.0 0.0 0.0 0.0 0.0 0.0 0.0  
    0.0 0.0 0.0 0.0 0.0 0.0 0.0 0.0 0.0 0.0 0.0 0.0 0.0 0.0 0.0 0.0 0.0  
    0.0 0.0 0.0 0.0 0.0 0.0 0.0 0.0 0.0 0.0 0.0 0.0 0.0 0.0 0.0 0.0 0.0  
    0.0 0.0 
  Q = 0.0 0.0 0.0 0.0 0.0 0.0 0.0 0.0 0.0 0.0 0.0 0.0 0.0 0.0 0.0 0.0  
    0.0 0.0 0.0 0.0 0.0 0.0 0.0 0.0 0.0 0.0 0.0 0.0 0.0 0.0 0.0 0.0 0.0  
    0.0 0.0 0.0 0.0 0.0 0.0 0.0 0.0 0.0 0.0 0.0 0.0 0.0 0.0 0.0 0.0 0.0  
    0.0 0.0 0.0 0.0 0.0 0.0 0.0 0.0 0.0 0.0 0.0 0.0 0.0 0.0 0.0 0.0 0.0  
    0.0 0.0 0.0 0.0 0.0 0.0 0.0 0.0 0.0 0.0 0.0 0.0 0.0 0.0 0.0 0.0 0.0  
    0.0 0.0 0.0 0.0 0.0 0.0 0.0 0.0 0.0 0.0 0.0 0.0 0.0 0.0 0.0 0.0 0.0 
  PSIPOL = 0.0 0.000902119147510138 0.0036081489994121045  
    0.008117083475150243 0.014427235674201353 0.022536199586438436  
    0.03244082745396346 0.04413719591652192 0.05762063446823184  
    0.07288561728060597 0.08992589333308607 0.10873458450283914  
    0.12930429326153628 0.15162655389283772 0.17569340324953292  
    0.20149449871584488 0.22902431353408773 0.25826646312229673  
    0.2892137256942131 0.3218477684674185 0.3561610273984745  
    0.39214023504677026 0.4297675876336598 0.46903113668595775  
    0.5099171811745884 0.5524104075559793 0.5964930708471593  
    0.6421487928457341 0.6893610787087441 0.7381126304999543  
    0.7883854415663675 0.8401608671334093 0.8934198579326056  
    0.9481429780903102 1.004310117899613 1.0619005291725798  
    1.1208948782603827 1.181272201398753 1.243009986034  
    1.3060843036676053 1.3704716321191563 1.4361529373015498  
    1.5031017815513639 1.571290471145849 1.6407002219926454  
    1.7113013930991399 1.783067348963358 1.8559757572394584  
    1.9299930428707004 2.0050989411641926 2.081257451907443  
    2.1584475048086387 2.236632327536887 2.315788577604102  
    2.3958812283613113 2.4768805923956476 2.5587585081767283  
    2.6414767914695716 2.7250079259558277 2.8093184631482364  
    2.8943708255272513 2.9801347010636294 3.0665764545584007  
    3.1536563442502703 3.2413407053044967 3.3295954287328176  
    3.418382869994172 3.507662947426073 3.597399393225393  
    3.687555158955282 3.778092111906111 3.868968170570334  
    3.960143330872273 4.051578042669124 4.143232068020753  
    4.235064489124042 4.327031856670251 4.419090354336055  
    4.511197410007511 4.603309804323655 4.6953836814177246  
    4.78737437060462 4.879234066348541 4.970915996036003  
    5.062374041066593 5.153561666602757 5.244431455240899  
    5.334932709288165 5.425012622867048 5.514620970621457  
    5.603707633121712 5.692220970521938 5.780103473110122  
    5.867300252643937 5.953757331588499 6.0394180452926625  
    6.124221081452975 6.208113127063247 6.291035817166607  
    6.372906471495895 6.453604558108195 
  PSI = 0.0 0.00013978531522770968 0.0005590905000336425  
    0.001257759660057275 0.002235531406409962 0.0034920329226128914  
    0.005026776456764055 0.006839154075696926 0.008928442074412244  
    0.011293784213821061 0.013934211884752802 0.016848659307181588  
    0.020035980218075285 0.02349486283635659 0.02722407325512296  
    0.031222008863665305 0.03548781327891335 0.04001894767441481  
    0.04481429301875184 0.04987100860759352 0.055187922376030936  
    0.06076297850541403 0.06659341826169182 0.07267739020307269  
    0.07901277132543509 0.08559718876204471 0.09242789288936769  
    0.09950234586947998 0.10681799179074941 0.11437215030050187  
    0.12216203122886635 0.13018474552765183 0.13843734147146167  
    0.14691680742959068 0.1556200273594104 0.16454378628427532  
    0.17368508841343713 0.1830406853662305 0.1926070887737155  
    0.20238059086323534 0.21235754682200353 0.22253500727700967  
    0.23290887565506216 0.24347486075385694 0.2542300519376104  
    0.26516985627033673 0.2762901465233322 0.2875874622512536  
    0.29905660092636005 0.3106944224906098 0.3224953486331275  
    0.3344561144665741 0.3465710220386562 0.35883645438030226  
    0.37124698403641243 0.38379801087808185 0.3964851712152009  
    0.40930254831788027 0.4222458784730118 0.4353099787650699  
    0.4484890264760358 0.4617783246913449 0.475172661564088  
    0.48866587902230113 0.5022527606269481 0.515928021116443  
    0.5296858273876381 0.5435199687001441 0.5574248252793369  
    0.5713946563897075 0.5854235532853315 0.5995049953454974  
    0.6136327838520597 0.6278007904247547 0.6420027801076329  
    0.6562324125985038 0.6704829553328991 0.6847476188766459  
    0.699019806588509 0.7132928215349262 0.7275598681543832  
    0.7418140246275001 0.7560478833829938 0.7702541969031294  
    0.7844258190109147 0.7985555390325106 0.812636009538559  
    0.8266593748117786 0.8406174524671113 0.8545024599768798  
    0.868306631226934 0.8820219645113415 0.8956395485757029  
    0.9091508783680222 0.9225475899523939 0.9358209030184294  
    0.9489613170919518 0.9619605712072152 0.9748096215877778  
    0.9874956567472186 1.0 
  DENSITY_BEAM = 0.0 0.0 0.0 0.0 0.0 0.0 0.0 0.0 0.0 0.0 0.0 0.0 0.0  
    0.0 0.0 0.0 0.0 0.0 0.0 0.0 0.0 0.0 0.0 0.0 0.0 0.0 0.0 0.0 0.0 0.0  
    0.0 0.0 0.0 0.0 0.0 0.0 0.0 0.0 0.0 0.0 0.0 0.0 0.0 0.0 0.0 0.0 0.0  
    0.0 0.0 0.0 0.0 0.0 0.0 0.0 0.0 0.0 0.0 0.0 0.0 0.0 0.0 0.0 0.0 0.0  
    0.0 0.0 0.0 0.0 0.0 0.0 0.0 0.0 0.0 0.0 0.0 0.0 0.0 0.0 0.0 0.0 0.0  
    0.0 0.0 0.0 0.0 0.0 0.0 0.0 0.0 0.0 0.0 0.0 0.0 0.0 0.0 0.0 0.0 0.0  
    0.0 0.0 0.0 
  WBEAM = 0.0 0.0 0.0 0.0 0.0 0.0 0.0 0.0 0.0 0.0 0.0 0.0 0.0 0.0 0.0  
    0.0 0.0 0.0 0.0 0.0 0.0 0.0 0.0 0.0 0.0 0.0 0.0 0.0 0.0 0.0 0.0 0.0  
    0.0 0.0 0.0 0.0 0.0 0.0 0.0 0.0 0.0 0.0 0.0 0.0 0.0 0.0 0.0 0.0 0.0  
    0.0 0.0 0.0 0.0 0.0 0.0 0.0 0.0 0.0 0.0 0.0 0.0 0.0 0.0 0.0 0.0 0.0  
    0.0 0.0 0.0 0.0 0.0 0.0 0.0 0.0 0.0 0.0 0.0 0.0 0.0 0.0 0.0 0.0 0.0  
    0.0 0.0 0.0 0.0 0.0 0.0 0.0 0.0 0.0 0.0 0.0 0.0 0.0 0.0 0.0 0.0 0.0  
    0.0 
  TBEAM = 0.0 0.0 0.0 0.0 0.0 0.0 0.0 0.0 0.0 0.0 0.0 0.0 0.0 0.0 0.0  
    0.0 0.0 0.0 0.0 0.0 0.0 0.0 0.0 0.0 0.0 0.0 0.0 0.0 0.0 0.0 0.0 0.0  
    0.0 0.0 0.0 0.0 0.0 0.0 0.0 0.0 0.0 0.0 0.0 0.0 0.0 0.0 0.0 0.0 0.0  
    0.0 0.0 0.0 0.0 0.0 0.0 0.0 0.0 0.0 0.0 0.0 0.0 0.0 0.0 0.0 0.0 0.0  
    0.0 0.0 0.0 0.0 0.0 0.0 0.0 0.0 0.0 0.0 0.0 0.0 0.0 0.0 0.0 0.0 0.0  
    0.0 0.0 0.0 0.0 0.0 0.0 0.0 0.0 0.0 0.0 0.0 0.0 0.0 0.0 0.0 0.0 0.0  
    0.0 
  DENSITY_ALPHA = 0.0 0.0 0.0 0.0 0.0 0.0 0.0 0.0 0.0 0.0 0.0 0.0 0.0  
    0.0 0.0 0.0 0.0 0.0 0.0 0.0 0.0 0.0 0.0 0.0 0.0 0.0 0.0 0.0 0.0 0.0  
    0.0 0.0 0.0 0.0 0.0 0.0 0.0 0.0 0.0 0.0 0.0 0.0 0.0 0.0 0.0 0.0 0.0  
    0.0 0.0 0.0 0.0 0.0 0.0 0.0 0.0 0.0 0.0 0.0 0.0 0.0 0.0 0.0 0.0 0.0  
    0.0 0.0 0.0 0.0 0.0 0.0 0.0 0.0 0.0 0.0 0.0 0.0 0.0 0.0 0.0 0.0 0.0  
    0.0 0.0 0.0 0.0 0.0 0.0 0.0 0.0 0.0 0.0 0.0 0.0 0.0 0.0 0.0 0.0 0.0  
    0.0 0.0 0.0 
  WALPHA = 0.0 0.0 0.0 0.0 0.0 0.0 0.0 0.0 0.0 0.0 0.0 0.0 0.0 0.0 0.0  
    0.0 0.0 0.0 0.0 0.0 0.0 0.0 0.0 0.0 0.0 0.0 0.0 0.0 0.0 0.0 0.0 0.0  
    0.0 0.0 0.0 0.0 0.0 0.0 0.0 0.0 0.0 0.0 0.0 0.0 0.0 0.0 0.0 0.0 0.0  
    0.0 0.0 0.0 0.0 0.0 0.0 0.0 0.0 0.0 0.0 0.0 0.0 0.0 0.0 0.0 0.0 0.0  
    0.0 0.0 0.0 0.0 0.0 0.0 0.0 0.0 0.0 0.0 0.0 0.0 0.0 0.0 0.0 0.0 0.0  
    0.0 0.0 0.0 0.0 0.0 0.0 0.0 0.0 0.0 0.0 0.0 0.0 0.0 0.0 0.0 0.0 0.0  
    0.0 
  TALPHA = 0.0 0.0 0.0 0.0 0.0 0.0 0.0 0.0 0.0 0.0 0.0 0.0 0.0 0.0 0.0  
    0.0 0.0 0.0 0.0 0.0 0.0 0.0 0.0 0.0 0.0 0.0 0.0 0.0 0.0 0.0 0.0 0.0  
    0.0 0.0 0.0 0.0 0.0 0.0 0.0 0.0 0.0 0.0 0.0 0.0 0.0 0.0 0.0 0.0 0.0  
    0.0 0.0 0.0 0.0 0.0 0.0 0.0 0.0 0.0 0.0 0.0 0.0 0.0 0.0 0.0 0.0 0.0  
    0.0 0.0 0.0 0.0 0.0 0.0 0.0 0.0 0.0 0.0 0.0 0.0 0.0 0.0 0.0 0.0 0.0  
    0.0 0.0 0.0 0.0 0.0 0.0 0.0 0.0 0.0 0.0 0.0 0.0 0.0 0.0 0.0 0.0 0.0  
    0.0 
  CHIE = 0.0 0.0 0.0 0.0 0.0 0.0 0.0 0.0 0.0 0.0 0.0 0.0 0.0 0.0 0.0  
    0.0 0.0 0.0 0.0 0.0 0.0 0.0 0.0 0.0 0.0 0.0 0.0 0.0 0.0 0.0 0.0 0.0  
    0.0 0.0 0.0 0.0 0.0 0.0 0.0 0.0 0.0 0.0 0.0 0.0 0.0 0.0 0.0 0.0 0.0  
    0.0 0.0 0.0 0.0 0.0 0.0 0.0 0.0 0.0 0.0 0.0 0.0 0.0 0.0 0.0 0.0 0.0  
    0.0 0.0 0.0 0.0 0.0 0.0 0.0 0.0 0.0 0.0 0.0 0.0 0.0 0.0 0.0 0.0 0.0  
    0.0 0.0 0.0 0.0 0.0 0.0 0.0 0.0 0.0 0.0 0.0 0.0 0.0 0.0 0.0 0.0 0.0  
    0.0 
  CHII = 0.0 0.0 0.0 0.0 0.0 0.0 0.0 0.0 0.0 0.0 0.0 0.0 0.0 0.0 0.0  
    0.0 0.0 0.0 0.0 0.0 0.0 0.0 0.0 0.0 0.0 0.0 0.0 0.0 0.0 0.0 0.0 0.0  
    0.0 0.0 0.0 0.0 0.0 0.0 0.0 0.0 0.0 0.0 0.0 0.0 0.0 0.0 0.0 0.0 0.0  
    0.0 0.0 0.0 0.0 0.0 0.0 0.0 0.0 0.0 0.0 0.0 0.0 0.0 0.0 0.0 0.0 0.0  
    0.0 0.0 0.0 0.0 0.0 0.0 0.0 0.0 0.0 0.0 0.0 0.0 0.0 0.0 0.0 0.0 0.0  
    0.0 0.0 0.0 0.0 0.0 0.0 0.0 0.0 0.0 0.0 0.0 0.0 0.0 0.0 0.0 0.0 0.0  
    0.0 
  P_EQ = 0.0 0.0 0.0 0.0 0.0 0.0 0.0 0.0 0.0 0.0 0.0 0.0 0.0 0.0 0.0  
    0.0 0.0 0.0 0.0 0.0 0.0 0.0 0.0 0.0 0.0 0.0 0.0 0.0 0.0 0.0 0.0 0.0  
    0.0 0.0 0.0 0.0 0.0 0.0 0.0 0.0 0.0 0.0 0.0 0.0 0.0 0.0 0.0 0.0 0.0  
    0.0 0.0 0.0 0.0 0.0 0.0 0.0 0.0 0.0 0.0 0.0 0.0 0.0 0.0 0.0 0.0 0.0  
    0.0 0.0 0.0 0.0 0.0 0.0 0.0 0.0 0.0 0.0 0.0 0.0 0.0 0.0 0.0 0.0 0.0  
    0.0 0.0 0.0 0.0 0.0 0.0 0.0 0.0 0.0 0.0 0.0 0.0 0.0 0.0 0.0 0.0 0.0  
    0.0 
  J_TOT = 3723679.6357877604 3723679.6357877604 3723103.37581721  
    3721553.261396189 3719205.675020513 3716078.870136994  
    3712207.3647158863 3707612.039324885 3702302.831323254  
    3696283.7806257126 3689556.1533658234 3682120.2693931004  
    3673976.193027894 3665123.9345313613 3655563.4951548968  
    3645294.8751487755 3634318.074763221 3622633.0934977653  
    3610239.9311021147 3597138.588076783 3583329.064672018  
    3568811.3606375344 3553585.475723265 3537651.410179274  
    3521009.1640055585 3503658.7369519034 3485600.129268528  
    3466833.34095566 3447358.371762718 3427175.2219401384  
    3406283.891738269 3384684.380906618 3362376.689194978  
    3339360.8168537403 3315636.763883063 3291204.530032349  
    3266064.1155515523 3240215.52044118 3213658.74445117  
    3186393.7878313456 3158420.650581992 3129739.3327029636  
    3100349.834194214 3070252.1548054013 3039446.294786846  
    3007932.2541387193 2975710.0328609594 2942779.6309537874  
    2909141.0481664706 2874794.2844990483 2839739.339951946  
    2803976.2150256 2767504.9097192385 2730325.4235330014  
    2692437.7567173066 2653841.90927208 2614537.880947415  
    2574525.6717422195 2533805.281907087 2492376.711692917  
    2450239.9608489755 2407395.029125705 2363841.916522288  
    2319580.623288431 2274611.1496758177 2228933.4954328146  
    2182547.6603101296 2135453.644308735 2087651.4474266465  
    2039141.0699142392 1989922.5120228622 1939995.7735015266  
    1889360.8541007037 1838017.7538196018 1785966.4729085402  
    1733207.0116188098 1679739.3696992153 1625563.5468989804  
    1570679.5434688118 1515087.3594109893 1458786.9944725705  
    1401778.448903288 1344061.722705043 1285636.815877226  
    1226503.728420073 1166662.460082003 1106113.011115208  
    1044855.381418826 982889.5729190565 920215.6387003486  
    856834.2098509017 792750.0152140628 727988.0322085511  
    662648.1428582486 597043.7956172056 531965.953125477  
    469072.8719287185 411132.36481498566 362111.9974502297  
    327826.2619475514 302664.36739572935 
  RHO = 0.0 0.01 0.02 0.03 0.04 0.05 0.06 0.07 0.08 0.09 0.1 0.11 0.12  
    0.13 0.14 0.15 0.16 0.17 0.18 0.19 0.2 0.21 0.22 0.23 0.24 0.25  
    0.26 0.27 0.28 0.29 0.3 0.31 0.32 0.33 0.34 0.35 0.36 0.37 0.38  
    0.39 0.4 0.41 0.42 0.43 0.44 0.45 0.46 0.47 0.48 0.49 0.5 0.51 0.52  
    0.53 0.54 0.55 0.56 0.57 0.58 0.59 0.6 0.61 0.62 0.63 0.64 0.65  
    0.66 0.67 0.68 0.69 0.7 0.71 0.72 0.73 0.74 0.75 0.76 0.77 0.78  
    0.79 0.8 0.81 0.82 0.83 0.84 0.85 0.86 0.87 0.88 0.89 0.9 0.91 0.92  
    0.93 0.94 0.95 0.96 0.97 0.98 0.99 1.0 
  MODEL_PROFILE_NE = 'ped' 
  MODEL_PROFILE_TE = 'ped' 
  MODEL_PROFILE_TI = 'ped' 
  MODEL_PROFILE_DENSITY_BEAM = 'parab' 
  MODEL_PROFILE_J_TOT = 'parab' 
  MODEL_PROFILE_OMEGA = 'parab' 
  MODEL_PROFILE_ZEFF = 'const' 
  MODEL_PROFILE_TBEAMI = 'const' 
  MODEL_PROFILE_DENSITY_ALPHA = 'zero' 
  MODEL_PROFILE_WALPHA = 'zero' 
  MODEL_PROFILE_WBEAM = 'derived' 
  J_TOT_AXIS = 1.0 
  J_TOT_SEP = 0.05 
  J_TOT_ALPHA = 2.0 
  J_TOT_BETA = 1.0 
  DENSITY_BEAM_AXIS = 0.0 
  DENSITY_BEAM_SEP = 0.0 
  DENSITY_BEAM_ALPHA = 1.5 
  DENSITY_BEAM_BETA = 1.5 
  TBEAMI_AXIS = 20.0 
  DENSITY_ION_0 = 13.7978528241394 13.7978528241394 13.7708772502999  
    13.74198125549645 13.7111900966627 13.67852902573785  
    13.6440232946611 13.60769816536055 13.5695788897754  
    13.5296907148504 13.488058902513648 13.4447087096988  
    13.39966537835615 13.35295417540825 13.30460034779985  
    13.254629152464599 13.2030658413417 13.1499356713648  
    13.095263894473101 13.03907576760025 12.98139654268545  
    12.92225147666235 12.86166582147015 12.79966482904805  
    12.73627376132415 12.67151786024875 12.6054223927444  
    12.538012605755851 12.469313756216751 12.39935110106075  
    12.3281498872326 12.255735371665951 12.18213281129445  
    12.1073674580573 12.031464568888149 11.9544493957262  
    11.87634719051065 11.7971832151696 11.71698271165335  
    11.635770946884449 11.55357316780765 11.470414626362151  
    11.38632058447605 11.3013162890941 11.215426997149951  
    11.128677960582799 11.04109443133185 10.95270166633075  
    10.86352491252425 10.77358942185155 10.68292044625185  
    10.59154322767545 10.499483013067099 10.40676503938265  
    10.31341454357795 10.219456742631051 10.12491684852555  
    10.029820058261697 9.934191528884151 9.83805639745975  
    9.7414397261386 9.644366517137401 9.5468616578005 9.44894988563875  
    9.35065571341275 9.2520033542161 9.153016571641901 9.05371850997145  
    8.9541314494462 8.854276406711747 8.75417266533955 8.6538370166705  
    8.553282765919398 8.45251829377335 8.351545053617299  
    8.25035474467535 8.14892539636195 8.0472158444202 7.94515808941335  
    7.8426466785241 7.7395240418494 7.63556041471145 7.530426577949599  
    7.423657398435349 7.314604072141449 7.2023736013968005  
    7.08575610566115 6.9631456395148 6.8324705001033 6.6911678303592  
    6.5362670263170495 6.3646829812507 6.1738429790484  
    5.962726338924799 5.733205590062798 5.4912124309604975  
    5.24689990421715 5.013093887288449 4.80223750695546  
    4.62319574715133 4.4795365690382 
  DENSITY_ION_1 = 13.7978528241394 13.7978528241394 13.7708772502999  
    13.74198125549645 13.7111900966627 13.67852902573785  
    13.6440232946611 13.60769816536055 13.5695788897754  
    13.5296907148504 13.488058902513648 13.4447087096988  
    13.39966537835615 13.35295417540825 13.30460034779985  
    13.254629152464599 13.2030658413417 13.1499356713648  
    13.095263894473101 13.03907576760025 12.98139654268545  
    12.92225147666235 12.86166582147015 12.79966482904805  
    12.73627376132415 12.67151786024875 12.6054223927444  
    12.538012605755851 12.469313756216751 12.39935110106075  
    12.3281498872326 12.255735371665951 12.18213281129445  
    12.1073674580573 12.031464568888149 11.9544493957262  
    11.87634719051065 11.7971832151696 11.71698271165335  
    11.635770946884449 11.55357316780765 11.470414626362151  
    11.38632058447605 11.3013162890941 11.215426997149951  
    11.128677960582799 11.04109443133185 10.95270166633075  
    10.86352491252425 10.77358942185155 10.68292044625185  
    10.59154322767545 10.499483013067099 10.40676503938265  
    10.31341454357795 10.219456742631051 10.12491684852555  
    10.029820058261697 9.934191528884151 9.83805639745975  
    9.7414397261386 9.644366517137401 9.5468616578005 9.44894988563875  
    9.35065571341275 9.2520033542161 9.153016571641901 9.05371850997145  
    8.9541314494462 8.854276406711747 8.75417266533955 8.6538370166705  
    8.553282765919398 8.45251829377335 8.351545053617299  
    8.25035474467535 8.14892539636195 8.0472158444202 7.94515808941335  
    7.8426466785241 7.7395240418494 7.63556041471145 7.530426577949599  
    7.423657398435349 7.314604072141449 7.2023736013968005  
    7.08575610566115 6.9631456395148 6.8324705001033 6.6911678303592  
    6.5362670263170495 6.3646829812507 6.1738429790484  
    5.962726338924799 5.733205590062798 5.4912124309604975  
    5.24689990421715 5.013093887288449 4.80223750695546  
    4.62319574715133 4.4795365690382 
  DENSITY_IMP_0 = 0.0004143955638 0.0004143955638 0.0004135853973  
    0.00041271755415 0.0004117927929 0.00041081187195 0.0004097755497  
    0.00040868458485 0.00040753973580000003 0.0004063417608  
    0.00040509141855 0.0004037894676 0.00040243666605000003  
    0.00040103377274999997 0.00039958154595000003 0.0003980807442  
    0.0003965321259 0.0003949364496 0.00039329447370000005  
    0.00039160695675 0.00038987465715 0.00038809833345 0.00038627874405  
    0.00038441664735 0.00038251280205 0.00038056796625 0.0003785828988  
    0.00037655835795 0.00037449510225 0.00037239389025 0.0003702554802  
    0.00036808063065 0.00036587010015 0.0003636246471 0.00036134503005  
    0.00035903200740000006 0.00035668633755 0.0003543087792  
    0.00035190009045 0.00034946103015 0.00034699235655000004  
    0.00034449482805 0.00034196920335 0.0003394162407 0.00033683669865  
    0.0003342313356 0.00033160090995 0.00032894618025000003  
    0.00032626790475 0.00032356684185000004 0.00032084374995  
    0.00031809938715 0.0003153345117 0.00031254988155  
    0.00030974625465000005 0.00030692438835000003 0.00030408503985  
    0.0003012289658999999 0.00029835692205000005 0.00029546966325000003  
    0.00029256794219999997 0.0002896525098 0.0002867241135  
    0.00028378349625000004 0.00028083139425 0.0002778685347  
    0.0002748956313 0.00027191337915 0.0002689224474  
    0.0002659234672499999 0.00026291701785 0.0002599036035  
    0.0002568836238 0.00025385733045 0.00025082476709999997  
    0.00024778568445000003 0.00024473942265 0.00024168474540000004  
    0.00023861961045 0.0002355408507 0.0002324437338 0.00022932135915  
    0.00022616383919999997 0.00022295720444999998 0.00021968196915  
    0.0002163113136 0.00021280890105 0.00020912649960000003  
    0.0002052018891 0.0002009580984 0.00019630591035 0.0001911526689  
    0.0001854211068 0.0001790805696 0.00017218729559999993  
    0.00016491943349999992 0.00015758191305 0.00015055993815  
    0.00014422721742 0.00013884999591 0.0001345354314 
  DENSITY_TH = 27.5961200438426 27.5961200438426 27.5421680859971  
    27.484375228547048 27.4227919861183 27.357468863347652  
    27.288456364871898 27.21580501530595 27.1395653192866  
    27.0597877714616 26.976522896445847 26.8898212088652  
    26.79973319337835 26.70630938458925 26.60960027714565  
    26.5096563856734 26.406528214809303 26.300266279179198  
    26.1909210834199 26.07854314215725 25.96318296002805  
    25.84489105165815 25.723717921684347 25.59971407474345  
    25.47293003545035 25.34341628846375 25.2112233683876  
    25.07640176986965 24.939002007535752 24.79907459601175  
    24.6566700299454 24.511838823962552 24.36463149268905  
    24.2150985407617 24.063290482806348 23.9092578234598  
    23.75305106735885 23.5947207391184 23.43431732339715  
    23.27189135479905 23.107493327971852 22.94117374755235  
    22.77298313815545 22.6029719944289 22.431190830998553  
    22.257690152501198 22.082520463573648 21.90573227884175  
    21.72737609295325 21.54750241054495 21.366161736253652  
    21.18340455473805 20.9992813606459 20.81384262864685  
    20.62713883341055 20.439220409650453 20.25013778209095  
    20.059941345489293 19.86868141469035 19.67640826458275  
    19.4831720202194 19.2890226867846 19.0940100397145  
    18.898183554773752 18.70159225821975 18.5042845769669  
    18.306308038915102 18.10770893332205 17.9085318213398  
    17.708818736890745 17.508608247696948 17.3079339369445  
    17.106822415462595 16.90529044487715 16.703340932001698  
    16.50095727503515 16.29809553214655 16.094673373585803  
    15.89055479843715 15.6855288978989 15.4792805274326  
    15.27135015078205 15.061079319738397 14.847537754075148  
    14.629427826252048 14.404963514107202 14.17172502022335  
    13.9265004055292 13.6651462020957 13.3825366188168  
    13.07273035854445 12.729557115170302 12.3478713792036  
    11.925631758419199 11.466583367421196 10.982589781354495  
    10.49395739034735 10.02633833451505 9.60461924112834  
    9.24653034429857 8.9592076735078 
  NI = 27.5957056482788 27.5957056482788 27.5417545005998  
    27.4839625109929 27.4223801933254 27.3570580514757 27.2880465893222  
    27.2153963307211 27.1391577795508 27.0593814297008  
    26.976117805027297 26.8894174193976 26.7993307567123  
    26.7059083508165 26.6092006955997 26.509258304929197  
    26.4061316826834 26.2998713427296 26.190527788946202  
    26.0781515352005 25.9627930853709 25.8445029533247 25.7233316429403  
    25.5993296580961 25.4725475226483 25.3430357204975 25.2108447854888  
    25.076025211511702 24.938627512433502 24.7987022021215  
    24.6562997744652 24.511470743331902 24.3642656225889  
    24.2147349161146 24.062929137776297 23.9088987914524  
    23.7526943810213 23.5943664303392 23.4339654233067  
    23.271541893768898 23.1071463356153 22.940829252724303  
    22.7726411689521 22.6026325781882 22.430853994299902  
    22.257355921165598 22.0821888626637 21.9054033326615  
    21.7270498250485 21.5471788437031 21.3658408925037 21.1830864553509  
    20.998966026134198 20.8135300787653 20.6268290871559  
    20.438913485262102 20.2498336970511 20.059640116523394  
    19.868383057768302 19.6761127949195 19.4828794522772  
    19.288733034274802 19.093723315601 18.8978997712775  
    18.7013114268255 18.5040067084322 18.306033143283802  
    18.1074370199429 17.9082628988924 17.708552813423495  
    17.5083453306791 17.307674033341 17.106565531838797  
    16.9050365875467 16.703090107234598 16.5007094893507  
    16.2978507927239 16.0944316888404 15.8903161788267 15.6852933570482  
    15.4790480836988 15.2711208294229 15.060853155899197  
    14.847314796870698 14.629208144282899 14.404747202793601  
    14.1715122113223 13.9262912790296 13.6649410002066 13.3823356607184  
    13.072534052634099 12.7293659625014 12.3476859580968  
    11.925452677849599 11.466411180125595 10.982424861920995  
    10.4937998084343 10.026187774576899 9.60447501391092  
    9.24639149430266 8.9590731380764 
  NZ = 0.0004143955638 0.0004143955638 0.0004135853973 0.00041271755415  
    0.0004117927929 0.00041081187195 0.0004097755497 0.00040868458485  
    0.00040753973580000003 0.0004063417608 0.00040509141855  
    0.0004037894676 0.00040243666605000003 0.00040103377274999997  
    0.00039958154595000003 0.0003980807442 0.0003965321259  
    0.0003949364496 0.00039329447370000005 0.00039160695675  
    0.00038987465715 0.00038809833345 0.00038627874405 0.00038441664735  
    0.00038251280205 0.00038056796625 0.0003785828988 0.00037655835795  
    0.00037449510225 0.00037239389025 0.0003702554802 0.00036808063065  
    0.00036587010015 0.0003636246471 0.00036134503005  
    0.00035903200740000006 0.00035668633755 0.0003543087792  
    0.00035190009045 0.00034946103015 0.00034699235655000004  
    0.00034449482805 0.00034196920335 0.0003394162407 0.00033683669865  
    0.0003342313356 0.00033160090995 0.00032894618025000003  
    0.00032626790475 0.00032356684185000004 0.00032084374995  
    0.00031809938715 0.0003153345117 0.00031254988155  
    0.00030974625465000005 0.00030692438835000003 0.00030408503985  
    0.0003012289658999999 0.00029835692205000005 0.00029546966325000003  
    0.00029256794219999997 0.0002896525098 0.0002867241135  
    0.00028378349625000004 0.00028083139425 0.0002778685347  
    0.0002748956313 0.00027191337915 0.0002689224474  
    0.0002659234672499999 0.00026291701785 0.0002599036035  
    0.0002568836238 0.00025385733045 0.00025082476709999997  
    0.00024778568445000003 0.00024473942265 0.00024168474540000004  
    0.00023861961045 0.0002355408507 0.0002324437338 0.00022932135915  
    0.00022616383919999997 0.00022295720444999998 0.00021968196915  
    0.0002163113136 0.00021280890105 0.00020912649960000003  
    0.0002052018891 0.0002009580984 0.00019630591035 0.0001911526689  
    0.0001854211068 0.0001790805696 0.00017218729559999993  
    0.00016491943349999992 0.00015758191305 0.00015055993815  
    0.00014422721742 0.00013884999591 0.0001345354314 
  DENSITY_HE = 2.957425177617052 2.9562083698352555 2.9431977900962965  
    2.9274379552493075 2.909138457790429 2.8885039789954097  
    2.865219967058432 2.8368680502918138 2.8003667593338304  
    2.752329933587631 2.688818165525067 2.6106513900275745  
    2.523433784354662 2.430230852517692 2.3348394900866714  
    2.2418642812514618 2.151809677334023 2.0618595438136547  
    1.9722165268560992 1.8830719697670941 1.7946042814550822  
    1.7071397177600065 1.6209506538763299 1.536104226893481  
    1.4526423574522709 1.3705841373859162 1.290079917358338  
    1.211439162099829 1.1348950627750363 1.0606657403064605  
    0.9889510234783336 0.9199291776201184 0.853823355877132  
    0.7908612035112917 0.7312346297631593 0.6750960285222672  
    0.6225177125712915 0.5734516114097061 0.5278176369798712  
    0.4855111623374269 0.446406942275288 0.4103000895601467  
    0.37694731961634487 0.3461530489358061 0.31772458044226154  
    0.2914747348668669 0.2672409291683537 0.24487112061644423  
    0.2242064889187939 0.20509834768069574 0.18740872048400872  
    0.1710417320288529 0.15592991020292987 0.14198873566358985  
    0.12913741939494316 0.11729913974066171 0.10639810613893881  
    0.09636452855159672 0.08713646478992224 0.07865570445623987  
    0.07086772534694162 0.0637216851366782 0.05717191313734475  
    0.05117632617979834 0.04569539855856272 0.04069208124590304  
    0.03613186187594719 0.03198218892725278 0.028212472246300423  
    0.024794300178613057 0.021701302355396825 0.018909031421793867  
    0.016393903140240505 0.014133896839786542 0.012108962611390474  
    0.01030081354947739 0.008693485603636496 0.0072702845442885414  
    0.006014957864653995 0.004913488795320392 0.003953697505498515  
    0.003125463234699655 0.0024158629356150554 0.001813182872013858  
    0.0013093638469781404 0.0008986744961531453 0.000554722163361441  
    0.00029105879310386347 0.0001266119201024624 4.411353800646579e-05  
    1.1838695571203934e-05 5.549579128612936e-06 2.4314365103450827e-06  
    9.864400072548842e-07 3.6319908669188144e-07 1.1388164944976904e-07  
    2.4438028463247185e-08 1.8867291954686772e-09  
    1.8516120820846933e-11 4.813714513648649e-14 8.717779435264965e-16 
  _NZ_0 = 0.0035472442761086296 0.0035472442761086296  
    0.003540309215188897 0.0035328804396050845 0.0035249644425785994  
    0.0035165677160468407 0.0035076967519472087 0.0034983580447851166  
    0.0034885580864979647 0.0034783033677391454 0.0034676003830140727  
    0.0034564556255441527 0.003444875584698773 0.003432866756267352  
    0.0034204356309032835 0.0034075887018279742 0.003394332460978825  
    0.0033806734015772405 0.003366618015560622 0.0033521727961503753  
    0.0033373442352839008 0.003322138826182605 0.0033065630607838877  
    0.003290623431025149 0.0032743264314118023 0.0032576785513132337  
    0.003240686286518863 0.0032233561276820842 0.003205694568024303  
    0.0031877081007669265 0.003169403216563348 0.003150786408634974  
    0.0031318641702032107 0.0031126429932054585 0.003093129370863123  
    0.003073329795113606 0.0030532507578943054 0.003032898753710636  
    0.0030122802719319834 0.0029914018083477675 0.0029702698536113827  
    0.0029488908996602274 0.0029272714409997154 0.0029054179682832405  
    0.0028833369747322084 0.0028610349522840196 0.002838518392876074  
    0.002815793789729778 0.0027928676334985254 0.002769746416119715  
    0.002746436629530748 0.00272294476310101 0.002699277307483895  
    0.0026754407507647835 0.0026514415810290548 0.0026272862812260628  
    0.002602981333021155 0.002578533214227658 0.0025539483923868473  
    0.0025292333299039697 0.0025043944699241743 0.0024794382401845316  
    0.0024543710388899584 0.002429199225725175 0.002403929102594603  
    0.002378566894362268 0.0023531187103316025 0.002327590500589218  
    0.0023019879930885837 0.002276316590929497 0.0022505812516614657  
    0.002224786292114698 0.002198935132882792 0.002173029928528833  
    0.002147071052698743 0.002121056371373543 0.0020949802362081734  
    0.0020688320644201875 0.002042594374259644 0.0020162400552110648  
    0.0019897285981500365 0.001963000933636657 0.001935972423807478  
    0.0019085234891272837 0.0018804873307179213 0.001851634370766251  
    0.0018216535650920024 0.0017901320465070424 0.001756537207787196  
    0.0017202101724986536 0.0016803872379082918 0.0016362752641475384  
    0.0015872128401535435 0.0015329375624842851 0.0014739308334644975  
    0.0014117176138118508 0.0013489081156154508 0.001288799701223676  
    0.001234591332881855 0.00118856207994342 0.001151629217724399 
  PNBE = 0.0 
  PNBI = 0.0 
  PRFE = 10.892265238033788 
  PRFI = 29.161322533559304 
  PFUSE = 32.942585738635586 
  PFUSI = 10.682426870216805 
  PEI = -5.296819797353536 
  PRAD = -11.14381912972132 
  AREA = 240.4843365 
/





