&IN1
  ICONVR = 3 
  MXITER = -1 
  NXITER = 51 
  ERROR = 0.0001 
  RELAX = 0.5 
  IOUT = 4 
  ICURRT = 2 
  KPPFNC = 6 
  KPPCUR = 3 
  KFFFNC = 6 
  KFFCUR = 3 
  ISHOT = 1 
  ITIME = 3 
  ITIMEU = 0 
  ITEK = 0 
  ITRACE = 1 
  PLASMA = 10000000.0 
  BTOR = 11.0 
  RCENTR = 4.55 
  RZERO = 4.55 
  LIMITR = 5 
  XLIM = 6.0 3.5 3.5 6.0 6.0 
  YLIM = 1.93 1.93 -1.93 -1.93 1.93 
  NBDRY = 15 
  RBDRY = 5.75 5.717889612279765 5.599231274196216 5.333894952548324  
    4.862048988436734 4.215741544340384 3.606248672667517  
    3.3499999999999996 3.606248672667517 4.215741544340384  
    4.862048988436735 5.333894952548324 5.599231274196216  
    5.717889612279765 5.75 
  ZBDRY = 0.0 0.7289246817174976 1.3134768905462901 1.6378788924654637  
    1.6378788924654637 1.3134768905462901 0.7289246817174978  
    2.0574066225675533e-16 -0.7289246817174975 -1.31347689054629  
    -1.6378788924654637 -1.6378788924654637 -1.3134768905462901  
    -0.728924681717498 0.0 
  IERCHK = 0 
  NEXTRA = 0 
  SCRAPE = 0.01 
  PSIBRY = 0.0 
  CFCOIL = -10.0 
  ENP = 1.0 
  EMP = 1.0 
  FCURBD = 0 
  PCURBD = 0 
  FCZERO = 1.0 1.0 1.0 1.0 1.0 1.0 1.0 1.0 1.0 1.0 1.0 1.0 1.0 1.0 1.0  
    1.0 
  FCSUM = 1.0 1.0 1.0 1.0 1.0 1.0 1.0 1.0 1.0 1.0 1.0 1.0 1.0 1.0 1.0  
    1.0 
  IFREF = 2 
  PRBDRY = 5264.439127451466 
  KBETAPR = 1 
  FWTBDRY = 1.0 1.0 1.0 1.0 1.0 1.0 1.0 1.0 1.0 1.0 1.0 1.0 1.0 1.0 1.0 
  FWTBDRY(2) = 10.0 
  FWTBDRY(3) = 10.0 
  FWTBDRY(4) = 10.0 
  FWTBDRY(5) = 10.0 
  FWTBDRY(9) = 10.0 
  FWTBDRY(10) = 10.0 
  FWTBDRY(11) = 10.0 
  FWTBDRY(12) = 10.0 
/

&PROFILE_EXT
  NPSI_EXT = 257 
  PSIN_EXT = 0.0 0.00390625 0.0078125 0.01171875 0.015625 0.01953125  
    0.0234375 0.02734375 0.03125 0.03515625 0.0390625 0.04296875  
    0.046875 0.05078125 0.0546875 0.05859375 0.0625 0.06640625  
    0.0703125 0.07421875 0.078125 0.08203125 0.0859375 0.08984375  
    0.09375 0.09765625 0.1015625 0.10546875 0.109375 0.11328125  
    0.1171875 0.12109375 0.125 0.12890625 0.1328125 0.13671875 0.140625  
    0.14453125 0.1484375 0.15234375 0.15625 0.16015625 0.1640625  
    0.16796875 0.171875 0.17578125 0.1796875 0.18359375 0.1875  
    0.19140625 0.1953125 0.19921875 0.203125 0.20703125 0.2109375  
    0.21484375 0.21875 0.22265625 0.2265625 0.23046875 0.234375  
    0.23828125 0.2421875 0.24609375 0.25 0.25390625 0.2578125  
    0.26171875 0.265625 0.26953125 0.2734375 0.27734375 0.28125  
    0.28515625 0.2890625 0.29296875 0.296875 0.30078125 0.3046875  
    0.30859375 0.3125 0.31640625 0.3203125 0.32421875 0.328125  
    0.33203125 0.3359375 0.33984375 0.34375 0.34765625 0.3515625  
    0.35546875 0.359375 0.36328125 0.3671875 0.37109375 0.375  
    0.37890625 0.3828125 0.38671875 0.390625 0.39453125 0.3984375  
    0.40234375 0.40625 0.41015625 0.4140625 0.41796875 0.421875  
    0.42578125 0.4296875 0.43359375 0.4375 0.44140625 0.4453125  
    0.44921875 0.453125 0.45703125 0.4609375 0.46484375 0.46875  
    0.47265625 0.4765625 0.48046875 0.484375 0.48828125 0.4921875  
    0.49609375 0.5 0.50390625 0.5078125 0.51171875 0.515625 0.51953125  
    0.5234375 0.52734375 0.53125 0.53515625 0.5390625 0.54296875  
    0.546875 0.55078125 0.5546875 0.55859375 0.5625 0.56640625  
    0.5703125 0.57421875 0.578125 0.58203125 0.5859375 0.58984375  
    0.59375 0.59765625 0.6015625 0.60546875 0.609375 0.61328125  
    0.6171875 0.62109375 0.625 0.62890625 0.6328125 0.63671875 0.640625  
    0.64453125 0.6484375 0.65234375 0.65625 0.66015625 0.6640625  
    0.66796875 0.671875 0.67578125 0.6796875 0.68359375 0.6875  
    0.69140625 0.6953125 0.69921875 0.703125 0.70703125 0.7109375  
    0.71484375 0.71875 0.72265625 0.7265625 0.73046875 0.734375  
    0.73828125 0.7421875 0.74609375 0.75 0.75390625 0.7578125  
    0.76171875 0.765625 0.76953125 0.7734375 0.77734375 0.78125  
    0.78515625 0.7890625 0.79296875 0.796875 0.80078125 0.8046875  
    0.80859375 0.8125 0.81640625 0.8203125 0.82421875 0.828125  
    0.83203125 0.8359375 0.83984375 0.84375 0.84765625 0.8515625  
    0.85546875 0.859375 0.86328125 0.8671875 0.87109375 0.875  
    0.87890625 0.8828125 0.88671875 0.890625 0.89453125 0.8984375  
    0.90234375 0.90625 0.91015625 0.9140625 0.91796875 0.921875  
    0.92578125 0.9296875 0.93359375 0.9375 0.94140625 0.9453125  
    0.94921875 0.953125 0.95703125 0.9609375 0.96484375 0.96875  
    0.97265625 0.9765625 0.98046875 0.984375 0.98828125 0.9921875  
    0.99609375 1.0 
  PPRIME_EXT = 734283.376342999 723945.0535803847 713728.2428524995  
    703632.9441593429 693659.1575009156 683806.882877217  
    674076.1202882475 664466.8697340069 654979.1312144953  
    645612.9047297125 636368.1902796589 627244.9878643341  
    618243.2974837383 609363.1191378714 600604.4528267335  
    591967.2985503246 583451.6563086447 575057.5261016935  
    566784.9079294715 558633.8017919784 550604.2076892143  
    542696.125621179 534909.5555878729 527244.4975892955  
    519700.95162544714 512278.9176963278 505184.389745248  
    498620.2852173813 492244.63114426786 485972.67669761286  
    479676.02956703096 473153.8364349506 466403.0374724617  
    459483.2412846364 452557.24568541336 445796.8820465719  
    439237.6422069862 432944.37973628 426908.734386145  
    421062.9312182189 415428.67178642424 409961.288076106  
    404621.6389376962 399444.98715420277 394361.1023054007  
    389406.5368331425 384566.5972009662 379829.7771518513  
    375219.6673931063 370697.4755271081 366294.7379675243  
    361971.37328923645 357748.1010306879 353602.9639827948  
    349538.7285380508 345555.13361663267 341642.02654914034  
    337817.3675897564 334051.6704846923 330385.0323556331  
    326770.3808454507 323248.35973135394 319783.2179188358  
    316388.83644568396 313069.4177470936 309789.89196428366  
    306606.045119801 303445.4251683926 300377.51977250073  
    297351.28285079857 294374.7772008049 291488.9487253007  
    288607.8149965522 285814.87042935414 283067.06399951724  
    280340.10558930243 277705.90636198805 275080.49543939007  
    272503.79873800033 270003.3062410031 267495.46438200236  
    265049.88214956736 262664.2831199921 260272.95050343458  
    257948.99517927994 255673.88833698398 253389.04232918943  
    251166.00990100304 248991.95214836264 246809.99848982404  
    244681.9620709579 242606.1501769211 240519.46792627644  
    238468.65449098393 236479.45726298302 234490.49525787873  
    232514.94207203022 230598.57277131476 228698.37978200184  
    226794.88518439006 224940.43663351677 223125.01725358935  
    221300.3779620844 219495.66999718998 217745.27484504998  
    216010.1919404967 214267.94621377566 212560.3508533308  
    210896.11869060507 209234.3822147446 207575.49414692345  
    205956.46073935696 204370.1239621521 202783.61185029882  
    201208.33427565385 199672.91134979797 198161.91073130214  
    196647.38549885567 195143.0910728465 193671.28203820167  
    192216.27779889107 190754.37141939747 189295.95051861316  
    187863.71302112687 186449.41021575147 185029.89130957072  
    183608.3256314489 182207.45572038513 180827.17351105384  
    179443.04059748107 178047.65333767055 176662.26523917256  
    175296.28336174495 173928.5165842616 172546.78863620025  
    171168.62019005604 169811.821355819 168464.98574101445  
    167111.98655470996 165760.57946461125 164429.6895745616  
    163117.30697484288 161807.67545603093 160497.6538766063  
    159195.9344885909 157913.83968368336 156647.1613643114  
    155382.86336616607 154119.3232409577 152871.63269112445  
    151649.76180013746 150440.0316342992 149230.756661887  
    148029.4442790568 146849.54955748236 145687.9466986359  
    144532.77320912306 143380.80745349388 142234.39845769474  
    141104.20741038944 139992.7159950423 138886.74577923637  
    137779.45688034617 136680.44057405513 135601.80148000133  
    134536.90127479396 133475.17202129323 132417.01530456363  
    131366.6228515788 130331.97173015628 129312.55895606456  
    128297.64646014967 127282.13125527027 126275.21798098889  
    125287.85948483458 124312.61814176483 123340.58287103401  
    122374.01293129659 121417.50383022019 120477.66914682946  
    119555.26866119046 118642.98137227708 117736.23892173686  
    116843.63218656575 115977.54506189756 115132.69135397093  
    114300.00105954491 113481.55654681505 112683.11652041948  
    111910.99420947485 111163.56675924046 110434.46633117233  
    109722.04334694578 109033.68470330298 108380.51515490352  
    107763.86653418516 107180.06125285727 106629.9415518171  
    106123.82231441991 105672.34924879065 105273.06802629586  
    104919.69199256718 104617.56940562071 104382.23983287788  
    104218.36399337213 104128.52566405809 104133.39742857259  
    104250.5958600763 104485.25991560853 104885.24138870317  
    105500.12845628793 106334.25685251548 107386.91443663243  
    108644.23616348277 110099.63894973997 111726.90542532482  
    113678.41859371348 116215.19290671949 119396.98066208066  
    123220.14310709808 127788.60348661923 133182.7372015746  
    139461.24313034565 146370.49259505275 153416.7758704163  
    160478.8926196017 167593.3689070449 174644.82747668173  
    181524.90102853952 188240.68755221294 194733.914649075  
    200883.59797097713 206654.376805306 211971.1973815855  
    216406.47195828328 219653.78336774773 221730.22602962703  
    222417.8513415765 221474.00565661915 218845.87910403433  
    214543.04422661214 208678.8161205909 201328.01373231824  
    192469.61646639436 182340.27046578276 171209.66711805994  
    158982.00836670067 146338.49204367268 134341.8434999253  
    123385.87918858636 112808.64408479432 100641.36415250463  
    85907.8756912041 68712.36653901219 48935.42970601214  
    26485.085556283084 1361.3340886682272 
  FFPRIM_EXT = 1.7584270984487247 1.9954235277681247 2.2238412449423213  
    2.4484981246572914 2.6694144368597144 2.886596263264796  
    3.1000491240811487 3.3097821670368837 3.5157988176757247  
    3.718114384773944 3.9167259616319035 4.111638926721124  
    4.30285922230269 4.490392048952173 4.674244337967917  
    4.854420961555334 5.0309269838385156 5.2037682174656315  
    5.372949494620091 5.538477256611172 5.700356550924273  
    5.858590946775218 6.013187793684035 6.164148980294754  
    6.311481202494299 6.455185847795173 6.589478679393453  
    6.708674939941805 6.822397019060075 6.933032254349439  
    7.04418765050727 7.161490056599369 7.2850148611402075  
    7.413090159089529 7.541151262212608 7.664386779218836  
    7.781814749546097 7.891626803027106 7.994061731953579  
    8.0910223315642 8.181905039488974 8.267959855160573  
    8.35028977090752 8.42790933702494 8.502781706897306  
    8.573892749120123 8.641647867037083 8.706378583791434  
    8.767423183328432 8.825869780517795 8.880838373476173  
    8.933447788017153 8.983124749659718 9.030478921773028  
    9.075439868049283 9.118010396732041 9.158479125705613  
    9.196343788544851 9.23242967075134 9.265621760859007  
    9.297227405626959 9.326124026958116 9.35329769245682  
    9.378375222248888 9.401228256958142 9.422842239122975  
    9.441660291826565 9.459697090248957 9.475028779258803  
    9.489063004341165 9.501589965459466 9.511463649654083  
    9.521074200932434 9.528113261055825 9.533763250848066  
    9.538705626275735 9.540939181769755 9.542788775893612  
    9.543163728830041 9.541293197333275 9.539492657939112  
    9.535842120664244 9.53038961193905 9.524957672364895  
    9.517530934627157 9.508614115411003 9.499835769130753  
    9.489220545067884 9.477106127547376 9.465069930932561  
    9.451414995586653 9.436177437572118 9.421100065606925  
    9.40490041399811 9.38685719247952 9.368661665295381  
    9.349963130723497 9.329496461643755 9.308436953940202  
    9.287326202794068 9.264723261869317 9.240897769674518  
    9.217181848650853 9.192779704729276 9.166736410068122  
    9.14011874570205 9.11355294761625 9.08589357160075  
    9.056890487158999 9.027663060778355 8.998209912692836  
    8.967516999946756 8.935772700449618 8.903876988450117  
    8.871522604836443 8.837923918759312 8.803497141920817  
    8.769007535264537 8.734083015796655 8.698111515618887  
    8.661515577861024 8.624944932107333 8.588120902017014  
    8.550420183487638 8.512059962784544 8.473671805856682  
    8.435173954946505 8.39594632207011 8.355985329049382  
    8.315953066033867 8.27605485301832 8.235713878023802  
    8.194668053446573 8.153487677067453 8.112507506751436  
    8.071255700583988 8.029244148322142 7.986772830451743  
    7.944281011096085 7.901564513308707 7.858110164987833  
    7.8139620626540305 7.769544179358635 7.724946686415401  
    7.679937740129704 7.634205160383413 7.587854068136487  
    7.541237274832403 7.49440332751095 7.4469460043499485  
    7.398589305823279 7.349696367764331 7.3005853075589755  
    7.251057029566017 7.200745702719749 7.149726609833395  
    7.098317056542751 7.046607077130442 6.9945365114907325  
    6.941816633723629 6.888372051113613 6.834551042561513  
    6.780539975298373 6.7260859222679485 6.670862995641725  
    6.615037449693292 6.558889996488543 6.5024137895608565  
    6.445499275679752 6.387927116943435 6.329701109780359  
    6.271108460595689 6.212289941101821 6.153000016331746  
    6.092937652891431 6.032294556061823 5.971309938706396  
    5.909925080131696 5.848016757186519 5.785405063093506  
    5.722062813644998 5.658180229284889 5.593881015864838  
    5.528939548132868 5.46302263362799 5.396259287195831  
    5.328889741411706 5.260862822384137 5.192027754463556  
    5.122209900507178 5.051442857796282 4.979896217069324  
    4.907618273931533 4.834413517754221 4.759977358201194  
    4.684269237436393 4.607390419525968 4.529321889145539  
    4.449788169444924 4.3685016011878615 4.285524100598025  
    4.201024656247651 4.114866650118445 4.026640872108127  
    3.936219096050195 3.84352893133246 3.748027901316825  
    3.6492587035332953 3.5470904365375437 3.4402527493533026  
    3.327435761774388 3.208536869977919 3.0835867504186494  
    2.9529543620590504 2.81681168012049 2.6758722611762726  
    2.5261199597961643 2.3606619996881353 2.1779388045100276  
    1.9780680667549875 1.7583216845933474 1.5165946398612347  
    1.2513403005018795 0.9692456092398927 0.6833434547482035  
    0.3968040139572776 0.10861323242290338 -0.17821792860642022  
    -0.4608704265794479 -0.739593513712185 -1.012919588460123  
    -1.2777401315690007 -1.5332208488150738 -1.7774872009218874  
    -1.9993740690304682 -2.190954302766669 -2.3528203800371186  
    -2.4793055923524303 -2.5640399345439766 -2.605622706325948  
    -2.6042360003189446 -2.562702010472697 -2.482784865186587  
    -2.363673666616007 -2.211079291772865 -2.031200677786338  
    -1.82038427567287 -1.5952322580840987 -1.3828159855440745  
    -1.193215829259774 -1.0088151824470835 -0.7774558676215052  
    -0.471061572205159 -0.09112933736296039 0.368984138608235  
    0.9216711501842385 1.5669316973614968 
/

