&INEFIT
  IP = 10000000.0 
  R0 = 4.55 
  B0 = 11.0 
  NRHO = 101 
  RHO = 0.0 0.01 0.02 0.03 0.04 0.05 0.06 0.07 0.08 0.09 0.1 0.11 0.12  
    0.13 0.14 0.15 0.16 0.17 0.18 0.19 0.2 0.21 0.22 0.23 0.24 0.25  
    0.26 0.27 0.28 0.29 0.3 0.31 0.32 0.33 0.34 0.35000000000000003  
    0.36 0.37 0.38 0.39 0.4 0.41000000000000003 0.42 0.43 0.44 0.45  
    0.46 0.47000000000000003 0.48 0.49 0.5 0.51 0.52 0.53 0.54 0.55  
    0.56 0.5700000000000001 0.58 0.59 0.6 0.61 0.62 0.63 0.64 0.65 0.66  
    0.67 0.68 0.6900000000000001 0.7000000000000001 0.71 0.72 0.73 0.74  
    0.75 0.76 0.77 0.78 0.79 0.8 0.81 0.8200000000000001  
    0.8300000000000001 0.84 0.85 0.86 0.87 0.88 0.89 0.9 0.91 0.92 0.93  
    0.9400000000000001 0.9500000000000001 0.96 0.97 0.98 0.99 1.0 
  PRESS = 1674842.5145317742 1673470.2026652622 1668938.5265327827  
    1661796.3369921427 1653017.7592976145 1642630.75676533  
    1630668.5341036622 1617169.6844861382 1602177.6661700401  
    1585740.1987012536 1567909.5280223477 1548741.9564951602  
    1528295.3197717147 1506627.9711912496 1483800.0710850835  
    1459874.3711373324 1434916.507172745 1408994.6843527956  
    1382178.6666623082 1354539.2368991578 1326148.3112863982  
    1297079.287997999 1267406.6467471863 1237204.912741067  
    1206548.1927280596 1175510.0310257343 1144162.9822481824  
    1112578.0847503564 1080824.6654610904 1048970.3589245093  
    1017204.9094246773 985947.4378460543 955576.056624749  
    926191.0410435527 897762.2379287774 870252.442349894  
    843609.3359690111 817777.9746557106 792715.4118703195  
    768385.4171541374 744760.9849687236 721835.4013444302  
    699607.8110396588 678064.3864107495 657183.7400417101  
    636944.4485913235 617325.6372881002 598308.2467883889  
    579874.9000590702 562008.7416780227 544691.9100100205  
    527902.3761537636 511613.0438776274 495795.1299947038  
    480420.36671970383 465456.1755369167 450864.07472919865  
    436613.9907963626 422691.97075203335 409090.467073838  
    395806.7922409409 382849.4895827773 370231.0508668595  
    357957.4554771275 346030.4568290727 334450.761177234  
    323214.4685103017 312310.44733972684 301723.48661799455  
    291437.9556424428 281436.07151318924 271695.47667598503  
    262194.06345681945 252914.73203631086 243842.92724550152  
    234964.88947252228 226269.03667778414 217745.50713149327  
    209384.01680817336 201172.9938076411 193099.42271650926  
    185147.98855898992 177299.88796310834 169531.86238835714  
    161815.16264574553 154111.33971226084 146369.7817439303  
    138534.09346171928 130545.28446966172 122338.06489196626  
    113860.3012642639 105097.13701425718 96057.85492564975  
    86788.90882227929 77433.81619092409 65224.75841192203  
    48432.29839504995 31729.570962622238 18759.28444693172  
    9397.285094643137 5618.545566461582 
  JPAR = 3694020.391901874 3693890.0907753515 3693275.4894982222  
    3691892.113088116 3689709.083770186 3686756.7867408604  
    3683041.9843838657 3678576.7901506806 3673372.2604755345  
    3667438.054235856 3660782.110474899 3653410.524631704  
    3645327.704957918 3636536.6574577657 3627039.317859355  
    3616836.864260666 3605929.9744886393 3594319.0174767636  
    3582004.1832266967 3568985.564112522 3555263.202662603  
    3540837.117451823 3525707.315922684 3509873.800952102  
    3493336.5737283025 3476095.6345014907 3458150.98320916  
    3439502.61997633 3420150.5449281293 3400094.7580020763  
    3379335.2591980407 3357872.0486410935 3335705.1263939245  
    3312834.492393907 3289260.1465158565 3264982.0887599043  
    3240000.319188656 3214314.8377394616 3187925.6444748533  
    3160832.739645052 3133036.1232500765 3104535.7949771634  
    3075331.7545759333 3045424.0020466456 3014812.5376397083  
    2983497.361667519 2951478.4741300554 2918755.874714655  
    2885329.5632335083 2851199.539874316 2816365.804950084  
    2780828.358460835 2744587.2000935157 2707642.3296605656  
    2669993.747287332 2631641.453098803 2592585.4470323413  
    2552825.7291501584 2512362.299639989 2471195.1584399543  
    2429324.3054246525 2386749.74059381 2343471.463885283  
    2299489.4752362967 2254803.7746465057 2209414.3622411056  
    2163321.2382705244 2116524.402734887 2069023.855321277  
    2020819.5958422394 1971911.6244229618 1922299.9412505543  
    1871984.5463878033 1820965.4398351319 1769242.6217170532  
    1716816.092721578 1663685.8554757717 1609851.9191101163  
    1555314.3123940811 1500073.1193843975 1444128.5720476666  
    1387481.2755371947 1330132.7202845523 1272086.3735386247  
    1213349.863322893 1153939.0759798489 1093885.353518645  
    1033247.303026957 972128.8305638588 910704.6219240085  
    849253.1354910154 788195.0777271842 728132.4472882613  
    669880.0743771578 614478.8758236327 563182.3898693323  
    517398.48577973474 478594.30153714644 448364.3859477265  
    426914.58554367896 418221.45988094923 
  NLIM = 5 
  RLIM = 6.0 3.5 3.5 6.0 6.0 
  ZLIM = 1.93 1.93 -1.93 -1.93 1.93 
  NBDRY = 15 
  RBDRY = 5.75 5.717889612279765 5.599231274196216 5.333894952548324  
    4.862048988436734 4.215741544340384 3.606248672667517  
    3.3499999999999996 3.606248672667517 4.215741544340384  
    4.862048988436735 5.333894952548324 5.599231274196216  
    5.717889612279765 5.75 
  ZBDRY = 0.0 0.7289246817174976 1.3134768905462901 1.6378788924654637  
    1.6378788924654637 1.3134768905462901 0.7289246817174978  
    2.0574066225675533e-16 -0.7289246817174975 -1.31347689054629  
    -1.6378788924654637 -1.6378788924654637 -1.3134768905462901  
    -0.728924681717498 0.0 
/

