&PROFILE_EXT
  NPSI_EXT = 257 
  PSIN_EXT = 0.0 0.00390625 0.0078125 0.01171875 0.015625 0.01953125  
    0.0234375 0.02734375 0.03125 0.03515625 0.0390625 0.04296875  
    0.046875 0.05078125 0.0546875 0.05859375 0.0625 0.06640625  
    0.0703125 0.07421875 0.078125 0.08203125 0.0859375 0.08984375  
    0.09375 0.09765625 0.1015625 0.10546875 0.109375 0.11328125  
    0.1171875 0.12109375 0.125 0.12890625 0.1328125 0.13671875 0.140625  
    0.14453125 0.1484375 0.15234375 0.15625 0.16015625 0.1640625  
    0.16796875 0.171875 0.17578125 0.1796875 0.18359375 0.1875  
    0.19140625 0.1953125 0.19921875 0.203125 0.20703125 0.2109375  
    0.21484375 0.21875 0.22265625 0.2265625 0.23046875 0.234375  
    0.23828125 0.2421875 0.24609375 0.25 0.25390625 0.2578125  
    0.26171875 0.265625 0.26953125 0.2734375 0.27734375 0.28125  
    0.28515625 0.2890625 0.29296875 0.296875 0.30078125 0.3046875  
    0.30859375 0.3125 0.31640625 0.3203125 0.32421875 0.328125  
    0.33203125 0.3359375 0.33984375 0.34375 0.34765625 0.3515625  
    0.35546875 0.359375 0.36328125 0.3671875 0.37109375 0.375  
    0.37890625 0.3828125 0.38671875 0.390625 0.39453125 0.3984375  
    0.40234375 0.40625 0.41015625 0.4140625 0.41796875 0.421875  
    0.42578125 0.4296875 0.43359375 0.4375 0.44140625 0.4453125  
    0.44921875 0.453125 0.45703125 0.4609375 0.46484375 0.46875  
    0.47265625 0.4765625 0.48046875 0.484375 0.48828125 0.4921875  
    0.49609375 0.5 0.50390625 0.5078125 0.51171875 0.515625 0.51953125  
    0.5234375 0.52734375 0.53125 0.53515625 0.5390625 0.54296875  
    0.546875 0.55078125 0.5546875 0.55859375 0.5625 0.56640625  
    0.5703125 0.57421875 0.578125 0.58203125 0.5859375 0.58984375  
    0.59375 0.59765625 0.6015625 0.60546875 0.609375 0.61328125  
    0.6171875 0.62109375 0.625 0.62890625 0.6328125 0.63671875 0.640625  
    0.64453125 0.6484375 0.65234375 0.65625 0.66015625 0.6640625  
    0.66796875 0.671875 0.67578125 0.6796875 0.68359375 0.6875  
    0.69140625 0.6953125 0.69921875 0.703125 0.70703125 0.7109375  
    0.71484375 0.71875 0.72265625 0.7265625 0.73046875 0.734375  
    0.73828125 0.7421875 0.74609375 0.75 0.75390625 0.7578125  
    0.76171875 0.765625 0.76953125 0.7734375 0.77734375 0.78125  
    0.78515625 0.7890625 0.79296875 0.796875 0.80078125 0.8046875  
    0.80859375 0.8125 0.81640625 0.8203125 0.82421875 0.828125  
    0.83203125 0.8359375 0.83984375 0.84375 0.84765625 0.8515625  
    0.85546875 0.859375 0.86328125 0.8671875 0.87109375 0.875  
    0.87890625 0.8828125 0.88671875 0.890625 0.89453125 0.8984375  
    0.90234375 0.90625 0.91015625 0.9140625 0.91796875 0.921875  
    0.92578125 0.9296875 0.93359375 0.9375 0.94140625 0.9453125  
    0.94921875 0.953125 0.95703125 0.9609375 0.96484375 0.96875  
    0.97265625 0.9765625 0.98046875 0.984375 0.98828125 0.9921875  
    0.99609375 1.0 
  PPRIME_EXT = 1143086.1641154257 1122169.9028150556 1101495.7232837698  
    1081063.6255215683 1060873.6095284512 1040925.6753044185  
    1021219.8228494702 1001756.052163606 982534.3632468265  
    963554.7560991312 944817.2307205203 926321.7871109936  
    908068.4252705513 890057.1451991934 872287.94689692  
    854760.8303637308 837475.7955996259 820432.8426046055  
    803631.9713786694 787073.1819218176 770756.4742340503  
    754681.8483153672 738849.3041657686 723258.8417852542  
    707910.4611738243 692804.1623314787 679707.7889088397  
    669577.490728977 659629.547404331 649538.4861439681  
    638705.897121294 626231.3317241453 612072.340198233  
    596501.7513870902 580132.4493171389 563933.1530988582  
    548286.3272591352 533373.7557797788 519217.3179372017  
    505700.25361365813 492806.67377905594 480489.06098081975  
    468786.33712876553 457673.72442491935 447075.26229756605  
    437011.3193833984 427367.8431289821 418146.07136616413  
    409301.41148449725 400810.43459088076 392660.515745598  
    384810.8443865632 377257.32250693906 369939.27364358737  
    362821.9448599259 355894.7049337977 349131.15742764703  
    342533.94550166716 336098.594108404 329857.05773205694  
    323790.21559074393 317903.1281130681 312202.7069825156  
    306654.37057419727 301293.12056495994 296054.0490739563  
    290996.23947844584 286055.3512695271 281263.4523592149  
    276612.88380939653 272053.6781237492 267656.37824425957  
    263337.54778182594 259136.02174792613 255059.85074960953  
    251045.62281563098 247165.93096935202 243366.8269927819  
    239639.4021989625 236040.5010807072 232495.90208163986  
    229037.85565402842 225700.2518871257 222412.99403945473  
    219223.1767061965 216147.74762200512 213120.5157735477  
    210187.07144259394 207363.34272100258 204588.60752056923  
    201895.2745741601 199302.54244529462 196753.7678243153  
    194271.4202953831 191894.19022035535 189575.26669072197  
    187310.5996774282 185150.81219348742 183074.49747361988  
    181046.08446852808 179095.1282942178 177225.5129067588  
    175391.30453298704 173589.98300087103 171847.7182137859  
    170140.7087306006 168440.43184739084 166774.77089210006  
    165158.46530715603 163558.28166553235 161964.46877048226  
    160407.67161282722 158884.91121920315 157358.0197695046  
    155825.97822528303 154314.71043476736 152815.55253284457  
    151303.16764575217 149783.63394113275 148281.56743538828  
    146796.05430639887 145307.9729080277 143822.44162709845  
    142360.8890705455 140920.80915454903 139482.9459030196  
    138047.75527553778 136633.27048786616 135240.68606159018  
    133852.28415878068 132465.82842737722 131099.69800240576  
    129761.01841477361 128436.97916627635 127121.44378295244  
    125827.35912530951 124567.76136035551 123334.0100333798  
    122113.65600596776 120912.15936672485 119742.47052784622  
    118601.94393834884 117478.64454865512 116370.28205262196  
    115283.89288537587 114227.90554704433 113198.58061492302  
    112187.46147351392 111195.38372179258 110233.71143769094  
    109308.96554723103 108410.29058091082 107528.67639408303  
    106670.160452029 105843.53844515313 105042.81197433101  
    104257.78643705288 103486.97372429728 102732.03081649901  
    101999.45652408998 101289.91445303464 100594.02053721785  
    99907.02624864229 99236.07834994022 98589.89804054314  
    97961.95928277372 97342.98890907214 96733.54518714313  
    96137.85505060299 95560.0924475526 94997.64727353523  
    94443.32885722318 93894.1257580625 93357.22897519049  
    92840.28337889066 92336.81445812268 91840.20734013547  
    91352.81867058726 90879.28273892544 90423.49949361918  
    89983.60144669548 89554.13416100264 89132.50847523968  
    88725.46162460635 88340.84135939443 87972.98512467925  
    87615.11761799283 87270.18730054711 86944.73036099074  
    86642.33636051798 86360.08656413524 86094.81002167544  
    85846.44276428787 85621.31007519171 85426.27673574371  
    85257.06628434462 85108.52268924513 84982.81302204501  
    84889.56842220374 84835.11176651315 84815.49599024022  
    84827.62867954388 84878.03739007295 84979.12983479723  
    85134.64106024953 85338.4257572136 85587.62204517493  
    85888.49236294982 86249.42532479018 86667.79938250472  
    87136.33913659758 87654.42715360501 88228.88948143215  
    88872.9638009333 89588.72302983959 90369.66538443859  
    91209.22445234435 92108.01287728545 93070.935133373  
    94087.81790530379 95140.6285861803 96227.95980847343  
    97366.01594846386 98512.40746604442 99598.09586386297  
    100607.60145356084 101576.2861763072 102680.12101136858  
    104017.46870760896 105645.07413361291 107081.31906602683  
    107563.48653078658 106782.81100954936 105252.22488787207  
    105679.72230409809 109866.24282299064 117643.30016651284  
    129063.51624351475 143946.3592507038 162813.12612842093  
    183557.30502130126 199827.9697039763 208673.81984614767  
    210577.57194459953 206669.33878657944 198230.33762508698  
    184832.56460699998 169033.73265650804 154636.88789549383  
    142601.87744013147 131667.10135713965 118643.79016323053  
    102074.73313052555 82152.59394530347 58712.46478058721  
    31644.912598883486 949.9373992606997 
  FFPRIM_EXT = -9.730617817486678 -9.182596297439964 -8.650392133015316  
    -8.126884772505727 -7.6113606702642915 -7.103592324493492  
    -6.603488553364265 -6.110995565880715 -5.626079423408781  
    -5.148706002725918 -4.678861871247928 -4.2165240365550005  
    -3.7616716064381306 -3.3142849150516858 -2.874344279091221  
    -2.4418294546831025 -2.016721935424706 -1.5990032164480257  
    -1.188655365478036 -0.7856591054363862 -0.3899987345985496  
    -0.0016546816141628621 0.3793910522708985 0.7531528970643249  
    1.1196465296029836 1.4789847095713882 1.7817009032736792  
    2.0010470169931107 2.2151223847414254 2.432881482550958  
    2.6708968345440356 2.954300204548647 3.2841777283437854  
    3.652909865768032 4.043392079715268 4.428637147275651  
    4.798084742089089 5.146708906630029 5.473950392545188  
    5.783094048105637 6.074596483049035 6.349803562420188  
    6.607655696505709 6.8488575489975805 7.075547552206591  
    7.287168493048894 7.486901225415571 7.674726235636075  
    7.851882779621523 8.019040965623232 8.176551337561307  
    8.325559178261898 8.466172661451441 8.600086314031783  
    8.72826089254112 8.850997175868807 8.969022030546217  
    9.082274447738783 9.190877505446526 9.293962395533413  
    9.392057111969676 9.485036674158815 9.572700530929199  
    9.656022354544614 9.734028025119677 9.808520405015297  
    9.877865178840413 9.943839796393613 10.005571053965863  
    10.063258672592806 10.118296457973347 10.168731728480864  
    10.216868675806932 10.2616451260262 10.302825496988266  
    10.342168858319171 10.377673041842035 10.41081934048699  
    10.441868089930454 10.46924683797644 10.495000919637473  
    10.518250470058359 10.538049116157511 10.556334058062495  
    10.57182292999634 10.584038497510207 10.594805815337025  
    10.602879831610288 10.607812552815783 10.611275430912297  
    10.612386422398638 10.61060888727128 10.607500174696966  
    10.602452621184911 10.594396561726743 10.584615451095654  
    10.573233558049312 10.55886110376019 10.542076026684766  
    10.523860719428981 10.503409423612526 10.480601542119103  
    10.456691923457186 10.431755320391106 10.405067222609588  
    10.37726967797644 10.349148734351129 10.319944443847923  
    10.289243221358792 10.257951168237607 10.226343118973919  
    10.193580205514984 10.159731445977073 10.125837076286693  
    10.091930192666705 10.057297808966275 10.02216545670046  
    9.98722684747694 9.95232378252011 9.91678222583711  
    9.880619513607252 9.844360201663598 9.807872547945593  
    9.770571505739477 9.732517250856326 9.694233013221558  
    9.65571145816919 9.616462698376935 9.57644777666362  
    9.536144837224445 9.49561946704841 9.454375100605187  
    9.412212969517242 9.369477646529724 9.3263412299288  
    9.282455850056252 9.23746120051668 9.191587035445913  
    9.145174844437577 9.098080538935683 9.049949166013388  
    9.000845499921482 8.951091911550236 8.900752476387112  
    8.849637426331679 8.79751718487448 8.744488780076587  
    8.690777914275355 8.63636473725774 8.58094604538045  
    8.52434265934541 8.466838794855962 8.408678434189333  
    8.3497024062123 8.289671386778114 8.228739737721842  
    8.167179314730824 8.105029457608682 8.042244709901315  
    7.97865034686372 7.914224541911409 7.849213041623079  
    7.78374460755192 7.717630458260236 7.650633414336933  
    7.58291798969897 7.514731597682932 7.446062779336064  
    7.3767997960508565 7.306823950725212 7.236195857098693  
    7.1651078171665255 7.093644224046312 7.0216132431136975  
    6.948801883662004 6.875375719097242 6.801512702313401  
    6.727152068145701 6.652169242580593 6.57645369759607  
    6.500047973075292 6.423096450772462 6.345671062422088  
    6.267592765786073 6.1886441633695375 6.108967697112206  
    6.028744629861855 5.94789851412337 5.8662539168818  
    5.783709500019942 5.700336999564067 5.616218821020836  
    5.531358640576047 5.445589117830859 5.358720155928239  
    5.270856674870072 5.182137484063486 5.092509837151319  
    5.001717697006226 4.9095834053217935 4.816206613259023  
    4.721674508264573 4.625820450041033 4.528316562773818  
    4.429056031972678 4.328199170114052 4.2258296127241195  
    4.121790366994036 4.015860220853254 3.9081043093459042  
    3.79872155310179 3.6877419679800916 3.5749973221236138  
    3.4601500225099833 3.3431574578396797 3.224205730373531  
    3.1034919083244787 2.9810275473016015 2.8567060029083526  
    2.7308190767132117 2.6038843650087475 2.4759877222296636  
    2.346741264352472 2.217290665674831 2.089518239467656  
    1.9639114625035385 1.8396160885358686 1.7121519515740093  
    1.5790373881468442 1.4387782593564535 1.3040918178600611  
    1.194945960395059 1.1196179692762709 1.0652484027876852  
    0.9611098043440609 0.7604569357946526 0.46840974939045305  
    0.08401127457415339 -0.38768624232166926 -0.9608736367670846  
    -1.5809251297390543 -2.0815494440676305 -2.386304595804056  
    -2.5082384213211544 -2.4767179297705315 -2.3248477912345824  
    -2.0404687592680606 -1.6894955921269985 -1.3710984152738166  
    -1.1103731105012815 -0.8742288735812557 -0.5795681226602177  
    -0.18765189773414953 0.296325301279312 0.8783040303106755  
    1.5662645451541262 2.3602068458008034 
  P_EXT = 1674842.5145317744 1639478.9186815107 1610373.8581416956  
    1583192.3242143653 1557180.7056039765 1532038.7560763091  
    1507602.586374996 1483770.6486562658 1460473.4863629844  
    1437665.705765951 1415307.5825515017 1393370.91712985  
    1371832.4807388408 1350673.0837812228 1329876.6480950424  
    1309429.7948850922 1289320.5855020145 1269538.5327169327  
    1250074.2132831078 1230919.5420625033 1212066.045496917  
    1193506.7716079592 1175234.9502630504 1157244.234088873  
    1139528.379304626 1122082.1069510407 1104900.3956213824  
    1087977.522697875 1071305.2505050343 1054884.2011016882  
    1038723.2151228965 1022853.1810143898 1007318.4160389123  
    992156.4765739904 977397.7845060898 963049.0150311922  
    949099.8657255911 935534.5988864703 922333.4507753551  
    909479.408157937 896956.5625493699 884749.8058367801  
    872844.626280657 861225.2184497078 849878.2090752741  
    838790.3702922871 827949.2364202866 817345.2137051303  
    806967.121638036 796807.0435391848 786855.0609866395  
    777104.2167379353 767546.0972211229 758174.7308860623  
    748984.058509102 739969.8672091895 731126.9646759578  
    722452.0877206663 713940.2137697964 705587.9400122183  
    697389.3723801665 689341.4380914364 681438.175910552  
    673676.528729148 666051.3415085118 658559.2183394933  
    651196.3884657172 643958.5605434801 636843.3536531022  
    629846.0059089282 622964.542238229 616195.3462182432  
    609535.19879455 602982.3596825562 596532.9412591921  
    590185.1394759334 583936.513353503 577783.8121359912  
    571725.8667593166 565759.7002239237 559882.9372809117  
    554094.3384594275 548390.7870591317 542770.2265337922  
    537231.207564122 531770.5428305723 526386.3758347009  
    521077.2102500338 515840.0849872822 510673.09749374725  
    505574.9134997543 500542.8936748296 495575.2642501473  
    490670.9320521606 485827.521880147 481042.850000715  
    476315.81726565346 471644.34352954343 467025.84929372976  
    462458.8445537016 457941.8714411828 453472.71636902937  
    449049.92851601134 444672.81926467374 440340.1873514416  
    436050.68893727765 431803.9385326451 427599.5121820411  
    423436.207020555 419313.1508304575 415230.21061323443  
    411186.86194988794 407182.053289448 403215.4227568736  
    399287.2288534867 395397.2461720247 391544.9470910424  
    387730.3910798399 383953.9195956679 380215.3948360941  
    376514.29172823613 372850.45709094824 369223.9702662406  
    365634.48758523725 362081.3498108756 358564.27892893157  
    355083.27691124915 351638.06071789435 348228.01535201725  
    344852.81518224464 341512.4465422722 338206.6530719844  
    334934.7654847114 331696.24252386927 328490.8351124692  
    325318.206104156 322177.6156864556 319068.2546748661  
    315989.6673502811 312941.48751573474 309923.0726340696  
    306933.5998135322 303972.5065135423 301039.41031386587  
    298133.86624112487 295255.2051966895 292402.6727247168  
    289575.7250359917 286773.91480965546 283996.64599610376  
    281243.02965906996 278512.2473865781 275803.7941460124  
    273117.193180718 270451.73931292514 267806.66126474366  
    265181.4661876098 262575.7863897318 259989.25018711973  
    257421.39256724692 254871.60507200522 252339.4246187877  
    249824.59078153415 247326.8180126971 244845.57362534245  
    242380.2751783682 239930.6128802948 237496.36435689678  
    235077.2433402727 232672.84650538513 230282.7344559144  
    227906.61639377326 225544.3404400986 223195.71651964626  
    220860.3134878349 218537.67957568564 216227.5915824519  
    213929.8534238214 211644.17963655695 209370.16681375704  
    207107.3759124382 204855.47898689384 202614.25669803977  
    200383.45697489596 198162.5911624356 195951.13571493299  
    193748.78240828044 191555.25700921746 189370.15467436222  
    187192.92788065365 185023.0214735836 182859.98205412566  
    180703.38546960143 178552.75408454344 176407.39531318448  
    174266.58477757184 172129.75864073302 169996.38262003803  
    167865.78297499992 165737.03229274205 163609.1978179855  
    161481.45714464592 159352.9593736026 157222.5858744604  
    155088.98492525818 152950.86060156825 150807.05942579306  
    148656.3802171768 146497.41382085113 144328.64803243912  
    142148.75207272952 139956.48416582687 137750.53794179522  
    135529.3377809755 133291.06013265095 131034.00371795247  
    128756.60002932786 126457.41666304994 124134.87851707458  
    121787.46909005076 119414.06332866574 117013.84471522708  
    114585.75055711964 112128.7885644407 109643.75566503423  
    107132.45263620612 104596.47576424366 102035.10104450042  
    99442.92076803194 96813.97498793199 94144.16275748727  
    91449.53635560317 88758.11497953621 86098.36704383863  
    83461.09331153566 80764.83799471034 77918.92967614418  
    74832.04873480373 71414.68213012088 67576.74954407096  
    63230.425830807144 58404.83512342853 53266.86828667477  
    47993.43268660626 42750.50207686883 37662.43445898044  
    32846.47900512275 28409.208680297364 24354.10160664758  
    20631.114584803046 17190.369856049365 14042.659695801492  
    11267.497380678582 8949.468489325121 7175.206151203219  
    6034.11574725502 5618.545566461582 
  F_EXT = 50.76363925000001 50.768124332042035 50.77235060670708  
    50.77632263224205 50.780044917269535 50.78352182671067  
    50.78675703373864 50.7897540774397 50.792516608369105  
    50.795048286193826 50.797352693465236 50.79943340293569  
    50.801294020315595 50.80293814753988 50.80436933647415  
    50.80559112016367 50.80660701016043 50.807420513560565  
    50.80803516250256 50.80845447238464 50.808681907024166  
    50.80872092984652 50.80857510457769 50.80824791466753  
    50.8077424690806 50.80706499572808 50.806234573995695  
    50.80527241353002 50.804196048856866 50.803016167987046  
    50.801723811035174 50.80030310816133 50.798734116407644  
    50.79699808795621 50.79508385487624 50.79298519811309  
    50.79070653315373 50.78825550017233 50.785641457382454  
    50.78287394777545 50.77996147678037 50.776912171024094  
    50.77373390128963 50.77043428480606 50.76702073782469  
    50.76350018202755 50.75987896774113 50.75616288006438  
    50.75235724977285 50.748467056758614 50.7444970443058  
    50.74045166134242 50.73633473935478 50.73214980328002  
    50.72789992062877 50.723587919773536 50.71921620697403  
    50.714787080821296 50.710302893683384 50.70576603536199  
    50.701179078194954 50.696544559523495 50.69186492355407  
    50.687142493868805 50.682379646659015 50.677578580658206  
    50.672741409151314 50.66787006508255 50.662966535400734  
    50.658032693019095 50.653070321145876 50.64808113769638  
    50.64306683769702 50.638029044711175 50.6329692564596  
    50.62788884177358 50.62278915662417 50.61767147423305  
    50.61253711531063 50.60738738988029 50.60222364729867  
    50.597047169597836 50.59185906181102 50.58666040897107  
    50.581452495203436 50.57623663986299 50.57101409097624  
    50.56578606598225 50.56055378347171 50.55531841382479  
    50.550081113602204 50.5448430020339 50.53960520785337  
    50.53436883344638 50.52913492985952 50.52390456129535  
    50.51867890287082 50.51345915428982 50.508246465417244  
    50.50304195173037 50.49784673324257 50.49266185053454  
    50.48748815474576 50.48232638826276 50.47717719415738  
    50.47204113459894 50.46691874539728 50.46181051618327  
    50.456716860061235 50.4516381758451 50.446574898352814  
    50.44152744242446 50.43649611629062 50.4314811571147  
    50.426482765089574 50.4215010815975 50.41653613317753  
    50.411587952679135 50.406656633700536 50.40174230354904  
    50.39684506802156 50.39196507622078 50.3871025441605  
    50.382257731153786 50.37743089791691 50.372622286661695  
    50.36783212110551 50.36306062383116 50.35830808301549  
    50.353574779088916 50.34886095721522 50.34416686422833  
    50.33949281159344 50.33483915904027 50.33020629108387  
    50.32559460122137 50.32100445403245 50.31643623240106  
    50.31189038743349 50.307367367861886 50.30286758261576  
    50.29839141882401 50.29393929429307 50.28951161028451  
    50.28510873982965 50.28073105549296 50.27637902833666  
    50.27205310580577 50.26775368007172 50.26348114188343  
    50.25923601676095 50.255018831735484 50.250830004213014  
    50.246669934219675 50.24253904565363 50.23843778503975  
    50.23436657767686 50.23032579299928 50.226315739802324  
    50.222336704305256 50.218389114495366 50.214473368082416  
    50.21058976345388 50.20673858156236 50.20292019228354  
    50.19913497968473 50.1953832113216 50.19166517044904  
    50.18798118753019 50.18433161980632 50.180716724928736  
    50.17713676442817 50.17359203177031 50.170082836738715  
    50.166609473365725 50.16317222913777 50.15977138619799  
    50.156407240765915 50.15308010709951 50.149790313455895  
    50.14653816572217 50.14332397608433 50.14014806776291  
    50.13701077976601 50.133912468062036 50.13085349223611  
    50.1278341852776 50.124854894879675 50.12191599142231  
    50.119017876365064 50.116160976653774 50.1133457204139  
    50.1105725292673 50.10784183797876 50.10515413308096  
    50.10250991763486 50.09990966216898 50.09735388388013  
    50.09484317666075 50.09237818305691 50.08995946423097  
    50.08758765555329 50.08526349406171 50.08298779911254  
    50.08076138846525 50.07858509464819 50.07645976665688  
    50.07438629100443 50.07236560723869 50.07039867801421  
    50.06848640021187 50.06662968686017 50.06482947904037  
    50.06308678712891 50.06140278990648 50.059778622439794  
    50.058215301651956 50.056713781839065 50.05527508697692  
    50.053900186289724 50.05258987215762 50.05134482223758  
    50.05016570001048 50.04905283751067 50.04800586868357  
    50.0470243616121 50.0461077561005 50.04525651686326  
    50.04447381780406 50.04376087097085 50.04311605796222  
    50.04253288718606 50.04199660208943 50.041502017735006  
    50.04105925217074 50.040694637977445 50.04044892777105  
    50.04036933933301 50.040505729453145 50.04090168134894  
    50.041571569753856 50.04249497466953 50.043613177151535  
    50.044839651041414 50.04609225456366 50.04729805500305  
    50.04839609067221 50.04934751395535 50.05014719225478  
    50.050799965566895 50.051315179475495 50.05168897607011  
    50.05188920295295 50.05187105813241 50.05158445894522  
    50.050978020050835 50.05 
/

