 19-Aug-25 07/09/2014
     1               1
  0.100000000E+01
*   1.000             1               0 MAR   3   2 CLC    40   41
  0.000000000E+00 0.170000000E+03 0.200000000E+01 0.679320679E+06
  0.679320679E+06 0.172167170E+03 0.814022973E+00 0.413979389E+02
  0.134450400E+01-0.372641266E+00-0.308477443E+00 0.775469310E+07
  0.176570943E+03 0.183394348E+01 0.230769619E+01 0.108199295E+01
  0.544981132E+00 0.861544922E+00 0.100000000E+11 0.106107184E+02
  0.100000000E+11 0.100000000E+11 0.200942585E+01-0.122590393E+01
  0.768935243E+02 0.107422338E+03 0.527479754E+02
  0.000000000E+00 0.000000000E+00 0.000000000E+00
  0.826141809E+02 0.796163902E+02
  0.000000000E+00 0.000000000E+00
  0.164244759E+01 0.278259537E+00 0.202836369E+01 0.936662468E+00
  0.766412192E+00 0.220375880E+01-0.500000000E+02-0.500000000E+02
 -0.500000000E+02 0.303295062E+00 0.706081581E+04 0.195297903E+06
  0.826026052E-04 0.129005272E+01 0.963870715E+00 0.645164046E-02
  0.127985250E+01 0.172787602E+03 0.000000000E+00 0.000000000E+00
 -0.999000000E+03-0.999000000E+03-0.999000000E+03-0.999000000E+03
 -0.100000000E+03-0.500000000E+02 0.194503211E+01 0.191571395E+01
  0.749130406E+01 0.397807805E+02 0.100000000E+03 0.106107184E+02
  0.177479524E+03 0.205706415E+01 0.466784705E+00 0.000000000E+00
  0.100650232E+01 0.199828645E+01 0.360687336E+06 0.000000000E+00
  0.000000000E+00 0.000000000E+00 0.855761424E+00 0.100000000E+02
    44   60   18    6
  0.174746380E+00 0.137607994E+00 0.189205658E+00 0.153592314E+00
  0.680935090E-01-0.200885199E-01 0.546543578E+00-0.701446364E-01
 -0.477667540E+00 0.244459787E+00 0.143030945E+00 0.178284229E-01
 -0.424066928E-01-0.707781186E-01-0.873390621E-01 0.559406317E+00
 -0.781478455E-01-0.262058623E-02 0.217559250E+00 0.157091851E+00
  0.165634183E+00 0.169593557E+00 0.102853191E+00 0.215140756E-01
 -0.339654564E+00 0.404938464E+00 0.434406000E+00 0.262194496E-01
  0.775793212E-01 0.202985291E+00 0.831124739E-01-0.105437608E-01
 -0.479063618E-01-0.625142639E-01 0.109503551E+00 0.481803063E+00
  0.470931878E+00-0.461723073E-01 0.250368247E-01-0.267630611E-01
  0.423809184E-02 0.185949152E-01 0.665793142E-01 0.129613347E+00
  0.108611917E+00 0.243196760E+00 0.235721806E+00-0.157251225E+00
 -0.261719558E+00-0.407349947E-01 0.293701725E+00 0.646853818E+00
  0.297662746E+00-0.159434533E+00-0.336078143E+00-0.882439690E-01
  0.235779590E+00 0.320973949E+00 0.254497415E+00-0.390948060E-01
  0.122967255E+00 0.257122267E+00 0.184792399E+00 0.202414386E+00
  0.211590471E+00 0.202608257E+00 0.268137978E+00-0.104565072E+00
 -0.315227437E+00-0.288936633E+00-0.618917023E-01 0.300267504E+00
  0.359426790E+00 0.272213354E+00 0.398557956E+00 0.775455571E+00
  0.310151412E+00 0.421080632E-01-0.196268183E+00-0.271909913E+00
 -0.699784212E-01 0.893375625E-01 0.319626511E+00 0.252230411E+00
  0.361342952E+00 0.107776609E+00-0.605853974E-01-0.251635986E+00
 -0.307675566E+00-0.105231627E+00 0.264609218E+00 0.203620786E+00
  0.210587905E+00 0.202706083E+00 0.181693780E+00 0.254130512E+00
  0.124856797E+00-0.354636191E-01 0.111367259E+00 0.243071570E+00
  0.237976584E+00-0.142621239E+00-0.267061045E+00-0.387548178E-01
  0.253318951E+05-0.527816963E+05 0.258408794E+06 0.247768683E+06
  0.106345964E+06-0.314936029E+06 0.622611720E+06-0.458354913E+05
 -0.784066878E+06 0.344732699E+06 0.857302303E+05-0.121328372E+06
 -0.117772008E+06-0.105623143E+06-0.413456421E+06 0.565557595E+06
 -0.127166202E+06-0.147772475E+06
  0.000000000E+00 0.000000000E+00 0.000000000E+00 0.000000000E+00
  0.000000000E+00 0.000000000E+00
  0.000000000E+00 0.000000000E+00 0.000000000E+00 0.000000000E+00
  0.000000000E+00 0.000000000E+00 0.000000000E+00 0.000000000E+00
  0.000000000E+00 0.000000000E+00 0.555619244E+02 0.000000000E+00
  0.237074754E+00 0.769540208E+00 0.400000006E+02-0.143545783E+00
 -0.115575793E+01 0.000000000E+00 0.999000000E+03 0.191293474E+01
 -0.100000000E+02 0.963870715E+00 0.000000000E+00 0.400766402E-01
 -0.100000000E+02 0.000000000E+00 0.219880869E+01 0.000000000E+00
  0.123192504E+00 0.254528321E+01 0.130769231E+01 0.213347328E+01
  0.337833479E+02 0.316542233E+01-0.890000000E+02-0.890000000E+02
 -0.890000000E+02-0.890000000E+02-0.890000000E+02-0.890000000E+02
 -0.890000000E+02-0.890000000E+02-0.890000000E+02-0.890000000E+02
 -0.890000000E+02-0.890000000E+02-0.890000000E+02-0.890000000E+02
 -0.890000000E+02 0.000000000E+00 0.707320110E+00 0.947097475E+00
  0.141387062E+03 0.184937500E+03 0.000000000E+00 0.824618137E+00
  0.100000000E+01 0.000000000E+00 0.000000000E+00 0.000000000E+00
                                            EQG
