&IN1
  ICONVR = 3 
  MXITER = -1 
  NXITER = 51 
  ERROR = 0.0001 
  RELAX = 0.5 
  IOUT = 4 
  ICURRT = 2 
  KPPFNC = 6 
  KPPCUR = 3 
  KFFFNC = 6 
  KFFCUR = 3 
  ISHOT = 1 
  ITIME = 1 
  ITIMEU = 0 
  ITEK = 0 
  ITRACE = 1 
  PLASMA = 10000000.0 
  BTOR = 11.0 
  RCENTR = 4.55 
  RZERO = 4.55 
  LIMITR = 5 
  XLIM = 6.0 3.5 3.5 6.0 6.0 
  YLIM = 1.93 1.93 -1.93 -1.93 1.93 
  NBDRY = 15 
  RBDRY = 5.75 5.717889612279765 5.599231274196216 5.333894952548324  
    4.862048988436734 4.215741544340384 3.606248672667517  
    3.3499999999999996 3.606248672667517 4.215741544340384  
    4.862048988436735 5.333894952548324 5.599231274196216  
    5.717889612279765 5.75 
  ZBDRY = 0.0 0.7289246817174976 1.3134768905462901 1.6378788924654637  
    1.6378788924654637 1.3134768905462901 0.7289246817174978  
    2.0574066225675533e-16 -0.7289246817174975 -1.31347689054629  
    -1.6378788924654637 -1.6378788924654637 -1.3134768905462901  
    -0.728924681717498 0.0 
  IERCHK = 0 
  NEXTRA = 0 
  SCRAPE = 0.01 
  PSIBRY = 0.0 
  CFCOIL = -10.0 
  ENP = 1.0 
  EMP = 1.0 
  FCURBD = 0 
  PCURBD = 0 
  FCZERO = 1.0 1.0 1.0 1.0 1.0 1.0 1.0 1.0 1.0 1.0 1.0 1.0 1.0 1.0 1.0  
    1.0 
  FCSUM = 1.0 1.0 1.0 1.0 1.0 1.0 1.0 1.0 1.0 1.0 1.0 1.0 1.0 1.0 1.0  
    1.0 
  IFREF = 2 
  PRBDRY = 5917.7340058381005 
  KBETAPR = 1 
  FWTBDRY = 1.0 1.0 1.0 1.0 1.0 1.0 1.0 1.0 1.0 1.0 1.0 1.0 1.0 1.0 1.0 
  FWTBDRY(2) = 10.0 
  FWTBDRY(3) = 10.0 
  FWTBDRY(4) = 10.0 
  FWTBDRY(5) = 10.0 
  FWTBDRY(9) = 10.0 
  FWTBDRY(10) = 10.0 
  FWTBDRY(11) = 10.0 
  FWTBDRY(12) = 10.0 
/

&PROFILE_EXT
  NPSI_EXT = 257 
  PSIN_EXT = 0.0 0.00390625 0.0078125 0.01171875 0.015625 0.01953125  
    0.0234375 0.02734375 0.03125 0.03515625 0.0390625 0.04296875  
    0.046875 0.05078125 0.0546875 0.05859375 0.0625 0.06640625  
    0.0703125 0.07421875 0.078125 0.08203125 0.0859375 0.08984375  
    0.09375 0.09765625 0.1015625 0.10546875 0.109375 0.11328125  
    0.1171875 0.12109375 0.125 0.12890625 0.1328125 0.13671875 0.140625  
    0.14453125 0.1484375 0.15234375 0.15625 0.16015625 0.1640625  
    0.16796875 0.171875 0.17578125 0.1796875 0.18359375 0.1875  
    0.19140625 0.1953125 0.19921875 0.203125 0.20703125 0.2109375  
    0.21484375 0.21875 0.22265625 0.2265625 0.23046875 0.234375  
    0.23828125 0.2421875 0.24609375 0.25 0.25390625 0.2578125  
    0.26171875 0.265625 0.26953125 0.2734375 0.27734375 0.28125  
    0.28515625 0.2890625 0.29296875 0.296875 0.30078125 0.3046875  
    0.30859375 0.3125 0.31640625 0.3203125 0.32421875 0.328125  
    0.33203125 0.3359375 0.33984375 0.34375 0.34765625 0.3515625  
    0.35546875 0.359375 0.36328125 0.3671875 0.37109375 0.375  
    0.37890625 0.3828125 0.38671875 0.390625 0.39453125 0.3984375  
    0.40234375 0.40625 0.41015625 0.4140625 0.41796875 0.421875  
    0.42578125 0.4296875 0.43359375 0.4375 0.44140625 0.4453125  
    0.44921875 0.453125 0.45703125 0.4609375 0.46484375 0.46875  
    0.47265625 0.4765625 0.48046875 0.484375 0.48828125 0.4921875  
    0.49609375 0.5 0.50390625 0.5078125 0.51171875 0.515625 0.51953125  
    0.5234375 0.52734375 0.53125 0.53515625 0.5390625 0.54296875  
    0.546875 0.55078125 0.5546875 0.55859375 0.5625 0.56640625  
    0.5703125 0.57421875 0.578125 0.58203125 0.5859375 0.58984375  
    0.59375 0.59765625 0.6015625 0.60546875 0.609375 0.61328125  
    0.6171875 0.62109375 0.625 0.62890625 0.6328125 0.63671875 0.640625  
    0.64453125 0.6484375 0.65234375 0.65625 0.66015625 0.6640625  
    0.66796875 0.671875 0.67578125 0.6796875 0.68359375 0.6875  
    0.69140625 0.6953125 0.69921875 0.703125 0.70703125 0.7109375  
    0.71484375 0.71875 0.72265625 0.7265625 0.73046875 0.734375  
    0.73828125 0.7421875 0.74609375 0.75 0.75390625 0.7578125  
    0.76171875 0.765625 0.76953125 0.7734375 0.77734375 0.78125  
    0.78515625 0.7890625 0.79296875 0.796875 0.80078125 0.8046875  
    0.80859375 0.8125 0.81640625 0.8203125 0.82421875 0.828125  
    0.83203125 0.8359375 0.83984375 0.84375 0.84765625 0.8515625  
    0.85546875 0.859375 0.86328125 0.8671875 0.87109375 0.875  
    0.87890625 0.8828125 0.88671875 0.890625 0.89453125 0.8984375  
    0.90234375 0.90625 0.91015625 0.9140625 0.91796875 0.921875  
    0.92578125 0.9296875 0.93359375 0.9375 0.94140625 0.9453125  
    0.94921875 0.953125 0.95703125 0.9609375 0.96484375 0.96875  
    0.97265625 0.9765625 0.98046875 0.984375 0.98828125 0.9921875  
    0.99609375 1.0 
  PPRIME_EXT = 866590.9812525751 853827.6282492182 841209.264353055  
    828735.8895640858 816407.5038823101 804224.1073077284  
    792185.6998403405 780292.2814801463 768543.852227146  
    756940.4120813395 745481.9610427268 734168.4991113078  
    723000.0262870827 711976.5425700514 701098.0479602139  
    690364.5424575701 679776.0260621201 669332.498773864  
    659033.9605928017 648880.411518933 638871.8515522584  
    629008.2806927774 619289.6989404904 609716.106295397  
    600287.5027574974 591003.8883267916 582356.4281376224  
    574684.9818916295 567201.91103948 559769.7965090228  
    552170.0467722852 544069.1439539356 535467.635690074  
    526475.1556101853 517352.8228109589 508424.43525681633  
    499789.21897933027 491540.8372511369 483662.11052240507  
    476077.00695720926 468805.7886049454 461773.7873365703  
    454955.7105191868 448361.63164836506 441898.32015558216  
    435609.6327782301 429447.4665739755 423417.03625453415  
    417523.5997254668 411741.4933845523 406091.51801316236  
    400533.73285737936 395086.02699361474 389717.4810367031  
    384424.0201267705 379209.355243963 374065.65304808825  
    369014.01677007397 364034.69170337555 359173.26136462245  
    354391.9852522777 349719.05079171073 345138.8427048968  
    340641.0848403749 336250.417039979 331910.611207802  
    327690.80866568105 323515.76916152 319444.8419152155  
    315453.8611454617 311524.44477400987 307723.03611779807  
    303959.1586407016 300305.00764975126 296743.9476843473  
    293223.83049990877 289827.8225839613 286480.2863471317  
    283194.74597110745 280023.0225283309 276876.3040710875  
    273807.662318858 270840.31598853774 267895.1379210466  
    265032.79739772837 262256.7177152722 259493.95907607232  
    256803.7369018531 254192.32052601714 251591.92947504058  
    249051.42502796423 246587.333327019 244132.2052283708  
    241718.1310846381 239385.08782860637 237075.05597457674  
    234783.70730393147 232564.21699471324 230385.8616432837  
    228214.3086084177 226096.2322074725 224035.0502087344  
    221979.8108285324 219946.6341497327 217975.44019762648  
    216034.84549541085 214093.4385857053 212188.39824959473  
    210337.63080664296 208501.5302525955 206670.35567676777  
    204881.69876302854 203136.96919853747 201400.3606721356  
    199674.16456227103 197990.1362769897 196341.21540241386  
    194696.36558801308 193061.67146677608 191463.66406394303  
    189894.71795116522 188328.01458093608 186767.41393546818  
    185238.04180109472 183737.63460705103 182241.02749191274  
    180746.26187023782 179277.2486475263 177838.8351759952  
    176407.05673422816 174972.14671806555 173554.978911045  
    172168.34815612528 170792.68101469043 169412.64904690674  
    168042.9343790306 166701.98984029877 165379.4663138223  
    164057.59409293422 162740.86780669919 161446.02719582763  
    160174.5523016363 158912.72766329529 157654.24118610955  
    156404.59366628816 155176.77669540403 153970.19083962403  
    152769.78526072367 151570.29067371052 150385.61502102524  
    149227.52798559843 148083.83022941055 146941.94254991488  
    145807.2156482035 144692.03170309495 143597.28867414  
    142513.19770864886 141434.20479079397 140361.02435830137  
    139305.05772496614 138271.19268890927 137246.31474133255  
    136222.52671931603 135208.25137486093 134215.41041071154  
    133240.00253105917 132272.59581681498 131312.19999512885  
    130361.32131418452 129428.79802192116 128516.2424820317  
    127612.30878776746 126710.70543631562 125819.16202884808  
    124948.45972670332 124093.08212040074 123244.22067067085  
    122402.8355367133 121572.14822564539 120759.76988596667  
    119968.57367698711 119190.68715641994 118420.654723144  
    117666.35045878292 116940.38356711359 116238.9789816273  
    115553.10122563159 114883.69992909547 114235.31804898576  
    113615.45070323432 113024.20309111106 112454.92206163239  
    111905.74285551692 111383.78968190603 110900.81118574677  
    110459.87401810232 110057.83182147301 109694.35512998296  
    109379.8843341071 109128.90736387002 108941.16329066711  
    108809.0890833227 108743.3048763875 108765.31581832451  
    108881.4279735068 109092.57472659927 109414.5129491729  
    109863.574074033 110444.0244721481 111213.18089647709  
    112232.9096080056 113511.79391004602 115035.97870244173  
    116724.27360838061 118533.1201720963 120419.43753419994  
    122670.99793302482 125794.49180155009 129909.34928391135  
    135012.13175172184 141342.50829035603 149075.99913909382  
    158314.43004708903 168571.92099114263 178863.48701086064  
    188916.8921285243 198798.5301668623 208331.97471622383  
    217362.66506728117 225880.95763881758 233891.78502355338  
    241396.07860263588 248387.46121182974 254771.01341570984  
    260035.0406038613 263805.0194102323 266095.3495850518  
    266700.09762700193 265405.4127370084 262158.18458449276  
    256979.35908968205 250043.8555441014 241464.86560965978  
    231215.9379047528 219537.157051928 206710.49266016477  
    192624.5203676217 178090.9430371058 164379.19071782375  
    151988.4797071189 140036.9587350182 125862.14774947002  
    108136.05334875517 86998.70078411882 62288.855112255624  
    33882.609973631916 1779.965367205441 
  FFPRIM_EXT = -2.037327879978915 -1.7285132441523645  
    -1.4299178244281672 -1.1359128088087438 -0.8464186552928852  
    -0.5614240672151649 -0.28092114981807415 -0.004898411800580406  
    0.2666512466689652 0.5337452477541083 0.7963826305597146  
    1.0545718247837899 1.308321353243433 1.5576390146934895  
    1.8025336630861242 2.0430127536160505 2.279083177660998  
    2.5107536096194276 2.738031959666018 2.960926328613814  
    3.1794421927109044 3.393587257545002 3.6033715248780274  
    3.808798582434142 4.0098755490051445 4.2066276382192145  
    4.385271732537056 4.536276736045523 4.681801541878888  
    4.82567601352401 4.973999642481754 5.136115203715505  
    5.311982301276493 5.49853333232649 5.688457505610538  
    5.872701765975275 6.048522319646686 6.213310946682967  
    6.367562769474274 6.51341529646941 6.650304102022414  
    6.780320206652346 6.904180246414905 7.021601433450419  
    7.135192761551556 7.243733325208018 7.34856254606726  
    7.449546211777156 7.546533906247721 7.64025096194916  
    7.730113952751246 7.817242889087275 7.901139694163771  
    7.982666594923437 8.061937114062317 8.138849606165778  
    8.213625233216217 8.285680504887287 8.355566370583794  
    8.42202123497366 8.486090172467229 8.547002273117897  
    8.605183874897183 8.660933348459558 8.713554938897811  
    8.764620293083732 8.812206604571085 8.858402686417083  
    8.901570468772487 8.942370473102493 8.981327124734827  
    9.01659353351744 9.050682566192886 9.081601361963582  
    9.109798142542868 9.136727521621099 9.160084412577799  
    9.181957975466625 9.201987849359998 9.218732003563286  
    9.234647994728169 9.248278912587065 9.258972738848488  
    9.26891722833809 9.276441354268588 9.281443923925279  
    9.285947873232244 9.28832337589573 9.288382567381035  
    9.28799719359396 9.285826088156352 9.28140793210884  
    9.276606390910935 9.270543301584976 9.262105093490316  
    9.25288730453438 9.243021004184177 9.231041628927464  
    9.217786218781619 9.204203484817953 9.189011166229328  
    9.17210813317514 9.154897468973363 9.13694287300373  
    9.117140780048448 9.09634645476749 9.075429479922605  
    9.05337380853642 9.029679119264973 9.005428823393657  
    8.980898214689264 8.955056815364852 8.927856066924015  
    8.900277735473775 8.8722674321019 8.842952578780293  
    8.81251601513781 8.781809463203796 8.750674315767167  
    8.7183821394242 8.685131500134101 8.651654856510959  
    8.617851961816697 8.583036379115233 8.547263541958745  
    8.511218528586882 8.474959437937953 8.43783464163102  
    8.399704556915562 8.361217777581857 8.322644764202774  
    8.283420923972082 8.24319325793121 8.20248637204819  
    8.16171971238357 8.120498483300473 8.078317634682076  
    8.035451346546717 7.992383835219452 7.948997222750094  
    7.904835425860286 7.859851492746872 7.8144151582748425  
    7.768699771260207 7.722558671147709 7.675637489652999  
    7.627945406112338 7.5798867509308385 7.531607764716559  
    7.4827360332637705 7.432949472654051 7.382567879616454  
    7.331931512850119 7.2809006432972945 7.229141675977271  
    7.17662219276537 7.123601087751295 7.070228881301903  
    7.0164885646960835 6.962074372364476 6.906849358937809  
    6.8511578918394145 6.795213529486096 6.738794317918366  
    6.681579580675281 6.623665046918459 6.565300335424941  
    6.506516622387997 6.447250614817367 6.3872615468494764  
    6.326495512612311 6.265252389118795 6.203703767651938  
    6.141645804101804 6.078786585372382 6.0152645243958265  
    5.951313210101924 5.886908053806786 5.821963294669154  
    5.7562731983618995 5.689754114574281 5.6226119609326055  
    5.554995021605143 5.4866955412618035 5.4173722544282485  
    5.347117547465837 5.276171598237015 5.204510213180998  
    5.132011759430059 5.058472856508576 4.983883626859199  
    4.90841836228806 4.832130086522051 4.75483212464786  
    4.676206482159283 4.596162877720265 4.514786028727041  
    4.432089515382419 4.347797392382802 4.261520880721313  
    4.173262209282628 4.083223777364678 3.9911287698895443  
    3.8964101477628788 3.7988977055085806 3.6985640292766346  
    3.5949984228439273 3.487779117835572 3.376801266254486  
    3.2605511799374627 3.137397565067607 3.007123153217861  
    2.8701030467790676 2.7284621998109704 2.583327057903669  
    2.4359051154279836 2.2786398943619255 2.0981848733212516  
    1.8914801251014688 1.6586957697929319 1.3935399594148765  
    1.0914157212058981 0.7496444335054171 0.3809284600153988  
    0.01116994008657776 -0.35255280636692077 -0.7121212987320384  
    -1.0629262609161647 -1.400913501678863 -1.7258735348429362  
    -2.0379818739387305 -2.3372935449887615 -2.62369565942042  
    -2.8947916205201123 -3.137192277823356 -3.341165515843746  
    -3.5072135029372817 -3.629941779495095 -3.7036764556826065  
    -3.7269273066780966 -3.700089614853569 -3.627525261350347  
    -3.511923591297939 -3.3522624620619226 -3.154317680794219  
    -2.9246467570154495 -2.6592706097847305 -2.3782076971626074  
    -2.11396563647412 -1.8795179826264903 -1.6517134812215508  
    -1.3607232374645721 -0.9698689346504179 -0.48202363301114637  
    0.11000790808041208 0.8186211975464455 1.6438162353831558 
/

