 # generated by zfastran.py Ver+Oct2009
@R INFLAG 1 []
  1.000000000e+00
@R TIME0 1 [s]
  0.000000000e+00
@R IP 1 []
  9.999999995e+00
@R BCENTR 1 []
  1.100000000e+01
@R RMAJOR 1 []
  4.550000000e+00
@R AMINOR 1 []
  1.201106841e+00
@R ELONGB 1 []
  1.397397599e+00
@R TRIANB 1 []
 -4.846262691e-01
@R RHO 101 []
  0.000000000e+00  1.000000000e-02  2.000000000e-02  3.000000000e-02
  4.000000000e-02  5.000000000e-02  6.000000000e-02  7.000000000e-02
  8.000000000e-02  9.000000000e-02  1.000000000e-01  1.100000000e-01
  1.200000000e-01  1.300000000e-01  1.400000000e-01  1.500000000e-01
  1.600000000e-01  1.700000000e-01  1.800000000e-01  1.900000000e-01
  2.000000000e-01  2.100000000e-01  2.200000000e-01  2.300000000e-01
  2.400000000e-01  2.500000000e-01  2.600000000e-01  2.700000000e-01
  2.800000000e-01  2.900000000e-01  3.000000000e-01  3.100000000e-01
  3.200000000e-01  3.300000000e-01  3.400000000e-01  3.500000000e-01
  3.600000000e-01  3.700000000e-01  3.800000000e-01  3.900000000e-01
  4.000000000e-01  4.100000000e-01  4.200000000e-01  4.300000000e-01
  4.400000000e-01  4.500000000e-01  4.600000000e-01  4.700000000e-01
  4.800000000e-01  4.900000000e-01  5.000000000e-01  5.100000000e-01
  5.200000000e-01  5.300000000e-01  5.400000000e-01  5.500000000e-01
  5.600000000e-01  5.700000000e-01  5.800000000e-01  5.900000000e-01
  6.000000000e-01  6.100000000e-01  6.200000000e-01  6.300000000e-01
  6.400000000e-01  6.500000000e-01  6.600000000e-01  6.700000000e-01
  6.800000000e-01  6.900000000e-01  7.000000000e-01  7.100000000e-01
  7.200000000e-01  7.300000000e-01  7.400000000e-01  7.500000000e-01
  7.600000000e-01  7.700000000e-01  7.800000000e-01  7.900000000e-01
  8.000000000e-01  8.100000000e-01  8.200000000e-01  8.300000000e-01
  8.400000000e-01  8.500000000e-01  8.600000000e-01  8.700000000e-01
  8.800000000e-01  8.900000000e-01  9.000000000e-01  9.100000000e-01
  9.200000000e-01  9.300000000e-01  9.400000000e-01  9.500000000e-01
  9.600000000e-01  9.700000000e-01  9.800000000e-01  9.900000000e-01
  1.000000000e+00
@R AMAIN 1 []
  2.500000000e+00
@R ZMAIN 1 []
  1.000000000e+00
@I NIMP 1 []
                1
@R AIMP 1 []
  8.300000000e+01
@R ZIMP 1 []
  3.600000000e+01
@R FIMP 1 []
  1.000000000e-03
@R ENE 101 []
  2.762152795e+01  2.762152795e+01  2.757962042e+01  2.753478970e+01
  2.748707274e+01  2.743650651e+01  2.738312796e+01  2.732697405e+01
  2.726808174e+01  2.720648799e+01  2.714222975e+01  2.707534399e+01
  2.700586767e+01  2.693383774e+01  2.685929115e+01  2.678226488e+01
  2.670279588e+01  2.662092110e+01  2.653667751e+01  2.645010207e+01
  2.636123172e+01  2.627010344e+01  2.617675418e+01  2.608122090e+01
  2.598354055e+01  2.588375010e+01  2.578188651e+01  2.567798673e+01
  2.557208772e+01  2.546422644e+01  2.535443985e+01  2.524276490e+01
  2.512923857e+01  2.501389779e+01  2.489677955e+01  2.477792078e+01
  2.465735845e+01  2.453512953e+01  2.441127096e+01  2.428581970e+01
  2.415881273e+01  2.403028698e+01  2.390027943e+01  2.376882703e+01
  2.363596674e+01  2.350173551e+01  2.336617032e+01  2.322930810e+01
  2.309118584e+01  2.295184047e+01  2.281130897e+01  2.266962828e+01
  2.252683538e+01  2.238296721e+01  2.223806073e+01  2.209215291e+01
  2.194528070e+01  2.179748107e+01  2.164879096e+01  2.149924735e+01
  2.134888717e+01  2.119774741e+01  2.104586501e+01  2.089327693e+01
  2.074002014e+01  2.058613158e+01  2.043164822e+01  2.027660702e+01
  2.012104494e+01  1.996499893e+01  1.980850595e+01  1.965160297e+01
  1.949432693e+01  1.933671478e+01  1.917880349e+01  1.902062998e+01
  1.886223116e+01  1.870364387e+01  1.854490483e+01  1.838605044e+01
  1.822711648e+01  1.806813727e+01  1.790914406e+01  1.775016126e+01
  1.759119842e+01  1.743223251e+01  1.727316940e+01  1.711375957e+01
  1.695341446e+01  1.679080687e+01  1.662300587e+01  1.644362335e+01
  1.623893447e+01  1.598018266e+01  1.561022376e+01  1.502823148e+01
  1.410088862e+01  1.276846070e+01  1.122924556e+01  9.889374176e+00
  8.995597301e+00
@R TE 101 []
  1.880903120e+01  1.880903120e+01  1.873013319e+01  1.864463063e+01
  1.855266093e+01  1.845436151e+01  1.834986978e+01  1.823932316e+01
  1.812285905e+01  1.800061486e+01  1.787272802e+01  1.773933594e+01
  1.760057602e+01  1.745658568e+01  1.730750233e+01  1.715346339e+01
  1.699460627e+01  1.683106838e+01  1.666298714e+01  1.649049996e+01
  1.631374424e+01  1.613285741e+01  1.594797688e+01  1.575924005e+01
  1.556678435e+01  1.537074719e+01  1.517126597e+01  1.496847811e+01
  1.476252103e+01  1.455353214e+01  1.434164884e+01  1.412700856e+01
  1.390974871e+01  1.369000669e+01  1.346791993e+01  1.324362583e+01
  1.301726181e+01  1.278896528e+01  1.255887365e+01  1.232712434e+01
  1.209385476e+01  1.185920232e+01  1.162330444e+01  1.138629852e+01
  1.114832199e+01  1.090951225e+01  1.067000672e+01  1.042994281e+01
  1.018945793e+01  9.948689494e+00  9.707774920e+00  9.466851618e+00
  9.226057001e+00  8.985528481e+00  8.745403472e+00  8.505819386e+00
  8.266913637e+00  8.028823637e+00  7.791686799e+00  7.555640537e+00
  7.320822263e+00  7.087369390e+00  6.855419331e+00  6.625109499e+00
  6.396577308e+00  6.169960169e+00  5.945395495e+00  5.723020701e+00
  5.502973198e+00  5.285390400e+00  5.070409719e+00  4.858168569e+00
  4.648804362e+00  4.442454512e+00  4.239256430e+00  4.039347531e+00
  3.842865228e+00  3.649946932e+00  3.460730057e+00  3.275352016e+00
  3.093950222e+00  2.916662088e+00  2.743625026e+00  2.574976451e+00
  2.410853773e+00  2.251394406e+00  2.096735761e+00  1.947015236e+00
  1.802370186e+00  1.662937757e+00  1.528854160e+00  1.400251394e+00
  1.277242655e+00  1.159857627e+00  1.047757914e+00  9.390058148e-01
  8.250228136e-01  6.746501068e-01  4.344840690e-01  1.923782326e-01
  9.271493303e-02
@R TI 101 []
  1.900900821e+01  1.900900821e+01  1.892923872e+01  1.884278837e+01
  1.874979616e+01  1.865040112e+01  1.854474224e+01  1.843295853e+01
  1.831518901e+01  1.819157268e+01  1.806224856e+01  1.792735564e+01
  1.778703293e+01  1.764141946e+01  1.749065422e+01  1.733487622e+01
  1.717422447e+01  1.700883798e+01  1.683885576e+01  1.666441682e+01
  1.648566016e+01  1.630272480e+01  1.611574973e+01  1.592487398e+01
  1.573023655e+01  1.553197645e+01  1.533023268e+01  1.512514425e+01
  1.491685018e+01  1.470548947e+01  1.449120113e+01  1.427412417e+01
  1.405439760e+01  1.383216042e+01  1.360755165e+01  1.338071028e+01
  1.315177534e+01  1.292088583e+01  1.268818075e+01  1.245379913e+01
  1.221787995e+01  1.198056224e+01  1.174198501e+01  1.150228725e+01
  1.126160798e+01  1.102008621e+01  1.077786094e+01  1.053507119e+01
  1.029185596e+01  1.004835426e+01  9.804705100e+00  9.561047489e+00
  9.317520435e+00  9.074262945e+00  8.831414029e+00  8.589112695e+00
  8.347497952e+00  8.106708807e+00  7.866884270e+00  7.628163348e+00
  7.390685052e+00  7.154588387e+00  6.920012365e+00  6.687095992e+00
  6.455978277e+00  6.226798229e+00  5.999694856e+00  5.774807167e+00
  5.552274171e+00  5.332234874e+00  5.114828287e+00  4.900193418e+00
  4.688469275e+00  4.479794866e+00  4.274309201e+00  4.072151287e+00
  3.873460133e+00  3.678374747e+00  3.487034139e+00  3.299577316e+00
  3.116143287e+00  2.936871060e+00  2.761899645e+00  2.591368048e+00
  2.425415280e+00  2.264180347e+00  2.107802256e+00  1.956420004e+00
  1.810172549e+00  1.669198668e+00  1.533636303e+00  1.403619609e+00
  1.279265588e+00  1.160614054e+00  1.047360152e+00  9.376814074e-01
  8.233585989e-01  6.739306987e-01  4.350897129e-01  1.922869628e-01
  9.269185040e-02
@R ZEFF 101 []
  2.260000000e+00  2.260000000e+00  2.260000000e+00  2.260000000e+00
  2.260000000e+00  2.260000000e+00  2.260000000e+00  2.260000000e+00
  2.260000000e+00  2.260000000e+00  2.260000000e+00  2.260000000e+00
  2.260000000e+00  2.260000000e+00  2.260000000e+00  2.260000000e+00
  2.260000000e+00  2.260000000e+00  2.260000000e+00  2.260000000e+00
  2.260000000e+00  2.260000000e+00  2.260000000e+00  2.260000000e+00
  2.260000000e+00  2.260000000e+00  2.260000000e+00  2.260000000e+00
  2.260000000e+00  2.260000000e+00  2.260000000e+00  2.260000000e+00
  2.260000000e+00  2.260000000e+00  2.260000000e+00  2.260000000e+00
  2.260000000e+00  2.260000000e+00  2.260000000e+00  2.260000000e+00
  2.260000000e+00  2.260000000e+00  2.260000000e+00  2.260000000e+00
  2.260000000e+00  2.260000000e+00  2.260000000e+00  2.260000000e+00
  2.260000000e+00  2.260000000e+00  2.260000000e+00  2.260000000e+00
  2.260000000e+00  2.260000000e+00  2.260000000e+00  2.260000000e+00
  2.260000000e+00  2.260000000e+00  2.260000000e+00  2.260000000e+00
  2.260000000e+00  2.260000000e+00  2.260000000e+00  2.260000000e+00
  2.260000000e+00  2.260000000e+00  2.260000000e+00  2.260000000e+00
  2.260000000e+00  2.260000000e+00  2.260000000e+00  2.260000000e+00
  2.260000000e+00  2.260000000e+00  2.260000000e+00  2.260000000e+00
  2.260000000e+00  2.260000000e+00  2.260000000e+00  2.260000000e+00
  2.260000000e+00  2.260000000e+00  2.260000000e+00  2.260000000e+00
  2.260000000e+00  2.260000000e+00  2.260000000e+00  2.260000000e+00
  2.260000000e+00  2.260000000e+00  2.260000000e+00  2.260000000e+00
  2.260000000e+00  2.260000000e+00  2.260000000e+00  2.260000000e+00
  2.260000000e+00  2.260000000e+00  2.260000000e+00  2.260000000e+00
  2.260000000e+00
@R OMEGA 101 []
  4.992501875e+03  4.992501875e+03  4.978801804e+03  4.961079526e+03
  4.940120160e+03  4.916382264e+03  4.890178959e+03  4.861743180e+03
  4.831258024e+03  4.798873089e+03  4.764714177e+03  4.728889466e+03
  4.691493659e+03  4.652610886e+03  4.612316799e+03  4.570680145e+03
  4.527763951e+03  4.483626454e+03  4.438321832e+03  4.391900796e+03
  4.344411068e+03  4.295897774e+03  4.246403778e+03  4.195969955e+03
  4.144635428e+03  4.092437767e+03  4.039413164e+03  3.985596584e+03
  3.931021896e+03  3.875721988e+03  3.819728870e+03  3.763073767e+03
  3.705787199e+03  3.647899055e+03  3.589438660e+03  3.530434837e+03
  3.470915960e+03  3.410910006e+03  3.350444605e+03  3.289547080e+03
  3.228244492e+03  3.166563674e+03  3.104531273e+03  3.042173783e+03
  2.979517575e+03  2.916588934e+03  2.853414088e+03  2.790019238e+03
  2.726430588e+03  2.662674375e+03  2.598776897e+03  2.534764544e+03
  2.470663824e+03  2.406501396e+03  2.342304099e+03  2.278098979e+03
  2.213913327e+03  2.149774707e+03  2.085710992e+03  2.021750397e+03
  1.957921519e+03  1.894253376e+03  1.830775447e+03  1.767517715e+03
  1.704510722e+03  1.641785608e+03  1.579374179e+03  1.517308956e+03
  1.455623246e+03  1.394351213e+03  1.333527952e+03  1.273189580e+03
  1.213373329e+03  1.154117653e+03  1.095462349e+03  1.037448686e+03
  9.801195629e+02  9.235196753e+02  8.676957162e+02  8.126966008e+02
  7.585737302e+02  7.053812976e+02  6.531766492e+02  6.020207128e+02
  5.519785103e+02  5.031197796e+02  4.555197357e+02  4.092600162e+02
  3.644298727e+02  3.211276991e+02  2.794630303e+02  2.395592200e+02
  2.015571260e+02  1.656203590e+02  1.319430748e+02  1.007621703e+02
  7.237775876e+01  4.719105135e+01  2.578549737e+01  9.151104569e+00
 -3.154809747e-12
@R Q 101 []
  0.000000000e+00  0.000000000e+00  0.000000000e+00  0.000000000e+00
  0.000000000e+00  0.000000000e+00  0.000000000e+00  0.000000000e+00
  0.000000000e+00  0.000000000e+00  0.000000000e+00  0.000000000e+00
  0.000000000e+00  0.000000000e+00  0.000000000e+00  0.000000000e+00
  0.000000000e+00  0.000000000e+00  0.000000000e+00  0.000000000e+00
  0.000000000e+00  0.000000000e+00  0.000000000e+00  0.000000000e+00
  0.000000000e+00  0.000000000e+00  0.000000000e+00  0.000000000e+00
  0.000000000e+00  0.000000000e+00  0.000000000e+00  0.000000000e+00
  0.000000000e+00  0.000000000e+00  0.000000000e+00  0.000000000e+00
  0.000000000e+00  0.000000000e+00  0.000000000e+00  0.000000000e+00
  0.000000000e+00  0.000000000e+00  0.000000000e+00  0.000000000e+00
  0.000000000e+00  0.000000000e+00  0.000000000e+00  0.000000000e+00
  0.000000000e+00  0.000000000e+00  0.000000000e+00  0.000000000e+00
  0.000000000e+00  0.000000000e+00  0.000000000e+00  0.000000000e+00
  0.000000000e+00  0.000000000e+00  0.000000000e+00  0.000000000e+00
  0.000000000e+00  0.000000000e+00  0.000000000e+00  0.000000000e+00
  0.000000000e+00  0.000000000e+00  0.000000000e+00  0.000000000e+00
  0.000000000e+00  0.000000000e+00  0.000000000e+00  0.000000000e+00
  0.000000000e+00  0.000000000e+00  0.000000000e+00  0.000000000e+00
  0.000000000e+00  0.000000000e+00  0.000000000e+00  0.000000000e+00
  0.000000000e+00  0.000000000e+00  0.000000000e+00  0.000000000e+00
  0.000000000e+00  0.000000000e+00  0.000000000e+00  0.000000000e+00
  0.000000000e+00  0.000000000e+00  0.000000000e+00  0.000000000e+00
  0.000000000e+00  0.000000000e+00  0.000000000e+00  0.000000000e+00
  0.000000000e+00  0.000000000e+00  0.000000000e+00  0.000000000e+00
  0.000000000e+00
@R FP 101 []
  0.000000000e+00  0.000000000e+00  0.000000000e+00  0.000000000e+00
  0.000000000e+00  0.000000000e+00  0.000000000e+00  0.000000000e+00
  0.000000000e+00  0.000000000e+00  0.000000000e+00  0.000000000e+00
  0.000000000e+00  0.000000000e+00  0.000000000e+00  0.000000000e+00
  0.000000000e+00  0.000000000e+00  0.000000000e+00  0.000000000e+00
  0.000000000e+00  0.000000000e+00  0.000000000e+00  0.000000000e+00
  0.000000000e+00  0.000000000e+00  0.000000000e+00  0.000000000e+00
  0.000000000e+00  0.000000000e+00  0.000000000e+00  0.000000000e+00
  0.000000000e+00  0.000000000e+00  0.000000000e+00  0.000000000e+00
  0.000000000e+00  0.000000000e+00  0.000000000e+00  0.000000000e+00
  0.000000000e+00  0.000000000e+00  0.000000000e+00  0.000000000e+00
  0.000000000e+00  0.000000000e+00  0.000000000e+00  0.000000000e+00
  0.000000000e+00  0.000000000e+00  0.000000000e+00  0.000000000e+00
  0.000000000e+00  0.000000000e+00  0.000000000e+00  0.000000000e+00
  0.000000000e+00  0.000000000e+00  0.000000000e+00  0.000000000e+00
  0.000000000e+00  0.000000000e+00  0.000000000e+00  0.000000000e+00
  0.000000000e+00  0.000000000e+00  0.000000000e+00  0.000000000e+00
  0.000000000e+00  0.000000000e+00  0.000000000e+00  0.000000000e+00
  0.000000000e+00  0.000000000e+00  0.000000000e+00  0.000000000e+00
  0.000000000e+00  0.000000000e+00  0.000000000e+00  0.000000000e+00
  0.000000000e+00  0.000000000e+00  0.000000000e+00  0.000000000e+00
  0.000000000e+00  0.000000000e+00  0.000000000e+00  0.000000000e+00
  0.000000000e+00  0.000000000e+00  0.000000000e+00  0.000000000e+00
  0.000000000e+00  0.000000000e+00  0.000000000e+00  0.000000000e+00
  0.000000000e+00  0.000000000e+00  0.000000000e+00  0.000000000e+00
  0.000000000e+00
@R CURPAR 101 []
  9.998278125e-01  9.997402344e-01  9.994685937e-01  9.990010156e-01
  9.983375000e-01  9.974825000e-01  9.964375000e-01  9.952025000e-01
  9.937775000e-01  9.921625000e-01  9.903575000e-01  9.883625000e-01
  9.861775000e-01  9.838025000e-01  9.812375000e-01  9.784825000e-01
  9.755375000e-01  9.724025000e-01  9.690775000e-01  9.655625000e-01
  9.618575000e-01  9.579625000e-01  9.538775000e-01  9.496025000e-01
  9.451375000e-01  9.404825000e-01  9.356375000e-01  9.306025000e-01
  9.253775000e-01  9.199625000e-01  9.143575000e-01  9.085625000e-01
  9.025775000e-01  8.964025000e-01  8.900375000e-01  8.834825000e-01
  8.767375000e-01  8.698025000e-01  8.626775000e-01  8.553625000e-01
  8.478575000e-01  8.401625000e-01  8.322775000e-01  8.242025000e-01
  8.159375000e-01  8.074825000e-01  7.988375000e-01  7.900025000e-01
  7.809775000e-01  7.717625000e-01  7.623575000e-01  7.527625000e-01
  7.429775000e-01  7.330025000e-01  7.228375000e-01  7.124825000e-01
  7.019375000e-01  6.912025000e-01  6.802775000e-01  6.691625000e-01
  6.578575000e-01  6.463625000e-01  6.346775000e-01  6.228025000e-01
  6.107375000e-01  5.984825000e-01  5.860375000e-01  5.734025000e-01
  5.605775000e-01  5.475625000e-01  5.343575000e-01  5.209625000e-01
  5.073775000e-01  4.936025000e-01  4.796375000e-01  4.654825000e-01
  4.511375000e-01  4.366025000e-01  4.218775000e-01  4.069625000e-01
  3.918575000e-01  3.765625000e-01  3.610775000e-01  3.454025000e-01
  3.295375000e-01  3.134825000e-01  2.972375000e-01  2.808025000e-01
  2.641775000e-01  2.473625000e-01  2.303575000e-01  2.131625000e-01
  1.957775000e-01  1.782025000e-01  1.604375000e-01  1.424825000e-01
  1.243375000e-01  1.060025000e-01  8.807125000e-02  7.351250000e-02
  6.767000000e-02
@R CURBEAM 101 []
  0.000000000e+00  0.000000000e+00  0.000000000e+00  0.000000000e+00
  0.000000000e+00  0.000000000e+00  0.000000000e+00  0.000000000e+00
  0.000000000e+00  0.000000000e+00  0.000000000e+00  0.000000000e+00
  0.000000000e+00  0.000000000e+00  0.000000000e+00  0.000000000e+00
  0.000000000e+00  0.000000000e+00  0.000000000e+00  0.000000000e+00
  0.000000000e+00  0.000000000e+00  0.000000000e+00  0.000000000e+00
  0.000000000e+00  0.000000000e+00  0.000000000e+00  0.000000000e+00
  0.000000000e+00  0.000000000e+00  0.000000000e+00  0.000000000e+00
  0.000000000e+00  0.000000000e+00  0.000000000e+00  0.000000000e+00
  0.000000000e+00  0.000000000e+00  0.000000000e+00  0.000000000e+00
  0.000000000e+00  0.000000000e+00  0.000000000e+00  0.000000000e+00
  0.000000000e+00  0.000000000e+00  0.000000000e+00  0.000000000e+00
  0.000000000e+00  0.000000000e+00  0.000000000e+00  0.000000000e+00
  0.000000000e+00  0.000000000e+00  0.000000000e+00  0.000000000e+00
  0.000000000e+00  0.000000000e+00  0.000000000e+00  0.000000000e+00
  0.000000000e+00  0.000000000e+00  0.000000000e+00  0.000000000e+00
  0.000000000e+00  0.000000000e+00  0.000000000e+00  0.000000000e+00
  0.000000000e+00  0.000000000e+00  0.000000000e+00  0.000000000e+00
  0.000000000e+00  0.000000000e+00  0.000000000e+00  0.000000000e+00
  0.000000000e+00  0.000000000e+00  0.000000000e+00  0.000000000e+00
  0.000000000e+00  0.000000000e+00  0.000000000e+00  0.000000000e+00
  0.000000000e+00  0.000000000e+00  0.000000000e+00  0.000000000e+00
  0.000000000e+00  0.000000000e+00  0.000000000e+00  0.000000000e+00
  0.000000000e+00  0.000000000e+00  0.000000000e+00  0.000000000e+00
  0.000000000e+00  0.000000000e+00  0.000000000e+00  0.000000000e+00
  0.000000000e+00
@R CURRF 101 []
  0.000000000e+00  0.000000000e+00  0.000000000e+00  0.000000000e+00
  0.000000000e+00  0.000000000e+00  0.000000000e+00  0.000000000e+00
  0.000000000e+00  0.000000000e+00  0.000000000e+00  0.000000000e+00
  0.000000000e+00  0.000000000e+00  0.000000000e+00  0.000000000e+00
  0.000000000e+00  0.000000000e+00  0.000000000e+00  0.000000000e+00
  0.000000000e+00  0.000000000e+00  0.000000000e+00  0.000000000e+00
  0.000000000e+00  0.000000000e+00  0.000000000e+00  0.000000000e+00
  0.000000000e+00  0.000000000e+00  0.000000000e+00  0.000000000e+00
  0.000000000e+00  0.000000000e+00  0.000000000e+00  0.000000000e+00
  0.000000000e+00  0.000000000e+00  0.000000000e+00  0.000000000e+00
  0.000000000e+00  0.000000000e+00  0.000000000e+00  0.000000000e+00
  0.000000000e+00  0.000000000e+00  0.000000000e+00  0.000000000e+00
  0.000000000e+00  0.000000000e+00  0.000000000e+00  0.000000000e+00
  0.000000000e+00  0.000000000e+00  0.000000000e+00  0.000000000e+00
  0.000000000e+00  0.000000000e+00  0.000000000e+00  0.000000000e+00
  0.000000000e+00  0.000000000e+00  0.000000000e+00  0.000000000e+00
  0.000000000e+00  0.000000000e+00  0.000000000e+00  0.000000000e+00
  0.000000000e+00  0.000000000e+00  0.000000000e+00  0.000000000e+00
  0.000000000e+00  0.000000000e+00  0.000000000e+00  0.000000000e+00
  0.000000000e+00  0.000000000e+00  0.000000000e+00  0.000000000e+00
  0.000000000e+00  0.000000000e+00  0.000000000e+00  0.000000000e+00
  0.000000000e+00  0.000000000e+00  0.000000000e+00  0.000000000e+00
  0.000000000e+00  0.000000000e+00  0.000000000e+00  0.000000000e+00
  0.000000000e+00  0.000000000e+00  0.000000000e+00  0.000000000e+00
  0.000000000e+00  0.000000000e+00  0.000000000e+00  0.000000000e+00
  0.000000000e+00
@R CURBOOT 101 []
  0.000000000e+00  0.000000000e+00  0.000000000e+00  0.000000000e+00
  0.000000000e+00  0.000000000e+00  0.000000000e+00  0.000000000e+00
  0.000000000e+00  0.000000000e+00  0.000000000e+00  0.000000000e+00
  0.000000000e+00  0.000000000e+00  0.000000000e+00  0.000000000e+00
  0.000000000e+00  0.000000000e+00  0.000000000e+00  0.000000000e+00
  0.000000000e+00  0.000000000e+00  0.000000000e+00  0.000000000e+00
  0.000000000e+00  0.000000000e+00  0.000000000e+00  0.000000000e+00
  0.000000000e+00  0.000000000e+00  0.000000000e+00  0.000000000e+00
  0.000000000e+00  0.000000000e+00  0.000000000e+00  0.000000000e+00
  0.000000000e+00  0.000000000e+00  0.000000000e+00  0.000000000e+00
  0.000000000e+00  0.000000000e+00  0.000000000e+00  0.000000000e+00
  0.000000000e+00  0.000000000e+00  0.000000000e+00  0.000000000e+00
  0.000000000e+00  0.000000000e+00  0.000000000e+00  0.000000000e+00
  0.000000000e+00  0.000000000e+00  0.000000000e+00  0.000000000e+00
  0.000000000e+00  0.000000000e+00  0.000000000e+00  0.000000000e+00
  0.000000000e+00  0.000000000e+00  0.000000000e+00  0.000000000e+00
  0.000000000e+00  0.000000000e+00  0.000000000e+00  0.000000000e+00
  0.000000000e+00  0.000000000e+00  0.000000000e+00  0.000000000e+00
  0.000000000e+00  0.000000000e+00  0.000000000e+00  0.000000000e+00
  0.000000000e+00  0.000000000e+00  0.000000000e+00  0.000000000e+00
  0.000000000e+00  0.000000000e+00  0.000000000e+00  0.000000000e+00
  0.000000000e+00  0.000000000e+00  0.000000000e+00  0.000000000e+00
  0.000000000e+00  0.000000000e+00  0.000000000e+00  0.000000000e+00
  0.000000000e+00  0.000000000e+00  0.000000000e+00  0.000000000e+00
  0.000000000e+00  0.000000000e+00  0.000000000e+00  0.000000000e+00
  0.000000000e+00
@R ENBEAM 101 []
  0.000000000e+00  0.000000000e+00  0.000000000e+00  0.000000000e+00
  0.000000000e+00  0.000000000e+00  0.000000000e+00  0.000000000e+00
  0.000000000e+00  0.000000000e+00  0.000000000e+00  0.000000000e+00
  0.000000000e+00  0.000000000e+00  0.000000000e+00  0.000000000e+00
  0.000000000e+00  0.000000000e+00  0.000000000e+00  0.000000000e+00
  0.000000000e+00  0.000000000e+00  0.000000000e+00  0.000000000e+00
  0.000000000e+00  0.000000000e+00  0.000000000e+00  0.000000000e+00
  0.000000000e+00  0.000000000e+00  0.000000000e+00  0.000000000e+00
  0.000000000e+00  0.000000000e+00  0.000000000e+00  0.000000000e+00
  0.000000000e+00  0.000000000e+00  0.000000000e+00  0.000000000e+00
  0.000000000e+00  0.000000000e+00  0.000000000e+00  0.000000000e+00
  0.000000000e+00  0.000000000e+00  0.000000000e+00  0.000000000e+00
  0.000000000e+00  0.000000000e+00  0.000000000e+00  0.000000000e+00
  0.000000000e+00  0.000000000e+00  0.000000000e+00  0.000000000e+00
  0.000000000e+00  0.000000000e+00  0.000000000e+00  0.000000000e+00
  0.000000000e+00  0.000000000e+00  0.000000000e+00  0.000000000e+00
  0.000000000e+00  0.000000000e+00  0.000000000e+00  0.000000000e+00
  0.000000000e+00  0.000000000e+00  0.000000000e+00  0.000000000e+00
  0.000000000e+00  0.000000000e+00  0.000000000e+00  0.000000000e+00
  0.000000000e+00  0.000000000e+00  0.000000000e+00  0.000000000e+00
  0.000000000e+00  0.000000000e+00  0.000000000e+00  0.000000000e+00
  0.000000000e+00  0.000000000e+00  0.000000000e+00  0.000000000e+00
  0.000000000e+00  0.000000000e+00  0.000000000e+00  0.000000000e+00
  0.000000000e+00  0.000000000e+00  0.000000000e+00  0.000000000e+00
  0.000000000e+00  0.000000000e+00  0.000000000e+00  0.000000000e+00
  0.000000000e+00
@R WBEAM 101 []
  0.000000000e+00  0.000000000e+00  0.000000000e+00  0.000000000e+00
  0.000000000e+00  0.000000000e+00  0.000000000e+00  0.000000000e+00
  0.000000000e+00  0.000000000e+00  0.000000000e+00  0.000000000e+00
  0.000000000e+00  0.000000000e+00  0.000000000e+00  0.000000000e+00
  0.000000000e+00  0.000000000e+00  0.000000000e+00  0.000000000e+00
  0.000000000e+00  0.000000000e+00  0.000000000e+00  0.000000000e+00
  0.000000000e+00  0.000000000e+00  0.000000000e+00  0.000000000e+00
  0.000000000e+00  0.000000000e+00  0.000000000e+00  0.000000000e+00
  0.000000000e+00  0.000000000e+00  0.000000000e+00  0.000000000e+00
  0.000000000e+00  0.000000000e+00  0.000000000e+00  0.000000000e+00
  0.000000000e+00  0.000000000e+00  0.000000000e+00  0.000000000e+00
  0.000000000e+00  0.000000000e+00  0.000000000e+00  0.000000000e+00
  0.000000000e+00  0.000000000e+00  0.000000000e+00  0.000000000e+00
  0.000000000e+00  0.000000000e+00  0.000000000e+00  0.000000000e+00
  0.000000000e+00  0.000000000e+00  0.000000000e+00  0.000000000e+00
  0.000000000e+00  0.000000000e+00  0.000000000e+00  0.000000000e+00
  0.000000000e+00  0.000000000e+00  0.000000000e+00  0.000000000e+00
  0.000000000e+00  0.000000000e+00  0.000000000e+00  0.000000000e+00
  0.000000000e+00  0.000000000e+00  0.000000000e+00  0.000000000e+00
  0.000000000e+00  0.000000000e+00  0.000000000e+00  0.000000000e+00
  0.000000000e+00  0.000000000e+00  0.000000000e+00  0.000000000e+00
  0.000000000e+00  0.000000000e+00  0.000000000e+00  0.000000000e+00
  0.000000000e+00  0.000000000e+00  0.000000000e+00  0.000000000e+00
  0.000000000e+00  0.000000000e+00  0.000000000e+00  0.000000000e+00
  0.000000000e+00  0.000000000e+00  0.000000000e+00  0.000000000e+00
  0.000000000e+00
@R QBEAME 101 []
  0.000000000e+00  0.000000000e+00  0.000000000e+00  0.000000000e+00
  0.000000000e+00  0.000000000e+00  0.000000000e+00  0.000000000e+00
  0.000000000e+00  0.000000000e+00  0.000000000e+00  0.000000000e+00
  0.000000000e+00  0.000000000e+00  0.000000000e+00  0.000000000e+00
  0.000000000e+00  0.000000000e+00  0.000000000e+00  0.000000000e+00
  0.000000000e+00  0.000000000e+00  0.000000000e+00  0.000000000e+00
  0.000000000e+00  0.000000000e+00  0.000000000e+00  0.000000000e+00
  0.000000000e+00  0.000000000e+00  0.000000000e+00  0.000000000e+00
  0.000000000e+00  0.000000000e+00  0.000000000e+00  0.000000000e+00
  0.000000000e+00  0.000000000e+00  0.000000000e+00  0.000000000e+00
  0.000000000e+00  0.000000000e+00  0.000000000e+00  0.000000000e+00
  0.000000000e+00  0.000000000e+00  0.000000000e+00  0.000000000e+00
  0.000000000e+00  0.000000000e+00  0.000000000e+00  0.000000000e+00
  0.000000000e+00  0.000000000e+00  0.000000000e+00  0.000000000e+00
  0.000000000e+00  0.000000000e+00  0.000000000e+00  0.000000000e+00
  0.000000000e+00  0.000000000e+00  0.000000000e+00  0.000000000e+00
  0.000000000e+00  0.000000000e+00  0.000000000e+00  0.000000000e+00
  0.000000000e+00  0.000000000e+00  0.000000000e+00  0.000000000e+00
  0.000000000e+00  0.000000000e+00  0.000000000e+00  0.000000000e+00
  0.000000000e+00  0.000000000e+00  0.000000000e+00  0.000000000e+00
  0.000000000e+00  0.000000000e+00  0.000000000e+00  0.000000000e+00
  0.000000000e+00  0.000000000e+00  0.000000000e+00  0.000000000e+00
  0.000000000e+00  0.000000000e+00  0.000000000e+00  0.000000000e+00
  0.000000000e+00  0.000000000e+00  0.000000000e+00  0.000000000e+00
  0.000000000e+00  0.000000000e+00  0.000000000e+00  0.000000000e+00
  0.000000000e+00
@R QBEAMI 101 []
  0.000000000e+00  0.000000000e+00  0.000000000e+00  0.000000000e+00
  0.000000000e+00  0.000000000e+00  0.000000000e+00  0.000000000e+00
  0.000000000e+00  0.000000000e+00  0.000000000e+00  0.000000000e+00
  0.000000000e+00  0.000000000e+00  0.000000000e+00  0.000000000e+00
  0.000000000e+00  0.000000000e+00  0.000000000e+00  0.000000000e+00
  0.000000000e+00  0.000000000e+00  0.000000000e+00  0.000000000e+00
  0.000000000e+00  0.000000000e+00  0.000000000e+00  0.000000000e+00
  0.000000000e+00  0.000000000e+00  0.000000000e+00  0.000000000e+00
  0.000000000e+00  0.000000000e+00  0.000000000e+00  0.000000000e+00
  0.000000000e+00  0.000000000e+00  0.000000000e+00  0.000000000e+00
  0.000000000e+00  0.000000000e+00  0.000000000e+00  0.000000000e+00
  0.000000000e+00  0.000000000e+00  0.000000000e+00  0.000000000e+00
  0.000000000e+00  0.000000000e+00  0.000000000e+00  0.000000000e+00
  0.000000000e+00  0.000000000e+00  0.000000000e+00  0.000000000e+00
  0.000000000e+00  0.000000000e+00  0.000000000e+00  0.000000000e+00
  0.000000000e+00  0.000000000e+00  0.000000000e+00  0.000000000e+00
  0.000000000e+00  0.000000000e+00  0.000000000e+00  0.000000000e+00
  0.000000000e+00  0.000000000e+00  0.000000000e+00  0.000000000e+00
  0.000000000e+00  0.000000000e+00  0.000000000e+00  0.000000000e+00
  0.000000000e+00  0.000000000e+00  0.000000000e+00  0.000000000e+00
  0.000000000e+00  0.000000000e+00  0.000000000e+00  0.000000000e+00
  0.000000000e+00  0.000000000e+00  0.000000000e+00  0.000000000e+00
  0.000000000e+00  0.000000000e+00  0.000000000e+00  0.000000000e+00
  0.000000000e+00  0.000000000e+00  0.000000000e+00  0.000000000e+00
  0.000000000e+00  0.000000000e+00  0.000000000e+00  0.000000000e+00
  0.000000000e+00
@R ENALP 101 []
  0.000000000e+00  0.000000000e+00  0.000000000e+00  0.000000000e+00
  0.000000000e+00  0.000000000e+00  0.000000000e+00  0.000000000e+00
  0.000000000e+00  0.000000000e+00  0.000000000e+00  0.000000000e+00
  0.000000000e+00  0.000000000e+00  0.000000000e+00  0.000000000e+00
  0.000000000e+00  0.000000000e+00  0.000000000e+00  0.000000000e+00
  0.000000000e+00  0.000000000e+00  0.000000000e+00  0.000000000e+00
  0.000000000e+00  0.000000000e+00  0.000000000e+00  0.000000000e+00
  0.000000000e+00  0.000000000e+00  0.000000000e+00  0.000000000e+00
  0.000000000e+00  0.000000000e+00  0.000000000e+00  0.000000000e+00
  0.000000000e+00  0.000000000e+00  0.000000000e+00  0.000000000e+00
  0.000000000e+00  0.000000000e+00  0.000000000e+00  0.000000000e+00
  0.000000000e+00  0.000000000e+00  0.000000000e+00  0.000000000e+00
  0.000000000e+00  0.000000000e+00  0.000000000e+00  0.000000000e+00
  0.000000000e+00  0.000000000e+00  0.000000000e+00  0.000000000e+00
  0.000000000e+00  0.000000000e+00  0.000000000e+00  0.000000000e+00
  0.000000000e+00  0.000000000e+00  0.000000000e+00  0.000000000e+00
  0.000000000e+00  0.000000000e+00  0.000000000e+00  0.000000000e+00
  0.000000000e+00  0.000000000e+00  0.000000000e+00  0.000000000e+00
  0.000000000e+00  0.000000000e+00  0.000000000e+00  0.000000000e+00
  0.000000000e+00  0.000000000e+00  0.000000000e+00  0.000000000e+00
  0.000000000e+00  0.000000000e+00  0.000000000e+00  0.000000000e+00
  0.000000000e+00  0.000000000e+00  0.000000000e+00  0.000000000e+00
  0.000000000e+00  0.000000000e+00  0.000000000e+00  0.000000000e+00
  0.000000000e+00  0.000000000e+00  0.000000000e+00  0.000000000e+00
  0.000000000e+00  0.000000000e+00  0.000000000e+00  0.000000000e+00
  0.000000000e+00
@R WALP 101 []
  0.000000000e+00  0.000000000e+00  0.000000000e+00  0.000000000e+00
  0.000000000e+00  0.000000000e+00  0.000000000e+00  0.000000000e+00
  0.000000000e+00  0.000000000e+00  0.000000000e+00  0.000000000e+00
  0.000000000e+00  0.000000000e+00  0.000000000e+00  0.000000000e+00
  0.000000000e+00  0.000000000e+00  0.000000000e+00  0.000000000e+00
  0.000000000e+00  0.000000000e+00  0.000000000e+00  0.000000000e+00
  0.000000000e+00  0.000000000e+00  0.000000000e+00  0.000000000e+00
  0.000000000e+00  0.000000000e+00  0.000000000e+00  0.000000000e+00
  0.000000000e+00  0.000000000e+00  0.000000000e+00  0.000000000e+00
  0.000000000e+00  0.000000000e+00  0.000000000e+00  0.000000000e+00
  0.000000000e+00  0.000000000e+00  0.000000000e+00  0.000000000e+00
  0.000000000e+00  0.000000000e+00  0.000000000e+00  0.000000000e+00
  0.000000000e+00  0.000000000e+00  0.000000000e+00  0.000000000e+00
  0.000000000e+00  0.000000000e+00  0.000000000e+00  0.000000000e+00
  0.000000000e+00  0.000000000e+00  0.000000000e+00  0.000000000e+00
  0.000000000e+00  0.000000000e+00  0.000000000e+00  0.000000000e+00
  0.000000000e+00  0.000000000e+00  0.000000000e+00  0.000000000e+00
  0.000000000e+00  0.000000000e+00  0.000000000e+00  0.000000000e+00
  0.000000000e+00  0.000000000e+00  0.000000000e+00  0.000000000e+00
  0.000000000e+00  0.000000000e+00  0.000000000e+00  0.000000000e+00
  0.000000000e+00  0.000000000e+00  0.000000000e+00  0.000000000e+00
  0.000000000e+00  0.000000000e+00  0.000000000e+00  0.000000000e+00
  0.000000000e+00  0.000000000e+00  0.000000000e+00  0.000000000e+00
  0.000000000e+00  0.000000000e+00  0.000000000e+00  0.000000000e+00
  0.000000000e+00  0.000000000e+00  0.000000000e+00  0.000000000e+00
  0.000000000e+00
@R QTFUSE 101 []
  0.000000000e+00  0.000000000e+00  0.000000000e+00  0.000000000e+00
  0.000000000e+00  0.000000000e+00  0.000000000e+00  0.000000000e+00
  0.000000000e+00  0.000000000e+00  0.000000000e+00  0.000000000e+00
  0.000000000e+00  0.000000000e+00  0.000000000e+00  0.000000000e+00
  0.000000000e+00  0.000000000e+00  0.000000000e+00  0.000000000e+00
  0.000000000e+00  0.000000000e+00  0.000000000e+00  0.000000000e+00
  0.000000000e+00  0.000000000e+00  0.000000000e+00  0.000000000e+00
  0.000000000e+00  0.000000000e+00  0.000000000e+00  0.000000000e+00
  0.000000000e+00  0.000000000e+00  0.000000000e+00  0.000000000e+00
  0.000000000e+00  0.000000000e+00  0.000000000e+00  0.000000000e+00
  0.000000000e+00  0.000000000e+00  0.000000000e+00  0.000000000e+00
  0.000000000e+00  0.000000000e+00  0.000000000e+00  0.000000000e+00
  0.000000000e+00  0.000000000e+00  0.000000000e+00  0.000000000e+00
  0.000000000e+00  0.000000000e+00  0.000000000e+00  0.000000000e+00
  0.000000000e+00  0.000000000e+00  0.000000000e+00  0.000000000e+00
  0.000000000e+00  0.000000000e+00  0.000000000e+00  0.000000000e+00
  0.000000000e+00  0.000000000e+00  0.000000000e+00  0.000000000e+00
  0.000000000e+00  0.000000000e+00  0.000000000e+00  0.000000000e+00
  0.000000000e+00  0.000000000e+00  0.000000000e+00  0.000000000e+00
  0.000000000e+00  0.000000000e+00  0.000000000e+00  0.000000000e+00
  0.000000000e+00  0.000000000e+00  0.000000000e+00  0.000000000e+00
  0.000000000e+00  0.000000000e+00  0.000000000e+00  0.000000000e+00
  0.000000000e+00  0.000000000e+00  0.000000000e+00  0.000000000e+00
  0.000000000e+00  0.000000000e+00  0.000000000e+00  0.000000000e+00
  0.000000000e+00  0.000000000e+00  0.000000000e+00  0.000000000e+00
  0.000000000e+00
@R QTFUSI 101 []
  0.000000000e+00  0.000000000e+00  0.000000000e+00  0.000000000e+00
  0.000000000e+00  0.000000000e+00  0.000000000e+00  0.000000000e+00
  0.000000000e+00  0.000000000e+00  0.000000000e+00  0.000000000e+00
  0.000000000e+00  0.000000000e+00  0.000000000e+00  0.000000000e+00
  0.000000000e+00  0.000000000e+00  0.000000000e+00  0.000000000e+00
  0.000000000e+00  0.000000000e+00  0.000000000e+00  0.000000000e+00
  0.000000000e+00  0.000000000e+00  0.000000000e+00  0.000000000e+00
  0.000000000e+00  0.000000000e+00  0.000000000e+00  0.000000000e+00
  0.000000000e+00  0.000000000e+00  0.000000000e+00  0.000000000e+00
  0.000000000e+00  0.000000000e+00  0.000000000e+00  0.000000000e+00
  0.000000000e+00  0.000000000e+00  0.000000000e+00  0.000000000e+00
  0.000000000e+00  0.000000000e+00  0.000000000e+00  0.000000000e+00
  0.000000000e+00  0.000000000e+00  0.000000000e+00  0.000000000e+00
  0.000000000e+00  0.000000000e+00  0.000000000e+00  0.000000000e+00
  0.000000000e+00  0.000000000e+00  0.000000000e+00  0.000000000e+00
  0.000000000e+00  0.000000000e+00  0.000000000e+00  0.000000000e+00
  0.000000000e+00  0.000000000e+00  0.000000000e+00  0.000000000e+00
  0.000000000e+00  0.000000000e+00  0.000000000e+00  0.000000000e+00
  0.000000000e+00  0.000000000e+00  0.000000000e+00  0.000000000e+00
  0.000000000e+00  0.000000000e+00  0.000000000e+00  0.000000000e+00
  0.000000000e+00  0.000000000e+00  0.000000000e+00  0.000000000e+00
  0.000000000e+00  0.000000000e+00  0.000000000e+00  0.000000000e+00
  0.000000000e+00  0.000000000e+00  0.000000000e+00  0.000000000e+00
  0.000000000e+00  0.000000000e+00  0.000000000e+00  0.000000000e+00
  0.000000000e+00  0.000000000e+00  0.000000000e+00  0.000000000e+00
  0.000000000e+00
@R QRFE 101 []
 -1.845132908e-02 -1.529232228e-02 -1.061488765e-02 -4.113743055e-03
  4.156358604e-02  1.481574161e-01  2.320895426e-01  3.012771493e-01
  5.437798407e-01  8.455588397e-01  9.061013838e-01  7.899518087e-01
  6.768895573e-01  6.066389174e-01  5.379408984e-01  4.402128500e-01
  3.597504603e-01  3.108275903e-01  2.689406462e-01  2.268165715e-01
  1.874505114e-01  1.579472625e-01  1.355500092e-01  1.116214665e-01
  8.894666636e-02  7.387760877e-02  6.514703888e-02  5.494747451e-02
  4.050939416e-02  2.871994847e-02  2.278266518e-02  1.800217856e-02
  1.182902842e-02  7.149404572e-03  5.315304257e-03  3.346814712e-03
 -2.505841842e-04 -3.204224826e-03 -4.068754006e-03 -4.418685526e-03
 -5.540463129e-03 -6.370569676e-03 -6.412489719e-03 -7.003051517e-03
 -8.344849178e-03 -9.045911527e-03 -8.594792635e-03 -7.925029723e-03
 -7.804740736e-03 -7.814439357e-03 -7.443764177e-03 -6.930720554e-03
 -6.566411952e-03 -6.085692163e-03 -4.941135440e-03 -3.521916933e-03
 -2.603638164e-03 -2.018261861e-03 -1.408279754e-03 -4.282159638e-04
  1.009224460e-03  2.490824445e-03  3.863452319e-03  5.234721752e-03
  6.715507966e-03  8.331729870e-03  9.955972146e-03  1.141365225e-02
  1.273958614e-02  1.409274097e-02  1.549031255e-02  1.684095110e-02
  1.805233905e-02  1.910664800e-02  2.010893302e-02  2.107659029e-02
  2.177654050e-02  2.212898180e-02  2.231879444e-02  2.002247614e-02
  1.300964474e-02  5.423593330e-03  1.584739229e-03  4.964831288e-04
  2.780558938e-04  2.750306378e-04  2.680051787e-04  2.071700541e-04
  1.485729631e-04  1.285962599e-04  1.335403977e-04  1.309713881e-04
  1.210534455e-04  1.155790924e-04  1.074942590e-04  9.125130010e-05
  7.381333939e-05  6.694465317e-05  8.129688989e-05  1.195063463e-04
  1.440053097e-04
@R QRFI 101 []
  3.330397844e-02  3.333733317e-02  3.563827911e-02  4.756373721e-02
  1.163283566e-01  2.649916344e-01  3.804577607e-01  5.585890208e-01
  1.200030204e+00  2.135491791e+00  2.785130971e+00  3.146374052e+00
  3.434773636e+00  3.630340533e+00  3.556575595e+00  3.242100786e+00
  3.044721781e+00  2.942152920e+00  2.673804872e+00  2.289974349e+00
  1.932362116e+00  1.634835385e+00  1.338142655e+00  1.020426074e+00
  7.519242593e-01  5.670444921e-01  4.402952537e-01  3.383828686e-01
  2.483033931e-01  1.789637309e-01  1.330573677e-01  1.079291000e-01
  1.008240717e-01  1.032500126e-01  1.071460026e-01  1.074861488e-01
  1.020447705e-01  9.438157422e-02  9.116662215e-02  9.476177264e-02
  1.011024519e-01  1.050179553e-01  1.029676161e-01  9.144608740e-02
  7.425487945e-02  6.322746095e-02  6.273507228e-02  6.614586032e-02
  6.491926023e-02  5.802994697e-02  5.020095279e-02  4.472224910e-02
  4.134258414e-02  3.919671080e-02  4.014730346e-02  4.303192026e-02
  4.288331820e-02  3.759822056e-02  3.099694080e-02  2.903798229e-02
  3.054080768e-02  3.066927604e-02  2.700843601e-02  2.045724667e-02
  1.539401472e-02  1.308497877e-02  1.089357531e-02  6.309822340e-03
  6.111810241e-04 -2.953765645e-03 -4.559431731e-03 -6.488878415e-03
 -9.739956981e-03 -1.272574112e-02 -1.382348047e-02 -1.342000224e-02
 -1.365528463e-02 -1.554980583e-02 -1.688670109e-02 -1.391065443e-02
 -6.033417712e-03  7.648464527e-04  2.957900752e-03  3.233995078e-03
  3.607235231e-03  4.045628141e-03  3.803059789e-03  2.888339957e-03
  2.189123458e-03  2.090608135e-03  2.246267187e-03  2.210752961e-03
  2.078645723e-03  2.058231881e-03  1.975615308e-03  1.703057348e-03
  1.365696493e-03  1.168461115e-03  1.290597991e-03  1.781111868e-03
  2.109998632e-03
@R QRAD 101 []
 -0.000000000e+00 -0.000000000e+00 -0.000000000e+00 -0.000000000e+00
 -0.000000000e+00 -0.000000000e+00 -0.000000000e+00 -0.000000000e+00
 -0.000000000e+00 -0.000000000e+00 -0.000000000e+00 -0.000000000e+00
 -0.000000000e+00 -0.000000000e+00 -0.000000000e+00 -0.000000000e+00
 -0.000000000e+00 -0.000000000e+00 -0.000000000e+00 -0.000000000e+00
 -0.000000000e+00 -0.000000000e+00 -0.000000000e+00 -0.000000000e+00
 -0.000000000e+00 -0.000000000e+00 -0.000000000e+00 -0.000000000e+00
 -0.000000000e+00 -0.000000000e+00 -0.000000000e+00 -0.000000000e+00
 -0.000000000e+00 -0.000000000e+00 -0.000000000e+00 -0.000000000e+00
 -0.000000000e+00 -0.000000000e+00 -0.000000000e+00 -0.000000000e+00
 -0.000000000e+00 -0.000000000e+00 -0.000000000e+00 -0.000000000e+00
 -0.000000000e+00 -0.000000000e+00 -0.000000000e+00 -0.000000000e+00
 -0.000000000e+00 -0.000000000e+00 -0.000000000e+00 -0.000000000e+00
 -0.000000000e+00 -0.000000000e+00 -0.000000000e+00 -0.000000000e+00
 -0.000000000e+00 -0.000000000e+00 -0.000000000e+00 -0.000000000e+00
 -0.000000000e+00 -0.000000000e+00 -0.000000000e+00 -0.000000000e+00
 -0.000000000e+00 -0.000000000e+00 -0.000000000e+00 -0.000000000e+00
 -0.000000000e+00 -0.000000000e+00 -0.000000000e+00 -0.000000000e+00
 -0.000000000e+00 -0.000000000e+00 -0.000000000e+00 -0.000000000e+00
 -0.000000000e+00 -0.000000000e+00 -0.000000000e+00 -0.000000000e+00
 -0.000000000e+00 -0.000000000e+00 -0.000000000e+00 -0.000000000e+00
 -0.000000000e+00 -0.000000000e+00 -0.000000000e+00 -0.000000000e+00
 -0.000000000e+00 -0.000000000e+00 -0.000000000e+00 -0.000000000e+00
 -0.000000000e+00 -0.000000000e+00 -0.000000000e+00 -0.000000000e+00
 -0.000000000e+00 -0.000000000e+00 -0.000000000e+00 -0.000000000e+00
 -0.000000000e+00
@R QOHM 101 []
  0.000000000e+00  0.000000000e+00  0.000000000e+00  0.000000000e+00
  0.000000000e+00  0.000000000e+00  0.000000000e+00  0.000000000e+00
  0.000000000e+00  0.000000000e+00  0.000000000e+00  0.000000000e+00
  0.000000000e+00  0.000000000e+00  0.000000000e+00  0.000000000e+00
  0.000000000e+00  0.000000000e+00  0.000000000e+00  0.000000000e+00
  0.000000000e+00  0.000000000e+00  0.000000000e+00  0.000000000e+00
  0.000000000e+00  0.000000000e+00  0.000000000e+00  0.000000000e+00
  0.000000000e+00  0.000000000e+00  0.000000000e+00  0.000000000e+00
  0.000000000e+00  0.000000000e+00  0.000000000e+00  0.000000000e+00
  0.000000000e+00  0.000000000e+00  0.000000000e+00  0.000000000e+00
  0.000000000e+00  0.000000000e+00  0.000000000e+00  0.000000000e+00
  0.000000000e+00  0.000000000e+00  0.000000000e+00  0.000000000e+00
  0.000000000e+00  0.000000000e+00  0.000000000e+00  0.000000000e+00
  0.000000000e+00  0.000000000e+00  0.000000000e+00  0.000000000e+00
  0.000000000e+00  0.000000000e+00  0.000000000e+00  0.000000000e+00
  0.000000000e+00  0.000000000e+00  0.000000000e+00  0.000000000e+00
  0.000000000e+00  0.000000000e+00  0.000000000e+00  0.000000000e+00
  0.000000000e+00  0.000000000e+00  0.000000000e+00  0.000000000e+00
  0.000000000e+00  0.000000000e+00  0.000000000e+00  0.000000000e+00
  0.000000000e+00  0.000000000e+00  0.000000000e+00  0.000000000e+00
  0.000000000e+00  0.000000000e+00  0.000000000e+00  0.000000000e+00
  0.000000000e+00  0.000000000e+00  0.000000000e+00  0.000000000e+00
  0.000000000e+00  0.000000000e+00  0.000000000e+00  0.000000000e+00
  0.000000000e+00  0.000000000e+00  0.000000000e+00  0.000000000e+00
  0.000000000e+00  0.000000000e+00  0.000000000e+00  0.000000000e+00
  0.000000000e+00
@R QIONE 101 []
  0.000000000e+00  0.000000000e+00  0.000000000e+00  0.000000000e+00
  0.000000000e+00  0.000000000e+00  0.000000000e+00  0.000000000e+00
  0.000000000e+00  0.000000000e+00  0.000000000e+00  0.000000000e+00
  0.000000000e+00  0.000000000e+00  0.000000000e+00  0.000000000e+00
  0.000000000e+00  0.000000000e+00  0.000000000e+00  0.000000000e+00
  0.000000000e+00  0.000000000e+00  0.000000000e+00  0.000000000e+00
  0.000000000e+00  0.000000000e+00  0.000000000e+00  0.000000000e+00
  0.000000000e+00  0.000000000e+00  0.000000000e+00  0.000000000e+00
  0.000000000e+00  0.000000000e+00  0.000000000e+00  0.000000000e+00
  0.000000000e+00  0.000000000e+00  0.000000000e+00  0.000000000e+00
  0.000000000e+00  0.000000000e+00  0.000000000e+00  0.000000000e+00
  0.000000000e+00  0.000000000e+00  0.000000000e+00  0.000000000e+00
  0.000000000e+00  0.000000000e+00  0.000000000e+00  0.000000000e+00
  0.000000000e+00  0.000000000e+00  0.000000000e+00  0.000000000e+00
  0.000000000e+00  0.000000000e+00  0.000000000e+00  0.000000000e+00
  0.000000000e+00  0.000000000e+00  0.000000000e+00  0.000000000e+00
  0.000000000e+00  0.000000000e+00  0.000000000e+00  0.000000000e+00
  0.000000000e+00  0.000000000e+00  0.000000000e+00  0.000000000e+00
  0.000000000e+00  0.000000000e+00  0.000000000e+00  0.000000000e+00
  0.000000000e+00  0.000000000e+00  0.000000000e+00  0.000000000e+00
  0.000000000e+00  0.000000000e+00  0.000000000e+00  0.000000000e+00
  0.000000000e+00  0.000000000e+00  0.000000000e+00  0.000000000e+00
  0.000000000e+00  0.000000000e+00  0.000000000e+00  0.000000000e+00
  0.000000000e+00  0.000000000e+00  0.000000000e+00  0.000000000e+00
  0.000000000e+00  0.000000000e+00  0.000000000e+00  0.000000000e+00
  0.000000000e+00
@R QIONI 101 []
  0.000000000e+00  0.000000000e+00  0.000000000e+00  0.000000000e+00
  0.000000000e+00  0.000000000e+00  0.000000000e+00  0.000000000e+00
  0.000000000e+00  0.000000000e+00  0.000000000e+00  0.000000000e+00
  0.000000000e+00  0.000000000e+00  0.000000000e+00  0.000000000e+00
  0.000000000e+00  0.000000000e+00  0.000000000e+00  0.000000000e+00
  0.000000000e+00  0.000000000e+00  0.000000000e+00  0.000000000e+00
  0.000000000e+00  0.000000000e+00  0.000000000e+00  0.000000000e+00
  0.000000000e+00  0.000000000e+00  0.000000000e+00  0.000000000e+00
  0.000000000e+00  0.000000000e+00  0.000000000e+00  0.000000000e+00
  0.000000000e+00  0.000000000e+00  0.000000000e+00  0.000000000e+00
  0.000000000e+00  0.000000000e+00  0.000000000e+00  0.000000000e+00
  0.000000000e+00  0.000000000e+00  0.000000000e+00  0.000000000e+00
  0.000000000e+00  0.000000000e+00  0.000000000e+00  0.000000000e+00
  0.000000000e+00  0.000000000e+00  0.000000000e+00  0.000000000e+00
  0.000000000e+00  0.000000000e+00  0.000000000e+00  0.000000000e+00
  0.000000000e+00  0.000000000e+00  0.000000000e+00  0.000000000e+00
  0.000000000e+00  0.000000000e+00  0.000000000e+00  0.000000000e+00
  0.000000000e+00  0.000000000e+00  0.000000000e+00  0.000000000e+00
  0.000000000e+00  0.000000000e+00  0.000000000e+00  0.000000000e+00
  0.000000000e+00  0.000000000e+00  0.000000000e+00  0.000000000e+00
  0.000000000e+00  0.000000000e+00  0.000000000e+00  0.000000000e+00
  0.000000000e+00  0.000000000e+00  0.000000000e+00  0.000000000e+00
  0.000000000e+00  0.000000000e+00  0.000000000e+00  0.000000000e+00
  0.000000000e+00  0.000000000e+00  0.000000000e+00  0.000000000e+00
  0.000000000e+00  0.000000000e+00  0.000000000e+00  0.000000000e+00
  0.000000000e+00
@R QCX 101 []
  0.000000000e+00  0.000000000e+00  0.000000000e+00  0.000000000e+00
  0.000000000e+00  0.000000000e+00  0.000000000e+00  0.000000000e+00
  0.000000000e+00  0.000000000e+00  0.000000000e+00  0.000000000e+00
  0.000000000e+00  0.000000000e+00  0.000000000e+00  0.000000000e+00
  0.000000000e+00  0.000000000e+00  0.000000000e+00  0.000000000e+00
  0.000000000e+00  0.000000000e+00  0.000000000e+00  0.000000000e+00
  0.000000000e+00  0.000000000e+00  0.000000000e+00  0.000000000e+00
  0.000000000e+00  0.000000000e+00  0.000000000e+00  0.000000000e+00
  0.000000000e+00  0.000000000e+00  0.000000000e+00  0.000000000e+00
  0.000000000e+00  0.000000000e+00  0.000000000e+00  0.000000000e+00
  0.000000000e+00  0.000000000e+00  0.000000000e+00  0.000000000e+00
  0.000000000e+00  0.000000000e+00  0.000000000e+00  0.000000000e+00
  0.000000000e+00  0.000000000e+00  0.000000000e+00  0.000000000e+00
  0.000000000e+00  0.000000000e+00  0.000000000e+00  0.000000000e+00
  0.000000000e+00  0.000000000e+00  0.000000000e+00  0.000000000e+00
  0.000000000e+00  0.000000000e+00  0.000000000e+00  0.000000000e+00
  0.000000000e+00  0.000000000e+00  0.000000000e+00  0.000000000e+00
  0.000000000e+00  0.000000000e+00  0.000000000e+00  0.000000000e+00
  0.000000000e+00  0.000000000e+00  0.000000000e+00  0.000000000e+00
  0.000000000e+00  0.000000000e+00  0.000000000e+00  0.000000000e+00
  0.000000000e+00  0.000000000e+00  0.000000000e+00  0.000000000e+00
  0.000000000e+00  0.000000000e+00  0.000000000e+00  0.000000000e+00
  0.000000000e+00  0.000000000e+00  0.000000000e+00  0.000000000e+00
  0.000000000e+00  0.000000000e+00  0.000000000e+00  0.000000000e+00
  0.000000000e+00  0.000000000e+00  0.000000000e+00  0.000000000e+00
  0.000000000e+00
@R STORQUEB 101 []
  0.000000000e+00  0.000000000e+00  0.000000000e+00  0.000000000e+00
  0.000000000e+00  0.000000000e+00  0.000000000e+00  0.000000000e+00
  0.000000000e+00  0.000000000e+00  0.000000000e+00  0.000000000e+00
  0.000000000e+00  0.000000000e+00  0.000000000e+00  0.000000000e+00
  0.000000000e+00  0.000000000e+00  0.000000000e+00  0.000000000e+00
  0.000000000e+00  0.000000000e+00  0.000000000e+00  0.000000000e+00
  0.000000000e+00  0.000000000e+00  0.000000000e+00  0.000000000e+00
  0.000000000e+00  0.000000000e+00  0.000000000e+00  0.000000000e+00
  0.000000000e+00  0.000000000e+00  0.000000000e+00  0.000000000e+00
  0.000000000e+00  0.000000000e+00  0.000000000e+00  0.000000000e+00
  0.000000000e+00  0.000000000e+00  0.000000000e+00  0.000000000e+00
  0.000000000e+00  0.000000000e+00  0.000000000e+00  0.000000000e+00
  0.000000000e+00  0.000000000e+00  0.000000000e+00  0.000000000e+00
  0.000000000e+00  0.000000000e+00  0.000000000e+00  0.000000000e+00
  0.000000000e+00  0.000000000e+00  0.000000000e+00  0.000000000e+00
  0.000000000e+00  0.000000000e+00  0.000000000e+00  0.000000000e+00
  0.000000000e+00  0.000000000e+00  0.000000000e+00  0.000000000e+00
  0.000000000e+00  0.000000000e+00  0.000000000e+00  0.000000000e+00
  0.000000000e+00  0.000000000e+00  0.000000000e+00  0.000000000e+00
  0.000000000e+00  0.000000000e+00  0.000000000e+00  0.000000000e+00
  0.000000000e+00  0.000000000e+00  0.000000000e+00  0.000000000e+00
  0.000000000e+00  0.000000000e+00  0.000000000e+00  0.000000000e+00
  0.000000000e+00  0.000000000e+00  0.000000000e+00  0.000000000e+00
  0.000000000e+00  0.000000000e+00  0.000000000e+00  0.000000000e+00
  0.000000000e+00  0.000000000e+00  0.000000000e+00  0.000000000e+00
  0.000000000e+00
@R STORQUE 101 []
  0.000000000e+00  0.000000000e+00  0.000000000e+00  0.000000000e+00
  0.000000000e+00  0.000000000e+00  0.000000000e+00  0.000000000e+00
  0.000000000e+00  0.000000000e+00  0.000000000e+00  0.000000000e+00
  0.000000000e+00  0.000000000e+00  0.000000000e+00  0.000000000e+00
  0.000000000e+00  0.000000000e+00  0.000000000e+00  0.000000000e+00
  0.000000000e+00  0.000000000e+00  0.000000000e+00  0.000000000e+00
  0.000000000e+00  0.000000000e+00  0.000000000e+00  0.000000000e+00
  0.000000000e+00  0.000000000e+00  0.000000000e+00  0.000000000e+00
  0.000000000e+00  0.000000000e+00  0.000000000e+00  0.000000000e+00
  0.000000000e+00  0.000000000e+00  0.000000000e+00  0.000000000e+00
  0.000000000e+00  0.000000000e+00  0.000000000e+00  0.000000000e+00
  0.000000000e+00  0.000000000e+00  0.000000000e+00  0.000000000e+00
  0.000000000e+00  0.000000000e+00  0.000000000e+00  0.000000000e+00
  0.000000000e+00  0.000000000e+00  0.000000000e+00  0.000000000e+00
  0.000000000e+00  0.000000000e+00  0.000000000e+00  0.000000000e+00
  0.000000000e+00  0.000000000e+00  0.000000000e+00  0.000000000e+00
  0.000000000e+00  0.000000000e+00  0.000000000e+00  0.000000000e+00
  0.000000000e+00  0.000000000e+00  0.000000000e+00  0.000000000e+00
  0.000000000e+00  0.000000000e+00  0.000000000e+00  0.000000000e+00
  0.000000000e+00  0.000000000e+00  0.000000000e+00  0.000000000e+00
  0.000000000e+00  0.000000000e+00  0.000000000e+00  0.000000000e+00
  0.000000000e+00  0.000000000e+00  0.000000000e+00  0.000000000e+00
  0.000000000e+00  0.000000000e+00  0.000000000e+00  0.000000000e+00
  0.000000000e+00  0.000000000e+00  0.000000000e+00  0.000000000e+00
  0.000000000e+00  0.000000000e+00  0.000000000e+00  0.000000000e+00
  0.000000000e+00
@R SION 101 []
  0.000000000e+00  0.000000000e+00  0.000000000e+00  0.000000000e+00
  0.000000000e+00  0.000000000e+00  0.000000000e+00  0.000000000e+00
  0.000000000e+00  0.000000000e+00  0.000000000e+00  0.000000000e+00
  0.000000000e+00  0.000000000e+00  0.000000000e+00  0.000000000e+00
  0.000000000e+00  0.000000000e+00  0.000000000e+00  0.000000000e+00
  0.000000000e+00  0.000000000e+00  0.000000000e+00  0.000000000e+00
  0.000000000e+00  0.000000000e+00  0.000000000e+00  0.000000000e+00
  0.000000000e+00  0.000000000e+00  0.000000000e+00  0.000000000e+00
  0.000000000e+00  0.000000000e+00  0.000000000e+00  0.000000000e+00
  0.000000000e+00  0.000000000e+00  0.000000000e+00  0.000000000e+00
  0.000000000e+00  0.000000000e+00  0.000000000e+00  0.000000000e+00
  0.000000000e+00  0.000000000e+00  0.000000000e+00  0.000000000e+00
  0.000000000e+00  0.000000000e+00  0.000000000e+00  0.000000000e+00
  0.000000000e+00  0.000000000e+00  0.000000000e+00  0.000000000e+00
  0.000000000e+00  0.000000000e+00  0.000000000e+00  0.000000000e+00
  0.000000000e+00  0.000000000e+00  0.000000000e+00  0.000000000e+00
  0.000000000e+00  0.000000000e+00  0.000000000e+00  0.000000000e+00
  0.000000000e+00  0.000000000e+00  0.000000000e+00  0.000000000e+00
  0.000000000e+00  0.000000000e+00  0.000000000e+00  0.000000000e+00
  0.000000000e+00  0.000000000e+00  0.000000000e+00  0.000000000e+00
  0.000000000e+00  0.000000000e+00  0.000000000e+00  0.000000000e+00
  0.000000000e+00  0.000000000e+00  0.000000000e+00  0.000000000e+00
  0.000000000e+00  0.000000000e+00  0.000000000e+00  0.000000000e+00
  0.000000000e+00  0.000000000e+00  0.000000000e+00  0.000000000e+00
  0.000000000e+00  0.000000000e+00  0.000000000e+00  0.000000000e+00
  0.000000000e+00
@R CHIE 101 []
  0.000000000e+00  0.000000000e+00  0.000000000e+00  0.000000000e+00
  0.000000000e+00  0.000000000e+00  0.000000000e+00  0.000000000e+00
  0.000000000e+00  0.000000000e+00  0.000000000e+00  0.000000000e+00
  0.000000000e+00  0.000000000e+00  0.000000000e+00  0.000000000e+00
  0.000000000e+00  0.000000000e+00  0.000000000e+00  0.000000000e+00
  0.000000000e+00  0.000000000e+00  0.000000000e+00  0.000000000e+00
  0.000000000e+00  0.000000000e+00  0.000000000e+00  0.000000000e+00
  0.000000000e+00  0.000000000e+00  0.000000000e+00  0.000000000e+00
  0.000000000e+00  0.000000000e+00  0.000000000e+00  0.000000000e+00
  0.000000000e+00  0.000000000e+00  0.000000000e+00  0.000000000e+00
  0.000000000e+00  0.000000000e+00  0.000000000e+00  0.000000000e+00
  0.000000000e+00  0.000000000e+00  0.000000000e+00  0.000000000e+00
  0.000000000e+00  0.000000000e+00  0.000000000e+00  0.000000000e+00
  0.000000000e+00  0.000000000e+00  0.000000000e+00  0.000000000e+00
  0.000000000e+00  0.000000000e+00  0.000000000e+00  0.000000000e+00
  0.000000000e+00  0.000000000e+00  0.000000000e+00  0.000000000e+00
  0.000000000e+00  0.000000000e+00  0.000000000e+00  0.000000000e+00
  0.000000000e+00  0.000000000e+00  0.000000000e+00  0.000000000e+00
  0.000000000e+00  0.000000000e+00  0.000000000e+00  0.000000000e+00
  0.000000000e+00  0.000000000e+00  0.000000000e+00  0.000000000e+00
  0.000000000e+00  0.000000000e+00  0.000000000e+00  0.000000000e+00
  0.000000000e+00  0.000000000e+00  0.000000000e+00  0.000000000e+00
  0.000000000e+00  0.000000000e+00  0.000000000e+00  0.000000000e+00
  0.000000000e+00  0.000000000e+00  0.000000000e+00  0.000000000e+00
  0.000000000e+00  0.000000000e+00  0.000000000e+00  0.000000000e+00
  0.000000000e+00
@R CHII 101 []
  0.000000000e+00  0.000000000e+00  0.000000000e+00  0.000000000e+00
  0.000000000e+00  0.000000000e+00  0.000000000e+00  0.000000000e+00
  0.000000000e+00  0.000000000e+00  0.000000000e+00  0.000000000e+00
  0.000000000e+00  0.000000000e+00  0.000000000e+00  0.000000000e+00
  0.000000000e+00  0.000000000e+00  0.000000000e+00  0.000000000e+00
  0.000000000e+00  0.000000000e+00  0.000000000e+00  0.000000000e+00
  0.000000000e+00  0.000000000e+00  0.000000000e+00  0.000000000e+00
  0.000000000e+00  0.000000000e+00  0.000000000e+00  0.000000000e+00
  0.000000000e+00  0.000000000e+00  0.000000000e+00  0.000000000e+00
  0.000000000e+00  0.000000000e+00  0.000000000e+00  0.000000000e+00
  0.000000000e+00  0.000000000e+00  0.000000000e+00  0.000000000e+00
  0.000000000e+00  0.000000000e+00  0.000000000e+00  0.000000000e+00
  0.000000000e+00  0.000000000e+00  0.000000000e+00  0.000000000e+00
  0.000000000e+00  0.000000000e+00  0.000000000e+00  0.000000000e+00
  0.000000000e+00  0.000000000e+00  0.000000000e+00  0.000000000e+00
  0.000000000e+00  0.000000000e+00  0.000000000e+00  0.000000000e+00
  0.000000000e+00  0.000000000e+00  0.000000000e+00  0.000000000e+00
  0.000000000e+00  0.000000000e+00  0.000000000e+00  0.000000000e+00
  0.000000000e+00  0.000000000e+00  0.000000000e+00  0.000000000e+00
  0.000000000e+00  0.000000000e+00  0.000000000e+00  0.000000000e+00
  0.000000000e+00  0.000000000e+00  0.000000000e+00  0.000000000e+00
  0.000000000e+00  0.000000000e+00  0.000000000e+00  0.000000000e+00
  0.000000000e+00  0.000000000e+00  0.000000000e+00  0.000000000e+00
  0.000000000e+00  0.000000000e+00  0.000000000e+00  0.000000000e+00
  0.000000000e+00  0.000000000e+00  0.000000000e+00  0.000000000e+00
  0.000000000e+00
