@R INFLAG 1 []
1.000000e+00 
@R IP 1 []
1.000000e+01 
@R BCENTR 1 []
1.100000e+01 
@R RMAJOR 1 []
4.550000e+00 
@R AMINOR 1 []
1.201107e+00 
@R ELONGB 1 []
1.397398e+00 
@R TRIANB 1 []
-4.846263e-01 
@R AMAIN 1 []
2.500000e+00 
@R ZMAIN 1 []
1.000000e+00 
@R AIMP 1 []
8.300000e+01 
@R ZIMP 1 []
3.600000e+01 
@R RHO 101 []
0.000000e+00 1.000000e-02 2.000000e-02 3.000000e-02 4.000000e-02 
5.000000e-02 6.000000e-02 7.000000e-02 8.000000e-02 9.000000e-02 
1.000000e-01 1.100000e-01 1.200000e-01 1.300000e-01 1.400000e-01 
1.500000e-01 1.600000e-01 1.700000e-01 1.800000e-01 1.900000e-01 
2.000000e-01 2.100000e-01 2.200000e-01 2.300000e-01 2.400000e-01 
2.500000e-01 2.600000e-01 2.700000e-01 2.800000e-01 2.900000e-01 
3.000000e-01 3.100000e-01 3.200000e-01 3.300000e-01 3.400000e-01 
3.500000e-01 3.600000e-01 3.700000e-01 3.800000e-01 3.900000e-01 
4.000000e-01 4.100000e-01 4.200000e-01 4.300000e-01 4.400000e-01 
4.500000e-01 4.600000e-01 4.700000e-01 4.800000e-01 4.900000e-01 
5.000000e-01 5.100000e-01 5.200000e-01 5.300000e-01 5.400000e-01 
5.500000e-01 5.600000e-01 5.700000e-01 5.800000e-01 5.900000e-01 
6.000000e-01 6.100000e-01 6.200000e-01 6.300000e-01 6.400000e-01 
6.500000e-01 6.600000e-01 6.700000e-01 6.800000e-01 6.900000e-01 
7.000000e-01 7.100000e-01 7.200000e-01 7.300000e-01 7.400000e-01 
7.500000e-01 7.600000e-01 7.700000e-01 7.800000e-01 7.900000e-01 
8.000000e-01 8.100000e-01 8.200000e-01 8.300000e-01 8.400000e-01 
8.500000e-01 8.600000e-01 8.700000e-01 8.800000e-01 8.900000e-01 
9.000000e-01 9.100000e-01 9.200000e-01 9.300000e-01 9.400000e-01 
9.500000e-01 9.600000e-01 9.700000e-01 9.800000e-01 9.900000e-01 
1.000000e+00 
@R ENE 101 []
2.762153e+01 2.762153e+01 2.757962e+01 2.753479e+01 2.748707e+01 
2.743651e+01 2.738313e+01 2.732697e+01 2.726808e+01 2.720649e+01 
2.714223e+01 2.707534e+01 2.700587e+01 2.693384e+01 2.685929e+01 
2.678226e+01 2.670280e+01 2.662092e+01 2.653668e+01 2.645010e+01 
2.636123e+01 2.627010e+01 2.617675e+01 2.608122e+01 2.598354e+01 
2.588375e+01 2.578189e+01 2.567799e+01 2.557209e+01 2.546423e+01 
2.535444e+01 2.524276e+01 2.512924e+01 2.501390e+01 2.489678e+01 
2.477792e+01 2.465736e+01 2.453513e+01 2.441127e+01 2.428582e+01 
2.415881e+01 2.403029e+01 2.390028e+01 2.376883e+01 2.363597e+01 
2.350174e+01 2.336617e+01 2.322931e+01 2.309119e+01 2.295184e+01 
2.281131e+01 2.266963e+01 2.252684e+01 2.238297e+01 2.223806e+01 
2.209215e+01 2.194528e+01 2.179748e+01 2.164879e+01 2.149925e+01 
2.134889e+01 2.119775e+01 2.104587e+01 2.089328e+01 2.074002e+01 
2.058613e+01 2.043165e+01 2.027661e+01 2.012104e+01 1.996500e+01 
1.980851e+01 1.965160e+01 1.949433e+01 1.933671e+01 1.917880e+01 
1.902063e+01 1.886223e+01 1.870364e+01 1.854490e+01 1.838605e+01 
1.822712e+01 1.806814e+01 1.790914e+01 1.775016e+01 1.759120e+01 
1.743223e+01 1.727317e+01 1.711376e+01 1.695341e+01 1.679081e+01 
1.662301e+01 1.644362e+01 1.623893e+01 1.598018e+01 1.561022e+01 
1.502823e+01 1.410089e+01 1.276846e+01 1.122925e+01 9.889374e+00 
8.995597e+00 
@R TE 101 []
1.880903e+01 1.880903e+01 1.873013e+01 1.864463e+01 1.855266e+01 
1.845436e+01 1.834987e+01 1.823932e+01 1.812286e+01 1.800061e+01 
1.787273e+01 1.773934e+01 1.760058e+01 1.745659e+01 1.730750e+01 
1.715346e+01 1.699461e+01 1.683107e+01 1.666299e+01 1.649050e+01 
1.631374e+01 1.613286e+01 1.594798e+01 1.575924e+01 1.556678e+01 
1.537075e+01 1.517127e+01 1.496848e+01 1.476252e+01 1.455353e+01 
1.434165e+01 1.412701e+01 1.390975e+01 1.369001e+01 1.346792e+01 
1.324363e+01 1.301726e+01 1.278897e+01 1.255887e+01 1.232712e+01 
1.209385e+01 1.185920e+01 1.162330e+01 1.138630e+01 1.114832e+01 
1.090951e+01 1.067001e+01 1.042994e+01 1.018946e+01 9.948689e+00 
9.707775e+00 9.466852e+00 9.226057e+00 8.985528e+00 8.745403e+00 
8.505819e+00 8.266914e+00 8.028824e+00 7.791687e+00 7.555641e+00 
7.320822e+00 7.087369e+00 6.855419e+00 6.625109e+00 6.396577e+00 
6.169960e+00 5.945395e+00 5.723021e+00 5.502973e+00 5.285390e+00 
5.070410e+00 4.858169e+00 4.648804e+00 4.442455e+00 4.239256e+00 
4.039348e+00 3.842865e+00 3.649947e+00 3.460730e+00 3.275352e+00 
3.093950e+00 2.916662e+00 2.743625e+00 2.574976e+00 2.410854e+00 
2.251394e+00 2.096736e+00 1.947015e+00 1.802370e+00 1.662938e+00 
1.528854e+00 1.400251e+00 1.277243e+00 1.159858e+00 1.047758e+00 
9.390058e-01 8.250228e-01 6.746501e-01 4.344841e-01 1.923782e-01 
9.271493e-02 
@R TI 101 []
1.900901e+01 1.900901e+01 1.892924e+01 1.884279e+01 1.874980e+01 
1.865040e+01 1.854474e+01 1.843296e+01 1.831519e+01 1.819157e+01 
1.806225e+01 1.792736e+01 1.778703e+01 1.764142e+01 1.749065e+01 
1.733488e+01 1.717422e+01 1.700884e+01 1.683886e+01 1.666442e+01 
1.648566e+01 1.630272e+01 1.611575e+01 1.592487e+01 1.573024e+01 
1.553198e+01 1.533023e+01 1.512514e+01 1.491685e+01 1.470549e+01 
1.449120e+01 1.427412e+01 1.405440e+01 1.383216e+01 1.360755e+01 
1.338071e+01 1.315178e+01 1.292089e+01 1.268818e+01 1.245380e+01 
1.221788e+01 1.198056e+01 1.174199e+01 1.150229e+01 1.126161e+01 
1.102009e+01 1.077786e+01 1.053507e+01 1.029186e+01 1.004835e+01 
9.804705e+00 9.561047e+00 9.317520e+00 9.074263e+00 8.831414e+00 
8.589113e+00 8.347498e+00 8.106709e+00 7.866884e+00 7.628163e+00 
7.390685e+00 7.154588e+00 6.920012e+00 6.687096e+00 6.455978e+00 
6.226798e+00 5.999695e+00 5.774807e+00 5.552274e+00 5.332235e+00 
5.114828e+00 4.900193e+00 4.688469e+00 4.479795e+00 4.274309e+00 
4.072151e+00 3.873460e+00 3.678375e+00 3.487034e+00 3.299577e+00 
3.116143e+00 2.936871e+00 2.761900e+00 2.591368e+00 2.425415e+00 
2.264180e+00 2.107802e+00 1.956420e+00 1.810173e+00 1.669199e+00 
1.533636e+00 1.403620e+00 1.279266e+00 1.160614e+00 1.047360e+00 
9.376814e-01 8.233586e-01 6.739307e-01 4.350897e-01 1.922870e-01 
9.269185e-02 
@R OMEGA 101 []
4.992502e+03 4.992502e+03 4.978802e+03 4.961080e+03 4.940120e+03 
4.916382e+03 4.890179e+03 4.861743e+03 4.831258e+03 4.798873e+03 
4.764714e+03 4.728889e+03 4.691494e+03 4.652611e+03 4.612317e+03 
4.570680e+03 4.527764e+03 4.483626e+03 4.438322e+03 4.391901e+03 
4.344411e+03 4.295898e+03 4.246404e+03 4.195970e+03 4.144635e+03 
4.092438e+03 4.039413e+03 3.985597e+03 3.931022e+03 3.875722e+03 
3.819729e+03 3.763074e+03 3.705787e+03 3.647899e+03 3.589439e+03 
3.530435e+03 3.470916e+03 3.410910e+03 3.350445e+03 3.289547e+03 
3.228244e+03 3.166564e+03 3.104531e+03 3.042174e+03 2.979518e+03 
2.916589e+03 2.853414e+03 2.790019e+03 2.726431e+03 2.662674e+03 
2.598777e+03 2.534765e+03 2.470664e+03 2.406501e+03 2.342304e+03 
2.278099e+03 2.213913e+03 2.149775e+03 2.085711e+03 2.021750e+03 
1.957922e+03 1.894253e+03 1.830775e+03 1.767518e+03 1.704511e+03 
1.641786e+03 1.579374e+03 1.517309e+03 1.455623e+03 1.394351e+03 
1.333528e+03 1.273190e+03 1.213373e+03 1.154118e+03 1.095462e+03 
1.037449e+03 9.801196e+02 9.235197e+02 8.676957e+02 8.126966e+02 
7.585737e+02 7.053813e+02 6.531766e+02 6.020207e+02 5.519785e+02 
5.031198e+02 4.555197e+02 4.092600e+02 3.644299e+02 3.211277e+02 
2.794630e+02 2.395592e+02 2.015571e+02 1.656204e+02 1.319431e+02 
1.007622e+02 7.237776e+01 4.719105e+01 2.578550e+01 9.151105e+00 
-3.154810e-12 
@R ZEFF 101 []
2.433375e+00 2.433375e+00 2.432468e+00 2.431484e+00 2.430422e+00 
2.429284e+00 2.428068e+00 2.426777e+00 2.425409e+00 2.423966e+00 
2.422446e+00 2.420852e+00 2.419182e+00 2.417437e+00 2.415617e+00 
2.413723e+00 2.411754e+00 2.409712e+00 2.407595e+00 2.405406e+00 
2.403144e+00 2.400810e+00 2.398405e+00 2.395929e+00 2.393384e+00 
2.390770e+00 2.388089e+00 2.385342e+00 2.382530e+00 2.379656e+00 
2.376721e+00 2.373728e+00 2.370679e+00 2.367578e+00 2.364426e+00 
2.361227e+00 2.357986e+00 2.354707e+00 2.351393e+00 2.348049e+00 
2.344681e+00 2.341295e+00 2.337896e+00 2.334491e+00 2.331086e+00 
2.327688e+00 2.324306e+00 2.320946e+00 2.317616e+00 2.314325e+00 
2.311082e+00 2.307893e+00 2.304769e+00 2.301717e+00 2.298744e+00 
2.295860e+00 2.293072e+00 2.290386e+00 2.287809e+00 2.285347e+00 
2.283005e+00 2.280786e+00 2.278695e+00 2.276733e+00 2.274902e+00 
2.273201e+00 2.271630e+00 2.270187e+00 2.268870e+00 2.267674e+00 
2.266596e+00 2.265630e+00 2.264770e+00 2.264010e+00 2.263344e+00 
2.262764e+00 2.262263e+00 2.261835e+00 2.261472e+00 2.261167e+00 
2.260914e+00 2.260707e+00 2.260538e+00 2.260403e+00 2.260297e+00 
2.260215e+00 2.260152e+00 2.260105e+00 2.260071e+00 2.260047e+00 
2.260030e+00 2.260018e+00 2.260011e+00 2.260006e+00 2.260003e+00 
2.260002e+00 2.260001e+00 2.260000e+00 2.260000e+00 2.260000e+00 
2.260000e+00 
@R CURPAR 101 []
3.058995e+00 3.058995e+00 3.058429e+00 3.056998e+00 3.054971e+00 
3.052356e+00 3.049158e+00 3.045378e+00 3.041018e+00 3.036075e+00 
3.030552e+00 3.024447e+00 3.017760e+00 3.010492e+00 3.002643e+00 
2.994212e+00 2.985200e+00 2.975606e+00 2.965431e+00 2.954674e+00 
2.943336e+00 2.931416e+00 2.918915e+00 2.905833e+00 2.892169e+00 
2.877924e+00 2.863097e+00 2.847689e+00 2.831700e+00 2.815129e+00 
2.797976e+00 2.780242e+00 2.761927e+00 2.743030e+00 2.723552e+00 
2.703492e+00 2.682851e+00 2.661629e+00 2.639825e+00 2.617439e+00 
2.594473e+00 2.570924e+00 2.546795e+00 2.522083e+00 2.496791e+00 
2.470917e+00 2.444461e+00 2.417424e+00 2.389806e+00 2.361606e+00 
2.332825e+00 2.303462e+00 2.273518e+00 2.242993e+00 2.211886e+00 
2.180197e+00 2.147927e+00 2.115076e+00 2.081643e+00 2.047629e+00 
2.013034e+00 1.977856e+00 1.942098e+00 1.905758e+00 1.868837e+00 
1.831334e+00 1.793250e+00 1.754584e+00 1.715337e+00 1.675508e+00 
1.635098e+00 1.594107e+00 1.552534e+00 1.510380e+00 1.467644e+00 
1.424327e+00 1.380428e+00 1.335948e+00 1.290886e+00 1.245243e+00 
1.199019e+00 1.152213e+00 1.104826e+00 1.056857e+00 1.008307e+00 
9.591754e-01 9.094624e-01 8.591679e-01 8.082920e-01 7.568346e-01 
7.047959e-01 6.521756e-01 5.989740e-01 5.451909e-01 4.908263e-01 
4.358803e-01 3.803529e-01 3.246983e-01 2.720962e-01 2.316317e-01 
2.160237e-01 
@R CURBEAM 101 []
0.000000e+00 0.000000e+00 0.000000e+00 0.000000e+00 0.000000e+00 
0.000000e+00 0.000000e+00 0.000000e+00 0.000000e+00 0.000000e+00 
0.000000e+00 0.000000e+00 0.000000e+00 0.000000e+00 0.000000e+00 
0.000000e+00 0.000000e+00 0.000000e+00 0.000000e+00 0.000000e+00 
0.000000e+00 0.000000e+00 0.000000e+00 0.000000e+00 0.000000e+00 
0.000000e+00 0.000000e+00 0.000000e+00 0.000000e+00 0.000000e+00 
0.000000e+00 0.000000e+00 0.000000e+00 0.000000e+00 0.000000e+00 
0.000000e+00 0.000000e+00 0.000000e+00 0.000000e+00 0.000000e+00 
0.000000e+00 0.000000e+00 0.000000e+00 0.000000e+00 0.000000e+00 
0.000000e+00 0.000000e+00 0.000000e+00 0.000000e+00 0.000000e+00 
0.000000e+00 0.000000e+00 0.000000e+00 0.000000e+00 0.000000e+00 
0.000000e+00 0.000000e+00 0.000000e+00 0.000000e+00 0.000000e+00 
0.000000e+00 0.000000e+00 0.000000e+00 0.000000e+00 0.000000e+00 
0.000000e+00 0.000000e+00 0.000000e+00 0.000000e+00 0.000000e+00 
0.000000e+00 0.000000e+00 0.000000e+00 0.000000e+00 0.000000e+00 
0.000000e+00 0.000000e+00 0.000000e+00 0.000000e+00 0.000000e+00 
0.000000e+00 0.000000e+00 0.000000e+00 0.000000e+00 0.000000e+00 
0.000000e+00 0.000000e+00 0.000000e+00 0.000000e+00 0.000000e+00 
0.000000e+00 0.000000e+00 0.000000e+00 0.000000e+00 0.000000e+00 
0.000000e+00 0.000000e+00 0.000000e+00 0.000000e+00 0.000000e+00 
0.000000e+00 
@R CURRF 101 []
0.000000e+00 0.000000e+00 0.000000e+00 0.000000e+00 0.000000e+00 
0.000000e+00 0.000000e+00 0.000000e+00 0.000000e+00 0.000000e+00 
0.000000e+00 0.000000e+00 0.000000e+00 0.000000e+00 0.000000e+00 
0.000000e+00 0.000000e+00 0.000000e+00 0.000000e+00 0.000000e+00 
0.000000e+00 0.000000e+00 0.000000e+00 0.000000e+00 0.000000e+00 
0.000000e+00 0.000000e+00 0.000000e+00 0.000000e+00 0.000000e+00 
0.000000e+00 0.000000e+00 0.000000e+00 0.000000e+00 0.000000e+00 
0.000000e+00 0.000000e+00 0.000000e+00 0.000000e+00 0.000000e+00 
0.000000e+00 0.000000e+00 0.000000e+00 0.000000e+00 0.000000e+00 
0.000000e+00 0.000000e+00 0.000000e+00 0.000000e+00 0.000000e+00 
0.000000e+00 0.000000e+00 0.000000e+00 0.000000e+00 0.000000e+00 
0.000000e+00 0.000000e+00 0.000000e+00 0.000000e+00 0.000000e+00 
0.000000e+00 0.000000e+00 0.000000e+00 0.000000e+00 0.000000e+00 
0.000000e+00 0.000000e+00 0.000000e+00 0.000000e+00 0.000000e+00 
0.000000e+00 0.000000e+00 0.000000e+00 0.000000e+00 0.000000e+00 
0.000000e+00 0.000000e+00 0.000000e+00 0.000000e+00 0.000000e+00 
0.000000e+00 0.000000e+00 0.000000e+00 0.000000e+00 0.000000e+00 
0.000000e+00 0.000000e+00 0.000000e+00 0.000000e+00 0.000000e+00 
0.000000e+00 0.000000e+00 0.000000e+00 0.000000e+00 0.000000e+00 
0.000000e+00 0.000000e+00 0.000000e+00 0.000000e+00 0.000000e+00 
0.000000e+00 
@R Q 101 []
1.163323e+00 1.163401e+00 1.163634e+00 1.164023e+00 1.164568e+00 
1.165270e+00 1.166131e+00 1.167150e+00 1.168329e+00 1.169667e+00 
1.171165e+00 1.172823e+00 1.174640e+00 1.176616e+00 1.178754e+00 
1.181052e+00 1.183512e+00 1.186136e+00 1.188925e+00 1.191877e+00 
1.194994e+00 1.198281e+00 1.201736e+00 1.205360e+00 1.209155e+00 
1.213125e+00 1.217272e+00 1.221596e+00 1.226100e+00 1.230786e+00 
1.235658e+00 1.240719e+00 1.245972e+00 1.251422e+00 1.257072e+00 
1.262927e+00 1.268989e+00 1.275266e+00 1.281761e+00 1.288478e+00 
1.295425e+00 1.302605e+00 1.310026e+00 1.317694e+00 1.325614e+00 
1.333795e+00 1.342242e+00 1.350965e+00 1.359970e+00 1.369267e+00 
1.378864e+00 1.388771e+00 1.398996e+00 1.409551e+00 1.420447e+00 
1.431696e+00 1.443309e+00 1.455298e+00 1.467679e+00 1.480465e+00 
1.493670e+00 1.507312e+00 1.521407e+00 1.535974e+00 1.551030e+00 
1.566598e+00 1.582698e+00 1.599353e+00 1.616588e+00 1.634429e+00 
1.652906e+00 1.672047e+00 1.691885e+00 1.712454e+00 1.733793e+00 
1.755942e+00 1.778946e+00 1.802850e+00 1.827709e+00 1.853579e+00 
1.880523e+00 1.908609e+00 1.937913e+00 1.968520e+00 2.000523e+00 
2.034028e+00 2.069154e+00 2.106040e+00 2.144847e+00 2.185749e+00 
2.228977e+00 2.274818e+00 2.323610e+00 2.375682e+00 2.431348e+00 
2.491053e+00 2.555660e+00 2.626016e+00 2.703397e+00 2.792619e+00 
2.904750e+00 
@R QBEAME 101 []
0.000000e+00 0.000000e+00 0.000000e+00 0.000000e+00 0.000000e+00 
0.000000e+00 0.000000e+00 0.000000e+00 0.000000e+00 0.000000e+00 
0.000000e+00 0.000000e+00 0.000000e+00 0.000000e+00 0.000000e+00 
0.000000e+00 0.000000e+00 0.000000e+00 0.000000e+00 0.000000e+00 
0.000000e+00 0.000000e+00 0.000000e+00 0.000000e+00 0.000000e+00 
0.000000e+00 0.000000e+00 0.000000e+00 0.000000e+00 0.000000e+00 
0.000000e+00 0.000000e+00 0.000000e+00 0.000000e+00 0.000000e+00 
0.000000e+00 0.000000e+00 0.000000e+00 0.000000e+00 0.000000e+00 
0.000000e+00 0.000000e+00 0.000000e+00 0.000000e+00 0.000000e+00 
0.000000e+00 0.000000e+00 0.000000e+00 0.000000e+00 0.000000e+00 
0.000000e+00 0.000000e+00 0.000000e+00 0.000000e+00 0.000000e+00 
0.000000e+00 0.000000e+00 0.000000e+00 0.000000e+00 0.000000e+00 
0.000000e+00 0.000000e+00 0.000000e+00 0.000000e+00 0.000000e+00 
0.000000e+00 0.000000e+00 0.000000e+00 0.000000e+00 0.000000e+00 
0.000000e+00 0.000000e+00 0.000000e+00 0.000000e+00 0.000000e+00 
0.000000e+00 0.000000e+00 0.000000e+00 0.000000e+00 0.000000e+00 
0.000000e+00 0.000000e+00 0.000000e+00 0.000000e+00 0.000000e+00 
0.000000e+00 0.000000e+00 0.000000e+00 0.000000e+00 0.000000e+00 
0.000000e+00 0.000000e+00 0.000000e+00 0.000000e+00 0.000000e+00 
0.000000e+00 0.000000e+00 0.000000e+00 0.000000e+00 0.000000e+00 
0.000000e+00 
@R QBEAMI 101 []
0.000000e+00 0.000000e+00 0.000000e+00 0.000000e+00 0.000000e+00 
0.000000e+00 0.000000e+00 0.000000e+00 0.000000e+00 0.000000e+00 
0.000000e+00 0.000000e+00 0.000000e+00 0.000000e+00 0.000000e+00 
0.000000e+00 0.000000e+00 0.000000e+00 0.000000e+00 0.000000e+00 
0.000000e+00 0.000000e+00 0.000000e+00 0.000000e+00 0.000000e+00 
0.000000e+00 0.000000e+00 0.000000e+00 0.000000e+00 0.000000e+00 
0.000000e+00 0.000000e+00 0.000000e+00 0.000000e+00 0.000000e+00 
0.000000e+00 0.000000e+00 0.000000e+00 0.000000e+00 0.000000e+00 
0.000000e+00 0.000000e+00 0.000000e+00 0.000000e+00 0.000000e+00 
0.000000e+00 0.000000e+00 0.000000e+00 0.000000e+00 0.000000e+00 
0.000000e+00 0.000000e+00 0.000000e+00 0.000000e+00 0.000000e+00 
0.000000e+00 0.000000e+00 0.000000e+00 0.000000e+00 0.000000e+00 
0.000000e+00 0.000000e+00 0.000000e+00 0.000000e+00 0.000000e+00 
0.000000e+00 0.000000e+00 0.000000e+00 0.000000e+00 0.000000e+00 
0.000000e+00 0.000000e+00 0.000000e+00 0.000000e+00 0.000000e+00 
0.000000e+00 0.000000e+00 0.000000e+00 0.000000e+00 0.000000e+00 
0.000000e+00 0.000000e+00 0.000000e+00 0.000000e+00 0.000000e+00 
0.000000e+00 0.000000e+00 0.000000e+00 0.000000e+00 0.000000e+00 
0.000000e+00 0.000000e+00 0.000000e+00 0.000000e+00 0.000000e+00 
0.000000e+00 0.000000e+00 0.000000e+00 0.000000e+00 0.000000e+00 
0.000000e+00 
@R QRFE 101 []
-1.845133e-02 -1.529232e-02 -1.061489e-02 -4.113743e-03 4.156359e-02 
1.481574e-01 2.320895e-01 3.012771e-01 5.437798e-01 8.455588e-01 
9.061014e-01 7.899518e-01 6.768896e-01 6.066389e-01 5.379409e-01 
4.402128e-01 3.597505e-01 3.108276e-01 2.689406e-01 2.268166e-01 
1.874505e-01 1.579473e-01 1.355500e-01 1.116215e-01 8.894667e-02 
7.387761e-02 6.514704e-02 5.494747e-02 4.050939e-02 2.871995e-02 
2.278267e-02 1.800218e-02 1.182903e-02 7.149405e-03 5.315304e-03 
3.346815e-03 -2.505842e-04 -3.204225e-03 -4.068754e-03 -4.418686e-03 
-5.540463e-03 -6.370570e-03 -6.412490e-03 -7.003052e-03 -8.344849e-03 
-9.045912e-03 -8.594793e-03 -7.925030e-03 -7.804741e-03 -7.814439e-03 
-7.443764e-03 -6.930721e-03 -6.566412e-03 -6.085692e-03 -4.941135e-03 
-3.521917e-03 -2.603638e-03 -2.018262e-03 -1.408280e-03 -4.282160e-04 
1.009224e-03 2.490824e-03 3.863452e-03 5.234722e-03 6.715508e-03 
8.331730e-03 9.955972e-03 1.141365e-02 1.273959e-02 1.409274e-02 
1.549031e-02 1.684095e-02 1.805234e-02 1.910665e-02 2.010893e-02 
2.107659e-02 2.177654e-02 2.212898e-02 2.231879e-02 2.002248e-02 
1.300964e-02 5.423593e-03 1.584739e-03 4.964831e-04 2.780559e-04 
2.750306e-04 2.680052e-04 2.071701e-04 1.485730e-04 1.285963e-04 
1.335404e-04 1.309714e-04 1.210534e-04 1.155791e-04 1.074943e-04 
9.125130e-05 7.381334e-05 6.694465e-05 8.129689e-05 1.195063e-04 
1.440053e-04 
@R QRFI 101 []
3.330398e-02 3.333733e-02 3.563828e-02 4.756374e-02 1.163284e-01 
2.649916e-01 3.804578e-01 5.585890e-01 1.200030e+00 2.135492e+00 
2.785131e+00 3.146374e+00 3.434774e+00 3.630341e+00 3.556576e+00 
3.242101e+00 3.044722e+00 2.942153e+00 2.673805e+00 2.289974e+00 
1.932362e+00 1.634835e+00 1.338143e+00 1.020426e+00 7.519243e-01 
5.670445e-01 4.402953e-01 3.383829e-01 2.483034e-01 1.789637e-01 
1.330574e-01 1.079291e-01 1.008241e-01 1.032500e-01 1.071460e-01 
1.074861e-01 1.020448e-01 9.438157e-02 9.116662e-02 9.476177e-02 
1.011025e-01 1.050180e-01 1.029676e-01 9.144609e-02 7.425488e-02 
6.322746e-02 6.273507e-02 6.614586e-02 6.491926e-02 5.802995e-02 
5.020095e-02 4.472225e-02 4.134258e-02 3.919671e-02 4.014730e-02 
4.303192e-02 4.288332e-02 3.759822e-02 3.099694e-02 2.903798e-02 
3.054081e-02 3.066928e-02 2.700844e-02 2.045725e-02 1.539401e-02 
1.308498e-02 1.089358e-02 6.309822e-03 6.111810e-04 -2.953766e-03 
-4.559432e-03 -6.488878e-03 -9.739957e-03 -1.272574e-02 -1.382348e-02 
-1.342000e-02 -1.365528e-02 -1.554981e-02 -1.688670e-02 -1.391065e-02 
-6.033418e-03 7.648465e-04 2.957901e-03 3.233995e-03 3.607235e-03 
4.045628e-03 3.803060e-03 2.888340e-03 2.189123e-03 2.090608e-03 
2.246267e-03 2.210753e-03 2.078646e-03 2.058232e-03 1.975615e-03 
1.703057e-03 1.365696e-03 1.168461e-03 1.290598e-03 1.781112e-03 
2.109999e-03 
@R QRAD 101 []
-4.074161e-01 -4.074161e-01 -4.051770e-01 -4.027749e-01 -4.002141e-01 
-3.974989e-01 -3.946336e-01 -3.916227e-01 -3.884705e-01 -3.851817e-01 
-3.817607e-01 -3.782120e-01 -3.745405e-01 -3.707505e-01 -3.668469e-01 
-3.628344e-01 -3.587175e-01 -3.545011e-01 -3.501899e-01 -3.457885e-01 
-3.413018e-01 -3.367345e-01 -3.320913e-01 -3.273769e-01 -3.225960e-01 
-3.177534e-01 -3.128537e-01 -3.079015e-01 -3.029016e-01 -2.978584e-01 
-2.927766e-01 -2.876607e-01 -2.825151e-01 -2.773443e-01 -2.721528e-01 
-2.669448e-01 -2.617247e-01 -2.564967e-01 -2.512649e-01 -2.460334e-01 
-2.408063e-01 -2.355875e-01 -2.303809e-01 -2.251902e-01 -2.200190e-01 
-2.148710e-01 -2.097496e-01 -2.046581e-01 -1.995998e-01 -1.945776e-01 
-1.895946e-01 -1.846536e-01 -1.797572e-01 -1.749079e-01 -1.701081e-01 
-1.653599e-01 -1.606653e-01 -1.560263e-01 -1.514445e-01 -1.469213e-01 
-1.424583e-01 -1.380566e-01 -1.337172e-01 -1.294411e-01 -1.252291e-01 
-1.210818e-01 -1.169998e-01 -1.129836e-01 -1.090335e-01 -1.051498e-01 
-1.013327e-01 -9.758245e-02 -9.389916e-02 -9.028295e-02 -8.673390e-02 
-8.325208e-02 -7.983757e-02 -7.649043e-02 -7.321074e-02 -6.999855e-02 
-6.685397e-02 -6.377706e-02 -6.076792e-02 -5.782661e-02 -5.495312e-02 
-5.214733e-02 -4.940878e-02 -4.673635e-02 -4.412747e-02 -4.157661e-02 
-3.907211e-02 -3.658984e-02 -3.408104e-02 -3.145038e-02 -2.852386e-02 
-2.502702e-02 -2.065309e-02 -1.531353e-02 -9.504889e-03 -4.905401e-03 
-2.817694e-03 
@R QIONE 101 []
0.000000e+00 0.000000e+00 0.000000e+00 0.000000e+00 0.000000e+00 
0.000000e+00 0.000000e+00 0.000000e+00 0.000000e+00 0.000000e+00 
0.000000e+00 0.000000e+00 0.000000e+00 0.000000e+00 0.000000e+00 
0.000000e+00 0.000000e+00 0.000000e+00 0.000000e+00 0.000000e+00 
0.000000e+00 0.000000e+00 0.000000e+00 0.000000e+00 0.000000e+00 
0.000000e+00 0.000000e+00 0.000000e+00 0.000000e+00 0.000000e+00 
0.000000e+00 0.000000e+00 0.000000e+00 0.000000e+00 0.000000e+00 
0.000000e+00 0.000000e+00 0.000000e+00 0.000000e+00 0.000000e+00 
0.000000e+00 0.000000e+00 0.000000e+00 0.000000e+00 0.000000e+00 
0.000000e+00 0.000000e+00 0.000000e+00 0.000000e+00 0.000000e+00 
0.000000e+00 0.000000e+00 0.000000e+00 0.000000e+00 0.000000e+00 
0.000000e+00 0.000000e+00 0.000000e+00 0.000000e+00 0.000000e+00 
0.000000e+00 0.000000e+00 0.000000e+00 0.000000e+00 0.000000e+00 
0.000000e+00 0.000000e+00 0.000000e+00 0.000000e+00 0.000000e+00 
0.000000e+00 0.000000e+00 0.000000e+00 0.000000e+00 0.000000e+00 
0.000000e+00 0.000000e+00 0.000000e+00 0.000000e+00 0.000000e+00 
0.000000e+00 0.000000e+00 0.000000e+00 0.000000e+00 0.000000e+00 
0.000000e+00 0.000000e+00 0.000000e+00 0.000000e+00 0.000000e+00 
0.000000e+00 0.000000e+00 0.000000e+00 0.000000e+00 0.000000e+00 
0.000000e+00 0.000000e+00 0.000000e+00 0.000000e+00 0.000000e+00 
0.000000e+00 
@R QIONI 101 []
0.000000e+00 0.000000e+00 0.000000e+00 0.000000e+00 0.000000e+00 
0.000000e+00 0.000000e+00 0.000000e+00 0.000000e+00 0.000000e+00 
0.000000e+00 0.000000e+00 0.000000e+00 0.000000e+00 0.000000e+00 
0.000000e+00 0.000000e+00 0.000000e+00 0.000000e+00 0.000000e+00 
0.000000e+00 0.000000e+00 0.000000e+00 0.000000e+00 0.000000e+00 
0.000000e+00 0.000000e+00 0.000000e+00 0.000000e+00 0.000000e+00 
0.000000e+00 0.000000e+00 0.000000e+00 0.000000e+00 0.000000e+00 
0.000000e+00 0.000000e+00 0.000000e+00 0.000000e+00 0.000000e+00 
0.000000e+00 0.000000e+00 0.000000e+00 0.000000e+00 0.000000e+00 
0.000000e+00 0.000000e+00 0.000000e+00 0.000000e+00 0.000000e+00 
0.000000e+00 0.000000e+00 0.000000e+00 0.000000e+00 0.000000e+00 
0.000000e+00 0.000000e+00 0.000000e+00 0.000000e+00 0.000000e+00 
0.000000e+00 0.000000e+00 0.000000e+00 0.000000e+00 0.000000e+00 
0.000000e+00 0.000000e+00 0.000000e+00 0.000000e+00 0.000000e+00 
0.000000e+00 0.000000e+00 0.000000e+00 0.000000e+00 0.000000e+00 
0.000000e+00 0.000000e+00 0.000000e+00 0.000000e+00 0.000000e+00 
0.000000e+00 0.000000e+00 0.000000e+00 0.000000e+00 0.000000e+00 
0.000000e+00 0.000000e+00 0.000000e+00 0.000000e+00 0.000000e+00 
0.000000e+00 0.000000e+00 0.000000e+00 0.000000e+00 0.000000e+00 
0.000000e+00 0.000000e+00 0.000000e+00 0.000000e+00 0.000000e+00 
0.000000e+00 
@R QCX 101 []
0.000000e+00 0.000000e+00 0.000000e+00 0.000000e+00 0.000000e+00 
0.000000e+00 0.000000e+00 0.000000e+00 0.000000e+00 0.000000e+00 
0.000000e+00 0.000000e+00 0.000000e+00 0.000000e+00 0.000000e+00 
0.000000e+00 0.000000e+00 0.000000e+00 0.000000e+00 0.000000e+00 
0.000000e+00 0.000000e+00 0.000000e+00 0.000000e+00 0.000000e+00 
0.000000e+00 0.000000e+00 0.000000e+00 0.000000e+00 0.000000e+00 
0.000000e+00 0.000000e+00 0.000000e+00 0.000000e+00 0.000000e+00 
0.000000e+00 0.000000e+00 0.000000e+00 0.000000e+00 0.000000e+00 
0.000000e+00 0.000000e+00 0.000000e+00 0.000000e+00 0.000000e+00 
0.000000e+00 0.000000e+00 0.000000e+00 0.000000e+00 0.000000e+00 
0.000000e+00 0.000000e+00 0.000000e+00 0.000000e+00 0.000000e+00 
0.000000e+00 0.000000e+00 0.000000e+00 0.000000e+00 0.000000e+00 
0.000000e+00 0.000000e+00 0.000000e+00 0.000000e+00 0.000000e+00 
0.000000e+00 0.000000e+00 0.000000e+00 0.000000e+00 0.000000e+00 
0.000000e+00 0.000000e+00 0.000000e+00 0.000000e+00 0.000000e+00 
0.000000e+00 0.000000e+00 0.000000e+00 0.000000e+00 0.000000e+00 
0.000000e+00 0.000000e+00 0.000000e+00 0.000000e+00 0.000000e+00 
0.000000e+00 0.000000e+00 0.000000e+00 0.000000e+00 0.000000e+00 
0.000000e+00 0.000000e+00 0.000000e+00 0.000000e+00 0.000000e+00 
0.000000e+00 0.000000e+00 0.000000e+00 0.000000e+00 0.000000e+00 
0.000000e+00 
@R QTFUSE 101 []
1.850231e+00 1.850231e+00 1.839859e+00 1.828649e+00 1.816606e+00 
1.803733e+00 1.790035e+00 1.775514e+00 1.760175e+00 1.744021e+00 
1.727053e+00 1.709276e+00 1.690693e+00 1.671306e+00 1.651119e+00 
1.630136e+00 1.608361e+00 1.585800e+00 1.562456e+00 1.538338e+00 
1.513451e+00 1.487804e+00 1.461407e+00 1.434269e+00 1.406404e+00 
1.377824e+00 1.348545e+00 1.318585e+00 1.287963e+00 1.256700e+00 
1.224822e+00 1.192354e+00 1.159327e+00 1.125773e+00 1.091728e+00 
1.057232e+00 1.022326e+00 9.870577e-01 9.514764e-01 9.156361e-01 
8.795944e-01 8.434128e-01 8.071568e-01 7.708955e-01 7.347015e-01 
6.986509e-01 6.628229e-01 6.272993e-01 5.921642e-01 5.575035e-01 
5.234038e-01 4.899522e-01 4.572354e-01 4.253385e-01 3.943442e-01 
3.643318e-01 3.353763e-01 3.075470e-01 2.809069e-01 2.555112e-01 
2.314071e-01 2.086322e-01 1.872146e-01 1.671718e-01 1.485111e-01 
1.312287e-01 1.153106e-01 1.007323e-01 8.745993e-02 7.545040e-02 
6.465277e-02 5.500908e-02 4.645549e-02 3.892354e-02 3.234133e-02 
2.663479e-02 2.172886e-02 1.754858e-02 1.402015e-02 1.107185e-02 
8.634800e-03 6.643681e-03 5.037259e-03 3.758812e-03 2.756435e-03 
1.983229e-03 1.397387e-03 9.621795e-04 6.458450e-04 4.213966e-04 
2.663508e-04 1.623851e-04 9.493841e-05 5.276241e-05 2.744163e-05 
1.289841e-05 4.938306e-06 1.039571e-06 2.887655e-08 9.609151e-12 
9.143995e-16 
@R QTFUSI 101 []
8.141387e-01 8.141387e-01 8.067172e-01 7.987214e-01 7.901664e-01 
7.810678e-01 7.714414e-01 7.613031e-01 7.506693e-01 7.395565e-01 
7.279818e-01 7.159624e-01 7.035159e-01 6.906601e-01 6.774135e-01 
6.637946e-01 6.498226e-01 6.355168e-01 6.208973e-01 6.059843e-01 
5.907987e-01 5.753616e-01 5.596949e-01 5.438209e-01 5.277622e-01 
5.115421e-01 4.951845e-01 4.787138e-01 4.621547e-01 4.455327e-01 
4.288738e-01 4.122044e-01 3.955515e-01 3.789424e-01 3.624050e-01 
3.459676e-01 3.296586e-01 3.135071e-01 2.975418e-01 2.817920e-01 
2.662868e-01 2.510550e-01 2.361254e-01 2.215261e-01 2.072846e-01 
1.934278e-01 1.799815e-01 1.669699e-01 1.544163e-01 1.423418e-01 
1.307658e-01 1.197053e-01 1.091750e-01 9.918692e-02 8.975001e-02 
8.087033e-02 7.255066e-02 6.479046e-02 5.758585e-02 5.092954e-02 
4.481096e-02 3.921633e-02 3.412883e-02 2.952890e-02 2.539444e-02 
2.170124e-02 1.842328e-02 1.553318e-02 1.300262e-02 1.080273e-02 
8.904555e-03 7.279424e-03 5.899320e-03 4.737212e-03 3.767337e-03 
2.965431e-03 2.308906e-03 1.776978e-03 1.350739e-03 1.013191e-03 
7.492247e-04 5.455725e-04 3.907260e-04 2.748305e-04 1.895600e-04 
1.279813e-04 8.440967e-05 5.426134e-05 3.390803e-05 2.053534e-05 
1.200894e-05 6.750437e-06 3.625123e-06 1.842723e-06 8.720477e-07 
3.699293e-07 1.253226e-07 2.181280e-08 4.023421e-10 6.341328e-14 
3.109175e-18 
@R ENBEAM 101 []
0.000000e+00 0.000000e+00 0.000000e+00 0.000000e+00 0.000000e+00 
0.000000e+00 0.000000e+00 0.000000e+00 0.000000e+00 0.000000e+00 
0.000000e+00 0.000000e+00 0.000000e+00 0.000000e+00 0.000000e+00 
0.000000e+00 0.000000e+00 0.000000e+00 0.000000e+00 0.000000e+00 
0.000000e+00 0.000000e+00 0.000000e+00 0.000000e+00 0.000000e+00 
0.000000e+00 0.000000e+00 0.000000e+00 0.000000e+00 0.000000e+00 
0.000000e+00 0.000000e+00 0.000000e+00 0.000000e+00 0.000000e+00 
0.000000e+00 0.000000e+00 0.000000e+00 0.000000e+00 0.000000e+00 
0.000000e+00 0.000000e+00 0.000000e+00 0.000000e+00 0.000000e+00 
0.000000e+00 0.000000e+00 0.000000e+00 0.000000e+00 0.000000e+00 
0.000000e+00 0.000000e+00 0.000000e+00 0.000000e+00 0.000000e+00 
0.000000e+00 0.000000e+00 0.000000e+00 0.000000e+00 0.000000e+00 
0.000000e+00 0.000000e+00 0.000000e+00 0.000000e+00 0.000000e+00 
0.000000e+00 0.000000e+00 0.000000e+00 0.000000e+00 0.000000e+00 
0.000000e+00 0.000000e+00 0.000000e+00 0.000000e+00 0.000000e+00 
0.000000e+00 0.000000e+00 0.000000e+00 0.000000e+00 0.000000e+00 
0.000000e+00 0.000000e+00 0.000000e+00 0.000000e+00 0.000000e+00 
0.000000e+00 0.000000e+00 0.000000e+00 0.000000e+00 0.000000e+00 
0.000000e+00 0.000000e+00 0.000000e+00 0.000000e+00 0.000000e+00 
0.000000e+00 0.000000e+00 0.000000e+00 0.000000e+00 0.000000e+00 
0.000000e+00 
@R WBEAM 101 []
0.000000e+00 0.000000e+00 0.000000e+00 0.000000e+00 0.000000e+00 
0.000000e+00 0.000000e+00 0.000000e+00 0.000000e+00 0.000000e+00 
0.000000e+00 0.000000e+00 0.000000e+00 0.000000e+00 0.000000e+00 
0.000000e+00 0.000000e+00 0.000000e+00 0.000000e+00 0.000000e+00 
0.000000e+00 0.000000e+00 0.000000e+00 0.000000e+00 0.000000e+00 
0.000000e+00 0.000000e+00 0.000000e+00 0.000000e+00 0.000000e+00 
0.000000e+00 0.000000e+00 0.000000e+00 0.000000e+00 0.000000e+00 
0.000000e+00 0.000000e+00 0.000000e+00 0.000000e+00 0.000000e+00 
0.000000e+00 0.000000e+00 0.000000e+00 0.000000e+00 0.000000e+00 
0.000000e+00 0.000000e+00 0.000000e+00 0.000000e+00 0.000000e+00 
0.000000e+00 0.000000e+00 0.000000e+00 0.000000e+00 0.000000e+00 
0.000000e+00 0.000000e+00 0.000000e+00 0.000000e+00 0.000000e+00 
0.000000e+00 0.000000e+00 0.000000e+00 0.000000e+00 0.000000e+00 
0.000000e+00 0.000000e+00 0.000000e+00 0.000000e+00 0.000000e+00 
0.000000e+00 0.000000e+00 0.000000e+00 0.000000e+00 0.000000e+00 
0.000000e+00 0.000000e+00 0.000000e+00 0.000000e+00 0.000000e+00 
0.000000e+00 0.000000e+00 0.000000e+00 0.000000e+00 0.000000e+00 
0.000000e+00 0.000000e+00 0.000000e+00 0.000000e+00 0.000000e+00 
0.000000e+00 0.000000e+00 0.000000e+00 0.000000e+00 0.000000e+00 
0.000000e+00 0.000000e+00 0.000000e+00 0.000000e+00 0.000000e+00 
0.000000e+00 
@R ENALP 101 []
0.000000e+00 0.000000e+00 0.000000e+00 0.000000e+00 0.000000e+00 
0.000000e+00 0.000000e+00 0.000000e+00 0.000000e+00 0.000000e+00 
0.000000e+00 0.000000e+00 0.000000e+00 0.000000e+00 0.000000e+00 
0.000000e+00 0.000000e+00 0.000000e+00 0.000000e+00 0.000000e+00 
0.000000e+00 0.000000e+00 0.000000e+00 0.000000e+00 0.000000e+00 
0.000000e+00 0.000000e+00 0.000000e+00 0.000000e+00 0.000000e+00 
0.000000e+00 0.000000e+00 0.000000e+00 0.000000e+00 0.000000e+00 
0.000000e+00 0.000000e+00 0.000000e+00 0.000000e+00 0.000000e+00 
0.000000e+00 0.000000e+00 0.000000e+00 0.000000e+00 0.000000e+00 
0.000000e+00 0.000000e+00 0.000000e+00 0.000000e+00 0.000000e+00 
0.000000e+00 0.000000e+00 0.000000e+00 0.000000e+00 0.000000e+00 
0.000000e+00 0.000000e+00 0.000000e+00 0.000000e+00 0.000000e+00 
0.000000e+00 0.000000e+00 0.000000e+00 0.000000e+00 0.000000e+00 
0.000000e+00 0.000000e+00 0.000000e+00 0.000000e+00 0.000000e+00 
0.000000e+00 0.000000e+00 0.000000e+00 0.000000e+00 0.000000e+00 
0.000000e+00 0.000000e+00 0.000000e+00 0.000000e+00 0.000000e+00 
0.000000e+00 0.000000e+00 0.000000e+00 0.000000e+00 0.000000e+00 
0.000000e+00 0.000000e+00 0.000000e+00 0.000000e+00 0.000000e+00 
0.000000e+00 0.000000e+00 0.000000e+00 0.000000e+00 0.000000e+00 
0.000000e+00 0.000000e+00 0.000000e+00 0.000000e+00 0.000000e+00 
0.000000e+00 
@R WALP 101 []
0.000000e+00 0.000000e+00 0.000000e+00 0.000000e+00 0.000000e+00 
0.000000e+00 0.000000e+00 0.000000e+00 0.000000e+00 0.000000e+00 
0.000000e+00 0.000000e+00 0.000000e+00 0.000000e+00 0.000000e+00 
0.000000e+00 0.000000e+00 0.000000e+00 0.000000e+00 0.000000e+00 
0.000000e+00 0.000000e+00 0.000000e+00 0.000000e+00 0.000000e+00 
0.000000e+00 0.000000e+00 0.000000e+00 0.000000e+00 0.000000e+00 
0.000000e+00 0.000000e+00 0.000000e+00 0.000000e+00 0.000000e+00 
0.000000e+00 0.000000e+00 0.000000e+00 0.000000e+00 0.000000e+00 
0.000000e+00 0.000000e+00 0.000000e+00 0.000000e+00 0.000000e+00 
0.000000e+00 0.000000e+00 0.000000e+00 0.000000e+00 0.000000e+00 
0.000000e+00 0.000000e+00 0.000000e+00 0.000000e+00 0.000000e+00 
0.000000e+00 0.000000e+00 0.000000e+00 0.000000e+00 0.000000e+00 
0.000000e+00 0.000000e+00 0.000000e+00 0.000000e+00 0.000000e+00 
0.000000e+00 0.000000e+00 0.000000e+00 0.000000e+00 0.000000e+00 
0.000000e+00 0.000000e+00 0.000000e+00 0.000000e+00 0.000000e+00 
0.000000e+00 0.000000e+00 0.000000e+00 0.000000e+00 0.000000e+00 
0.000000e+00 0.000000e+00 0.000000e+00 0.000000e+00 0.000000e+00 
0.000000e+00 0.000000e+00 0.000000e+00 0.000000e+00 0.000000e+00 
0.000000e+00 0.000000e+00 0.000000e+00 0.000000e+00 0.000000e+00 
0.000000e+00 0.000000e+00 0.000000e+00 0.000000e+00 0.000000e+00 
0.000000e+00 
@R SION 101 []
0.000000e+00 0.000000e+00 0.000000e+00 0.000000e+00 0.000000e+00 
0.000000e+00 0.000000e+00 0.000000e+00 0.000000e+00 0.000000e+00 
0.000000e+00 0.000000e+00 0.000000e+00 0.000000e+00 0.000000e+00 
0.000000e+00 0.000000e+00 0.000000e+00 0.000000e+00 0.000000e+00 
0.000000e+00 0.000000e+00 0.000000e+00 0.000000e+00 0.000000e+00 
0.000000e+00 0.000000e+00 0.000000e+00 0.000000e+00 0.000000e+00 
0.000000e+00 0.000000e+00 0.000000e+00 0.000000e+00 0.000000e+00 
0.000000e+00 0.000000e+00 0.000000e+00 0.000000e+00 0.000000e+00 
0.000000e+00 0.000000e+00 0.000000e+00 0.000000e+00 0.000000e+00 
0.000000e+00 0.000000e+00 0.000000e+00 0.000000e+00 0.000000e+00 
0.000000e+00 0.000000e+00 0.000000e+00 0.000000e+00 0.000000e+00 
0.000000e+00 0.000000e+00 0.000000e+00 0.000000e+00 0.000000e+00 
0.000000e+00 0.000000e+00 0.000000e+00 0.000000e+00 0.000000e+00 
0.000000e+00 0.000000e+00 0.000000e+00 0.000000e+00 0.000000e+00 
0.000000e+00 0.000000e+00 0.000000e+00 0.000000e+00 0.000000e+00 
0.000000e+00 0.000000e+00 0.000000e+00 0.000000e+00 0.000000e+00 
0.000000e+00 0.000000e+00 0.000000e+00 0.000000e+00 0.000000e+00 
0.000000e+00 0.000000e+00 0.000000e+00 0.000000e+00 0.000000e+00 
0.000000e+00 0.000000e+00 0.000000e+00 0.000000e+00 0.000000e+00 
0.000000e+00 0.000000e+00 0.000000e+00 0.000000e+00 0.000000e+00 
0.000000e+00 
@R CHIE 101 []
0.000000e+00 7.933514e-02 7.625213e-02 1.059972e-01 1.326579e-01 
1.587352e-01 1.848662e-01 2.102842e-01 2.378750e-01 2.710097e-01 
3.057306e-01 3.354762e-01 3.587107e-01 3.773267e-01 3.926599e-01 
4.049839e-01 4.143571e-01 4.218119e-01 4.281350e-01 4.333361e-01 
4.377859e-01 4.415240e-01 4.447495e-01 4.476377e-01 4.501781e-01 
4.524521e-01 4.546027e-01 4.566644e-01 4.585596e-01 4.602667e-01 
4.618661e-01 4.634182e-01 4.649088e-01 4.663238e-01 4.676914e-01 
4.690202e-01 4.702707e-01 4.714122e-01 4.725189e-01 4.736011e-01 
4.745544e-01 4.754434e-01 4.763164e-01 4.770377e-01 4.777057e-01 
4.782794e-01 4.787466e-01 4.791703e-01 4.795053e-01 4.797623e-01 
4.799619e-01 4.800762e-01 4.801530e-01 4.801753e-01 4.801350e-01 
4.801372e-01 4.800780e-01 4.800414e-01 4.800424e-01 4.800284e-01 
4.800873e-01 4.802689e-01 4.805238e-01 4.808885e-01 4.814383e-01 
4.821855e-01 4.831220e-01 4.842858e-01 4.857386e-01 4.875061e-01 
4.896101e-01 4.920667e-01 4.949324e-01 4.982583e-01 5.020803e-01 
5.064430e-01 5.113671e-01 5.169025e-01 5.231212e-01 5.300392e-01 
5.376151e-01 5.458018e-01 5.547063e-01 5.645449e-01 5.754810e-01 
5.876552e-01 6.011644e-01 6.161628e-01 6.328940e-01 6.516361e-01 
6.727011e-01 6.966131e-01 7.241770e-01 7.556999e-01 7.873890e-01 
7.936857e-01 6.967518e-01 5.087189e-01 4.572098e-01 7.133790e-01 
0.000000e+00 
@R CHII 101 []
0.000000e+00 5.612734e-02 5.376246e-02 7.466060e-02 9.443836e-02 
1.164174e-01 1.408806e-01 1.678372e-01 2.079272e-01 2.737241e-01 
3.602567e-01 4.531492e-01 5.453064e-01 6.346260e-01 7.158184e-01 
7.823854e-01 8.344490e-01 8.776368e-01 9.123448e-01 9.351244e-01 
9.466548e-01 9.491032e-01 9.441744e-01 9.324724e-01 9.149310e-01 
8.937166e-01 8.708872e-01 8.475299e-01 8.240468e-01 8.007631e-01 
7.781123e-01 7.565001e-01 7.362504e-01 7.175290e-01 7.003012e-01 
6.843890e-01 6.695481e-01 6.555710e-01 6.424759e-01 6.303036e-01 
6.189673e-01 6.085076e-01 5.988265e-01 5.895376e-01 5.805829e-01 
5.718959e-01 5.636049e-01 5.559044e-01 5.487119e-01 5.419123e-01 
5.354340e-01 5.292391e-01 5.234136e-01 5.179592e-01 5.128905e-01 
5.083485e-01 5.041962e-01 5.004233e-01 4.969583e-01 4.937635e-01 
4.909963e-01 4.887081e-01 4.867708e-01 4.851245e-01 4.838064e-01 
4.828550e-01 4.822735e-01 4.820517e-01 4.821871e-01 4.826942e-01 
4.836219e-01 4.849839e-01 4.867928e-01 4.890641e-01 4.918413e-01 
4.951946e-01 4.991412e-01 5.036850e-01 5.088674e-01 5.148009e-01 
5.216942e-01 5.296589e-01 5.386765e-01 5.487551e-01 5.599673e-01 
5.724399e-01 5.862597e-01 6.015628e-01 6.185932e-01 6.376612e-01 
6.591238e-01 6.835488e-01 7.118109e-01 7.444146e-01 7.781858e-01 
7.892677e-01 7.002015e-01 5.141231e-01 4.604201e-01 7.164771e-01 
0.000000e+00 
@R STORQUE 101 []
0.000000e+00 0.000000e+00 0.000000e+00 0.000000e+00 0.000000e+00 
0.000000e+00 0.000000e+00 0.000000e+00 0.000000e+00 0.000000e+00 
0.000000e+00 0.000000e+00 0.000000e+00 0.000000e+00 0.000000e+00 
0.000000e+00 0.000000e+00 0.000000e+00 0.000000e+00 0.000000e+00 
0.000000e+00 0.000000e+00 0.000000e+00 0.000000e+00 0.000000e+00 
0.000000e+00 0.000000e+00 0.000000e+00 0.000000e+00 0.000000e+00 
0.000000e+00 0.000000e+00 0.000000e+00 0.000000e+00 0.000000e+00 
0.000000e+00 0.000000e+00 0.000000e+00 0.000000e+00 0.000000e+00 
0.000000e+00 0.000000e+00 0.000000e+00 0.000000e+00 0.000000e+00 
0.000000e+00 0.000000e+00 0.000000e+00 0.000000e+00 0.000000e+00 
0.000000e+00 0.000000e+00 0.000000e+00 0.000000e+00 0.000000e+00 
0.000000e+00 0.000000e+00 0.000000e+00 0.000000e+00 0.000000e+00 
0.000000e+00 0.000000e+00 0.000000e+00 0.000000e+00 0.000000e+00 
0.000000e+00 0.000000e+00 0.000000e+00 0.000000e+00 0.000000e+00 
0.000000e+00 0.000000e+00 0.000000e+00 0.000000e+00 0.000000e+00 
0.000000e+00 0.000000e+00 0.000000e+00 0.000000e+00 0.000000e+00 
0.000000e+00 0.000000e+00 0.000000e+00 0.000000e+00 0.000000e+00 
0.000000e+00 0.000000e+00 0.000000e+00 0.000000e+00 0.000000e+00 
0.000000e+00 0.000000e+00 0.000000e+00 0.000000e+00 0.000000e+00 
0.000000e+00 0.000000e+00 0.000000e+00 0.000000e+00 0.000000e+00 
0.000000e+00 
@R QOHM 101 []
0.000000e+00 0.000000e+00 0.000000e+00 0.000000e+00 0.000000e+00 
0.000000e+00 0.000000e+00 0.000000e+00 0.000000e+00 0.000000e+00 
0.000000e+00 0.000000e+00 0.000000e+00 0.000000e+00 0.000000e+00 
0.000000e+00 0.000000e+00 0.000000e+00 0.000000e+00 0.000000e+00 
0.000000e+00 0.000000e+00 0.000000e+00 0.000000e+00 0.000000e+00 
0.000000e+00 0.000000e+00 0.000000e+00 0.000000e+00 0.000000e+00 
0.000000e+00 0.000000e+00 0.000000e+00 0.000000e+00 0.000000e+00 
0.000000e+00 0.000000e+00 0.000000e+00 0.000000e+00 0.000000e+00 
0.000000e+00 0.000000e+00 0.000000e+00 0.000000e+00 0.000000e+00 
0.000000e+00 0.000000e+00 0.000000e+00 0.000000e+00 0.000000e+00 
0.000000e+00 0.000000e+00 0.000000e+00 0.000000e+00 0.000000e+00 
0.000000e+00 0.000000e+00 0.000000e+00 0.000000e+00 0.000000e+00 
0.000000e+00 0.000000e+00 0.000000e+00 0.000000e+00 0.000000e+00 
0.000000e+00 0.000000e+00 0.000000e+00 0.000000e+00 0.000000e+00 
0.000000e+00 0.000000e+00 0.000000e+00 0.000000e+00 0.000000e+00 
0.000000e+00 0.000000e+00 0.000000e+00 0.000000e+00 0.000000e+00 
0.000000e+00 0.000000e+00 0.000000e+00 0.000000e+00 0.000000e+00 
0.000000e+00 0.000000e+00 0.000000e+00 0.000000e+00 0.000000e+00 
0.000000e+00 0.000000e+00 0.000000e+00 0.000000e+00 0.000000e+00 
0.000000e+00 0.000000e+00 0.000000e+00 0.000000e+00 0.000000e+00 
0.000000e+00 
@R ENHE 101 []
2.394444e+00 2.394444e+00 2.378307e+00 2.360888e+00 2.342206e+00 
2.322277e+00 2.301120e+00 2.278754e+00 2.255196e+00 2.230465e+00 
2.204579e+00 2.177558e+00 2.149421e+00 2.120189e+00 2.089882e+00 
2.058522e+00 2.026130e+00 1.992730e+00 1.958347e+00 1.923005e+00 
1.886731e+00 1.849552e+00 1.811499e+00 1.772603e+00 1.732895e+00 
1.692410e+00 1.651186e+00 1.609260e+00 1.566675e+00 1.523473e+00 
1.479701e+00 1.435407e+00 1.390645e+00 1.345467e+00 1.299933e+00 
1.254103e+00 1.208043e+00 1.161820e+00 1.115505e+00 1.069172e+00 
1.022901e+00 9.767714e-01 9.308678e-01 8.852772e-01 8.400890e-01 
7.953946e-01 7.512874e-01 7.078616e-01 6.652121e-01 6.234336e-01 
5.826197e-01 5.428624e-01 5.042506e-01 4.668697e-01 4.308001e-01 
3.961165e-01 3.628866e-01 3.311703e-01 3.010188e-01 2.724732e-01 
2.455647e-01 2.203132e-01 1.967273e-01 1.748041e-01 1.545291e-01 
1.358765e-01 1.188097e-01 1.032817e-01 8.923638e-02 7.660927e-02 
6.532873e-02 5.531731e-02 4.649298e-02 3.877057e-02 3.206307e-02 
2.628292e-02 2.134321e-02 1.715879e-02 1.364723e-02 1.072965e-02 
8.331440e-03 6.382772e-03 4.819033e-03 3.581090e-03 2.615453e-03 
1.874323e-03 1.315527e-03 9.023857e-04 6.034764e-04 3.923413e-04 
2.471237e-04 1.501560e-04 8.750319e-05 4.847759e-05 2.513643e-05 
1.177942e-05 4.495409e-06 9.422796e-07 2.599334e-08 8.587149e-12 
8.145496e-16 
