@R RHO 101 []
0.000000e+00 1.000000e-02 2.000000e-02 3.000000e-02 4.000000e-02 
5.000000e-02 6.000000e-02 7.000000e-02 8.000000e-02 9.000000e-02 
1.000000e-01 1.100000e-01 1.200000e-01 1.300000e-01 1.400000e-01 
1.500000e-01 1.600000e-01 1.700000e-01 1.800000e-01 1.900000e-01 
2.000000e-01 2.100000e-01 2.200000e-01 2.300000e-01 2.400000e-01 
2.500000e-01 2.600000e-01 2.700000e-01 2.800000e-01 2.900000e-01 
3.000000e-01 3.100000e-01 3.200000e-01 3.300000e-01 3.400000e-01 
3.500000e-01 3.600000e-01 3.700000e-01 3.800000e-01 3.900000e-01 
4.000000e-01 4.100000e-01 4.200000e-01 4.300000e-01 4.400000e-01 
4.500000e-01 4.600000e-01 4.700000e-01 4.800000e-01 4.900000e-01 
5.000000e-01 5.100000e-01 5.200000e-01 5.300000e-01 5.400000e-01 
5.500000e-01 5.600000e-01 5.700000e-01 5.800000e-01 5.900000e-01 
6.000000e-01 6.100000e-01 6.200000e-01 6.300000e-01 6.400000e-01 
6.500000e-01 6.600000e-01 6.700000e-01 6.800000e-01 6.900000e-01 
7.000000e-01 7.100000e-01 7.200000e-01 7.300000e-01 7.400000e-01 
7.500000e-01 7.600000e-01 7.700000e-01 7.800000e-01 7.900000e-01 
8.000000e-01 8.100000e-01 8.200000e-01 8.300000e-01 8.400000e-01 
8.500000e-01 8.600000e-01 8.700000e-01 8.800000e-01 8.900000e-01 
9.000000e-01 9.100000e-01 9.200000e-01 9.300000e-01 9.400000e-01 
9.500000e-01 9.600000e-01 9.700000e-01 9.800000e-01 9.900000e-01 
1.000000e+00 
@R ENE 101 []
2.762369e+01 2.762369e+01 2.757763e+01 2.752834e+01 2.747589e+01 
2.742030e+01 2.736163e+01 2.729990e+01 2.723516e+01 2.716746e+01 
2.709682e+01 2.702330e+01 2.694693e+01 2.686775e+01 2.678581e+01 
2.670115e+01 2.661379e+01 2.652380e+01 2.643120e+01 2.633604e+01 
2.623835e+01 2.613818e+01 2.603558e+01 2.593057e+01 2.582320e+01 
2.571352e+01 2.560155e+01 2.548735e+01 2.537095e+01 2.525239e+01 
2.513171e+01 2.500897e+01 2.488418e+01 2.475740e+01 2.462867e+01 
2.449803e+01 2.436551e+01 2.423116e+01 2.409502e+01 2.395713e+01 
2.381752e+01 2.367625e+01 2.353335e+01 2.338887e+01 2.324283e+01 
2.309529e+01 2.294628e+01 2.279584e+01 2.264402e+01 2.249086e+01 
2.233639e+01 2.218066e+01 2.202371e+01 2.186557e+01 2.170629e+01 
2.154592e+01 2.138448e+01 2.122202e+01 2.105858e+01 2.089421e+01 
2.072893e+01 2.056280e+01 2.039586e+01 2.022813e+01 2.005968e+01 
1.989052e+01 1.972072e+01 1.955030e+01 1.937930e+01 1.920778e+01 
1.903576e+01 1.886329e+01 1.869041e+01 1.851717e+01 1.834359e+01 
1.816972e+01 1.799561e+01 1.782129e+01 1.764680e+01 1.747218e+01 
1.729748e+01 1.712273e+01 1.694796e+01 1.677321e+01 1.659850e+01 
1.642381e+01 1.624908e+01 1.607412e+01 1.589845e+01 1.572101e+01 
1.553945e+01 1.534864e+01 1.513766e+01 1.488366e+01 1.454144e+01 
1.403122e+01 1.324675e+01 1.213775e+01 1.085950e+01 9.742532e+00 
8.995157e+00 
@R TE 101 []
1.881354e+01 1.881354e+01 1.873889e+01 1.865814e+01 1.857140e+01 
1.847881e+01 1.838049e+01 1.827656e+01 1.816716e+01 1.805241e+01 
1.793243e+01 1.780736e+01 1.767733e+01 1.754245e+01 1.740285e+01 
1.725867e+01 1.711002e+01 1.695704e+01 1.679985e+01 1.663858e+01 
1.647335e+01 1.630430e+01 1.613155e+01 1.595522e+01 1.577544e+01 
1.559235e+01 1.540606e+01 1.521670e+01 1.502440e+01 1.482929e+01 
1.463149e+01 1.443113e+01 1.422834e+01 1.402325e+01 1.381597e+01 
1.360664e+01 1.339538e+01 1.318233e+01 1.296760e+01 1.275133e+01 
1.253363e+01 1.231465e+01 1.209450e+01 1.187331e+01 1.165121e+01 
1.142832e+01 1.120478e+01 1.098070e+01 1.075622e+01 1.053147e+01 
1.030656e+01 1.008162e+01 9.856794e+00 9.632192e+00 9.407947e+00 
9.184185e+00 8.961032e+00 8.738615e+00 8.517062e+00 8.296499e+00 
8.077052e+00 7.858849e+00 7.642017e+00 7.426681e+00 7.212969e+00 
7.001008e+00 6.790925e+00 6.582846e+00 6.376897e+00 6.173207e+00 
5.971901e+00 5.773107e+00 5.576950e+00 5.383559e+00 5.193059e+00 
5.005578e+00 4.821242e+00 4.640179e+00 4.462514e+00 4.288375e+00 
4.117888e+00 3.951180e+00 3.788379e+00 3.629609e+00 3.474999e+00 
3.324674e+00 3.178756e+00 3.037365e+00 2.900603e+00 2.768532e+00 
2.641098e+00 2.517932e+00 2.397805e+00 2.277149e+00 2.146230e+00 
1.980270e+00 1.725990e+00 1.315282e+00 7.838897e-01 3.389295e-01 
9.741752e-02 
@R TI 101 []
1.901366e+01 1.901366e+01 1.893812e+01 1.885639e+01 1.876861e+01 
1.867490e+01 1.857539e+01 1.847021e+01 1.835949e+01 1.824335e+01 
1.812193e+01 1.799535e+01 1.786373e+01 1.772722e+01 1.758594e+01 
1.744001e+01 1.728956e+01 1.713473e+01 1.697563e+01 1.681241e+01 
1.664518e+01 1.647408e+01 1.629923e+01 1.612076e+01 1.593881e+01 
1.575349e+01 1.556494e+01 1.537329e+01 1.517866e+01 1.498118e+01 
1.478098e+01 1.457819e+01 1.437294e+01 1.416536e+01 1.395556e+01 
1.374369e+01 1.352987e+01 1.331423e+01 1.309690e+01 1.287800e+01 
1.265767e+01 1.243603e+01 1.221321e+01 1.198933e+01 1.176454e+01 
1.153895e+01 1.131269e+01 1.108590e+01 1.085870e+01 1.063121e+01 
1.040357e+01 1.017591e+01 9.948355e+00 9.721030e+00 9.494065e+00 
9.267589e+00 9.041731e+00 8.816617e+00 8.592378e+00 8.369141e+00 
8.147035e+00 7.926188e+00 7.706727e+00 7.488783e+00 7.272482e+00 
7.057954e+00 6.845326e+00 6.634727e+00 6.426285e+00 6.220129e+00 
6.016387e+00 5.815187e+00 5.616658e+00 5.420928e+00 5.228125e+00 
5.038377e+00 4.851814e+00 4.668562e+00 4.488752e+00 4.312510e+00 
4.139966e+00 3.971247e+00 3.806482e+00 3.645800e+00 3.489327e+00 
3.337191e+00 3.189518e+00 3.046428e+00 2.908026e+00 2.774376e+00 
2.645432e+00 2.520839e+00 2.399397e+00 2.277607e+00 2.145870e+00 
1.979640e+00 1.725798e+00 1.315671e+00 7.839587e-01 3.386340e-01 
9.758685e-02 
@R FP 102 []
2.280842e-12 2.280842e-12 1.122432e-02 3.366791e-02 6.732205e-02 
1.121733e-01 1.682037e-01 2.353905e-01 3.137066e-01 4.031207e-01 
5.035970e-01 6.150957e-01 7.375737e-01 8.709783e-01 1.015266e+00 
1.170367e+00 1.336270e+00 1.512879e+00 1.700107e+00 1.897905e+00 
2.106137e+00 2.324792e+00 2.553767e+00 2.792941e+00 3.042239e+00 
3.301579e+00 3.570863e+00 3.849987e+00 4.138840e+00 4.437310e+00 
4.745285e+00 5.062649e+00 5.389284e+00 5.725070e+00 6.069885e+00 
6.423603e+00 6.786086e+00 7.157191e+00 7.536758e+00 7.924668e+00 
8.320802e+00 8.724958e+00 9.136986e+00 9.556779e+00 9.984114e+00 
1.041885e+01 1.086084e+01 1.130988e+01 1.176581e+01 1.222845e+01 
1.269761e+01 1.317312e+01 1.365476e+01 1.414237e+01 1.463574e+01 
1.513465e+01 1.563894e+01 1.614836e+01 1.666271e+01 1.718181e+01 
1.770538e+01 1.823323e+01 1.876517e+01 1.930092e+01 1.984024e+01 
2.038293e+01 2.092876e+01 2.147746e+01 2.202876e+01 2.258244e+01 
2.313826e+01 2.369595e+01 2.425522e+01 2.481582e+01 2.537747e+01 
2.593993e+01 2.650291e+01 2.706610e+01 2.762921e+01 2.819197e+01 
2.875407e+01 2.931522e+01 2.987510e+01 3.043338e+01 3.098973e+01 
3.154384e+01 3.209538e+01 3.264398e+01 3.318924e+01 3.373080e+01 
3.426831e+01 3.480133e+01 3.532941e+01 3.585212e+01 3.636894e+01 
3.687924e+01 3.738250e+01 3.787820e+01 3.836585e+01 3.884478e+01 
3.931349e+01 3.954170e+01 
@R CURPAR 102 []
3.056569e+00 3.056569e+00 3.056569e+00 3.055438e+00 3.053709e+00 
3.051388e+00 3.048483e+00 3.044997e+00 3.040930e+00 3.036282e+00 
3.031053e+00 3.025244e+00 3.018853e+00 3.011881e+00 3.004328e+00 
2.996195e+00 2.987480e+00 2.978184e+00 2.968308e+00 2.957850e+00 
2.946811e+00 2.935192e+00 2.922991e+00 2.910210e+00 2.896847e+00 
2.882904e+00 2.868379e+00 2.853274e+00 2.837588e+00 2.821320e+00 
2.804472e+00 2.787043e+00 2.769032e+00 2.750441e+00 2.731269e+00 
2.711515e+00 2.691181e+00 2.670266e+00 2.648770e+00 2.626693e+00 
2.604035e+00 2.580795e+00 2.556975e+00 2.532574e+00 2.507592e+00 
2.482029e+00 2.455885e+00 2.429160e+00 2.401854e+00 2.373967e+00 
2.345499e+00 2.316451e+00 2.286821e+00 2.256610e+00 2.225818e+00 
2.194445e+00 2.162491e+00 2.129957e+00 2.096841e+00 2.063144e+00 
2.028866e+00 1.994008e+00 1.958568e+00 1.922548e+00 1.885946e+00 
1.848763e+00 1.811000e+00 1.772655e+00 1.733730e+00 1.694223e+00 
1.654136e+00 1.613467e+00 1.572218e+00 1.530387e+00 1.487976e+00 
1.444984e+00 1.401410e+00 1.357256e+00 1.312521e+00 1.267204e+00 
1.221307e+00 1.174829e+00 1.127770e+00 1.080130e+00 1.031908e+00 
9.831063e-01 9.337232e-01 8.837591e-01 8.332140e-01 7.820879e-01 
7.303809e-01 6.780929e-01 6.252239e-01 5.717740e-01 5.177430e-01 
4.631311e-01 4.079382e-01 3.521643e-01 2.967172e-01 2.470436e-01 
2.158524e-01 2.158524e-01 
