&PROFILE_EXT
  NPSI_EXT = 257 
  PSIN_EXT = 0.0 0.00390625 0.0078125 0.01171875 0.015625 0.01953125  
    0.0234375 0.02734375 0.03125 0.03515625 0.0390625 0.04296875  
    0.046875 0.05078125 0.0546875 0.05859375 0.0625 0.06640625  
    0.0703125 0.07421875 0.078125 0.08203125 0.0859375 0.08984375  
    0.09375 0.09765625 0.1015625 0.10546875 0.109375 0.11328125  
    0.1171875 0.12109375 0.125 0.12890625 0.1328125 0.13671875 0.140625  
    0.14453125 0.1484375 0.15234375 0.15625 0.16015625 0.1640625  
    0.16796875 0.171875 0.17578125 0.1796875 0.18359375 0.1875  
    0.19140625 0.1953125 0.19921875 0.203125 0.20703125 0.2109375  
    0.21484375 0.21875 0.22265625 0.2265625 0.23046875 0.234375  
    0.23828125 0.2421875 0.24609375 0.25 0.25390625 0.2578125  
    0.26171875 0.265625 0.26953125 0.2734375 0.27734375 0.28125  
    0.28515625 0.2890625 0.29296875 0.296875 0.30078125 0.3046875  
    0.30859375 0.3125 0.31640625 0.3203125 0.32421875 0.328125  
    0.33203125 0.3359375 0.33984375 0.34375 0.34765625 0.3515625  
    0.35546875 0.359375 0.36328125 0.3671875 0.37109375 0.375  
    0.37890625 0.3828125 0.38671875 0.390625 0.39453125 0.3984375  
    0.40234375 0.40625 0.41015625 0.4140625 0.41796875 0.421875  
    0.42578125 0.4296875 0.43359375 0.4375 0.44140625 0.4453125  
    0.44921875 0.453125 0.45703125 0.4609375 0.46484375 0.46875  
    0.47265625 0.4765625 0.48046875 0.484375 0.48828125 0.4921875  
    0.49609375 0.5 0.50390625 0.5078125 0.51171875 0.515625 0.51953125  
    0.5234375 0.52734375 0.53125 0.53515625 0.5390625 0.54296875  
    0.546875 0.55078125 0.5546875 0.55859375 0.5625 0.56640625  
    0.5703125 0.57421875 0.578125 0.58203125 0.5859375 0.58984375  
    0.59375 0.59765625 0.6015625 0.60546875 0.609375 0.61328125  
    0.6171875 0.62109375 0.625 0.62890625 0.6328125 0.63671875 0.640625  
    0.64453125 0.6484375 0.65234375 0.65625 0.66015625 0.6640625  
    0.66796875 0.671875 0.67578125 0.6796875 0.68359375 0.6875  
    0.69140625 0.6953125 0.69921875 0.703125 0.70703125 0.7109375  
    0.71484375 0.71875 0.72265625 0.7265625 0.73046875 0.734375  
    0.73828125 0.7421875 0.74609375 0.75 0.75390625 0.7578125  
    0.76171875 0.765625 0.76953125 0.7734375 0.77734375 0.78125  
    0.78515625 0.7890625 0.79296875 0.796875 0.80078125 0.8046875  
    0.80859375 0.8125 0.81640625 0.8203125 0.82421875 0.828125  
    0.83203125 0.8359375 0.83984375 0.84375 0.84765625 0.8515625  
    0.85546875 0.859375 0.86328125 0.8671875 0.87109375 0.875  
    0.87890625 0.8828125 0.88671875 0.890625 0.89453125 0.8984375  
    0.90234375 0.90625 0.91015625 0.9140625 0.91796875 0.921875  
    0.92578125 0.9296875 0.93359375 0.9375 0.94140625 0.9453125  
    0.94921875 0.953125 0.95703125 0.9609375 0.96484375 0.96875  
    0.97265625 0.9765625 0.98046875 0.984375 0.98828125 0.9921875  
    0.99609375 1.0 
  PPRIME_EXT = 636724.2879994153 628721.3677809808 620823.4743084067  
    613030.6075816932 605342.7676008401 597759.9543658476  
    590282.1678767155 582909.4081334441 575641.6751360332  
    568478.9688844829 561421.289378793 554468.6366189637  
    547621.0106049948 540878.4113368865 534240.8388146388  
    527708.2930382515 521280.7740077248 514958.2817230586  
    508740.8161842529 502628.3773913078 496620.9653442232  
    490718.5800429991 484921.2214876355 479228.8896781325  
    473641.58461449004 468159.30629670806 462604.24308177  
    456985.37455455394 451568.6563540683 446351.9056066347  
    441331.4118485305 436482.58967631875 431781.3494561098  
    427222.89992341545 422817.0288643483 418542.9095820474  
    414368.9662146713 410314.9636777899 406382.42196276307  
    402526.89387020597 398783.00173623447 395129.51383244246  
    391541.0832774199 388059.0412398557 384627.9800991959  
    381286.68511313933 378006.0002004192 374790.8920977745  
    371644.15324679046 368548.5368790815 365518.82613530604  
    362536.5938848548 359610.47934868606 356734.46277102834  
    353902.19846919377 351124.12100579205 348379.2812047871  
    345689.32315677835 343028.99026773125 340415.69490271027  
    337839.5315360463 335291.7985785631 332798.2399610672  
    330310.21198008675 327890.5973202876 325467.35268665955  
    323102.1236443819 320758.63690109656 318426.7994406967  
    316164.09668142046 313878.40850965946 311651.3665587178  
    309450.80866098084 307242.3049461841 305106.4608481225  
    302957.5511074881 300833.58536220965 298768.61396868504  
    296673.268810463 294621.93279107305 292613.09890935884  
    290577.21058143605 288594.48983154446 286642.4552015016  
    284661.0458901797 282729.9739469794 280829.88462303067  
    278903.53815428173 277022.13229826814 275176.4581059542  
    273301.0405041898 271453.9553736945 269655.23482099985  
    267837.1920906961 266026.36514684954 264266.42952400225  
    262502.5521365149 260725.49222666083 258994.15425054214  
    257286.6447789253 255553.90380960834 253837.23366171325  
    252166.75569411108 250493.54463520728 248803.95718811458  
    247147.083127324 245520.70529786887 243879.98305765796  
    242238.22070685268 240632.70160971896 239042.36907720973  
    237436.2528020086 235839.89813666372 234277.11993947177  
    232720.62671426992 231150.46559763653 229593.63787661493  
    228066.98378012294 226544.5144637128 225010.11828550158  
    223487.0061541566 221991.58409288537 220503.1065763206  
    219003.97807459824 217509.95534236793 216041.18413337396  
    214585.52811548804 213121.10755285466 211653.76703416355  
    210207.5647731042 208781.6198548596 207351.00442331418  
    205910.39536215042 204483.83041065355 203082.51896746512  
    201683.51838788256 200271.51358477084 198864.18916491442  
    197481.43019409635 196109.3833057218 194727.9271908705  
    193343.03060645756 191973.5635954899 190620.8064714927  
    189269.44080170058 187912.56438997784 186555.53858955103  
    185213.568742393 183887.3634645861 182559.10569422  
    181221.2896396025 179889.3174171353 178577.72725095227  
    177273.1157194635 175960.4709371155 174644.9393273784  
    173340.17931960738 172049.16257183714 170761.67149667203  
    169470.07038093498 168174.25791338095 166887.91101671342  
    165618.06804041407 164349.42224383197 163071.65088635986  
    161793.8193269369 160530.0229909693 159276.00809604808  
    158020.01902465487 156760.2081770756 155499.62813316385  
    154249.0539122771 153010.49475255492 151770.53611468617  
    150522.03621661523 149275.03219322467 148042.22642385948  
    146815.9980018228 145585.03861412563 144350.3576848037  
    143117.61554265584 141894.47460191173 140678.88929035925  
    139460.2760385411 138234.21623771044 137011.05196494912  
    135801.1398892371 134594.79273095648 133381.36816529324  
    132164.3521677677 130953.08627798593 129750.41791088  
    128549.41709056332 127343.88859692149 126133.49733699043  
    124928.40459340802 123733.94630207533 122538.78450207105  
    121334.94579106223 120129.94229733465 118934.90414477309  
    117745.09763809117 116550.04895232341 115349.97358947888  
    114152.40634355973 112962.70287824786 111775.54477924126  
    110583.40560530059 109387.0703213111 108196.72516689991  
    107015.51996813531 105833.12083132914 104644.44894819344  
    103458.94181667251 102285.99356686612 101118.52500957684  
    99947.1805855553 98778.69102015827 97626.95368599414  
    96489.75618505267 95355.450892594 94231.20778789942  
    93134.97644459225 92066.34263753615 91016.83125307725  
    90000.27668924173 89036.66001880096 88124.34772356611  
    87272.63122890049 86508.21661581245 85842.72382388692  
    85293.52466879677 84899.73171889444 84685.26464839594  
    84667.73287051 84936.35434937043 85562.75583069178  
    86548.60443792128 88011.05835926053 90102.32067123568  
    92812.06450237123 96370.88738906023 101267.71777607151  
    107767.80788563051 115620.87173230742 123636.19918041767  
    131130.72829752593 137953.14573850075 141391.90992243798  
    139167.53856372 131243.96509372996 118529.11517677968  
    101953.23280745336 81310.57904814152 56372.34394049032  
    26804.136474799576 -7394.04334937036 
  FFPRIM_EXT = 0.8207661793878376 1.002025157946166 1.177039850815698  
    1.3487918953809261 1.5172874356244035 1.6825334988616567  
    1.8445354067319886 2.0033010584069126 2.1588347602442126  
    2.311149840193317 2.4602447593112884 2.606125539545924  
    2.7487972571496555 2.8882657677796586 3.024536389619403  
    3.1576149329770145 3.2875070937148836 3.4142179748265855  
    3.5377520839308296 3.658114056377814 3.7753110678892403  
    3.8893469426450835 4.000227234575162 4.107955234515344  
    4.212536099922161 4.313967701434671 4.417263650313128  
    4.522173240878426 4.621209551380808 4.714450778591466  
    4.802016700788085 4.884602458405961 4.962888952365812  
    5.037015957690864 5.106710880005322 5.172562656300627  
    5.23546405466327 5.294863917913116 5.350719048678348  
    5.404281038630773 5.454583450742115 5.502219514676773  
    5.547904752303554 5.590482192571978 5.631505844941785  
    5.669894895757803 5.706461238124501 5.7410733657577655  
    5.773647908456551 5.804674420340568 5.833736470109458  
    5.861353412077209 5.887281526968422 5.91169348366661  
    5.93476530076639 5.956209214276097 5.976605299343758  
    5.995356697315961 6.013161553609239 6.029543526546352  
    6.044769686574199 6.059092142655034 6.071786079254338  
    6.084212097569971 6.094619002751335 6.105008169731994  
    6.113671700879923 6.121609385290974 6.129112666470377  
    6.134578269264791 6.1405648398093655 6.144811967916549  
    6.148201366989852 6.151696814725861 6.153061830082294  
    6.154667144740881 6.155468795783946 6.154517107401147  
    6.154288688471524 6.152729460139353 6.149869125461034  
    6.147636439574278 6.143819791466013 6.139032197907227  
    6.134938449609162 6.129339270726129 6.122757850058373  
    6.116778437927067 6.109442191179815 6.100995765237429  
    6.0932474107695 6.084601153494453 6.0744953291236 6.064793395495135  
    6.054773412072235 6.043229557969889 6.031665023702559  
    6.020339206690217 6.007632175078239 5.994138852819722  
    5.981210344424005 5.9677177641907395 5.9528278643521855  
    5.937879016893541 5.923251677216505 5.90760052226627  
    5.890977913615568 5.874612732524202 5.858147296281938  
    5.840559014696792 5.822417402796578 5.804570981060541  
    5.786324992583376 5.767025000826537 5.747412617116628  
    5.728035292090322 5.708158469272048 5.6873175702757255  
    5.666217858893646 5.645302584334335 5.623942794122888  
    5.601684766576731 5.579087461566237 5.556634007207238  
    5.533900637072936 5.510335114142482 5.486260442396451  
    5.462272416877775 5.438216249987953 5.413438498364387  
    5.387957492445168 5.362446025785605 5.337050865168307  
    5.311122595747187 5.284354045464598 5.257362094715807  
    5.230563581125682 5.203481784804955 5.175573767328979  
    5.147209412668653 5.1189344808257555 5.09059063124719  
    5.061666502202863 5.032122301024932 5.002369073768678  
    4.972593198919739 4.942650742076179 4.912132173340618  
    4.881014751738395 4.849773008076459 4.818609812534477  
    4.787113257127396 4.754890111997505 4.722294450495981  
    4.689729687632183 4.6570591426904215 4.623913937439848  
    4.590210813904838 4.5562217923220185 4.522149932030899  
    4.487997892016785 4.453399074460734 4.418160416762596  
    4.382687076064376 4.347256616162676 4.311627828946937  
    4.275419762179007 4.238741254945167 4.201905431935589  
    4.164960728973884 4.12782435236441 4.0902071672933324  
    4.052050777797504 4.013708572165794 3.975371996321315  
    3.936774993572825 3.8975748273948265 3.8579657010494204  
    3.818246922388969 3.7783935593634066 3.7382556611654776  
    3.6976243737922756 3.65654613164489 3.6152997590210347  
    3.5740041463099557 3.532384938135042 3.4901604602876573  
    3.4475792422872606 3.404922688691725 3.3620997669604034  
    3.3188608690882986 3.275123662018511 3.2310657067116573  
    3.186848598663827 3.1424807462080517 3.097691157611019  
    3.052330348720705 3.006690794001229 2.960983348147831  
    2.915010408642577 2.868472213670877 2.8214828859056764  
    2.7743148295414097 2.726962241807127 2.6792235420947437  
    2.6309486484190936 2.5822687431780023 2.533379523601152  
    2.4842599554674525 2.434636200643652 2.3844125783976726  
    2.333854324706766 2.283095189579071 2.2318840139934957  
    2.179961136536519 2.1275021686343143 2.074751375846313  
    2.0215302299049607 1.967462542794407 1.9125938108972256  
    1.8572259243724845 1.8011688452882741 1.743941491975444  
    1.685541950921968 1.6261869304823031 1.5655110201259332  
    1.502980723652524 1.4386248061026092 1.3721930256979413  
    1.302985135369949 1.230690162073235 1.154836080173951  
    1.0743911639233532 0.988733777676331 0.8973996354594558  
    0.7980364341236 0.6887599242997441 0.5695259292480521  
    0.43725284364785905 0.2879494464832371 0.12192519460900947  
    -0.06676912646270569 -0.2908873338444711 -0.5575054572708833  
    -0.860091859402979 -1.167159519330991 -1.460311394398979  
    -1.7351070499542405 -1.9200700785031701 -1.9552431589833006  
    -1.8393743905321291 -1.5949557568706272 -1.2430493304610402  
    -0.7744122302309443 -0.18008545990832944 0.5641758487227881  
    1.4583716956649369 
  P_EXT = 1639945.5178757163 1595404.0392864114 1567972.8698392157  
    1544905.2422991956 1524162.4552254137 1504946.3503216996  
    1486843.159141166 1469605.5144631197 1453069.575259242  
    1437123.327384137 1421680.2288300064 1406676.3058554388  
    1392061.3225553285 1377795.1853515198 1363844.8898511748  
    1350183.0043277289 1336786.4748077989 1323635.7578320438  
    1310713.8929958676 1298005.8182410628 1285498.97923169  
    1273181.6695781625 1261043.904247621 1249076.4096756764  
    1237271.2267854149 1225620.6134553186 1214118.2328667794  
    1202757.6186081464 1191533.2900627954 1180440.3768675504  
    1169473.8799863376 1158629.2717710407 1147902.59212936  
    1137290.349008469 1126788.8579611254 1116394.5154711576  
    1106104.502685655 1095916.2651102268 1085826.5802815834  
    1075833.0469183521 1065933.6092045498 1056125.266169486  
    1046406.5850853078 1036775.234497769 1027229.0851310052  
    1017766.9710862788 1008386.1817906996 999086.1515446352  
    989864.2232851742 980719.8404561892 971650.7694373019  
    962656.2604586241 953734.4940733116 944884.6372420222  
    936105.0499503189 927395.071857526 918752.9439885742  
    910178.4319697593 901669.4443202249 893226.2570713015  
    884846.4946923836 876530.6878114508 868276.6171231328  
    860084.4374292699 851952.8020475459 843880.7881086436  
    835868.3967631075 827913.5663400306 820017.0684219939  
    812176.9991441173 804393.0780764511 796665.2904652155  
    788991.6901304446 781372.9331428966 773807.8086292032  
    766295.3067272825 758836.0638561192 751428.2435249314  
    744071.7833598356 736766.8980373861 729511.8230931018  
    722306.783102086 715151.6568391123 708044.7839957176  
    700986.6179514839 693977.0057485517 687014.4287214298  
    680099.1864718955 673231.2191191704 666409.027926703  
    659632.80927194 652902.8190299162 646217.7145337068  
    639577.1708532989 632981.691715763 626430.2756539185  
    619922.2205393828 613458.0477813535 607037.3261576672  
    600658.8928840219 594322.9569417026 588029.8119848055  
    581778.462262308 575568.271856256 569399.7211544923  
    563272.6223667776 557185.9692356195 551139.6120181377  
    545133.9304278218 539168.3986521801 533242.2319442432  
    527355.5462136492 521508.54006955156 515700.5467573534  
    509930.99468009465 504200.08440058737 498507.90406554483  
    492853.79030942573 487237.26813334617 481658.52438066475  
    476117.63773577753 470614.02792761417 465147.2128330659  
    459717.30544521095 454324.4444205192 448968.202637202  
    443648.0252244615 438363.899176603 433116.0422784493  
    427904.23103056883 422727.8497301139 417586.7110616579  
    412481.07167651213 407410.9269627958 402375.6931601012  
    397374.9873394538 392409.01540824777 387477.94230495184  
    382581.3536729176 377718.7277755983 372890.1086048462  
    368095.70226688194 363335.3664175396 358608.62577843014  
    353915.2665721463 349255.3644938341 344629.01517130167  
    340036.0492815284 335476.0115132415 330948.73070809967  
    326454.39452709886 321993.09898326953 317564.4663891572  
    313168.09732938913 308804.0595969579 304472.51635493885  
    300173.37699396984 295906.2878333175 291671.0320208347  
    287467.6309113725 283296.2042039635 279156.72683440987  
    275048.8107756582 270972.212506068 266927.0753348555  
    262913.54723255103 258931.44177482766 254980.4029245364  
    251060.3651273679 247171.4098912115 243313.60421306372  
    239486.8555040865 235690.83408398164 231925.40290819746  
    228190.71651580548 224486.90096825565 220813.73432966135  
    217170.9042767699 213558.4284641648 209976.4215785736  
    206424.9145379658 202903.76412429303 199412.71904221238  
    195951.72752454865 192520.94019619888 189120.45285189044  
    185750.02648608014 182409.4102964647 179098.68678013497  
    175818.00682539167 172567.3487970353 169346.50366005587  
    166155.33610724774 162993.892986817 159862.30293287948  
    156760.59116811206 153688.51037149085 150645.91966266045  
    147632.96697598367 144649.8056283732 141696.31006547567  
    138772.24403477332 135877.63252888882 133012.6215717857  
    130177.25326363885 127371.37950688312 124594.84770238715  
    121847.70284801 119130.07764486363 116441.96932343778  
    113783.14258778491 111153.49211206607 108553.13894123121  
    105982.15245571124 103440.30723708807 100927.34374927377  
    98443.26948184983 95988.13599069044 93561.69161218064  
    91163.4928346051 88793.34235235621 86451.13955599107  
    84136.39901840294 81848.3731335459 79586.51208587145  
    77350.23695161546 75138.44737054015 72949.80564609525  
    70783.02413664074 68636.25253119625 66507.15111588877  
    64393.12371745844 62290.84045295697 60196.07648385578  
    58104.24670585313 56009.61429516737 53903.91985725416  
    51778.31824455794 49622.94024503621 47423.81357550992  
    45165.17475058693 42830.23883900608 40391.703335654325  
    37812.59143683668 35054.896285146606 32097.509189375312  
    28949.33894528576 25622.833884227945 22159.846913085847  
    18682.179721056833 15329.413634836883 12235.835160654518  
    9503.749014081546 7231.0110990675 5520.927024478633  
    4483.339597144375 4236.260504129649 
  F_EXT = 50.55044494750001 50.55005686679894 50.549581134854286  
    50.54901946022497 50.54837355498688 50.54764511338662  
    50.546835763787456 50.545947104114305 50.54498067353879  
    50.543938020356705 50.54282078726844 50.54163061666939  
    50.5403690734649 50.53903769720833 50.537638035478935  
    50.53617164933141 50.53464018011976 50.53304525137227  
    50.531388363611796 50.529671003500965 50.527894760555554  
    50.52606123775996 50.52417203783345 50.52222871475442  
    50.520232702953365 50.518185159076836 50.51608642488633  
    50.5139368135226 50.51173751766346 50.509490223203386  
    50.507197696443015 50.50486282412626 50.502488019764236  
    50.500075453110725 50.497627069170235 50.49514472170692  
    50.49263027666821 50.490085483018085 50.48751188887285  
    50.48491094635274 50.482284090530094 50.479632679198836  
    50.476957931696106 50.474260971485975 50.47154299587902  
    50.46880512384086 50.466048427752284 50.463273889506254  
    50.46048243029216 50.45767492492449 50.4548522413635  
    50.452015217219895 50.44916461515246 50.446301181441186  
    50.44342568659869 50.440538880157256 50.437641415665496  
    50.4347339192945 50.431817030398165 50.42889137037088  
    50.425957542934604 50.423016108699755 50.42006761723823  
    50.41711257291638 50.414151524904284 50.41118496145192  
    50.40821335121687 50.40523712395035 50.40225677455432  
    50.39927279514353 50.39628566384913 50.39329582823699  
    50.39030365818657 50.38730949799897 50.38431374327181  
    50.38131676672218 50.378318930041345 50.37532059466318  
    50.372322210617035 50.36932419764215 50.36632680948471  
    50.36333027253933 50.360334901634246 50.35734105124861  
    50.354349114043366 50.35135945952706 50.34837232919965  
    50.34538793966037 50.34240655287421 50.3394284648641  
    50.336454033978995 50.333483597028646 50.33051736734826  
    50.32755553696033 50.32459836482363 50.32164613324193  
    50.31869912565728 50.31575759655206 50.31282175159009  
    50.309891786453235 50.30696796686324 50.30405055981792  
    50.301139786276195 50.298235860160105 50.29533903093751  
    50.29244954205361 50.289567562382246 50.286693265468315  
    50.283826872751334 50.280968625350894 50.27811874479977  
    50.275277433161776 50.27244487715582 50.26962125620566  
    50.26680678162802 50.26400165834134 50.261206076528865  
    50.25842021144608 50.25564423026506 50.25287832446867  
    50.250122725735466 50.24737766430423 50.24464324444736  
    50.24191959937711 50.23920693735636 50.23650550194332  
    50.233815442030235 50.23113689867466 50.22847003389548  
    50.2258150282298 50.22317210059845 50.22054143085016  
    50.217923138837264 50.21531732967338 50.21272419621054  
    50.21014395237091 50.20757677690425 50.20502282860401  
    50.202482236469024 50.19995513222908 50.1974416856379  
    50.194942071275584 50.19245645292797 50.189984989746975  
    50.18752785585778 50.185085200699234 50.18265714140975  
    50.18024379244767 50.17784538715375 50.17546211961945  
    50.17309408942255 50.170741376201754 50.16840415289428  
    50.166082628102636 50.16377695879357 50.16148728358151  
    50.15921372079407 50.15695639737162 50.15471551794457  
    50.152491255561586 50.15028373056137 50.14809303725218  
    50.145919339623276 50.143762815610124 50.14162361179073  
    50.13950186520913 50.13739770151349 50.13531126245161  
    50.13324274094943 50.13119230099076 50.12916006192232  
    50.127146119689975 50.125150651404184 50.12317383274237  
    50.121215798541584 50.11927668023485 50.117356648136436  
    50.11545587208512 50.1135744510766 50.11171250522041  
    50.10987019727605 50.10804772101089 50.106245219424366  
    50.10446282751907 50.10270068649167 50.10095894669645  
    50.09923778016014 50.097537350840646 50.09585777668548  
    50.09419918549662 50.09256173096392 50.09094559358344  
    50.089350950047944 50.08777795981963 50.08622676262186  
    50.084697490520156 50.08319030845497 50.0817053805147  
    50.08024284285105 50.07880284337958 50.07738557190319  
    50.075991232751804 50.07461997743334 50.07327195983423  
    50.07194734820797 50.07064632226064 50.06936903840208  
    50.06811566944886 50.06688640956048 50.06568146505852  
    50.064501009917876 50.063345233098985 50.06221435345739  
    50.061108603383346 50.06002819400064 50.058973352594045  
    50.057944346644376 50.056941461318814 50.055964975347784  
    50.05501519361797 50.05409248171647 50.05319723825488  
    50.05232987389357 50.05149085891122 50.05068079583711  
    50.04990036371606 50.0491502978296 50.04843143174408  
    50.047744769863314 50.04709152962452 50.04647317839865  
    50.045891443793664 50.04534828175433 50.04484605405764  
    50.04438763054988 50.04397651598071 50.043616945597144  
    50.04331391798172 50.04307339926983 50.04290246174595  
    50.042809428853026 50.04280480481822 50.042904701118296  
    50.043126063540754 50.04348323133228 50.04398692903361  
    50.04463922319205 50.0454279761283 50.0463215317219  
    50.04726870433862 50.04820441767103 50.049059231524176  
    50.04977465026842 50.05029227489723 50.05054735167327  
    50.05047243313881 50.05 
/

