@R IP 1 []
  9.999999995e+06
@R BCENTR 1 []
  1.100000000e+01
@R RMAJOR 1 []
  4.550000000e+00
@R AMINOR 1 []
  1.108359789e+00
@R KAPPA 1 []
  1.346076915e+00
@R DELTA 1 []
 -3.158610577e-01
@I NRHO 1 []
              101
@R RHOB 1 []
  1.264209227e+00
@R RHO 101 []
  0.000000000e+00  1.000000000e-02  2.000000000e-02  3.000000000e-02
  4.000000000e-02  5.000000000e-02  6.000000000e-02  7.000000000e-02
  8.000000000e-02  9.000000000e-02  1.000000000e-01  1.100000000e-01
  1.200000000e-01  1.300000000e-01  1.400000000e-01  1.500000000e-01
  1.600000000e-01  1.700000000e-01  1.800000000e-01  1.900000000e-01
  2.000000000e-01  2.100000000e-01  2.200000000e-01  2.300000000e-01
  2.400000000e-01  2.500000000e-01  2.600000000e-01  2.700000000e-01
  2.800000000e-01  2.900000000e-01  3.000000000e-01  3.100000000e-01
  3.200000000e-01  3.300000000e-01  3.400000000e-01  3.500000000e-01
  3.600000000e-01  3.700000000e-01  3.800000000e-01  3.900000000e-01
  4.000000000e-01  4.100000000e-01  4.200000000e-01  4.300000000e-01
  4.400000000e-01  4.500000000e-01  4.600000000e-01  4.700000000e-01
  4.800000000e-01  4.900000000e-01  5.000000000e-01  5.100000000e-01
  5.200000000e-01  5.300000000e-01  5.400000000e-01  5.500000000e-01
  5.600000000e-01  5.700000000e-01  5.800000000e-01  5.900000000e-01
  6.000000000e-01  6.100000000e-01  6.200000000e-01  6.300000000e-01
  6.400000000e-01  6.500000000e-01  6.600000000e-01  6.700000000e-01
  6.800000000e-01  6.900000000e-01  7.000000000e-01  7.100000000e-01
  7.200000000e-01  7.300000000e-01  7.400000000e-01  7.500000000e-01
  7.600000000e-01  7.700000000e-01  7.800000000e-01  7.900000000e-01
  8.000000000e-01  8.100000000e-01  8.200000000e-01  8.300000000e-01
  8.400000000e-01  8.500000000e-01  8.600000000e-01  8.700000000e-01
  8.800000000e-01  8.900000000e-01  9.000000000e-01  9.100000000e-01
  9.200000000e-01  9.300000000e-01  9.400000000e-01  9.500000000e-01
  9.600000000e-01  9.700000000e-01  9.800000000e-01  9.900000000e-01
  1.000000000e+00
@R VOLP 101 []
  0.000000000e+00  2.437656024e+00  4.875153445e+00  7.312332857e+00
  9.749039568e+00  1.218511884e+01  1.462041674e+01  1.705478780e+01
  1.948808924e+01  2.192017886e+01  2.435092529e+01  2.678020277e+01
  2.920788590e+01  3.163386230e+01  3.405802838e+01  3.648027738e+01
  3.890051599e+01  4.131866656e+01  4.373464630e+01  4.614838219e+01
  4.855981670e+01  5.096889333e+01  5.337555757e+01  5.577976795e+01
  5.818148605e+01  6.058066805e+01  6.297728955e+01  6.537134138e+01
  6.776281050e+01  7.015167816e+01  7.253791190e+01  7.492146132e+01
  7.730226649e+01  7.968026911e+01  8.205541641e+01  8.442764861e+01
  8.679689966e+01  8.916311468e+01  9.152622985e+01  9.388617096e+01
  9.624287640e+01  9.859627979e+01  1.009462986e+02  1.032928600e+02
  1.056358915e+02  1.079753130e+02  1.103110377e+02  1.126429842e+02
  1.149710758e+02  1.172952187e+02  1.196153200e+02  1.219312927e+02
  1.242430536e+02  1.265504946e+02  1.288535225e+02  1.311520601e+02
  1.334460031e+02  1.357352458e+02  1.380197016e+02  1.402992828e+02
  1.425738919e+02  1.448434353e+02  1.471078265e+02  1.493669906e+02
  1.516208384e+02  1.538692869e+02  1.561122815e+02  1.583497630e+02
  1.605816649e+02  1.628079475e+02  1.650285848e+02  1.672435552e+02
  1.694528426e+02  1.716564608e+02  1.738544502e+02  1.760468405e+02
  1.782336866e+02  1.804150942e+02  1.825911724e+02  1.847620150e+02
  1.869276875e+02  1.890882103e+02  1.912435887e+02  1.933937340e+02
  1.955383931e+02  1.976770831e+02  1.998086663e+02  2.019313041e+02
  2.040420929e+02  2.061357181e+02  2.082042560e+02  2.102386861e+02
  2.122328995e+02  2.141869470e+02  2.161083338e+02  2.180077072e+02
  2.199023181e+02  2.218294545e+02  2.238618606e+02  2.260681167e+02
  2.284804526e+02
@R IPOL 101 []
  1.015219885e+00  1.015218199e+00  1.015213127e+00  1.015204634e+00
  1.015192657e+00  1.015177112e+00  1.015157890e+00  1.015134862e+00
  1.015107878e+00  1.015076768e+00  1.015041345e+00  1.015001405e+00
  1.014956731e+00  1.014907095e+00  1.014852256e+00  1.014791971e+00
  1.014725979e+00  1.014654040e+00  1.014575891e+00  1.014491302e+00
  1.014400018e+00  1.014301809e+00  1.014196469e+00  1.014083789e+00
  1.013963582e+00  1.013835686e+00  1.013699974e+00  1.013556322e+00
  1.013404519e+00  1.013244439e+00  1.013076189e+00  1.012899962e+00
  1.012715939e+00  1.012524319e+00  1.012325320e+00  1.012119156e+00
  1.011906060e+00  1.011686267e+00  1.011460035e+00  1.011227629e+00
  1.010989327e+00  1.010745386e+00  1.010496107e+00  1.010241804e+00
  1.009982760e+00  1.009719295e+00  1.009451735e+00  1.009180399e+00
  1.008905642e+00  1.008627773e+00  1.008347177e+00  1.008064168e+00
  1.007779137e+00  1.007492419e+00  1.007204398e+00  1.006915436e+00
  1.006625897e+00  1.006336178e+00  1.006046640e+00  1.005757654e+00
  1.005469625e+00  1.005182913e+00  1.004897896e+00  1.004614969e+00
  1.004334505e+00  1.004056876e+00  1.003782452e+00  1.003511620e+00
  1.003244745e+00  1.002982188e+00  1.002724310e+00  1.002471475e+00
  1.002224043e+00  1.001982361e+00  1.001746784e+00  1.001517665e+00
  1.001295358e+00  1.001080236e+00  1.000872688e+00  1.000673126e+00
  1.000482016e+00  1.000299896e+00  1.000127427e+00  9.999654360e-01
  9.998150056e-01  9.996775742e-01  9.995550870e-01  9.994501763e-01
  9.993663074e-01  9.993078465e-01  9.992798612e-01  9.992873073e-01
  9.993333077e-01  9.994166101e-01  9.995291498e-01  9.996558066e-01
  9.997781836e-01  9.998807292e-01  9.999565915e-01  1.000004476e+00
  1.000000000e+00
@R G11 101 []
  0.000000000e+00  2.448420170e+00  4.896961463e+00  7.345471561e+00
  9.794405955e+00  1.224411521e+01  1.469436995e+01  1.714482248e+01
  1.959588708e+01  2.204814198e+01  2.450143576e+01  2.695512999e+01
  2.941073226e+01  3.186580487e+01  3.432427962e+01  3.677631298e+01
  3.923235980e+01  4.169200035e+01  4.415604238e+01  4.662641555e+01
  4.908466521e+01  5.155678920e+01  5.403168560e+01  5.650072157e+01
  5.897059568e+01  6.144632302e+01  6.392689488e+01  6.640707111e+01
  6.888866454e+01  7.137201853e+01  7.385743969e+01  7.634514709e+01
  7.883554359e+01  8.132882806e+01  8.382673714e+01  8.632627975e+01
  8.882434017e+01  9.132538332e+01  9.383264378e+01  9.635018283e+01
  9.886365556e+01  1.013728754e+02  1.039029108e+02  1.064289958e+02
  1.089511317e+02  1.114945559e+02  1.140278260e+02  1.165750465e+02
  1.191229887e+02  1.216775456e+02  1.242384262e+02  1.268027322e+02
  1.293790734e+02  1.319516825e+02  1.345468770e+02  1.371316629e+02
  1.397338517e+02  1.423499536e+02  1.449567658e+02  1.475871299e+02
  1.502293655e+02  1.528647674e+02  1.555209936e+02  1.581962715e+02
  1.608722231e+02  1.635552969e+02  1.662604889e+02  1.689843185e+02
  1.717152991e+02  1.744562856e+02  1.772154770e+02  1.799999214e+02
  1.828014471e+02  1.856181573e+02  1.884523159e+02  1.913061709e+02
  1.941898793e+02  1.971022732e+02  2.000370834e+02  2.029982514e+02
  2.059862509e+02  2.090077152e+02  2.120728743e+02  2.151788907e+02
  2.183234372e+02  2.215117610e+02  2.247486659e+02  2.280548481e+02
  2.314363090e+02  2.348922228e+02  2.384342677e+02  2.420937921e+02
  2.458922164e+02  2.498144116e+02  2.538520629e+02  2.580373169e+02
  2.623622727e+02  2.667835348e+02  2.713396834e+02  2.760376762e+02
  2.808882991e+02
@R G22 101 []
  0.000000000e+00  1.250744119e-02  2.501563434e-02  3.752393705e-02
  5.003482463e-02  6.255021989e-02  7.506908602e-02  8.758981283e-02
  1.001146678e-01  1.126467449e-01  1.251854540e-01  1.377277111e-01
  1.502813700e-01  1.628341790e-01  1.754064476e-01  1.879480281e-01
  2.005125724e-01  2.130981873e-01  2.257092054e-01  2.383556967e-01
  2.509436172e-01  2.636061091e-01  2.762866277e-01  2.889413183e-01
  3.016046960e-01  3.143026060e-01  3.270301886e-01  3.397610046e-01
  3.525045844e-01  3.652629110e-01  3.780377840e-01  3.908304788e-01
  4.036431519e-01  4.164769527e-01  4.293409520e-01  4.422199452e-01
  4.550980839e-01  4.679984330e-01  4.809377047e-01  4.939367894e-01
  5.069223231e-01  5.198935097e-01  5.329789541e-01  5.460517479e-01
  5.591120573e-01  5.722894686e-01  5.854226553e-01  5.986354964e-01
  6.118601660e-01  6.251270005e-01  6.384344828e-01  6.517678774e-01
  6.651714819e-01  6.785642114e-01  6.920813942e-01  7.055534684e-01
  7.191234617e-01  7.327733007e-01  7.463836095e-01  7.601234617e-01
  7.739325861e-01  7.877145161e-01  8.016116982e-01  8.156149206e-01
  8.296292182e-01  8.436876104e-01  8.578673667e-01  8.721503107e-01
  8.864767941e-01  9.008612683e-01  9.153458206e-01  9.299664536e-01
  9.446804347e-01  9.594775085e-01  9.743689418e-01  9.893656518e-01
  1.004519365e+00  1.019823355e+00  1.035244337e+00  1.050801425e+00
  1.066495360e+00  1.082358287e+00  1.098440699e+00  1.114724709e+00
  1.131194058e+00  1.147870275e+00  1.164769032e+00  1.181984699e+00
  1.199529710e+00  1.217367659e+00  1.235514353e+00  1.254084638e+00
  1.273156321e+00  1.292646907e+00  1.312540369e+00  1.333034592e+00
  1.354144683e+00  1.375792817e+00  1.398469139e+00  1.422433244e+00
  1.447765752e+00
@R G33 101 []
  9.175988518e-01  9.176102836e-01  9.176447203e-01  9.177022578e-01
  9.177825152e-01  9.178854945e-01  9.180112281e-01  9.181593602e-01
  9.183296744e-01  9.185221140e-01  9.187363264e-01  9.189719807e-01
  9.192289292e-01  9.195067739e-01  9.198050721e-01  9.201236505e-01
  9.204621403e-01  9.208199589e-01  9.211968355e-01  9.215923932e-01
  9.220061074e-01  9.224375628e-01  9.228864106e-01  9.233521862e-01
  9.238344735e-01  9.243330161e-01  9.248473070e-01  9.253767208e-01
  9.259208707e-01  9.264794552e-01  9.270521939e-01  9.276389773e-01
  9.282398191e-01  9.288546807e-01  9.294834319e-01  9.301260218e-01
  9.307824375e-01  9.314525319e-01  9.321362223e-01  9.328335163e-01
  9.335442652e-01  9.342683784e-01  9.350058658e-01  9.357566160e-01
  9.365205324e-01  9.372975365e-01  9.380875923e-01  9.388906035e-01
  9.397063911e-01  9.405349474e-01  9.413761697e-01  9.422299593e-01
  9.430961078e-01  9.439746356e-01  9.448653873e-01  9.457681043e-01
  9.466827121e-01  9.476091052e-01  9.485470631e-01  9.494963583e-01
  9.504567938e-01  9.514281789e-01  9.524102544e-01  9.534026669e-01
  9.544051758e-01  9.554174961e-01  9.564391714e-01  9.574697636e-01
  9.585089047e-01  9.595560731e-01  9.606106772e-01  9.616721142e-01
  9.627397641e-01  9.638128644e-01  9.648905211e-01  9.659719229e-01
  9.670561440e-01  9.681419915e-01  9.692282772e-01  9.703139020e-01
  9.713978917e-01  9.724794506e-01  9.735577527e-01  9.746322861e-01
  9.757030954e-01  9.767709641e-01  9.778392948e-01  9.789140071e-01
  9.800049923e-01  9.811322420e-01  9.823265012e-01  9.836225496e-01
  9.850422228e-01  9.865826509e-01  9.882139119e-01  9.899000678e-01
  9.915802294e-01  9.931032745e-01  9.941568478e-01  9.944524528e-01
  9.938962196e-01
@R GRADRHO 101 []
  1.006148239e+00  9.982298746e-01  9.982501777e-01  9.982689026e-01
  9.983181188e-01  9.983959164e-01  9.984832713e-01  9.985690540e-01
  9.986666541e-01  9.987878671e-01  9.989244936e-01  9.990615301e-01
  9.992252922e-01  9.993732904e-01  9.995674642e-01  9.996651033e-01
  9.998181422e-01  1.000012602e+00  1.000251375e+00  1.000548491e+00
  1.000707533e+00  1.001000698e+00  1.001306969e+00  1.001548575e+00
  1.001790634e+00  1.002073749e+00  1.002385277e+00  1.002682804e+00
  1.002980804e+00  1.003281380e+00  1.003586419e+00  1.003897009e+00
  1.004215210e+00  1.004541632e+00  1.004886021e+00  1.005229292e+00
  1.005554008e+00  1.005886389e+00  1.006243133e+00  1.006643487e+00
  1.007011137e+00  1.007347681e+00  1.007776826e+00  1.008174714e+00
  1.008543524e+00  1.008999396e+00  1.009397327e+00  1.009845395e+00
  1.010284284e+00  1.010738898e+00  1.011206936e+00  1.011675994e+00
  1.012179493e+00  1.012654716e+00  1.013202112e+00  1.013695526e+00
  1.014238487e+00  1.014815540e+00  1.015343273e+00  1.015936872e+00
  1.016552876e+00  1.017127336e+00  1.017752279e+00  1.018418825e+00
  1.019065897e+00  1.019713609e+00  1.020407057e+00  1.021132514e+00
  1.021853021e+00  1.022575775e+00  1.023322926e+00  1.024111772e+00
  1.024915645e+00  1.025726554e+00  1.026548090e+00  1.027383314e+00
  1.028255621e+00  1.029157205e+00  1.030067276e+00  1.030991621e+00
  1.031926670e+00  1.032883959e+00  1.033882842e+00  1.034909881e+00
  1.035953305e+00  1.037019346e+00  1.038113713e+00  1.039278991e+00
  1.040523735e+00  1.041844594e+00  1.043273817e+00  1.044890039e+00
  1.046736766e+00  1.048763265e+00  1.050915068e+00  1.053206623e+00
  1.055545529e+00  1.057702363e+00  1.059459716e+00  1.060493574e+00
  1.060634882e+00
@R AREA 101 []
  0.000000000e+00  2.433339530e+00  4.866603733e+00  7.299828070e+00
  9.732931864e+00  1.216580619e+01  1.459840297e+01  1.703070118e+01
  1.946269099e+01  2.189430416e+01  2.432548139e+01  2.675618573e+01
  2.918640129e+01  3.161605802e+01  3.404519988e+01  3.647370480e+01
  3.890191363e+01  4.132934399e+01  4.375625693e+01  4.618216099e+01
  4.860743150e+01  5.103198439e+01  5.345557630e+01  5.587835929e+01
  5.830038621e+01  6.072163198e+01  6.314198185e+01  6.556145629e+01
  6.798007618e+01  7.039785144e+01  7.281478747e+01  7.523088774e+01
  7.764615213e+01  8.006057742e+01  8.247415372e+01  8.488686373e+01
  8.729876784e+01  8.970990017e+01  9.212023950e+01  9.452973351e+01
  9.693835070e+01  9.934626826e+01  1.017534139e+02  1.041596715e+02
  1.065652671e+02  1.089700870e+02  1.113741047e+02  1.137774935e+02
  1.161800505e+02  1.185820363e+02  1.209832227e+02  1.233838728e+02
  1.257837783e+02  1.281831618e+02  1.305819141e+02  1.329800960e+02
  1.353778429e+02  1.377750084e+02  1.401717689e+02  1.425681709e+02
  1.449641371e+02  1.473598214e+02  1.497553204e+02  1.521505671e+02
  1.545456745e+02  1.569407727e+02  1.593359393e+02  1.617311738e+02
  1.641266078e+02  1.665223812e+02  1.689186361e+02  1.713154462e+02
  1.737129277e+02  1.761112580e+02  1.785106263e+02  1.809112357e+02
  1.833132809e+02  1.857169361e+02  1.881224628e+02  1.905301500e+02
  1.929403135e+02  1.953532981e+02  1.977694349e+02  2.001890787e+02
  2.026126717e+02  2.050406928e+02  2.074736541e+02  2.099120535e+02
  2.123563183e+02  2.148069263e+02  2.172642769e+02  2.197286199e+02
  2.221999699e+02  2.246784465e+02  2.271644172e+02  2.296585525e+02
  2.321618342e+02  2.346763900e+02  2.372062376e+02  2.397585602e+02
  2.423434058e+02
@R A 101 []
  0.000000000e+00  1.129832562e-02  2.259615278e-02  3.389376204e-02
  4.519148535e-02  5.648900177e-02  6.778613873e-02  7.908308788e-02
  9.037980774e-02  1.016760668e-01  1.129718948e-01  1.242672955e-01
  1.355621708e-01  1.468563001e-01  1.581501176e-01  1.694431061e-01
  1.807368778e-01  1.920293075e-01  2.033216475e-01  2.146115962e-01
  2.259009901e-01  2.371894618e-01  2.484757835e-01  2.597606581e-01
  2.710443631e-01  2.823267013e-01  2.936070189e-01  3.048853871e-01
  3.161618081e-01  3.274361480e-01  3.387083387e-01  3.499782909e-01
  3.612458314e-01  3.725108134e-01  3.837730968e-01  3.950324282e-01
  4.062889071e-01  4.175425730e-01  4.287931633e-01  4.400402447e-01
  4.512834798e-01  4.625235255e-01  4.737598485e-01  4.849916647e-01
  4.962198206e-01  5.074435731e-01  5.186625289e-01  5.298772230e-01
  5.410864707e-01  5.522911894e-01  5.634899790e-01  5.746837656e-01
  5.858712501e-01  5.970531008e-01  6.082284120e-01  6.193970866e-01
  6.305593378e-01  6.417140170e-01  6.528614623e-01  6.640014153e-01
  6.751329762e-01  6.862562596e-01  6.973711317e-01  7.084766563e-01
  7.195726643e-01  7.306590167e-01  7.417353127e-01  7.528007398e-01
  7.638550139e-01  7.748978155e-01  7.859288140e-01  7.969472771e-01
  8.079525599e-01  8.189442297e-01  8.299218306e-01  8.408848532e-01
  8.518326248e-01  8.627642519e-01  8.736791398e-01  8.845766544e-01
  8.954560988e-01  9.063167696e-01  9.171577196e-01  9.279779488e-01
  9.387767406e-01  9.495533162e-01  9.603070162e-01  9.710372322e-01
  9.817430425e-01  9.924244845e-01  1.003081266e+00  1.013713568e+00
  1.024322965e+00  1.034912040e+00  1.045483288e+00  1.056037885e+00
  1.066575566e+00  1.077089773e+00  1.087569216e+00  1.097999280e+00
  1.108359789e+00
@R RTOR 101 []
  4.749905462e+00  4.749889249e+00  4.749840451e+00  4.749758643e+00
  4.749644306e+00  4.749497610e+00  4.749318389e+00  4.749106905e+00
  4.748863412e+00  4.748587929e+00  4.748280698e+00  4.747942049e+00
  4.747572113e+00  4.747171129e+00  4.746739477e+00  4.746277414e+00
  4.745785096e+00  4.745263042e+00  4.744711517e+00  4.744130876e+00
  4.743521450e+00  4.742883650e+00  4.742217829e+00  4.741524317e+00
  4.740803517e+00  4.740055744e+00  4.739281349e+00  4.738480769e+00
  4.737654379e+00  4.736802492e+00  4.735925456e+00  4.735023592e+00
  4.734097147e+00  4.733146318e+00  4.732171315e+00  4.731172304e+00
  4.730149341e+00  4.729102542e+00  4.728032036e+00  4.726937878e+00
  4.725820130e+00  4.724678793e+00  4.723513909e+00  4.722325521e+00
  4.721113552e+00  4.719878055e+00  4.718619007e+00  4.717336282e+00
  4.716029970e+00  4.714699883e+00  4.713346065e+00  4.711968304e+00
  4.710566671e+00  4.709140934e+00  4.707691039e+00  4.706216882e+00
  4.704718271e+00  4.703195150e+00  4.701647284e+00  4.700074523e+00
  4.698476772e+00  4.696853757e+00  4.695205252e+00  4.693531154e+00
  4.691831201e+00  4.690105083e+00  4.688352576e+00  4.686573488e+00
  4.684767494e+00  4.682934263e+00  4.681073482e+00  4.679184871e+00
  4.677268090e+00  4.675322738e+00  4.673348439e+00  4.671344775e+00
  4.669311301e+00  4.667247602e+00  4.665153213e+00  4.663027614e+00
  4.660870241e+00  4.658680437e+00  4.656457536e+00  4.654200790e+00
  4.651909238e+00  4.649581844e+00  4.647217281e+00  4.644813919e+00
  4.642370047e+00  4.639882808e+00  4.637347908e+00  4.634760133e+00
  4.632112570e+00  4.629397653e+00  4.626608864e+00  4.623741453e+00
  4.620791236e+00  4.617760421e+00  4.614655784e+00  4.611489831e+00
  4.608280343e+00
@R SHIFT 101 []
  1.999054624e-01  1.998892493e-01  1.998404515e-01  1.997586427e-01
  1.996443061e-01  1.994976100e-01  1.993183894e-01  1.991069051e-01
  1.988634119e-01  1.985879286e-01  1.982806983e-01  1.979420492e-01
  1.975721128e-01  1.971711287e-01  1.967394770e-01  1.962774138e-01
  1.957850956e-01  1.952630417e-01  1.947115166e-01  1.941308760e-01
  1.935214499e-01  1.928836497e-01  1.922178288e-01  1.915243172e-01
  1.908035169e-01  1.900557445e-01  1.892813494e-01  1.884807693e-01
  1.876543793e-01  1.868024917e-01  1.859254559e-01  1.850235917e-01
  1.840971467e-01  1.831463179e-01  1.821713154e-01  1.811723037e-01
  1.801493408e-01  1.791025422e-01  1.780320358e-01  1.769378778e-01
  1.758201299e-01  1.746787930e-01  1.735139093e-01  1.723255210e-01
  1.711135517e-01  1.698780550e-01  1.686190073e-01  1.673362821e-01
  1.660299695e-01  1.646998833e-01  1.633460645e-01  1.619683038e-01
  1.605666707e-01  1.591409337e-01  1.576910390e-01  1.562168822e-01
  1.547182705e-01  1.531951501e-01  1.516472842e-01  1.500745233e-01
  1.484767724e-01  1.468537567e-01  1.452052516e-01  1.435311545e-01
  1.418312008e-01  1.401050835e-01  1.383525762e-01  1.365734878e-01
  1.347674941e-01  1.329342633e-01  1.310734823e-01  1.291848709e-01
  1.272680899e-01  1.253227383e-01  1.233484389e-01  1.213447754e-01
  1.193113007e-01  1.172476023e-01  1.151532128e-01  1.130276135e-01
  1.108702405e-01  1.086804373e-01  1.064575360e-01  1.042007904e-01
  1.019092377e-01  9.958184383e-02  9.721728101e-02  9.481391922e-02
  9.237004720e-02  8.988280803e-02  8.734790786e-02  8.476013349e-02
  8.211257044e-02  7.939765336e-02  7.660886425e-02  7.374145310e-02
  7.079123551e-02  6.776042097e-02  6.465578445e-02  6.148983149e-02
  5.828034343e-02
@R ELONG 101 []
  1.288128128e+00  1.288140116e+00  1.288176079e+00  1.288218693e+00
  1.288230700e+00  1.288228119e+00  1.288224705e+00  1.288221938e+00
  1.288222389e+00  1.288223315e+00  1.288223189e+00  1.288222640e+00
  1.288225294e+00  1.288230586e+00  1.288236297e+00  1.288243580e+00
  1.288253729e+00  1.288267196e+00  1.288283648e+00  1.288303591e+00
  1.288327109e+00  1.288354957e+00  1.288388032e+00  1.288426128e+00
  1.288469379e+00  1.288518413e+00  1.288574248e+00  1.288636798e+00
  1.288706277e+00  1.288783468e+00  1.288868766e+00  1.288962538e+00
  1.289065041e+00  1.289176588e+00  1.289297283e+00  1.289427618e+00
  1.289567910e+00  1.289718161e+00  1.289878653e+00  1.290049683e+00
  1.290231611e+00  1.290424539e+00  1.290628712e+00  1.290844468e+00
  1.291072105e+00  1.291311852e+00  1.291563999e+00  1.291828960e+00
  1.292106904e+00  1.292398279e+00  1.292703446e+00  1.293022768e+00
  1.293356586e+00  1.293705358e+00  1.294069562e+00  1.294449592e+00
  1.294845966e+00  1.295259174e+00  1.295689813e+00  1.296138396e+00
  1.296605540e+00  1.297091980e+00  1.297598339e+00  1.298125310e+00
  1.298673698e+00  1.299244411e+00  1.299838276e+00  1.300456178e+00
  1.301099170e+00  1.301768418e+00  1.302465050e+00  1.303190240e+00
  1.303945350e+00  1.304731845e+00  1.305551266e+00  1.306405251e+00
  1.307295603e+00  1.308224337e+00  1.309193587e+00  1.310205647e+00
  1.311263008e+00  1.312368247e+00  1.313524086e+00  1.314733461e+00
  1.315999501e+00  1.317325773e+00  1.318715834e+00  1.320172892e+00
  1.321700369e+00  1.323300946e+00  1.324975125e+00  1.326720996e+00
  1.328534921e+00  1.330413005e+00  1.332352619e+00  1.334354885e+00
  1.336419947e+00  1.338558868e+00  1.340819418e+00  1.343287615e+00
  1.346076915e+00
@R TRIAG 101 []
  0.000000000e+00  3.130289613e-02  2.957313842e-02  2.782349349e-02
  2.607411062e-02  2.432303382e-02  2.256284947e-02  2.079490229e-02
  1.901964659e-02  1.723484683e-02  1.544029924e-02  1.363596515e-02
  1.182022201e-02  9.992550261e-03  8.153292475e-03  6.301120005e-03
  4.434379735e-03  2.553424004e-03  6.574554451e-04 -1.254223388e-03
 -3.182245189e-03 -5.127035204e-03 -7.089328069e-03 -9.069790915e-03
 -1.106885247e-02 -1.308733013e-02 -1.512589935e-02 -1.718490984e-02
 -1.926489431e-02 -2.136652955e-02 -2.349041907e-02 -2.563724822e-02
 -2.780786581e-02 -3.000278190e-02 -3.222217758e-02 -3.446649801e-02
 -3.673647404e-02 -3.903266245e-02 -4.135555079e-02 -4.370578912e-02
 -4.608408245e-02 -4.849126408e-02 -5.092801871e-02 -5.339499525e-02
 -5.589314821e-02 -5.842323176e-02 -6.098616618e-02 -6.358299931e-02
 -6.621438314e-02 -6.888160149e-02 -7.158556814e-02 -7.432759400e-02
 -7.710848996e-02 -7.992970302e-02 -8.279241964e-02 -8.569803939e-02
 -8.864793227e-02 -9.164345457e-02 -9.468631655e-02 -9.777822320e-02
 -1.009207608e-01 -1.041158178e-01 -1.073654721e-01 -1.106718529e-01
 -1.140382172e-01 -1.174669692e-01 -1.209605214e-01 -1.245213497e-01
 -1.281523485e-01 -1.318564080e-01 -1.356365373e-01 -1.394959355e-01
 -1.434381760e-01 -1.474671293e-01 -1.515867903e-01 -1.558016309e-01
 -1.601165238e-01 -1.645366511e-01 -1.690669648e-01 -1.737131282e-01
 -1.784815350e-01 -1.833793788e-01 -1.884149387e-01 -1.935974906e-01
 -1.989375292e-01 -2.044466027e-01 -2.101334650e-01 -2.160034725e-01
 -2.220654652e-01 -2.283299849e-01 -2.348124701e-01 -2.415357460e-01
 -2.485181733e-01 -2.557727656e-01 -2.632849370e-01 -2.710346658e-01
 -2.790435801e-01 -2.873579025e-01 -2.961014162e-01 -3.055127334e-01
 -3.158610577e-01
@R PMHD 101 []
  1.609915554e+06  1.609355221e+06  1.607675997e+06  1.604883206e+06
  1.600985680e+06  1.595995723e+06  1.589929030e+06  1.582804608e+06
  1.574644632e+06  1.565474389e+06  1.555322068e+06  1.544218587e+06
  1.532197354e+06  1.519294398e+06  1.505547227e+06  1.490996207e+06
  1.475680519e+06  1.459645968e+06  1.442934783e+06  1.425595197e+06
  1.407670032e+06  1.389205624e+06  1.370249639e+06  1.350846333e+06
  1.331040080e+06  1.310874931e+06  1.290394435e+06  1.269641461e+06
  1.248666740e+06  1.227515046e+06  1.206211136e+06  1.184772776e+06
  1.163219416e+06  1.141569825e+06  1.119842476e+06  1.098056102e+06
  1.076228353e+06  1.054376439e+06  1.032518013e+06  1.010670888e+06
  9.888523862e+05  9.670775494e+05  9.453632715e+05  9.237264159e+05
  9.021806285e+05  8.807427081e+05  8.594280607e+05  8.382489580e+05
  8.172218345e+05  7.963588973e+05  7.756747514e+05  7.551812967e+05
  7.348923655e+05  7.148191704e+05  6.949742676e+05  6.753690727e+05
  6.560138498e+05  6.369205739e+05  6.180984724e+05  5.995573659e+05
  5.813075856e+05  5.633573298e+05  5.457148791e+05  5.283893199e+05
  5.113879971e+05  4.947177690e+05  4.783854533e+05  4.623980029e+05
  4.467610461e+05  4.314796829e+05  4.165585121e+05  4.020020565e+05
  3.878139658e+05  3.739966936e+05  3.605517094e+05  3.474792740e+05
  3.347781420e+05  3.224449266e+05  3.104727174e+05  2.988503415e+05
  2.875603930e+05  2.765764775e+05  2.658596721e+05  2.553528107e+05
  2.449723673e+05  2.345979823e+05  2.240585924e+05  2.131160057e+05
  2.014492625e+05  1.886473755e+05  1.742296695e+05  1.577222803e+05
  1.388243217e+05  1.176536639e+05  9.498361289e+04  7.227123635e+04
  5.129591507e+04  3.356429873e+04  1.974137114e+04  9.888035848e+03
  5.972910144e+03
@R QMHD 101 []
  9.809382054e-01  9.809977855e-01  9.811766383e-01  9.814750933e-01
  9.818936758e-01  9.824330704e-01  9.830940707e-01  9.838775148e-01
  9.847842106e-01  9.858148376e-01  9.869698497e-01  9.882493619e-01
  9.896531097e-01  9.911803583e-01  9.928304603e-01  9.946050729e-01
  9.965070187e-01  9.985360228e-01  1.000691662e+00  1.002973804e+00
  1.005385168e+00  1.007928738e+00  1.010602439e+00  1.013407552e+00
  1.016346818e+00  1.019421172e+00  1.022633399e+00  1.025984469e+00
  1.029475373e+00  1.033107555e+00  1.036885046e+00  1.040810389e+00
  1.044884476e+00  1.049111099e+00  1.053493620e+00  1.058035127e+00
  1.062738282e+00  1.067607094e+00  1.072645209e+00  1.077856376e+00
  1.083244884e+00  1.088815068e+00  1.094571336e+00  1.100517738e+00
  1.106660524e+00  1.113004454e+00  1.119554081e+00  1.126316317e+00
  1.133296641e+00  1.140502150e+00  1.147938488e+00  1.155613740e+00
  1.163534075e+00  1.171708032e+00  1.180143452e+00  1.188849026e+00
  1.197834445e+00  1.207107746e+00  1.216679828e+00  1.226561362e+00
  1.236763150e+00  1.247296754e+00  1.258175044e+00  1.269410618e+00
  1.281017389e+00  1.293010190e+00  1.305404626e+00  1.318216585e+00
  1.331463588e+00  1.345164658e+00  1.359339611e+00  1.374008793e+00
  1.389194116e+00  1.404919941e+00  1.421211880e+00  1.438096757e+00
  1.455603764e+00  1.473764592e+00  1.492614370e+00  1.512189479e+00
  1.532528893e+00  1.553674137e+00  1.575669343e+00  1.598562975e+00
  1.622410805e+00  1.647275560e+00  1.673231438e+00  1.700353648e+00
  1.728730532e+00  1.758462422e+00  1.789615339e+00  1.822255276e+00
  1.856490592e+00  1.892405063e+00  1.930087057e+00  1.969709751e+00
  2.011589205e+00  2.055981487e+00  2.103490573e+00  2.155044372e+00
  2.211864953e+00
@R ER 101 []
  0.000000000e+00  0.000000000e+00  0.000000000e+00  0.000000000e+00
  0.000000000e+00  0.000000000e+00  0.000000000e+00  0.000000000e+00
  0.000000000e+00  0.000000000e+00  0.000000000e+00  0.000000000e+00
  0.000000000e+00  0.000000000e+00  0.000000000e+00  0.000000000e+00
  0.000000000e+00  0.000000000e+00  0.000000000e+00  0.000000000e+00
  0.000000000e+00  0.000000000e+00  0.000000000e+00  0.000000000e+00
  0.000000000e+00  0.000000000e+00  0.000000000e+00  0.000000000e+00
  0.000000000e+00  0.000000000e+00  0.000000000e+00  0.000000000e+00
  0.000000000e+00  0.000000000e+00  0.000000000e+00  0.000000000e+00
  0.000000000e+00  0.000000000e+00  0.000000000e+00  0.000000000e+00
  0.000000000e+00  0.000000000e+00  0.000000000e+00  0.000000000e+00
  0.000000000e+00  0.000000000e+00  0.000000000e+00  0.000000000e+00
  0.000000000e+00  0.000000000e+00  0.000000000e+00  0.000000000e+00
  0.000000000e+00  0.000000000e+00  0.000000000e+00  0.000000000e+00
  0.000000000e+00  0.000000000e+00  0.000000000e+00  0.000000000e+00
  0.000000000e+00  0.000000000e+00  0.000000000e+00  0.000000000e+00
  0.000000000e+00  0.000000000e+00  0.000000000e+00  0.000000000e+00
  0.000000000e+00  0.000000000e+00  0.000000000e+00  0.000000000e+00
  0.000000000e+00  0.000000000e+00  0.000000000e+00  0.000000000e+00
  0.000000000e+00  0.000000000e+00  0.000000000e+00  0.000000000e+00
  0.000000000e+00  0.000000000e+00  0.000000000e+00  0.000000000e+00
  0.000000000e+00  0.000000000e+00  0.000000000e+00  0.000000000e+00
  0.000000000e+00  0.000000000e+00  0.000000000e+00  0.000000000e+00
  0.000000000e+00  0.000000000e+00  0.000000000e+00  0.000000000e+00
  0.000000000e+00  0.000000000e+00  0.000000000e+00  0.000000000e+00
  0.000000000e+00
@R NC1 101 []
  9.985000475e-01  9.385432437e-01  9.154208084e-01  8.984908463e-01
  8.847280051e-01  8.729681833e-01  8.626172188e-01  8.533228874e-01
  8.448574386e-01  8.370637640e-01  8.298274142e-01  8.230623200e-01
  8.167022477e-01  8.106945272e-01  8.049962117e-01  7.995720612e-01
  7.943928050e-01  7.894346976e-01  7.846764718e-01  7.801011166e-01
  7.756919797e-01  7.714355622e-01  7.673203296e-01  7.633353226e-01
  7.594710841e-01  7.557193332e-01  7.520725289e-01  7.485236152e-01
  7.450663795e-01  7.416953351e-01  7.384055399e-01  7.351925091e-01
  7.320523686e-01  7.289815302e-01  7.259764115e-01  7.230338757e-01
  7.201509949e-01  7.173248008e-01  7.145527863e-01  7.118327131e-01
  7.091622040e-01  7.065389746e-01  7.039612068e-01  7.014270608e-01
  6.989345406e-01  6.964821379e-01  6.940682777e-01  6.916913212e-01
  6.893500352e-01  6.870427690e-01  6.847686110e-01  6.825259918e-01
  6.803139584e-01  6.781312856e-01  6.759769742e-01  6.738499241e-01
  6.717491182e-01  6.696737706e-01  6.676228280e-01  6.655954032e-01
  6.635907128e-01  6.616079126e-01  6.596461548e-01  6.577047080e-01
  6.557828551e-01  6.538797861e-01  6.519947322e-01  6.501271045e-01
  6.482761406e-01  6.464411240e-01  6.446213601e-01  6.428161762e-01
  6.410249820e-01  6.392470642e-01  6.374816674e-01  6.357281963e-01
  6.339859660e-01  6.322542803e-01  6.305324786e-01  6.288198520e-01
  6.271159562e-01  6.254204127e-01  6.237327869e-01  6.220532065e-01
  6.203815530e-01  6.187181759e-01  6.170650291e-01  6.154234886e-01
  6.137980177e-01  6.121963842e-01  6.106276460e-01  6.091062795e-01
  6.076408903e-01  6.062257141e-01  6.048430499e-01  6.034800616e-01
  6.021036076e-01  6.006526962e-01  5.990311031e-01  5.971450999e-01
  5.949745833e-01
@R HFAC1 101 []
  1.000000000e+00  9.976218139e-01  9.952447629e-01  9.928688616e-01
  9.904940381e-01  9.881205004e-01  9.857483709e-01  9.833775567e-01
  9.810080900e-01  9.786400858e-01  9.762734693e-01  9.739081954e-01
  9.715443042e-01  9.691817341e-01  9.668202836e-01  9.644600719e-01
  9.621006236e-01  9.597422132e-01  9.573845221e-01  9.550279348e-01
  9.526718521e-01  9.503162251e-01  9.479612134e-01  9.456064845e-01
  9.432518373e-01  9.408972340e-01  9.385425941e-01  9.361876373e-01
  9.338322080e-01  9.314762266e-01  9.291196277e-01  9.267623992e-01
  9.244046244e-01  9.220463623e-01  9.196875666e-01  9.173282719e-01
  9.149684524e-01  9.126079775e-01  9.102468563e-01  9.078851795e-01
  9.055228772e-01  9.031597192e-01  9.007957988e-01  8.984311551e-01
  8.960654882e-01  8.936988800e-01  8.913313062e-01  8.889625214e-01
  8.865926493e-01  8.842213411e-01  8.818488257e-01  8.794747018e-01
  8.770990906e-01  8.747217399e-01  8.723426606e-01  8.699616402e-01
  8.675784881e-01  8.651932927e-01  8.628057357e-01  8.604156522e-01
  8.580230159e-01  8.556275852e-01  8.532291283e-01  8.508275540e-01
  8.484226688e-01  8.460142066e-01  8.436018935e-01  8.411856075e-01
  8.387650693e-01  8.363399609e-01  8.339099524e-01  8.314747787e-01
  8.290341812e-01  8.265877632e-01  8.241350619e-01  8.216757155e-01
  8.192093148e-01  8.167353974e-01  8.142534701e-01  8.117630400e-01
  8.092637671e-01  8.067553947e-01  8.042376372e-01  8.017105718e-01
  7.991742579e-01  7.966291124e-01  7.940770648e-01  7.915203723e-01
  7.889638066e-01  7.864163161e-01  7.838895609e-01  7.813982057e-01
  7.789505445e-01  7.765411444e-01  7.741516030e-01  7.717649346e-01
  7.693487368e-01  7.668366273e-01  7.641133538e-01  7.610732556e-01
  7.576902049e-01
@R HFAC2 101 []
  1.000000000e+00  9.952520990e-01  9.905233458e-01  9.858136716e-01
  9.811228390e-01  9.764511625e-01  9.717987840e-01  9.671654210e-01
  9.625510379e-01  9.579557615e-01  9.533793466e-01  9.488216059e-01
  9.442825185e-01  9.397618680e-01  9.352591731e-01  9.307745662e-01
  9.263070505e-01  9.218570526e-01  9.174238841e-01  9.130081774e-01
  9.086087165e-01  9.042253248e-01  8.998582158e-01  8.955066901e-01
  8.911702972e-01  8.868488911e-01  8.825422451e-01  8.782497718e-01
  8.739711178e-01  8.697060723e-01  8.654544565e-01  8.612161909e-01
  8.569913721e-01  8.527800527e-01  8.485820898e-01  8.443974865e-01
  8.402261451e-01  8.360677767e-01  8.319223436e-01  8.277899526e-01
  8.236704224e-01  8.195633011e-01  8.154687030e-01  8.113866402e-01
  8.073165444e-01  8.032585114e-01  7.992124487e-01  7.951778906e-01
  7.911550013e-01  7.871431409e-01  7.831426584e-01  7.791528314e-01
  7.751738212e-01  7.712051678e-01  7.672468482e-01  7.632984675e-01
  7.593596762e-01  7.554305850e-01  7.515106320e-01  7.475995149e-01
  7.436971537e-01  7.398031249e-01  7.359170237e-01  7.320386684e-01
  7.281677197e-01  7.243037204e-01  7.204462031e-01  7.165949497e-01
  7.127494851e-01  7.089092771e-01  7.050737829e-01  7.012425594e-01
  6.974151785e-01  6.935909929e-01  6.897692533e-01  6.859493824e-01
  6.821307209e-01  6.783125222e-01  6.744940068e-01  6.706743965e-01
  6.668531712e-01  6.630299576e-01  6.592043374e-01  6.553764935e-01
  6.515465846e-01  6.477153271e-01  6.438858821e-01  6.400618793e-01
  6.362509165e-01  6.324672944e-01  6.287296908e-01  6.250617002e-01
  6.214766231e-01  6.179657519e-01  6.144995263e-01  6.110506834e-01
  6.075674130e-01  6.039429880e-01  5.999918698e-01  5.955471458e-01
  5.905715153e-01
