@R INFLAG 1 []
1.000000e+00 
@R IP 1 []
1.000000e+01 
@R BCENTR 1 []
1.100000e+01 
@R RMAJOR 1 []
4.550000e+00 
@R AMINOR 1 []
1.200399e+00 
@R ELONGB 1 []
1.398149e+00 
@R TRIANB 1 []
-4.827071e-01 
@R AMAIN 1 []
2.500000e+00 
@R ZMAIN 1 []
1.000000e+00 
@R AIMP 1 []
8.300000e+01 
@R ZIMP 1 []
3.600000e+01 
@R RHO 101 []
0.000000e+00 1.000000e-02 2.000000e-02 3.000000e-02 4.000000e-02 
5.000000e-02 6.000000e-02 7.000000e-02 8.000000e-02 9.000000e-02 
1.000000e-01 1.100000e-01 1.200000e-01 1.300000e-01 1.400000e-01 
1.500000e-01 1.600000e-01 1.700000e-01 1.800000e-01 1.900000e-01 
2.000000e-01 2.100000e-01 2.200000e-01 2.300000e-01 2.400000e-01 
2.500000e-01 2.600000e-01 2.700000e-01 2.800000e-01 2.900000e-01 
3.000000e-01 3.100000e-01 3.200000e-01 3.300000e-01 3.400000e-01 
3.500000e-01 3.600000e-01 3.700000e-01 3.800000e-01 3.900000e-01 
4.000000e-01 4.100000e-01 4.200000e-01 4.300000e-01 4.400000e-01 
4.500000e-01 4.600000e-01 4.700000e-01 4.800000e-01 4.900000e-01 
5.000000e-01 5.100000e-01 5.200000e-01 5.300000e-01 5.400000e-01 
5.500000e-01 5.600000e-01 5.700000e-01 5.800000e-01 5.900000e-01 
6.000000e-01 6.100000e-01 6.200000e-01 6.300000e-01 6.400000e-01 
6.500000e-01 6.600000e-01 6.700000e-01 6.800000e-01 6.900000e-01 
7.000000e-01 7.100000e-01 7.200000e-01 7.300000e-01 7.400000e-01 
7.500000e-01 7.600000e-01 7.700000e-01 7.800000e-01 7.900000e-01 
8.000000e-01 8.100000e-01 8.200000e-01 8.300000e-01 8.400000e-01 
8.500000e-01 8.600000e-01 8.700000e-01 8.800000e-01 8.900000e-01 
9.000000e-01 9.100000e-01 9.200000e-01 9.300000e-01 9.400000e-01 
9.500000e-01 9.600000e-01 9.700000e-01 9.800000e-01 9.900000e-01 
1.000000e+00 
@R ENE 101 []
2.762369e+01 2.762369e+01 2.757763e+01 2.752834e+01 2.747589e+01 
2.742030e+01 2.736163e+01 2.729990e+01 2.723516e+01 2.716746e+01 
2.709682e+01 2.702330e+01 2.694693e+01 2.686775e+01 2.678581e+01 
2.670115e+01 2.661379e+01 2.652380e+01 2.643120e+01 2.633604e+01 
2.623835e+01 2.613818e+01 2.603558e+01 2.593057e+01 2.582320e+01 
2.571352e+01 2.560155e+01 2.548735e+01 2.537095e+01 2.525239e+01 
2.513171e+01 2.500897e+01 2.488418e+01 2.475740e+01 2.462867e+01 
2.449803e+01 2.436551e+01 2.423116e+01 2.409502e+01 2.395713e+01 
2.381752e+01 2.367625e+01 2.353335e+01 2.338887e+01 2.324283e+01 
2.309529e+01 2.294628e+01 2.279584e+01 2.264402e+01 2.249086e+01 
2.233639e+01 2.218066e+01 2.202371e+01 2.186557e+01 2.170629e+01 
2.154592e+01 2.138448e+01 2.122202e+01 2.105858e+01 2.089421e+01 
2.072893e+01 2.056280e+01 2.039586e+01 2.022813e+01 2.005968e+01 
1.989052e+01 1.972072e+01 1.955030e+01 1.937930e+01 1.920778e+01 
1.903576e+01 1.886329e+01 1.869041e+01 1.851717e+01 1.834359e+01 
1.816972e+01 1.799561e+01 1.782129e+01 1.764680e+01 1.747218e+01 
1.729748e+01 1.712273e+01 1.694796e+01 1.677321e+01 1.659850e+01 
1.642381e+01 1.624908e+01 1.607412e+01 1.589845e+01 1.572101e+01 
1.553945e+01 1.534864e+01 1.513766e+01 1.488366e+01 1.454144e+01 
1.403122e+01 1.324675e+01 1.213775e+01 1.085950e+01 9.742532e+00 
8.995157e+00 
@R TE 101 []
1.881385e+01 1.881385e+01 1.874421e+01 1.866890e+01 1.858805e+01 
1.850176e+01 1.841016e+01 1.831337e+01 1.821149e+01 1.810466e+01 
1.799298e+01 1.787657e+01 1.775556e+01 1.763005e+01 1.750018e+01 
1.736604e+01 1.722777e+01 1.708547e+01 1.693927e+01 1.678929e+01 
1.663563e+01 1.647843e+01 1.631779e+01 1.615384e+01 1.598668e+01 
1.581644e+01 1.564325e+01 1.546720e+01 1.528842e+01 1.510704e+01 
1.492316e+01 1.473690e+01 1.454838e+01 1.435772e+01 1.416504e+01 
1.397045e+01 1.377408e+01 1.357603e+01 1.337642e+01 1.317538e+01 
1.297302e+01 1.276946e+01 1.256482e+01 1.235921e+01 1.215274e+01 
1.194555e+01 1.173774e+01 1.152944e+01 1.132076e+01 1.111181e+01 
1.090272e+01 1.069360e+01 1.048458e+01 1.027576e+01 1.006727e+01 
9.859218e+00 9.651729e+00 9.444918e+00 9.238903e+00 9.033801e+00 
8.829729e+00 8.626805e+00 8.425146e+00 8.224871e+00 8.026095e+00 
7.828938e+00 7.633516e+00 7.439947e+00 7.248348e+00 7.058836e+00 
6.871531e+00 6.686547e+00 6.504005e+00 6.324019e+00 6.146710e+00 
5.972192e+00 5.800585e+00 5.632006e+00 5.466572e+00 5.304400e+00 
5.145608e+00 4.990314e+00 4.838634e+00 4.690684e+00 4.546581e+00 
4.406434e+00 4.270346e+00 4.138394e+00 4.010598e+00 3.886828e+00 
3.766589e+00 3.648474e+00 3.528819e+00 3.398489e+00 3.235649e+00 
2.992476e+00 2.585024e+00 1.940152e+00 1.150758e+00 4.883412e-01 
9.727423e-02 
@R TI 101 []
1.901400e+01 1.901400e+01 1.894346e+01 1.886718e+01 1.878527e+01 
1.869786e+01 1.860507e+01 1.850702e+01 1.840382e+01 1.829560e+01 
1.818246e+01 1.806454e+01 1.794195e+01 1.781481e+01 1.768324e+01 
1.754736e+01 1.740729e+01 1.726314e+01 1.711503e+01 1.696309e+01 
1.680744e+01 1.664818e+01 1.648545e+01 1.631936e+01 1.615002e+01 
1.597757e+01 1.580211e+01 1.562377e+01 1.544266e+01 1.525891e+01 
1.507263e+01 1.488394e+01 1.469297e+01 1.449982e+01 1.430463e+01 
1.410750e+01 1.390856e+01 1.370793e+01 1.350573e+01 1.330206e+01 
1.309706e+01 1.289085e+01 1.268353e+01 1.247524e+01 1.226609e+01 
1.205619e+01 1.184567e+01 1.163465e+01 1.142325e+01 1.121158e+01 
1.099976e+01 1.078792e+01 1.057617e+01 1.036463e+01 1.015341e+01 
9.942652e+00 9.732458e+00 9.522951e+00 9.314250e+00 9.106474e+00 
8.899743e+00 8.694174e+00 8.489887e+00 8.287001e+00 8.085636e+00 
7.885910e+00 7.687941e+00 7.491850e+00 7.297756e+00 7.105776e+00 
6.916031e+00 6.728639e+00 6.543719e+00 6.361391e+00 6.181773e+00 
6.004985e+00 5.831144e+00 5.660372e+00 5.492785e+00 5.328505e+00 
5.167648e+00 5.010335e+00 4.856683e+00 4.706812e+00 4.560837e+00 
4.418871e+00 4.281018e+00 4.147357e+00 4.017912e+00 3.892559e+00 
3.770813e+00 3.651287e+00 3.530362e+00 3.398985e+00 3.235468e+00 
2.992168e+00 2.585111e+00 1.940506e+00 1.150690e+00 4.880439e-01 
9.747924e-02 
@R OMEGA 101 []
4.992502e+03 4.992502e+03 4.978802e+03 4.961080e+03 4.940120e+03 
4.916382e+03 4.890179e+03 4.861743e+03 4.831258e+03 4.798873e+03 
4.764714e+03 4.728889e+03 4.691494e+03 4.652611e+03 4.612317e+03 
4.570680e+03 4.527764e+03 4.483626e+03 4.438322e+03 4.391901e+03 
4.344411e+03 4.295898e+03 4.246404e+03 4.195970e+03 4.144635e+03 
4.092438e+03 4.039413e+03 3.985597e+03 3.931022e+03 3.875722e+03 
3.819729e+03 3.763074e+03 3.705787e+03 3.647899e+03 3.589439e+03 
3.530435e+03 3.470916e+03 3.410910e+03 3.350445e+03 3.289547e+03 
3.228244e+03 3.166564e+03 3.104531e+03 3.042174e+03 2.979518e+03 
2.916589e+03 2.853414e+03 2.790019e+03 2.726431e+03 2.662674e+03 
2.598777e+03 2.534765e+03 2.470664e+03 2.406501e+03 2.342304e+03 
2.278099e+03 2.213913e+03 2.149775e+03 2.085711e+03 2.021750e+03 
1.957922e+03 1.894253e+03 1.830775e+03 1.767518e+03 1.704511e+03 
1.641786e+03 1.579374e+03 1.517309e+03 1.455623e+03 1.394351e+03 
1.333528e+03 1.273190e+03 1.213373e+03 1.154118e+03 1.095462e+03 
1.037449e+03 9.801196e+02 9.235197e+02 8.676957e+02 8.126966e+02 
7.585737e+02 7.053813e+02 6.531766e+02 6.020207e+02 5.519785e+02 
5.031198e+02 4.555197e+02 4.092600e+02 3.644299e+02 3.211277e+02 
2.794630e+02 2.395592e+02 2.015571e+02 1.656204e+02 1.319431e+02 
1.007622e+02 7.237776e+01 4.719105e+01 2.578550e+01 9.151105e+00 
-3.154810e-12 
@R ZEFF 101 []
2.433430e+00 2.433430e+00 2.432589e+00 2.431678e+00 2.430699e+00 
2.429652e+00 2.428537e+00 2.427354e+00 2.426104e+00 2.424788e+00 
2.423405e+00 2.421957e+00 2.420443e+00 2.418865e+00 2.417222e+00 
2.415514e+00 2.413744e+00 2.411910e+00 2.410014e+00 2.408055e+00 
2.406036e+00 2.403956e+00 2.401816e+00 2.399617e+00 2.397360e+00 
2.395047e+00 2.392677e+00 2.390252e+00 2.387775e+00 2.385245e+00 
2.382665e+00 2.380037e+00 2.377362e+00 2.374642e+00 2.371880e+00 
2.369078e+00 2.366238e+00 2.363364e+00 2.360459e+00 2.357525e+00 
2.354566e+00 2.351585e+00 2.348587e+00 2.345575e+00 2.342554e+00 
2.339529e+00 2.336503e+00 2.333481e+00 2.330470e+00 2.327473e+00 
2.324496e+00 2.321544e+00 2.318623e+00 2.315739e+00 2.312896e+00 
2.310101e+00 2.307358e+00 2.304674e+00 2.302052e+00 2.299498e+00 
2.297017e+00 2.294613e+00 2.292289e+00 2.290050e+00 2.287899e+00 
2.285837e+00 2.283868e+00 2.281993e+00 2.280213e+00 2.278529e+00 
2.276940e+00 2.275447e+00 2.274048e+00 2.272742e+00 2.271526e+00 
2.270399e+00 2.269357e+00 2.268398e+00 2.267518e+00 2.266713e+00 
2.265980e+00 2.265314e+00 2.264711e+00 2.264168e+00 2.263680e+00 
2.263243e+00 2.262852e+00 2.262505e+00 2.262197e+00 2.261924e+00 
2.261681e+00 2.261463e+00 2.261263e+00 2.261066e+00 2.260852e+00 
2.260594e+00 2.260298e+00 2.260072e+00 2.260004e+00 2.260000e+00 
2.260000e+00 
@R CURPAR 101 []
3.054070e+00 3.054070e+00 3.053505e+00 3.052076e+00 3.050053e+00 
3.047442e+00 3.044249e+00 3.040475e+00 3.036122e+00 3.031187e+00 
3.025673e+00 3.019577e+00 3.012902e+00 3.005645e+00 2.997809e+00 
2.989391e+00 2.980393e+00 2.970815e+00 2.960656e+00 2.949917e+00 
2.938597e+00 2.926697e+00 2.914216e+00 2.901155e+00 2.887513e+00 
2.873291e+00 2.858488e+00 2.843105e+00 2.827141e+00 2.810596e+00 
2.793472e+00 2.775766e+00 2.757480e+00 2.738614e+00 2.719167e+00 
2.699140e+00 2.678532e+00 2.657344e+00 2.635575e+00 2.613225e+00 
2.590296e+00 2.566785e+00 2.542694e+00 2.518023e+00 2.492771e+00 
2.466939e+00 2.440526e+00 2.413532e+00 2.385958e+00 2.357804e+00 
2.329069e+00 2.299754e+00 2.269858e+00 2.239382e+00 2.208325e+00 
2.176687e+00 2.144469e+00 2.111671e+00 2.078292e+00 2.044333e+00 
2.009793e+00 1.974672e+00 1.938971e+00 1.902690e+00 1.865828e+00 
1.828385e+00 1.790363e+00 1.751759e+00 1.712575e+00 1.672811e+00 
1.632466e+00 1.591540e+00 1.550034e+00 1.507948e+00 1.465281e+00 
1.422033e+00 1.378205e+00 1.333797e+00 1.288808e+00 1.243239e+00 
1.197089e+00 1.150358e+00 1.103047e+00 1.055156e+00 1.006684e+00 
9.576312e-01 9.079982e-01 8.577847e-01 8.069907e-01 7.556162e-01 
7.036611e-01 6.511256e-01 5.980096e-01 5.443131e-01 4.900361e-01 
4.351786e-01 3.797405e-01 3.241755e-01 2.716582e-01 2.312588e-01 
2.156759e-01 
@R CURBEAM 101 []
0.000000e+00 0.000000e+00 0.000000e+00 0.000000e+00 0.000000e+00 
0.000000e+00 0.000000e+00 0.000000e+00 0.000000e+00 0.000000e+00 
0.000000e+00 0.000000e+00 0.000000e+00 0.000000e+00 0.000000e+00 
0.000000e+00 0.000000e+00 0.000000e+00 0.000000e+00 0.000000e+00 
0.000000e+00 0.000000e+00 0.000000e+00 0.000000e+00 0.000000e+00 
0.000000e+00 0.000000e+00 0.000000e+00 0.000000e+00 0.000000e+00 
0.000000e+00 0.000000e+00 0.000000e+00 0.000000e+00 0.000000e+00 
0.000000e+00 0.000000e+00 0.000000e+00 0.000000e+00 0.000000e+00 
0.000000e+00 0.000000e+00 0.000000e+00 0.000000e+00 0.000000e+00 
0.000000e+00 0.000000e+00 0.000000e+00 0.000000e+00 0.000000e+00 
0.000000e+00 0.000000e+00 0.000000e+00 0.000000e+00 0.000000e+00 
0.000000e+00 0.000000e+00 0.000000e+00 0.000000e+00 0.000000e+00 
0.000000e+00 0.000000e+00 0.000000e+00 0.000000e+00 0.000000e+00 
0.000000e+00 0.000000e+00 0.000000e+00 0.000000e+00 0.000000e+00 
0.000000e+00 0.000000e+00 0.000000e+00 0.000000e+00 0.000000e+00 
0.000000e+00 0.000000e+00 0.000000e+00 0.000000e+00 0.000000e+00 
0.000000e+00 0.000000e+00 0.000000e+00 0.000000e+00 0.000000e+00 
0.000000e+00 0.000000e+00 0.000000e+00 0.000000e+00 0.000000e+00 
0.000000e+00 0.000000e+00 0.000000e+00 0.000000e+00 0.000000e+00 
0.000000e+00 0.000000e+00 0.000000e+00 0.000000e+00 0.000000e+00 
0.000000e+00 
@R CURRF 101 []
0.000000e+00 0.000000e+00 0.000000e+00 0.000000e+00 0.000000e+00 
0.000000e+00 0.000000e+00 0.000000e+00 0.000000e+00 0.000000e+00 
0.000000e+00 0.000000e+00 0.000000e+00 0.000000e+00 0.000000e+00 
0.000000e+00 0.000000e+00 0.000000e+00 0.000000e+00 0.000000e+00 
0.000000e+00 0.000000e+00 0.000000e+00 0.000000e+00 0.000000e+00 
0.000000e+00 0.000000e+00 0.000000e+00 0.000000e+00 0.000000e+00 
0.000000e+00 0.000000e+00 0.000000e+00 0.000000e+00 0.000000e+00 
0.000000e+00 0.000000e+00 0.000000e+00 0.000000e+00 0.000000e+00 
0.000000e+00 0.000000e+00 0.000000e+00 0.000000e+00 0.000000e+00 
0.000000e+00 0.000000e+00 0.000000e+00 0.000000e+00 0.000000e+00 
0.000000e+00 0.000000e+00 0.000000e+00 0.000000e+00 0.000000e+00 
0.000000e+00 0.000000e+00 0.000000e+00 0.000000e+00 0.000000e+00 
0.000000e+00 0.000000e+00 0.000000e+00 0.000000e+00 0.000000e+00 
0.000000e+00 0.000000e+00 0.000000e+00 0.000000e+00 0.000000e+00 
0.000000e+00 0.000000e+00 0.000000e+00 0.000000e+00 0.000000e+00 
0.000000e+00 0.000000e+00 0.000000e+00 0.000000e+00 0.000000e+00 
0.000000e+00 0.000000e+00 0.000000e+00 0.000000e+00 0.000000e+00 
0.000000e+00 0.000000e+00 0.000000e+00 0.000000e+00 0.000000e+00 
0.000000e+00 0.000000e+00 0.000000e+00 0.000000e+00 0.000000e+00 
0.000000e+00 0.000000e+00 0.000000e+00 0.000000e+00 0.000000e+00 
0.000000e+00 
@R Q 101 []
1.167752e+00 1.167829e+00 1.168059e+00 1.168444e+00 1.168983e+00 
1.169677e+00 1.170528e+00 1.171535e+00 1.172700e+00 1.174022e+00 
1.175503e+00 1.177140e+00 1.178936e+00 1.180889e+00 1.183002e+00 
1.185274e+00 1.187707e+00 1.190301e+00 1.193060e+00 1.195980e+00 
1.199065e+00 1.202317e+00 1.205737e+00 1.209324e+00 1.213082e+00 
1.217014e+00 1.221121e+00 1.225405e+00 1.229868e+00 1.234512e+00 
1.239342e+00 1.244360e+00 1.249569e+00 1.254973e+00 1.260578e+00 
1.266387e+00 1.272402e+00 1.278631e+00 1.285077e+00 1.291746e+00 
1.298642e+00 1.305772e+00 1.313142e+00 1.320758e+00 1.328626e+00 
1.336754e+00 1.345148e+00 1.353816e+00 1.362767e+00 1.372008e+00 
1.381549e+00 1.391400e+00 1.401569e+00 1.412067e+00 1.422906e+00 
1.434098e+00 1.445652e+00 1.457584e+00 1.469906e+00 1.482634e+00 
1.495782e+00 1.509365e+00 1.523403e+00 1.537912e+00 1.552911e+00 
1.568422e+00 1.584467e+00 1.601067e+00 1.618249e+00 1.636038e+00 
1.654464e+00 1.673557e+00 1.693348e+00 1.713874e+00 1.735172e+00 
1.757285e+00 1.780257e+00 1.804134e+00 1.828971e+00 1.854826e+00 
1.881762e+00 1.909851e+00 1.939171e+00 1.969808e+00 2.001858e+00 
2.035430e+00 2.070639e+00 2.107623e+00 2.146544e+00 2.187592e+00 
2.231041e+00 2.277207e+00 2.326411e+00 2.378987e+00 2.435138e+00 
2.494505e+00 2.556935e+00 2.622841e+00 2.694946e+00 2.777307e+00 
2.877949e+00 
@R QBEAME 101 []
0.000000e+00 0.000000e+00 0.000000e+00 0.000000e+00 0.000000e+00 
0.000000e+00 0.000000e+00 0.000000e+00 0.000000e+00 0.000000e+00 
0.000000e+00 0.000000e+00 0.000000e+00 0.000000e+00 0.000000e+00 
0.000000e+00 0.000000e+00 0.000000e+00 0.000000e+00 0.000000e+00 
0.000000e+00 0.000000e+00 0.000000e+00 0.000000e+00 0.000000e+00 
0.000000e+00 0.000000e+00 0.000000e+00 0.000000e+00 0.000000e+00 
0.000000e+00 0.000000e+00 0.000000e+00 0.000000e+00 0.000000e+00 
0.000000e+00 0.000000e+00 0.000000e+00 0.000000e+00 0.000000e+00 
0.000000e+00 0.000000e+00 0.000000e+00 0.000000e+00 0.000000e+00 
0.000000e+00 0.000000e+00 0.000000e+00 0.000000e+00 0.000000e+00 
0.000000e+00 0.000000e+00 0.000000e+00 0.000000e+00 0.000000e+00 
0.000000e+00 0.000000e+00 0.000000e+00 0.000000e+00 0.000000e+00 
0.000000e+00 0.000000e+00 0.000000e+00 0.000000e+00 0.000000e+00 
0.000000e+00 0.000000e+00 0.000000e+00 0.000000e+00 0.000000e+00 
0.000000e+00 0.000000e+00 0.000000e+00 0.000000e+00 0.000000e+00 
0.000000e+00 0.000000e+00 0.000000e+00 0.000000e+00 0.000000e+00 
0.000000e+00 0.000000e+00 0.000000e+00 0.000000e+00 0.000000e+00 
0.000000e+00 0.000000e+00 0.000000e+00 0.000000e+00 0.000000e+00 
0.000000e+00 0.000000e+00 0.000000e+00 0.000000e+00 0.000000e+00 
0.000000e+00 0.000000e+00 0.000000e+00 0.000000e+00 0.000000e+00 
0.000000e+00 
@R QBEAMI 101 []
0.000000e+00 0.000000e+00 0.000000e+00 0.000000e+00 0.000000e+00 
0.000000e+00 0.000000e+00 0.000000e+00 0.000000e+00 0.000000e+00 
0.000000e+00 0.000000e+00 0.000000e+00 0.000000e+00 0.000000e+00 
0.000000e+00 0.000000e+00 0.000000e+00 0.000000e+00 0.000000e+00 
0.000000e+00 0.000000e+00 0.000000e+00 0.000000e+00 0.000000e+00 
0.000000e+00 0.000000e+00 0.000000e+00 0.000000e+00 0.000000e+00 
0.000000e+00 0.000000e+00 0.000000e+00 0.000000e+00 0.000000e+00 
0.000000e+00 0.000000e+00 0.000000e+00 0.000000e+00 0.000000e+00 
0.000000e+00 0.000000e+00 0.000000e+00 0.000000e+00 0.000000e+00 
0.000000e+00 0.000000e+00 0.000000e+00 0.000000e+00 0.000000e+00 
0.000000e+00 0.000000e+00 0.000000e+00 0.000000e+00 0.000000e+00 
0.000000e+00 0.000000e+00 0.000000e+00 0.000000e+00 0.000000e+00 
0.000000e+00 0.000000e+00 0.000000e+00 0.000000e+00 0.000000e+00 
0.000000e+00 0.000000e+00 0.000000e+00 0.000000e+00 0.000000e+00 
0.000000e+00 0.000000e+00 0.000000e+00 0.000000e+00 0.000000e+00 
0.000000e+00 0.000000e+00 0.000000e+00 0.000000e+00 0.000000e+00 
0.000000e+00 0.000000e+00 0.000000e+00 0.000000e+00 0.000000e+00 
0.000000e+00 0.000000e+00 0.000000e+00 0.000000e+00 0.000000e+00 
0.000000e+00 0.000000e+00 0.000000e+00 0.000000e+00 0.000000e+00 
0.000000e+00 0.000000e+00 0.000000e+00 0.000000e+00 0.000000e+00 
0.000000e+00 
@R QRFE 101 []
-1.849032e-02 -1.532473e-02 -1.063752e-02 -4.122542e-03 4.165166e-02 
1.484702e-01 2.325770e-01 3.019054e-01 5.449037e-01 8.472910e-01 
9.079393e-01 7.915359e-01 6.782293e-01 6.078220e-01 5.389742e-01 
4.410456e-01 3.604185e-01 3.113929e-01 2.694204e-01 2.272124e-01 
1.877695e-01 1.582099e-01 1.357699e-01 1.117974e-01 8.908261e-02 
7.398691e-02 6.524026e-02 5.502360e-02 4.056362e-02 2.875687e-02 
2.281072e-02 1.802345e-02 1.184244e-02 7.157111e-03 5.320720e-03 
3.350069e-03 -2.507467e-04 -3.206901e-03 -4.071966e-03 -4.421894e-03 
-5.544115e-03 -6.374443e-03 -6.416016e-03 -7.006415e-03 -8.348371e-03 
-9.049151e-03 -8.597358e-03 -7.926883e-03 -7.806057e-03 -7.815260e-03 
-7.444057e-03 -6.930555e-03 -6.565792e-03 -6.084739e-03 -4.940023e-03 
-3.520891e-03 -2.602713e-03 -2.017391e-03 -1.407583e-03 -4.279988e-04 
1.008544e-03 2.489029e-03 3.860423e-03 5.230236e-03 6.709245e-03 
8.323398e-03 9.945350e-03 1.140063e-02 1.272408e-02 1.407453e-02 
1.546923e-02 1.681684e-02 1.802511e-02 1.907635e-02 2.007549e-02 
2.104000e-02 2.173716e-02 2.208724e-02 2.227493e-02 1.998162e-02 
1.298219e-02 5.411770e-03 1.581161e-03 4.953161e-04 2.773740e-04 
2.743315e-04 2.673037e-04 2.066113e-04 1.481591e-04 1.282257e-04 
1.331425e-04 1.305669e-04 1.206665e-04 1.152089e-04 1.071823e-04 
9.107112e-05 7.380960e-05 6.714450e-05 8.181770e-05 1.206001e-04 
1.454621e-04 
@R QRFI 101 []
3.337436e-02 3.340803e-02 3.571431e-02 4.766519e-02 1.165752e-01 
2.655512e-01 3.812569e-01 5.597533e-01 1.202510e+00 2.139865e+00 
2.790776e+00 3.152678e+00 3.441567e+00 3.637417e+00 3.563405e+00 
3.248231e+00 3.050371e+00 2.947502e+00 2.678574e+00 2.293970e+00 
1.935650e+00 1.637554e+00 1.340314e+00 1.022035e+00 7.530741e-01 
5.678842e-01 4.409260e-01 3.388518e-01 2.486356e-01 1.791939e-01 
1.332214e-01 1.080564e-01 1.009376e-01 1.033607e-01 1.072549e-01 
1.075892e-01 1.021366e-01 9.446117e-02 9.123857e-02 9.483075e-02 
1.011694e-01 1.050818e-01 1.030243e-01 9.149052e-02 7.428664e-02 
6.325020e-02 6.275368e-02 6.616120e-02 6.493028e-02 5.803619e-02 
5.020296e-02 4.472120e-02 4.133870e-02 3.919052e-02 4.013794e-02 
4.301917e-02 4.286795e-02 3.758194e-02 3.098148e-02 2.902149e-02 
3.052110e-02 3.064744e-02 2.698754e-02 2.043996e-02 1.537979e-02 
1.307196e-02 1.088204e-02 6.302757e-03 6.105361e-04 -2.949917e-03 
-4.553214e-03 -6.479548e-03 -9.725203e-03 -1.270554e-02 -1.380050e-02 
-1.339673e-02 -1.363057e-02 -1.552043e-02 -1.685351e-02 -1.388233e-02 
-6.020788e-03 7.630857e-04 2.951143e-03 3.226333e-03 3.598366e-03 
4.035347e-03 3.793109e-03 2.880550e-03 2.183020e-03 2.084581e-03 
2.239574e-03 2.203925e-03 2.072000e-03 2.051642e-03 1.969889e-03 
1.699699e-03 1.365604e-03 1.171867e-03 1.298779e-03 1.797369e-03 
2.131344e-03 
@R QRAD 101 []
-4.075414e-01 -4.075414e-01 -4.052906e-01 -4.028804e-01 -4.003152e-01 
-3.975993e-01 -3.947369e-01 -3.917326e-01 -3.885909e-01 -3.853162e-01 
-3.819133e-01 -3.783867e-01 -3.747410e-01 -3.709810e-01 -3.671114e-01 
-3.631369e-01 -3.590623e-01 -3.548923e-01 -3.506317e-01 -3.462852e-01 
-3.418577e-01 -3.373539e-01 -3.327786e-01 -3.281364e-01 -3.234322e-01 
-3.186705e-01 -3.138561e-01 -3.089935e-01 -3.040875e-01 -2.991425e-01 
-2.941630e-01 -2.891536e-01 -2.841187e-01 -2.790626e-01 -2.739896e-01 
-2.689040e-01 -2.638100e-01 -2.587116e-01 -2.536129e-01 -2.485180e-01 
-2.434306e-01 -2.383546e-01 -2.332936e-01 -2.282514e-01 -2.232315e-01 
-2.182372e-01 -2.132719e-01 -2.083389e-01 -2.034412e-01 -1.985819e-01 
-1.937639e-01 -1.889898e-01 -1.842625e-01 -1.795845e-01 -1.749580e-01 
-1.703855e-01 -1.658691e-01 -1.614108e-01 -1.570125e-01 -1.526760e-01 
-1.484029e-01 -1.441948e-01 -1.400530e-01 -1.359789e-01 -1.319737e-01 
-1.280382e-01 -1.241736e-01 -1.203806e-01 -1.166599e-01 -1.130123e-01 
-1.094383e-01 -1.059383e-01 -1.025129e-01 -9.916220e-02 -9.588665e-02 
-9.268642e-02 -8.956169e-02 -8.651260e-02 -8.353924e-02 -8.064165e-02 
-7.781986e-02 -7.507383e-02 -7.240351e-02 -6.980873e-02 -6.728924e-02 
-6.484451e-02 -6.247352e-02 -6.017421e-02 -5.794221e-02 -5.576825e-02 
-5.363238e-02 -5.149152e-02 -4.925312e-02 -4.672255e-02 -4.351293e-02 
-3.895647e-02 -3.226765e-02 -2.346751e-02 -1.446675e-02 -7.585152e-03 
-2.885861e-03 
@R QIONE 101 []
0.000000e+00 0.000000e+00 0.000000e+00 0.000000e+00 0.000000e+00 
0.000000e+00 0.000000e+00 0.000000e+00 0.000000e+00 0.000000e+00 
0.000000e+00 0.000000e+00 0.000000e+00 0.000000e+00 0.000000e+00 
0.000000e+00 0.000000e+00 0.000000e+00 0.000000e+00 0.000000e+00 
0.000000e+00 0.000000e+00 0.000000e+00 0.000000e+00 0.000000e+00 
0.000000e+00 0.000000e+00 0.000000e+00 0.000000e+00 0.000000e+00 
0.000000e+00 0.000000e+00 0.000000e+00 0.000000e+00 0.000000e+00 
0.000000e+00 0.000000e+00 0.000000e+00 0.000000e+00 0.000000e+00 
0.000000e+00 0.000000e+00 0.000000e+00 0.000000e+00 0.000000e+00 
0.000000e+00 0.000000e+00 0.000000e+00 0.000000e+00 0.000000e+00 
0.000000e+00 0.000000e+00 0.000000e+00 0.000000e+00 0.000000e+00 
0.000000e+00 0.000000e+00 0.000000e+00 0.000000e+00 0.000000e+00 
0.000000e+00 0.000000e+00 0.000000e+00 0.000000e+00 0.000000e+00 
0.000000e+00 0.000000e+00 0.000000e+00 0.000000e+00 0.000000e+00 
0.000000e+00 0.000000e+00 0.000000e+00 0.000000e+00 0.000000e+00 
0.000000e+00 0.000000e+00 0.000000e+00 0.000000e+00 0.000000e+00 
0.000000e+00 0.000000e+00 0.000000e+00 0.000000e+00 0.000000e+00 
0.000000e+00 0.000000e+00 0.000000e+00 0.000000e+00 0.000000e+00 
0.000000e+00 0.000000e+00 0.000000e+00 0.000000e+00 0.000000e+00 
0.000000e+00 0.000000e+00 0.000000e+00 0.000000e+00 0.000000e+00 
0.000000e+00 
@R QIONI 101 []
0.000000e+00 0.000000e+00 0.000000e+00 0.000000e+00 0.000000e+00 
0.000000e+00 0.000000e+00 0.000000e+00 0.000000e+00 0.000000e+00 
0.000000e+00 0.000000e+00 0.000000e+00 0.000000e+00 0.000000e+00 
0.000000e+00 0.000000e+00 0.000000e+00 0.000000e+00 0.000000e+00 
0.000000e+00 0.000000e+00 0.000000e+00 0.000000e+00 0.000000e+00 
0.000000e+00 0.000000e+00 0.000000e+00 0.000000e+00 0.000000e+00 
0.000000e+00 0.000000e+00 0.000000e+00 0.000000e+00 0.000000e+00 
0.000000e+00 0.000000e+00 0.000000e+00 0.000000e+00 0.000000e+00 
0.000000e+00 0.000000e+00 0.000000e+00 0.000000e+00 0.000000e+00 
0.000000e+00 0.000000e+00 0.000000e+00 0.000000e+00 0.000000e+00 
0.000000e+00 0.000000e+00 0.000000e+00 0.000000e+00 0.000000e+00 
0.000000e+00 0.000000e+00 0.000000e+00 0.000000e+00 0.000000e+00 
0.000000e+00 0.000000e+00 0.000000e+00 0.000000e+00 0.000000e+00 
0.000000e+00 0.000000e+00 0.000000e+00 0.000000e+00 0.000000e+00 
0.000000e+00 0.000000e+00 0.000000e+00 0.000000e+00 0.000000e+00 
0.000000e+00 0.000000e+00 0.000000e+00 0.000000e+00 0.000000e+00 
0.000000e+00 0.000000e+00 0.000000e+00 0.000000e+00 0.000000e+00 
0.000000e+00 0.000000e+00 0.000000e+00 0.000000e+00 0.000000e+00 
0.000000e+00 0.000000e+00 0.000000e+00 0.000000e+00 0.000000e+00 
0.000000e+00 0.000000e+00 0.000000e+00 0.000000e+00 0.000000e+00 
0.000000e+00 
@R QCX 101 []
0.000000e+00 0.000000e+00 0.000000e+00 0.000000e+00 0.000000e+00 
0.000000e+00 0.000000e+00 0.000000e+00 0.000000e+00 0.000000e+00 
0.000000e+00 0.000000e+00 0.000000e+00 0.000000e+00 0.000000e+00 
0.000000e+00 0.000000e+00 0.000000e+00 0.000000e+00 0.000000e+00 
0.000000e+00 0.000000e+00 0.000000e+00 0.000000e+00 0.000000e+00 
0.000000e+00 0.000000e+00 0.000000e+00 0.000000e+00 0.000000e+00 
0.000000e+00 0.000000e+00 0.000000e+00 0.000000e+00 0.000000e+00 
0.000000e+00 0.000000e+00 0.000000e+00 0.000000e+00 0.000000e+00 
0.000000e+00 0.000000e+00 0.000000e+00 0.000000e+00 0.000000e+00 
0.000000e+00 0.000000e+00 0.000000e+00 0.000000e+00 0.000000e+00 
0.000000e+00 0.000000e+00 0.000000e+00 0.000000e+00 0.000000e+00 
0.000000e+00 0.000000e+00 0.000000e+00 0.000000e+00 0.000000e+00 
0.000000e+00 0.000000e+00 0.000000e+00 0.000000e+00 0.000000e+00 
0.000000e+00 0.000000e+00 0.000000e+00 0.000000e+00 0.000000e+00 
0.000000e+00 0.000000e+00 0.000000e+00 0.000000e+00 0.000000e+00 
0.000000e+00 0.000000e+00 0.000000e+00 0.000000e+00 0.000000e+00 
0.000000e+00 0.000000e+00 0.000000e+00 0.000000e+00 0.000000e+00 
0.000000e+00 0.000000e+00 0.000000e+00 0.000000e+00 0.000000e+00 
0.000000e+00 0.000000e+00 0.000000e+00 0.000000e+00 0.000000e+00 
0.000000e+00 0.000000e+00 0.000000e+00 0.000000e+00 0.000000e+00 
0.000000e+00 
@R QTFUSE 101 []
1.850831e+00 1.850831e+00 1.840630e+00 1.829640e+00 1.817867e+00 
1.805320e+00 1.792005e+00 1.777929e+00 1.763101e+00 1.747526e+00 
1.731212e+00 1.714167e+00 1.696397e+00 1.677912e+00 1.658717e+00 
1.638823e+00 1.618237e+00 1.596969e+00 1.575028e+00 1.552426e+00 
1.529172e+00 1.505280e+00 1.480761e+00 1.455629e+00 1.429899e+00 
1.403587e+00 1.376709e+00 1.349283e+00 1.321329e+00 1.292868e+00 
1.263921e+00 1.234513e+00 1.204670e+00 1.174418e+00 1.143786e+00 
1.112805e+00 1.081508e+00 1.049929e+00 1.018105e+00 9.860742e-01 
9.538773e-01 9.215565e-01 8.891562e-01 8.567227e-01 8.243038e-01 
7.919492e-01 7.597102e-01 7.276393e-01 6.957902e-01 6.642176e-01 
6.329769e-01 6.021238e-01 5.717142e-01 5.418036e-01 5.124468e-01 
4.836976e-01 4.556082e-01 4.282287e-01 4.016070e-01 3.757880e-01 
3.508133e-01 3.267206e-01 3.035436e-01 2.813113e-01 2.600480e-01 
2.397729e-01 2.204996e-01 2.022366e-01 1.849865e-01 1.687467e-01 
1.535090e-01 1.392602e-01 1.259817e-01 1.136507e-01 1.022397e-01 
9.171769e-02 8.205003e-02 7.319933e-02 6.512582e-02 5.778794e-02 
5.114284e-02 4.514691e-02 3.975626e-02 3.492719e-02 3.061654e-02 
2.678205e-02 2.338253e-02 2.037790e-02 1.772882e-02 1.539563e-02 
1.333588e-02 1.149886e-02 9.814508e-03 8.173656e-03 6.407510e-03 
4.334194e-03 2.073591e-03 4.657274e-04 2.319825e-05 5.473058e-08 
1.846038e-15 
@R QTFUSI 101 []
8.145779e-01 8.145779e-01 8.075796e-01 8.000583e-01 7.920283e-01 
7.835043e-01 7.745011e-01 7.650339e-01 7.551181e-01 7.447692e-01 
7.340033e-01 7.228364e-01 7.112850e-01 6.993658e-01 6.870957e-01 
6.744919e-01 6.615718e-01 6.483534e-01 6.348545e-01 6.210935e-01 
6.070891e-01 5.928599e-01 5.784253e-01 5.638045e-01 5.490174e-01 
5.340839e-01 5.190241e-01 5.038587e-01 4.886082e-01 4.732938e-01 
4.579366e-01 4.425579e-01 4.271794e-01 4.118228e-01 3.965099e-01 
3.812628e-01 3.661033e-01 3.510535e-01 3.361355e-01 3.213710e-01 
3.067819e-01 2.923896e-01 2.782153e-01 2.642800e-01 2.506040e-01 
2.372072e-01 2.241088e-01 2.113272e-01 1.988800e-01 1.867839e-01 
1.750544e-01 1.637059e-01 1.527516e-01 1.422029e-01 1.320701e-01 
1.223617e-01 1.130845e-01 1.042436e-01 9.584217e-02 8.788152e-02 
8.036107e-02 7.327828e-02 6.662874e-02 6.040614e-02 5.460237e-02 
4.920761e-02 4.421041e-02 3.959782e-02 3.535556e-02 3.146818e-02 
2.791922e-02 2.469141e-02 2.176687e-02 1.912729e-02 1.675414e-02 
1.462884e-02 1.273296e-02 1.104837e-02 9.557395e-03 8.242959e-03 
7.088678e-03 6.078968e-03 5.199112e-03 4.435316e-03 3.774734e-03 
3.205486e-03 2.716633e-03 2.298142e-03 1.940787e-03 1.635982e-03 
1.375452e-03 1.150609e-03 9.513843e-04 7.643911e-04 5.717736e-04 
3.589944e-04 1.494829e-04 2.562602e-05 7.844132e-07 8.395817e-10 
6.551949e-18 
@R ENBEAM 101 []
0.000000e+00 0.000000e+00 0.000000e+00 0.000000e+00 0.000000e+00 
0.000000e+00 0.000000e+00 0.000000e+00 0.000000e+00 0.000000e+00 
0.000000e+00 0.000000e+00 0.000000e+00 0.000000e+00 0.000000e+00 
0.000000e+00 0.000000e+00 0.000000e+00 0.000000e+00 0.000000e+00 
0.000000e+00 0.000000e+00 0.000000e+00 0.000000e+00 0.000000e+00 
0.000000e+00 0.000000e+00 0.000000e+00 0.000000e+00 0.000000e+00 
0.000000e+00 0.000000e+00 0.000000e+00 0.000000e+00 0.000000e+00 
0.000000e+00 0.000000e+00 0.000000e+00 0.000000e+00 0.000000e+00 
0.000000e+00 0.000000e+00 0.000000e+00 0.000000e+00 0.000000e+00 
0.000000e+00 0.000000e+00 0.000000e+00 0.000000e+00 0.000000e+00 
0.000000e+00 0.000000e+00 0.000000e+00 0.000000e+00 0.000000e+00 
0.000000e+00 0.000000e+00 0.000000e+00 0.000000e+00 0.000000e+00 
0.000000e+00 0.000000e+00 0.000000e+00 0.000000e+00 0.000000e+00 
0.000000e+00 0.000000e+00 0.000000e+00 0.000000e+00 0.000000e+00 
0.000000e+00 0.000000e+00 0.000000e+00 0.000000e+00 0.000000e+00 
0.000000e+00 0.000000e+00 0.000000e+00 0.000000e+00 0.000000e+00 
0.000000e+00 0.000000e+00 0.000000e+00 0.000000e+00 0.000000e+00 
0.000000e+00 0.000000e+00 0.000000e+00 0.000000e+00 0.000000e+00 
0.000000e+00 0.000000e+00 0.000000e+00 0.000000e+00 0.000000e+00 
0.000000e+00 0.000000e+00 0.000000e+00 0.000000e+00 0.000000e+00 
0.000000e+00 
@R WBEAM 101 []
0.000000e+00 0.000000e+00 0.000000e+00 0.000000e+00 0.000000e+00 
0.000000e+00 0.000000e+00 0.000000e+00 0.000000e+00 0.000000e+00 
0.000000e+00 0.000000e+00 0.000000e+00 0.000000e+00 0.000000e+00 
0.000000e+00 0.000000e+00 0.000000e+00 0.000000e+00 0.000000e+00 
0.000000e+00 0.000000e+00 0.000000e+00 0.000000e+00 0.000000e+00 
0.000000e+00 0.000000e+00 0.000000e+00 0.000000e+00 0.000000e+00 
0.000000e+00 0.000000e+00 0.000000e+00 0.000000e+00 0.000000e+00 
0.000000e+00 0.000000e+00 0.000000e+00 0.000000e+00 0.000000e+00 
0.000000e+00 0.000000e+00 0.000000e+00 0.000000e+00 0.000000e+00 
0.000000e+00 0.000000e+00 0.000000e+00 0.000000e+00 0.000000e+00 
0.000000e+00 0.000000e+00 0.000000e+00 0.000000e+00 0.000000e+00 
0.000000e+00 0.000000e+00 0.000000e+00 0.000000e+00 0.000000e+00 
0.000000e+00 0.000000e+00 0.000000e+00 0.000000e+00 0.000000e+00 
0.000000e+00 0.000000e+00 0.000000e+00 0.000000e+00 0.000000e+00 
0.000000e+00 0.000000e+00 0.000000e+00 0.000000e+00 0.000000e+00 
0.000000e+00 0.000000e+00 0.000000e+00 0.000000e+00 0.000000e+00 
0.000000e+00 0.000000e+00 0.000000e+00 0.000000e+00 0.000000e+00 
0.000000e+00 0.000000e+00 0.000000e+00 0.000000e+00 0.000000e+00 
0.000000e+00 0.000000e+00 0.000000e+00 0.000000e+00 0.000000e+00 
0.000000e+00 0.000000e+00 0.000000e+00 0.000000e+00 0.000000e+00 
0.000000e+00 
@R ENALP 101 []
0.000000e+00 0.000000e+00 0.000000e+00 0.000000e+00 0.000000e+00 
0.000000e+00 0.000000e+00 0.000000e+00 0.000000e+00 0.000000e+00 
0.000000e+00 0.000000e+00 0.000000e+00 0.000000e+00 0.000000e+00 
0.000000e+00 0.000000e+00 0.000000e+00 0.000000e+00 0.000000e+00 
0.000000e+00 0.000000e+00 0.000000e+00 0.000000e+00 0.000000e+00 
0.000000e+00 0.000000e+00 0.000000e+00 0.000000e+00 0.000000e+00 
0.000000e+00 0.000000e+00 0.000000e+00 0.000000e+00 0.000000e+00 
0.000000e+00 0.000000e+00 0.000000e+00 0.000000e+00 0.000000e+00 
0.000000e+00 0.000000e+00 0.000000e+00 0.000000e+00 0.000000e+00 
0.000000e+00 0.000000e+00 0.000000e+00 0.000000e+00 0.000000e+00 
0.000000e+00 0.000000e+00 0.000000e+00 0.000000e+00 0.000000e+00 
0.000000e+00 0.000000e+00 0.000000e+00 0.000000e+00 0.000000e+00 
0.000000e+00 0.000000e+00 0.000000e+00 0.000000e+00 0.000000e+00 
0.000000e+00 0.000000e+00 0.000000e+00 0.000000e+00 0.000000e+00 
0.000000e+00 0.000000e+00 0.000000e+00 0.000000e+00 0.000000e+00 
0.000000e+00 0.000000e+00 0.000000e+00 0.000000e+00 0.000000e+00 
0.000000e+00 0.000000e+00 0.000000e+00 0.000000e+00 0.000000e+00 
0.000000e+00 0.000000e+00 0.000000e+00 0.000000e+00 0.000000e+00 
0.000000e+00 0.000000e+00 0.000000e+00 0.000000e+00 0.000000e+00 
0.000000e+00 0.000000e+00 0.000000e+00 0.000000e+00 0.000000e+00 
0.000000e+00 
@R WALP 101 []
0.000000e+00 0.000000e+00 0.000000e+00 0.000000e+00 0.000000e+00 
0.000000e+00 0.000000e+00 0.000000e+00 0.000000e+00 0.000000e+00 
0.000000e+00 0.000000e+00 0.000000e+00 0.000000e+00 0.000000e+00 
0.000000e+00 0.000000e+00 0.000000e+00 0.000000e+00 0.000000e+00 
0.000000e+00 0.000000e+00 0.000000e+00 0.000000e+00 0.000000e+00 
0.000000e+00 0.000000e+00 0.000000e+00 0.000000e+00 0.000000e+00 
0.000000e+00 0.000000e+00 0.000000e+00 0.000000e+00 0.000000e+00 
0.000000e+00 0.000000e+00 0.000000e+00 0.000000e+00 0.000000e+00 
0.000000e+00 0.000000e+00 0.000000e+00 0.000000e+00 0.000000e+00 
0.000000e+00 0.000000e+00 0.000000e+00 0.000000e+00 0.000000e+00 
0.000000e+00 0.000000e+00 0.000000e+00 0.000000e+00 0.000000e+00 
0.000000e+00 0.000000e+00 0.000000e+00 0.000000e+00 0.000000e+00 
0.000000e+00 0.000000e+00 0.000000e+00 0.000000e+00 0.000000e+00 
0.000000e+00 0.000000e+00 0.000000e+00 0.000000e+00 0.000000e+00 
0.000000e+00 0.000000e+00 0.000000e+00 0.000000e+00 0.000000e+00 
0.000000e+00 0.000000e+00 0.000000e+00 0.000000e+00 0.000000e+00 
0.000000e+00 0.000000e+00 0.000000e+00 0.000000e+00 0.000000e+00 
0.000000e+00 0.000000e+00 0.000000e+00 0.000000e+00 0.000000e+00 
0.000000e+00 0.000000e+00 0.000000e+00 0.000000e+00 0.000000e+00 
0.000000e+00 0.000000e+00 0.000000e+00 0.000000e+00 0.000000e+00 
0.000000e+00 
@R SION 101 []
0.000000e+00 0.000000e+00 0.000000e+00 0.000000e+00 0.000000e+00 
0.000000e+00 0.000000e+00 0.000000e+00 0.000000e+00 0.000000e+00 
0.000000e+00 0.000000e+00 0.000000e+00 0.000000e+00 0.000000e+00 
0.000000e+00 0.000000e+00 0.000000e+00 0.000000e+00 0.000000e+00 
0.000000e+00 0.000000e+00 0.000000e+00 0.000000e+00 0.000000e+00 
0.000000e+00 0.000000e+00 0.000000e+00 0.000000e+00 0.000000e+00 
0.000000e+00 0.000000e+00 0.000000e+00 0.000000e+00 0.000000e+00 
0.000000e+00 0.000000e+00 0.000000e+00 0.000000e+00 0.000000e+00 
0.000000e+00 0.000000e+00 0.000000e+00 0.000000e+00 0.000000e+00 
0.000000e+00 0.000000e+00 0.000000e+00 0.000000e+00 0.000000e+00 
0.000000e+00 0.000000e+00 0.000000e+00 0.000000e+00 0.000000e+00 
0.000000e+00 0.000000e+00 0.000000e+00 0.000000e+00 0.000000e+00 
0.000000e+00 0.000000e+00 0.000000e+00 0.000000e+00 0.000000e+00 
0.000000e+00 0.000000e+00 0.000000e+00 0.000000e+00 0.000000e+00 
0.000000e+00 0.000000e+00 0.000000e+00 0.000000e+00 0.000000e+00 
0.000000e+00 0.000000e+00 0.000000e+00 0.000000e+00 0.000000e+00 
0.000000e+00 0.000000e+00 0.000000e+00 0.000000e+00 0.000000e+00 
0.000000e+00 0.000000e+00 0.000000e+00 0.000000e+00 0.000000e+00 
0.000000e+00 0.000000e+00 0.000000e+00 0.000000e+00 0.000000e+00 
0.000000e+00 0.000000e+00 0.000000e+00 0.000000e+00 0.000000e+00 
0.000000e+00 
@R CHIE 101 []
0.000000e+00 8.981064e-02 8.643259e-02 1.204170e-01 1.510026e-01 
1.810060e-01 2.111428e-01 2.405276e-01 2.724592e-01 3.108123e-01 
3.510556e-01 3.856445e-01 4.127956e-01 4.346703e-01 4.527950e-01 
4.674748e-01 4.787801e-01 4.878970e-01 4.957215e-01 5.022786e-01 
5.079972e-01 5.129078e-01 5.172568e-01 5.212530e-01 5.248761e-01 
5.282256e-01 5.314694e-01 5.346469e-01 5.376756e-01 5.405345e-01 
5.433164e-01 5.460909e-01 5.488467e-01 5.515744e-01 5.543069e-01 
5.570571e-01 5.597839e-01 5.624437e-01 5.651256e-01 5.678618e-01 
5.705306e-01 5.731775e-01 5.758919e-01 5.785223e-01 5.811473e-01 
5.837671e-01 5.863231e-01 5.889233e-01 5.914954e-01 5.940570e-01 
5.966372e-01 5.991825e-01 6.017808e-01 6.043640e-01 6.069699e-01 
6.096736e-01 6.123598e-01 6.151643e-01 6.180355e-01 6.209350e-01 
6.239893e-01 6.272055e-01 6.305301e-01 6.340212e-01 6.377567e-01 
6.417249e-01 6.459167e-01 6.503924e-01 6.552095e-01 6.603967e-01 
6.659604e-01 6.719301e-01 6.783862e-01 6.853749e-01 6.929477e-01 
7.011466e-01 7.100041e-01 7.195986e-01 7.300156e-01 7.412828e-01 
7.533573e-01 7.661843e-01 7.799141e-01 7.948208e-01 8.110934e-01 
8.288670e-01 8.481507e-01 8.688614e-01 8.905186e-01 9.113296e-01 
9.261063e-01 9.218868e-01 8.716556e-01 7.405984e-01 5.356943e-01 
3.387369e-01 2.166821e-01 1.693686e-01 1.824851e-01 2.731980e-01 
0.000000e+00 
@R CHII 101 []
0.000000e+00 6.344035e-02 6.086253e-02 8.474465e-02 1.074548e-01 
1.327575e-01 1.609799e-01 1.921374e-01 2.384211e-01 3.143028e-01 
4.141712e-01 5.215706e-01 6.283518e-01 7.320840e-01 8.266513e-01 
9.045180e-01 9.657910e-01 1.016928e+00 1.058338e+00 1.086029e+00 
1.100754e+00 1.104959e+00 1.100628e+00 1.088451e+00 1.069472e+00 
1.046204e+00 1.021033e+00 9.952196e-01 9.692399e-01 9.434766e-01 
9.184313e-01 8.945755e-01 8.722961e-01 8.517987e-01 8.330421e-01 
8.158214e-01 7.998556e-01 7.848881e-01 7.709426e-01 7.580925e-01 
7.462349e-01 7.353763e-01 7.254422e-01 7.159832e-01 7.068813e-01 
6.981149e-01 6.897818e-01 6.821520e-01 6.751054e-01 6.685102e-01 
6.622864e-01 6.563669e-01 6.508894e-01 6.458066e-01 6.411900e-01 
6.371575e-01 6.335608e-01 6.304273e-01 6.276046e-01 6.250813e-01 
6.230730e-01 6.215953e-01 6.205107e-01 6.197694e-01 6.194106e-01 
6.194643e-01 6.199468e-01 6.208687e-01 6.222185e-01 6.240210e-01 
6.263262e-01 6.291702e-01 6.325867e-01 6.365865e-01 6.412365e-01 
6.466170e-01 6.527619e-01 6.596968e-01 6.674715e-01 6.762318e-01 
6.862367e-01 6.976242e-01 7.103899e-01 7.245491e-01 7.401755e-01 
7.573814e-01 7.761656e-01 7.964349e-01 8.177627e-01 8.385733e-01 
8.542195e-01 8.529291e-01 8.098268e-01 6.919332e-01 5.035616e-01 
3.198499e-01 2.050190e-01 1.603738e-01 1.729390e-01 2.593189e-01 
0.000000e+00 
@R STORQUE 101 []
0.000000e+00 0.000000e+00 0.000000e+00 0.000000e+00 0.000000e+00 
0.000000e+00 0.000000e+00 0.000000e+00 0.000000e+00 0.000000e+00 
0.000000e+00 0.000000e+00 0.000000e+00 0.000000e+00 0.000000e+00 
0.000000e+00 0.000000e+00 0.000000e+00 0.000000e+00 0.000000e+00 
0.000000e+00 0.000000e+00 0.000000e+00 0.000000e+00 0.000000e+00 
0.000000e+00 0.000000e+00 0.000000e+00 0.000000e+00 0.000000e+00 
0.000000e+00 0.000000e+00 0.000000e+00 0.000000e+00 0.000000e+00 
0.000000e+00 0.000000e+00 0.000000e+00 0.000000e+00 0.000000e+00 
0.000000e+00 0.000000e+00 0.000000e+00 0.000000e+00 0.000000e+00 
0.000000e+00 0.000000e+00 0.000000e+00 0.000000e+00 0.000000e+00 
0.000000e+00 0.000000e+00 0.000000e+00 0.000000e+00 0.000000e+00 
0.000000e+00 0.000000e+00 0.000000e+00 0.000000e+00 0.000000e+00 
0.000000e+00 0.000000e+00 0.000000e+00 0.000000e+00 0.000000e+00 
0.000000e+00 0.000000e+00 0.000000e+00 0.000000e+00 0.000000e+00 
0.000000e+00 0.000000e+00 0.000000e+00 0.000000e+00 0.000000e+00 
0.000000e+00 0.000000e+00 0.000000e+00 0.000000e+00 0.000000e+00 
0.000000e+00 0.000000e+00 0.000000e+00 0.000000e+00 0.000000e+00 
0.000000e+00 0.000000e+00 0.000000e+00 0.000000e+00 0.000000e+00 
0.000000e+00 0.000000e+00 0.000000e+00 0.000000e+00 0.000000e+00 
0.000000e+00 0.000000e+00 0.000000e+00 0.000000e+00 0.000000e+00 
0.000000e+00 
@R QOHM 101 []
0.000000e+00 0.000000e+00 0.000000e+00 0.000000e+00 0.000000e+00 
0.000000e+00 0.000000e+00 0.000000e+00 0.000000e+00 0.000000e+00 
0.000000e+00 0.000000e+00 0.000000e+00 0.000000e+00 0.000000e+00 
0.000000e+00 0.000000e+00 0.000000e+00 0.000000e+00 0.000000e+00 
0.000000e+00 0.000000e+00 0.000000e+00 0.000000e+00 0.000000e+00 
0.000000e+00 0.000000e+00 0.000000e+00 0.000000e+00 0.000000e+00 
0.000000e+00 0.000000e+00 0.000000e+00 0.000000e+00 0.000000e+00 
0.000000e+00 0.000000e+00 0.000000e+00 0.000000e+00 0.000000e+00 
0.000000e+00 0.000000e+00 0.000000e+00 0.000000e+00 0.000000e+00 
0.000000e+00 0.000000e+00 0.000000e+00 0.000000e+00 0.000000e+00 
0.000000e+00 0.000000e+00 0.000000e+00 0.000000e+00 0.000000e+00 
0.000000e+00 0.000000e+00 0.000000e+00 0.000000e+00 0.000000e+00 
0.000000e+00 0.000000e+00 0.000000e+00 0.000000e+00 0.000000e+00 
0.000000e+00 0.000000e+00 0.000000e+00 0.000000e+00 0.000000e+00 
0.000000e+00 0.000000e+00 0.000000e+00 0.000000e+00 0.000000e+00 
0.000000e+00 0.000000e+00 0.000000e+00 0.000000e+00 0.000000e+00 
0.000000e+00 0.000000e+00 0.000000e+00 0.000000e+00 0.000000e+00 
0.000000e+00 0.000000e+00 0.000000e+00 0.000000e+00 0.000000e+00 
0.000000e+00 0.000000e+00 0.000000e+00 0.000000e+00 0.000000e+00 
0.000000e+00 0.000000e+00 0.000000e+00 0.000000e+00 0.000000e+00 
0.000000e+00 
@R ENHE 101 []
2.395386e+00 2.395386e+00 2.379795e+00 2.363012e+00 2.345057e+00 
2.325952e+00 2.305716e+00 2.284370e+00 2.261935e+00 2.238431e+00 
2.213881e+00 2.188305e+00 2.161727e+00 2.134169e+00 2.105655e+00 
2.076207e+00 2.045852e+00 2.014615e+00 1.982521e+00 1.949597e+00 
1.915871e+00 1.881373e+00 1.846131e+00 1.810177e+00 1.773543e+00 
1.736261e+00 1.698367e+00 1.659895e+00 1.620883e+00 1.581369e+00 
1.541393e+00 1.500998e+00 1.460224e+00 1.419119e+00 1.377727e+00 
1.336096e+00 1.294277e+00 1.252320e+00 1.210278e+00 1.168206e+00 
1.126160e+00 1.084197e+00 1.042375e+00 1.000756e+00 9.594001e-01 
9.183692e-01 8.777264e-01 8.375346e-01 7.978575e-01 7.587581e-01 
7.202995e-01 6.825435e-01 6.455511e-01 6.093814e-01 5.740917e-01 
5.397366e-01 5.063680e-01 4.740340e-01 4.427793e-01 4.126440e-01 
3.836637e-01 3.558688e-01 3.292842e-01 3.039293e-01 2.798176e-01 
2.569562e-01 2.353464e-01 2.149832e-01 1.958556e-01 1.779467e-01 
1.612338e-01 1.456891e-01 1.312797e-01 1.179684e-01 1.057139e-01 
9.447160e-02 8.419397e-02 7.483133e-02 6.633235e-02 5.864467e-02 
5.171545e-02 4.549192e-02 3.992187e-02 3.495407e-02 3.053871e-02 
2.662759e-02 2.317435e-02 2.013443e-02 1.746464e-02 1.512212e-02 
1.306179e-02 1.123097e-02 9.558504e-03 7.935559e-03 6.196410e-03 
4.166685e-03 1.973645e-03 4.362176e-04 2.129144e-05 4.933430e-08 
1.644700e-15 
