 19-Aug-25 07/09/2014
     1               1
  0.300000000E+01
*   3.000             1               0 MAR   3   2 CLC    40   41
  0.000000000E+00 0.170000000E+03 0.200000000E+01 0.679320679E+06
  0.679320679E+06 0.172142352E+03 0.815990875E+00 0.413731211E+02
  0.134261569E+01-0.373464647E+00-0.309262336E+00 0.773337367E+07
  0.176266770E+03 0.180968654E+01 0.229386280E+01 0.976877697E+00
  0.490661810E+00 0.859438141E+00 0.100000000E+11 0.106603539E+02
  0.100000000E+11 0.100000000E+11 0.200644445E+01-0.122248499E+01
  0.767855691E+02 0.107119456E+03 0.522579604E+02
  0.000000000E+00 0.000000000E+00 0.000000000E+00
  0.825660432E+02 0.795507182E+02
  0.000000000E+00 0.000000000E+00
  0.161935563E+01 0.278689210E+00 0.202003836E+01 0.830305953E+00
  0.766947365E+00 0.219407017E+01-0.500000000E+02-0.500000000E+02
 -0.500000000E+02 0.304092298E+00 0.704276944E+04 0.175890726E+06
  0.803544711E-04 0.128872439E+01 0.959030513E+00 0.718080845E-02
  0.127679256E+01 0.172443664E+03 0.000000000E+00 0.000000000E+00
 -0.999000000E+03-0.999000000E+03-0.999000000E+03-0.999000000E+03
 -0.100000000E+03-0.500000000E+02 0.194309297E+01 0.191499164E+01
  0.810864386E+01 0.397902784E+02 0.100000000E+03 0.106603539E+02
  0.177546467E+03 0.204881584E+01 0.467418118E+00 0.000000000E+00
  0.100405157E+01 0.199900536E+01 0.359928889E+06 0.000000000E+00
  0.000000000E+00 0.000000000E+00 0.875285305E+00 0.100000000E+02
    44   60   18    6
  0.174583197E+00 0.135776085E+00 0.186426185E+00 0.152049065E+00
  0.686516873E-01-0.162972115E-01 0.544398104E+00-0.665437698E-01
 -0.466818660E+00 0.244146302E+00 0.141292816E+00 0.160756776E-01
 -0.426275482E-01-0.691543155E-01-0.837291391E-01 0.557249128E+00
 -0.744527079E-01 0.439273143E-02 0.217485632E+00 0.156194900E+00
  0.163375071E+00 0.167587407E+00 0.102492498E+00 0.231278190E-01
 -0.330949682E+00 0.404378130E+00 0.433466976E+00 0.295787758E-01
  0.803657968E-01 0.202053665E+00 0.814117970E-01-0.114209366E-01
 -0.472452993E-01-0.602919840E-01 0.113869509E+00 0.480741978E+00
  0.469803284E+00-0.430040884E-01 0.276457309E-01-0.230537788E-01
  0.943066301E-02 0.212533065E-01 0.700016651E-01 0.132883388E+00
  0.109109333E+00 0.243547413E+00 0.240405030E+00-0.148990863E+00
 -0.254174146E+00-0.389309617E-01 0.288174301E+00 0.636816546E+00
  0.292442724E+00-0.158146673E+00-0.332616742E+00-0.873386279E-01
  0.233189322E+00 0.317646275E+00 0.252204497E+00-0.380003427E-01
  0.128014447E+00 0.263021383E+00 0.189363325E+00 0.202003455E+00
  0.206383305E+00 0.196953526E+00 0.258836138E+00-0.104264476E+00
 -0.312346778E+00-0.285938521E+00-0.610277129E-01 0.297944518E+00
  0.356440963E+00 0.266901125E+00 0.391995524E+00 0.763471226E+00
  0.304727582E+00 0.408187772E-01-0.194558429E+00-0.269108807E+00
 -0.692628357E-01 0.883632423E-01 0.316315982E+00 0.249963139E+00
  0.358343571E+00 0.107117722E+00-0.597354817E-01-0.249006915E+00
 -0.304881578E+00-0.104938371E+00 0.255475886E+00 0.197797948E+00
  0.205395352E+00 0.202314660E+00 0.186272889E+00 0.259999539E+00
  0.129860526E+00-0.343424270E-01 0.111864049E+00 0.243469830E+00
  0.242602934E+00-0.134477309E+00-0.259489678E+00-0.370668582E-01
  0.267685100E+05-0.560754680E+05 0.252096811E+06 0.243859149E+06
  0.105486365E+06-0.311248691E+06 0.616160836E+06-0.438328814E+05
 -0.771302547E+06 0.345358894E+06 0.817368453E+05-0.125647750E+06
 -0.119156633E+06-0.104765612E+06-0.410026751E+06 0.559905754E+06
 -0.124258225E+06-0.140149811E+06
  0.000000000E+00 0.000000000E+00 0.000000000E+00 0.000000000E+00
  0.000000000E+00 0.000000000E+00
  0.000000000E+00 0.000000000E+00 0.000000000E+00 0.000000000E+00
  0.000000000E+00 0.000000000E+00 0.000000000E+00 0.000000000E+00
  0.000000000E+00 0.000000000E+00 0.554167568E+02 0.000000000E+00
  0.243578887E+00 0.733439503E+00 0.400000006E+02-0.141547989E+00
 -0.113130341E+01 0.000000000E+00 0.999000000E+03 0.191573753E+01
 -0.100000000E+02 0.959030513E+00 0.000000000E+00 0.498556868E-01
 -0.100000000E+02 0.000000000E+00 0.216554176E+01 0.000000000E+00
  0.167650643E+00 0.242650935E+01 0.130769231E+01 0.213299064E+01
  0.337237809E+02 0.362542266E+01-0.890000000E+02-0.890000000E+02
 -0.890000000E+02-0.890000000E+02-0.890000000E+02-0.890000000E+02
 -0.890000000E+02-0.890000000E+02-0.890000000E+02-0.890000000E+02
 -0.890000000E+02-0.890000000E+02-0.890000000E+02-0.890000000E+02
 -0.890000000E+02 0.000000000E+00 0.707907050E+00 0.947981708E+00
  0.141267799E+03 0.184937500E+03 0.000000000E+00 0.822994166E+00
  0.100000000E+01 0.000000000E+00 0.000000000E+00 0.000000000E+00
                                            EQG
