  3-Apr-25 07/09/2014
     1               1
  0.100000000E+01
*   1.000             1               0 MAR   3   2 CLC    40   41
  0.000000000E+00 0.170000000E+03 0.200000000E+01 0.679320679E+06
  0.679320679E+06 0.170927346E+03-0.341395444E+00 0.448811334E+02
  0.139750744E+01-0.519305708E+00-0.489713652E+00 0.927167219E+07
  0.176788215E+03 0.142429748E+01 0.304841348E+01 0.945109107E+00
  0.599081921E+00 0.872866875E+00 0.100000000E+11 0.899061126E+00
  0.100000000E+11 0.100000000E+11 0.254529853E+01-0.106883446E+01
  0.867032804E+02 0.125300865E+03 0.759299325E+02
  0.000000000E+00 0.000000000E+00 0.000000000E+00
  0.895646552E+02 0.863200358E+02
  0.000000000E+00 0.000000000E+00
  0.209059988E+01 0.249841877E+00 0.206467412E+01 0.103126137E+01
  0.764233304E+00 0.289833388E+01-0.500000000E+02-0.500000000E+02
 -0.500000000E+02 0.289212985E+00 0.844261105E+04 0.206931274E+06
  0.522871629E-04 0.132425777E+01 0.115163625E+01 0.573087928E-02
  0.129744029E+01 0.172940666E+03 0.000000000E+00 0.000000000E+00
 -0.999000000E+03-0.999000000E+03-0.999000000E+03-0.999000000E+03
 -0.100000000E+03-0.500000000E+02 0.192978768E+01 0.191069855E+01
  0.100000000E+03 0.380704225E+02 0.100000000E+03 0.899061126E+00
  0.177945391E+03 0.180134949E+01 0.449827188E+00 0.000000000E+00
  0.102341767E+01 0.161453940E+01 0.353502778E+06 0.000000000E+00
  0.000000000E+00 0.000000000E+00 0.899169393E+00 0.100000000E+02
    44   60   18    6
  0.186130587E+00 0.147115373E+00 0.177237879E+00 0.134445510E+00
  0.533177602E-01-0.765900929E-02 0.519324247E+00-0.705213647E-01
 -0.420128604E+00 0.243874014E+00 0.153091239E+00 0.340353154E-01
 -0.343271111E-01-0.731015627E-01-0.666644844E-01 0.536866961E+00
 -0.920062310E-01-0.381389383E-01 0.222549433E+00 0.168092983E+00
  0.164176519E+00 0.154034210E+00 0.877004673E-01 0.127760991E-01
 -0.295713769E+00 0.388212094E+00 0.416266758E+00 0.343089744E-01
  0.844604759E-01 0.206962069E+00 0.961890045E-01 0.102832331E-02
 -0.452029548E-01-0.684276774E-01 0.819025528E-01 0.456299020E+00
  0.450145544E+00-0.287220220E-01 0.391648850E-01-0.423349862E-01
 -0.210696732E-01 0.791286374E-02 0.490884102E-01 0.108771488E+00
  0.107826891E+00 0.215913745E+00 0.208154529E+00-0.120756868E+00
 -0.212910169E+00-0.904144643E-02 0.287844608E+00 0.592703485E+00
  0.267189690E+00-0.144042318E+00-0.304293997E+00-0.726751447E-01
  0.232282654E+00 0.310177740E+00 0.245613572E+00-0.176028214E-01
  0.106401529E+00 0.216044000E+00 0.153558997E+00 0.201554295E+00
  0.236435087E+00 0.229141969E+00 0.309699081E+00-0.930876401E-01
 -0.294524778E+00-0.272148372E+00-0.541430949E-01 0.288584499E+00
  0.343855828E+00 0.269369375E+00 0.376091652E+00 0.706390305E+00
  0.278370144E+00 0.389013708E-01-0.177736481E+00-0.244434363E+00
 -0.555750166E-01 0.942211036E-01 0.308892584E+00 0.243435063E+00
  0.345657065E+00 0.107433661E+00-0.527900818E-01-0.235903150E+00
 -0.287267083E+00-0.937282604E-01 0.305484130E+00 0.230983173E+00
  0.235408958E+00 0.201751902E+00 0.150523680E+00 0.213516720E+00
  0.108610275E+00-0.143908492E-01 0.110254603E+00 0.216060054E+00
  0.210268718E+00-0.108326726E+00-0.218286936E+00-0.689148160E-02
  0.540739936E+05-0.197350304E+05 0.226402225E+06 0.207033177E+06
  0.803935045E+05-0.300308171E+06 0.574633245E+06-0.568091195E+05
 -0.700452057E+06 0.316903345E+06 0.102319616E+06-0.849885149E+05
 -0.102008691E+06-0.105212535E+06-0.388151924E+06 0.540666326E+06
 -0.138129427E+06-0.181789831E+06
  0.000000000E+00 0.000000000E+00 0.000000000E+00 0.000000000E+00
  0.000000000E+00 0.000000000E+00
  0.000000000E+00 0.000000000E+00 0.000000000E+00 0.000000000E+00
  0.000000000E+00 0.000000000E+00 0.000000000E+00 0.000000000E+00
  0.000000000E+00 0.000000000E+00 0.623798057E+02 0.000000000E+00
  0.241121543E+00 0.401046581E+00 0.400000006E+02-0.160437424E+00
 -0.102653264E+01 0.000000000E+00 0.999000000E+03 0.191749632E+01
 -0.100000000E+02 0.115163625E+01 0.000000000E+00 0.432558266E-01
 -0.100000000E+02 0.000000000E+00 0.267962352E+01 0.000000000E+00
  0.124397436E+00 0.303214053E+01 0.126073295E+01 0.215637950E+01
  0.377153899E+02 0.349578656E+01-0.890000000E+02-0.890000000E+02
 -0.890000000E+02-0.890000000E+02-0.890000000E+02-0.890000000E+02
 -0.890000000E+02-0.890000000E+02-0.890000000E+02-0.890000000E+02
 -0.890000000E+02-0.890000000E+02-0.890000000E+02-0.890000000E+02
 -0.890000000E+02 0.000000000E+00 0.462485870E+00 0.791642151E+00
  0.147738968E+03 0.184937500E+03 0.000000000E+00 0.811120843E+00
  0.100000000E+01 0.000000000E+00 0.000000000E+00 0.000000000E+00
                                            EQG
