 18-Aug-25 07/09/2014
     1               1
  0.100000000E+01
*   1.000             1               0 MAR   3   2 CLC    40   41
  0.000000000E+00 0.170000000E+03 0.200000000E+01 0.679320679E+06
  0.679320679E+06 0.172178344E+03 0.804265194E+00 0.414091134E+02
  0.134622751E+01-0.372270851E+00-0.308124343E+00 0.776968670E+07
  0.176726209E+03 0.183004342E+01 0.231674024E+01 0.113332310E+01
  0.572134666E+00 0.860572173E+00 0.100000000E+11 0.105883694E+02
  0.100000000E+11 0.100000000E+11 0.201439741E+01-0.122074771E+01
  0.769336282E+02 0.107711330E+03 0.530561817E+02
  0.000000000E+00 0.000000000E+00 0.000000000E+00
  0.826379407E+02 0.796462840E+02
  0.000000000E+00 0.000000000E+00
  0.164380459E+01 0.277925329E+00 0.203281210E+01 0.988069872E+00
  0.767534620E+00 0.220933207E+01-0.500000000E+02-0.500000000E+02
 -0.500000000E+02 0.303049799E+00 0.707332774E+04 0.204931826E+06
  0.986485622E-04 0.129097377E+01 0.966593327E+00 0.609299010E-02
  0.128036302E+01 0.172732214E+03 0.000000000E+00 0.000000000E+00
 -0.999000000E+03-0.999000000E+03-0.999000000E+03-0.999000000E+03
 -0.100000000E+03-0.500000000E+02 0.194498629E+01 0.191582762E+01
  0.714795351E+01 0.397413935E+02 0.100000000E+03 0.105883694E+02
  0.177468994E+03 0.204500660E+01 0.466386694E+00 0.000000000E+00
  0.100846601E+01 0.199763777E+01 0.361220518E+06 0.000000000E+00
  0.000000000E+00 0.000000000E+00 0.858036836E+00 0.100000000E+02
    44   60   18    6
  0.175595786E+00 0.138827385E+00 0.189552033E+00 0.153059394E+00
  0.669361848E-01-0.213134493E-01 0.546201791E+00-0.717996421E-01
 -0.479230358E+00 0.244572291E+00 0.144115992E+00 0.193777022E-01
 -0.417802728E-01-0.713583747E-01-0.882438980E-01 0.559498702E+00
 -0.800935054E-01-0.698116472E-02 0.217953695E+00 0.158112012E+00
  0.166378010E+00 0.169436623E+00 0.102057497E+00 0.202422231E-01
 -0.341030247E+00 0.404459883E+00 0.433992781E+00 0.249960815E-01
  0.765733868E-01 0.203497703E+00 0.844068545E-01-0.952238315E-02
 -0.478853661E-01-0.635080144E-01 0.106594746E+00 0.481320687E+00
  0.470653610E+00-0.470085845E-01 0.243522154E-01-0.288286138E-01
  0.109689730E-02 0.171599684E-01 0.645092023E-01 0.127454633E+00
  0.107877105E+00 0.240883068E+00 0.232360436E+00-0.158461946E+00
 -0.262131211E+00-0.397776329E-01 0.295732522E+00 0.648225654E+00
  0.298175372E+00-0.159337581E+00-0.336054014E+00-0.878574644E-01
  0.236871608E+00 0.322079002E+00 0.255248001E+00-0.385444024E-01
  0.120508546E+00 0.252713080E+00 0.181364232E+00 0.202419431E+00
  0.214717615E+00 0.206065861E+00 0.273832975E+00-0.104219981E+00
 -0.315678165E+00-0.289569660E+00-0.619108798E-01 0.301000060E+00
  0.360292516E+00 0.274309257E+00 0.400145423E+00 0.776859939E+00
  0.310680730E+00 0.423788314E-01-0.196199844E+00-0.271799615E+00
 -0.695619021E-01 0.900738891E-01 0.320726654E+00 0.252972966E+00
  0.362211137E+00 0.108155118E+00-0.605966832E-01-0.252145959E+00
 -0.308099436E+00-0.104881578E+00 0.270202713E+00 0.207188780E+00
  0.213708990E+00 0.202698593E+00 0.178268151E+00 0.249762531E+00
  0.122424280E+00-0.349458694E-01 0.110611877E+00 0.240762030E+00
  0.234623903E+00-0.143903905E+00-0.267493040E+00-0.377380804E-01
  0.269585422E+05-0.498005050E+05 0.258999713E+06 0.247057455E+06
  0.105236516E+06-0.315980309E+06 0.623130739E+06-0.473213451E+05
 -0.785026282E+06 0.343068143E+06 0.877063475E+05-0.117700241E+06
 -0.116252676E+06-0.105793920E+06-0.414145365E+06 0.567089779E+06
 -0.128724795E+06-0.152462146E+06
  0.000000000E+00 0.000000000E+00 0.000000000E+00 0.000000000E+00
  0.000000000E+00 0.000000000E+00
  0.000000000E+00 0.000000000E+00 0.000000000E+00 0.000000000E+00
  0.000000000E+00 0.000000000E+00 0.000000000E+00 0.000000000E+00
  0.000000000E+00 0.000000000E+00 0.556766833E+02 0.000000000E+00
  0.238786672E+00 0.923909096E+00 0.400000006E+02-0.146314379E+00
 -0.116093380E+01 0.000000000E+00 0.999000000E+03 0.191149680E+01
 -0.100000000E+02 0.966593327E+00 0.000000000E+00 0.401435122E-01
 -0.100000000E+02 0.000000000E+00 0.220240937E+01 0.000000000E+00
  0.123431237E+00 0.262054744E+01 0.130769231E+01 0.213371222E+01
  0.338306507E+02 0.302514352E+01-0.890000000E+02-0.890000000E+02
 -0.890000000E+02-0.890000000E+02-0.890000000E+02-0.890000000E+02
 -0.890000000E+02-0.890000000E+02-0.890000000E+02-0.890000000E+02
 -0.890000000E+02-0.890000000E+02-0.890000000E+02-0.890000000E+02
 -0.890000000E+02 0.000000000E+00 0.705037949E+00 0.945599889E+00
  0.141474757E+03 0.186265625E+03 0.000000000E+00 0.823244995E+00
  0.100000000E+01 0.000000000E+00 0.000000000E+00 0.000000000E+00
                                            EQG
