 # generated by zfastran.py Ver+Oct2009
@R INFLAG 1 []
  1.000000000e+00
@R TIME0 1 [s]
  0.000000000e+00
@R IP 1 []
  9.999999995e+00
@R BCENTR 1 []
  1.100000000e+01
@R RMAJOR 1 []
  4.550000000e+00
@R AMINOR 1 []
  1.108157315e+00
@R ELONGB 1 []
  1.346538791e+00
@R TRIANB 1 []
 -3.189955127e-01
@R RHO 101 []
  0.000000000e+00  1.000000000e-02  2.000000000e-02  3.000000000e-02
  4.000000000e-02  5.000000000e-02  6.000000000e-02  7.000000000e-02
  8.000000000e-02  9.000000000e-02  1.000000000e-01  1.100000000e-01
  1.200000000e-01  1.300000000e-01  1.400000000e-01  1.500000000e-01
  1.600000000e-01  1.700000000e-01  1.800000000e-01  1.900000000e-01
  2.000000000e-01  2.100000000e-01  2.200000000e-01  2.300000000e-01
  2.400000000e-01  2.500000000e-01  2.600000000e-01  2.700000000e-01
  2.800000000e-01  2.900000000e-01  3.000000000e-01  3.100000000e-01
  3.200000000e-01  3.300000000e-01  3.400000000e-01  3.500000000e-01
  3.600000000e-01  3.700000000e-01  3.800000000e-01  3.900000000e-01
  4.000000000e-01  4.100000000e-01  4.200000000e-01  4.300000000e-01
  4.400000000e-01  4.500000000e-01  4.600000000e-01  4.700000000e-01
  4.800000000e-01  4.900000000e-01  5.000000000e-01  5.100000000e-01
  5.200000000e-01  5.300000000e-01  5.400000000e-01  5.500000000e-01
  5.600000000e-01  5.700000000e-01  5.800000000e-01  5.900000000e-01
  6.000000000e-01  6.100000000e-01  6.200000000e-01  6.300000000e-01
  6.400000000e-01  6.500000000e-01  6.600000000e-01  6.700000000e-01
  6.800000000e-01  6.900000000e-01  7.000000000e-01  7.100000000e-01
  7.200000000e-01  7.300000000e-01  7.400000000e-01  7.500000000e-01
  7.600000000e-01  7.700000000e-01  7.800000000e-01  7.900000000e-01
  8.000000000e-01  8.100000000e-01  8.200000000e-01  8.300000000e-01
  8.400000000e-01  8.500000000e-01  8.600000000e-01  8.700000000e-01
  8.800000000e-01  8.900000000e-01  9.000000000e-01  9.100000000e-01
  9.200000000e-01  9.300000000e-01  9.400000000e-01  9.500000000e-01
  9.600000000e-01  9.700000000e-01  9.800000000e-01  9.900000000e-01
  1.000000000e+00
@R AMAIN 1 []
  2.500000000e+00
@R ZMAIN 1 []
  1.000000000e+00
@I NIMP 1 []
                1
@R AIMP 1 []
  8.300000000e+01
@R ZIMP 1 []
  3.600000000e+01
@R FIMP 1 []
  2.189722680e-03
@R ENE 101 []
  2.762277393e+01  2.762277393e+01  2.757846936e+01  2.753107480e+01
  2.748062933e+01  2.742717202e+01  2.737074191e+01  2.731137808e+01
  2.724911960e+01  2.718400553e+01  2.711607492e+01  2.704536685e+01
  2.697192039e+01  2.689577458e+01  2.681696851e+01  2.673554123e+01
  2.665153180e+01  2.656497930e+01  2.647592278e+01  2.638440132e+01
  2.629045396e+01  2.619411979e+01  2.609543786e+01  2.599444724e+01
  2.589118699e+01  2.578569618e+01  2.567801386e+01  2.556817912e+01
  2.545623100e+01  2.534220857e+01  2.522615090e+01  2.510809706e+01
  2.498808610e+01  2.486615709e+01  2.474234909e+01  2.461670118e+01
  2.448925241e+01  2.436004184e+01  2.422910855e+01  2.409649160e+01
  2.396223004e+01  2.382636295e+01  2.368892939e+01  2.354996843e+01
  2.340951912e+01  2.326762053e+01  2.312431173e+01  2.297963178e+01
  2.283361975e+01  2.268631470e+01  2.253775569e+01  2.238798178e+01
  2.223703205e+01  2.208494556e+01  2.193176137e+01  2.177751854e+01
  2.162225615e+01  2.146601324e+01  2.130882890e+01  2.115074218e+01
  2.099179214e+01  2.083201786e+01  2.067145839e+01  2.051015280e+01
  2.034814015e+01  2.018545952e+01  2.002214995e+01  1.985825053e+01
  1.969380030e+01  1.952883834e+01  1.936340371e+01  1.919753547e+01
  1.903127269e+01  1.886465442e+01  1.869771972e+01  1.853050763e+01
  1.836305717e+01  1.819540729e+01  1.802759684e+01  1.785966439e+01
  1.769164789e+01  1.752358405e+01  1.735550673e+01  1.718744365e+01
  1.701940910e+01  1.685138814e+01  1.668330201e+01  1.651493301e+01
  1.634576110e+01  1.617460934e+01  1.599887885e+01  1.581291440e+01
  1.560459306e+01  1.534857328e+01  1.499458496e+01  1.445394201e+01
  1.360891210e+01  1.240518740e+01  1.101627130e+01  9.804787057e+00
  8.995343210e+00
@R TE 101 []
  1.831516893e+01  1.831516893e+01  1.827731897e+01  1.823051137e+01
  1.817482547e+01  1.811035349e+01  1.803720040e+01  1.795548374e+01
  1.786533339e+01  1.776689127e+01  1.766031109e+01  1.754575797e+01
  1.742340807e+01  1.729344819e+01  1.715607532e+01  1.701149619e+01
  1.685992674e+01  1.670159160e+01  1.653672359e+01  1.636556310e+01
  1.618835753e+01  1.600536069e+01  1.581683216e+01  1.562303671e+01
  1.542424363e+01  1.522072611e+01  1.501276059e+01  1.480062613e+01
  1.458460374e+01  1.436497579e+01  1.414202533e+01  1.391773415e+01
  1.369402534e+01  1.347109408e+01  1.324913555e+01  1.302834495e+01
  1.280891609e+01  1.259101712e+01  1.237480472e+01  1.216043555e+01
  1.194806631e+01  1.173767999e+01  1.152926479e+01  1.132298516e+01
  1.111900553e+01  1.091749034e+01  1.071878763e+01  1.052307340e+01
  1.033025404e+01  1.014023594e+01  9.952925481e+00  9.768024199e+00
  9.585270937e+00  9.404628053e+00  9.226057900e+00  9.049522823e+00
  8.875145448e+00  8.703137263e+00  8.533593941e+00  8.366611144e+00
  8.202284540e+00  8.040750609e+00  7.882043057e+00  7.726103381e+00
  7.572873079e+00  7.422293649e+00  7.274220549e+00  7.128502573e+00
  6.985071221e+00  6.843857995e+00  6.704794394e+00  6.567861774e+00
  6.433074645e+00  6.300414240e+00  6.169861789e+00  6.041398523e+00
  5.915018058e+00  5.790701656e+00  5.668412014e+00  5.548111816e+00
  5.429763708e+00  5.313264541e+00  5.198551414e+00  5.085646841e+00
  4.974572079e+00  4.865345346e+00  4.758035611e+00  4.652760249e+00
  4.549568962e+00  4.448408545e+00  4.348977727e+00  4.250800381e+00
  4.151576227e+00  4.045066890e+00  3.917714137e+00  3.741993157e+00
  3.221569572e+00  2.406970787e+00  1.426272870e+00  5.996588162e-01
  9.664111306e-02
@R TI 101 []
  1.865817197e+01  1.865817197e+01  1.861822164e+01  1.856814424e+01
  1.850803072e+01  1.843798921e+01  1.835814486e+01  1.826863947e+01
  1.816963123e+01  1.806129423e+01  1.794381808e+01  1.781740732e+01
  1.768228089e+01  1.753867152e+01  1.738682502e+01  1.722699964e+01
  1.705946527e+01  1.688450268e+01  1.670240272e+01  1.651346547e+01
  1.631799935e+01  1.611632030e+01  1.590875083e+01  1.569561913e+01
  1.547725816e+01  1.525400474e+01  1.502619858e+01  1.479418147e+01
  1.455829626e+01  1.431888607e+01  1.407629337e+01  1.383374360e+01
  1.359419103e+01  1.335757046e+01  1.312381666e+01  1.289286439e+01
  1.266483094e+01  1.243991692e+01  1.221818208e+01  1.199968616e+01
  1.178448890e+01  1.157257572e+01  1.136392664e+01  1.115859341e+01
  1.095662772e+01  1.075808131e+01  1.056321956e+01  1.037212805e+01
  1.018458880e+01  1.000038384e+01  9.819295187e+00  9.640876840e+00
  9.464758706e+00  9.290836673e+00  9.119006637e+00  8.949164482e+00
  8.781230760e+00  8.615287276e+00  8.451471821e+00  8.289922179e+00
  8.130776138e+00  7.974301134e+00  7.820624355e+00  7.669673212e+00
  7.521375120e+00  7.375657489e+00  7.232310782e+00  7.091116637e+00
  6.951989231e+00  6.814842742e+00  6.679591346e+00  6.546199396e+00
  6.414681956e+00  6.285029269e+00  6.157231577e+00  6.031279121e+00
  5.907177804e+00  5.784931661e+00  5.664528128e+00  5.545954626e+00
  5.429198539e+00  5.314217508e+00  5.200974614e+00  5.089464907e+00
  4.979682204e+00  4.871617330e+00  4.765246713e+00  4.660588464e+00
  4.557655319e+00  4.456358245e+00  4.356362547e+00  4.257070210e+00
  4.156250132e+00  4.047934593e+00  3.918859458e+00  3.741797389e+00
  3.221727600e+00  2.407293842e+00  1.426164137e+00  5.993649464e-01
  9.685720340e-02
@R ZEFF 101 []
  3.759050577e+00  3.759050577e+00  3.758634699e+00  3.758092997e+00
  3.757456971e+00  3.756758339e+00  3.756011936e+00  3.755163232e+00
  3.754138901e+00  3.752863090e+00  3.751255962e+00  3.749232571e+00
  3.746796104e+00  3.743995421e+00  3.740881976e+00  3.737511700e+00
  3.733933461e+00  3.730184539e+00  3.726311824e+00  3.722367835e+00
  3.718410828e+00  3.714462756e+00  3.710507392e+00  3.706550024e+00
  3.702596045e+00  3.698650926e+00  3.694731877e+00  3.690855308e+00
  3.687025317e+00  3.683245690e+00  3.679519889e+00  3.675845475e+00
  3.672220258e+00  3.668647666e+00  3.665130918e+00  3.661673017e+00
  3.658284727e+00  3.654979536e+00  3.651764042e+00  3.648644362e+00
  3.645626070e+00  3.642711795e+00  3.639902518e+00  3.637200467e+00
  3.634607294e+00  3.632124085e+00  3.629754299e+00  3.627498059e+00
  3.625350826e+00  3.623307856e+00  3.621364262e+00  3.619511798e+00
  3.617743174e+00  3.616054846e+00  3.614443258e+00  3.612904873e+00
  3.611436090e+00  3.610035662e+00  3.608703399e+00  3.607438827e+00
  3.606241205e+00  3.605111314e+00  3.604047936e+00  3.603047222e+00
  3.602105446e+00  3.601219019e+00  3.600383072e+00  3.599592922e+00
  3.598845498e+00  3.598137910e+00  3.597467453e+00  3.596832020e+00
  3.596230046e+00  3.595659825e+00  3.595119730e+00  3.594608212e+00
  3.594123948e+00  3.593665671e+00  3.593232021e+00  3.592821713e+00
  3.592433535e+00  3.592066157e+00  3.591718387e+00  3.591389311e+00
  3.591078063e+00  3.590783823e+00  3.590505795e+00  3.590243471e+00
  3.589996427e+00  3.589764117e+00  3.589545809e+00  3.589341542e+00
  3.589149738e+00  3.588966338e+00  3.588785793e+00  3.588600723e+00
  3.587923560e+00  3.587387252e+00  3.587212479e+00  3.587200208e+00
  3.587200163e+00
@R OMEGA 101 []
  4.992501875e+03  4.992501875e+03  4.978801804e+03  4.961079526e+03
  4.940120160e+03  4.916382264e+03  4.890178959e+03  4.861743180e+03
  4.831258024e+03  4.798873089e+03  4.764714177e+03  4.728889466e+03
  4.691493659e+03  4.652610886e+03  4.612316799e+03  4.570680145e+03
  4.527763951e+03  4.483626454e+03  4.438321832e+03  4.391900796e+03
  4.344411068e+03  4.295897774e+03  4.246403778e+03  4.195969955e+03
  4.144635428e+03  4.092437767e+03  4.039413164e+03  3.985596584e+03
  3.931021896e+03  3.875721988e+03  3.819728870e+03  3.763073767e+03
  3.705787199e+03  3.647899055e+03  3.589438660e+03  3.530434837e+03
  3.470915960e+03  3.410910006e+03  3.350444605e+03  3.289547080e+03
  3.228244492e+03  3.166563674e+03  3.104531273e+03  3.042173783e+03
  2.979517575e+03  2.916588934e+03  2.853414088e+03  2.790019238e+03
  2.726430588e+03  2.662674375e+03  2.598776897e+03  2.534764544e+03
  2.470663824e+03  2.406501396e+03  2.342304099e+03  2.278098979e+03
  2.213913327e+03  2.149774707e+03  2.085710992e+03  2.021750397e+03
  1.957921519e+03  1.894253376e+03  1.830775447e+03  1.767517715e+03
  1.704510722e+03  1.641785608e+03  1.579374179e+03  1.517308956e+03
  1.455623246e+03  1.394351213e+03  1.333527952e+03  1.273189580e+03
  1.213373329e+03  1.154117653e+03  1.095462349e+03  1.037448686e+03
  9.801195629e+02  9.235196753e+02  8.676957162e+02  8.126966008e+02
  7.585737302e+02  7.053812976e+02  6.531766492e+02  6.020207128e+02
  5.519785103e+02  5.031197796e+02  4.555197357e+02  4.092600162e+02
  3.644298727e+02  3.211276991e+02  2.794630303e+02  2.395592200e+02
  2.015571260e+02  1.656203590e+02  1.319430748e+02  1.007621703e+02
  7.237775876e+01  4.719105135e+01  2.578549737e+01  9.151104569e+00
  7.780442957e-13
@R Q 101 []
  0.000000000e+00  0.000000000e+00  0.000000000e+00  0.000000000e+00
  0.000000000e+00  0.000000000e+00  0.000000000e+00  0.000000000e+00
  0.000000000e+00  0.000000000e+00  0.000000000e+00  0.000000000e+00
  0.000000000e+00  0.000000000e+00  0.000000000e+00  0.000000000e+00
  0.000000000e+00  0.000000000e+00  0.000000000e+00  0.000000000e+00
  0.000000000e+00  0.000000000e+00  0.000000000e+00  0.000000000e+00
  0.000000000e+00  0.000000000e+00  0.000000000e+00  0.000000000e+00
  0.000000000e+00  0.000000000e+00  0.000000000e+00  0.000000000e+00
  0.000000000e+00  0.000000000e+00  0.000000000e+00  0.000000000e+00
  0.000000000e+00  0.000000000e+00  0.000000000e+00  0.000000000e+00
  0.000000000e+00  0.000000000e+00  0.000000000e+00  0.000000000e+00
  0.000000000e+00  0.000000000e+00  0.000000000e+00  0.000000000e+00
  0.000000000e+00  0.000000000e+00  0.000000000e+00  0.000000000e+00
  0.000000000e+00  0.000000000e+00  0.000000000e+00  0.000000000e+00
  0.000000000e+00  0.000000000e+00  0.000000000e+00  0.000000000e+00
  0.000000000e+00  0.000000000e+00  0.000000000e+00  0.000000000e+00
  0.000000000e+00  0.000000000e+00  0.000000000e+00  0.000000000e+00
  0.000000000e+00  0.000000000e+00  0.000000000e+00  0.000000000e+00
  0.000000000e+00  0.000000000e+00  0.000000000e+00  0.000000000e+00
  0.000000000e+00  0.000000000e+00  0.000000000e+00  0.000000000e+00
  0.000000000e+00  0.000000000e+00  0.000000000e+00  0.000000000e+00
  0.000000000e+00  0.000000000e+00  0.000000000e+00  0.000000000e+00
  0.000000000e+00  0.000000000e+00  0.000000000e+00  0.000000000e+00
  0.000000000e+00  0.000000000e+00  0.000000000e+00  0.000000000e+00
  0.000000000e+00  0.000000000e+00  0.000000000e+00  0.000000000e+00
  0.000000000e+00
@R FP 101 []
  0.000000000e+00  0.000000000e+00  0.000000000e+00  0.000000000e+00
  0.000000000e+00  0.000000000e+00  0.000000000e+00  0.000000000e+00
  0.000000000e+00  0.000000000e+00  0.000000000e+00  0.000000000e+00
  0.000000000e+00  0.000000000e+00  0.000000000e+00  0.000000000e+00
  0.000000000e+00  0.000000000e+00  0.000000000e+00  0.000000000e+00
  0.000000000e+00  0.000000000e+00  0.000000000e+00  0.000000000e+00
  0.000000000e+00  0.000000000e+00  0.000000000e+00  0.000000000e+00
  0.000000000e+00  0.000000000e+00  0.000000000e+00  0.000000000e+00
  0.000000000e+00  0.000000000e+00  0.000000000e+00  0.000000000e+00
  0.000000000e+00  0.000000000e+00  0.000000000e+00  0.000000000e+00
  0.000000000e+00  0.000000000e+00  0.000000000e+00  0.000000000e+00
  0.000000000e+00  0.000000000e+00  0.000000000e+00  0.000000000e+00
  0.000000000e+00  0.000000000e+00  0.000000000e+00  0.000000000e+00
  0.000000000e+00  0.000000000e+00  0.000000000e+00  0.000000000e+00
  0.000000000e+00  0.000000000e+00  0.000000000e+00  0.000000000e+00
  0.000000000e+00  0.000000000e+00  0.000000000e+00  0.000000000e+00
  0.000000000e+00  0.000000000e+00  0.000000000e+00  0.000000000e+00
  0.000000000e+00  0.000000000e+00  0.000000000e+00  0.000000000e+00
  0.000000000e+00  0.000000000e+00  0.000000000e+00  0.000000000e+00
  0.000000000e+00  0.000000000e+00  0.000000000e+00  0.000000000e+00
  0.000000000e+00  0.000000000e+00  0.000000000e+00  0.000000000e+00
  0.000000000e+00  0.000000000e+00  0.000000000e+00  0.000000000e+00
  0.000000000e+00  0.000000000e+00  0.000000000e+00  0.000000000e+00
  0.000000000e+00  0.000000000e+00  0.000000000e+00  0.000000000e+00
  0.000000000e+00  0.000000000e+00  0.000000000e+00  0.000000000e+00
  0.000000000e+00
@R CURPAR 101 []
  3.663850760e+00  3.663659717e+00  3.662957306e+00  3.661536108e+00
  3.659321984e+00  3.656332795e+00  3.652590802e+00  3.648112538e+00
  3.642912215e+00  3.637000033e+00  3.630382667e+00  3.623064079e+00
  3.615046402e+00  3.606330681e+00  3.596917380e+00  3.586806687e+00
  3.575998670e+00  3.564493353e+00  3.552290740e+00  3.539390835e+00
  3.525793638e+00  3.511499148e+00  3.496507366e+00  3.480818292e+00
  3.464431926e+00  3.447348268e+00  3.429567318e+00  3.411089075e+00
  3.391913541e+00  3.372040714e+00  3.351470595e+00  3.330203184e+00
  3.308238481e+00  3.285576485e+00  3.262217197e+00  3.238160617e+00
  3.213406745e+00  3.187955581e+00  3.161807125e+00  3.134961376e+00
  3.107418336e+00  3.079178003e+00  3.050240377e+00  3.020605460e+00
  2.990273250e+00  2.959243749e+00  2.927516955e+00  2.895092869e+00
  2.861971491e+00  2.828152821e+00  2.793636859e+00  2.758423604e+00
  2.722513057e+00  2.685905218e+00  2.648600087e+00  2.610597664e+00
  2.571897948e+00  2.532500940e+00  2.492406640e+00  2.451615048e+00
  2.410126164e+00  2.367939988e+00  2.325056519e+00  2.281475759e+00
  2.237197706e+00  2.192222361e+00  2.146549723e+00  2.100179794e+00
  2.053112573e+00  2.005348059e+00  1.956886253e+00  1.907727155e+00
  1.857870765e+00  1.807317083e+00  1.756066108e+00  1.704117841e+00
  1.651472282e+00  1.598129431e+00  1.544089288e+00  1.489351853e+00
  1.433917125e+00  1.377785107e+00  1.320955805e+00  1.263429249e+00
  1.205205576e+00  1.146285301e+00  1.086670179e+00  1.026365581e+00
  9.653863524e-01  9.037697256e-01  8.416007023e-01  7.790563717e-01
  7.164739941e-01  6.544411073e-01  5.938945006e-01  5.361973093e-01
  4.831510702e-01  4.369689567e-01  3.997522014e-01  3.740548878e-01
  3.645009931e-01
@R CURBEAM 101 []
  0.000000000e+00  0.000000000e+00  0.000000000e+00  0.000000000e+00
  0.000000000e+00  0.000000000e+00  0.000000000e+00  0.000000000e+00
  0.000000000e+00  0.000000000e+00  0.000000000e+00  0.000000000e+00
  0.000000000e+00  0.000000000e+00  0.000000000e+00  0.000000000e+00
  0.000000000e+00  0.000000000e+00  0.000000000e+00  0.000000000e+00
  0.000000000e+00  0.000000000e+00  0.000000000e+00  0.000000000e+00
  0.000000000e+00  0.000000000e+00  0.000000000e+00  0.000000000e+00
  0.000000000e+00  0.000000000e+00  0.000000000e+00  0.000000000e+00
  0.000000000e+00  0.000000000e+00  0.000000000e+00  0.000000000e+00
  0.000000000e+00  0.000000000e+00  0.000000000e+00  0.000000000e+00
  0.000000000e+00  0.000000000e+00  0.000000000e+00  0.000000000e+00
  0.000000000e+00  0.000000000e+00  0.000000000e+00  0.000000000e+00
  0.000000000e+00  0.000000000e+00  0.000000000e+00  0.000000000e+00
  0.000000000e+00  0.000000000e+00  0.000000000e+00  0.000000000e+00
  0.000000000e+00  0.000000000e+00  0.000000000e+00  0.000000000e+00
  0.000000000e+00  0.000000000e+00  0.000000000e+00  0.000000000e+00
  0.000000000e+00  0.000000000e+00  0.000000000e+00  0.000000000e+00
  0.000000000e+00  0.000000000e+00  0.000000000e+00  0.000000000e+00
  0.000000000e+00  0.000000000e+00  0.000000000e+00  0.000000000e+00
  0.000000000e+00  0.000000000e+00  0.000000000e+00  0.000000000e+00
  0.000000000e+00  0.000000000e+00  0.000000000e+00  0.000000000e+00
  0.000000000e+00  0.000000000e+00  0.000000000e+00  0.000000000e+00
  0.000000000e+00  0.000000000e+00  0.000000000e+00  0.000000000e+00
  0.000000000e+00  0.000000000e+00  0.000000000e+00  0.000000000e+00
  0.000000000e+00  0.000000000e+00  0.000000000e+00  0.000000000e+00
  0.000000000e+00
@R CURRF 101 []
  2.193072709e-01  1.966080392e-01  1.607180591e-01  1.744723502e-01
  2.156023145e-01  2.037001916e-01  1.590594810e-01  1.617451870e-01
  2.075955204e-01  2.336757931e-01  2.425986021e-01  2.604618002e-01
  2.564624889e-01  2.128175538e-01  1.700452249e-01  1.569648951e-01
  1.496249439e-01  1.279218475e-01  1.088643265e-01  1.034469818e-01
  9.720496992e-02  8.552191291e-02  8.196059453e-02  8.564724268e-02
  7.988085203e-02  6.481958229e-02  5.887584735e-02  6.676236446e-02
  7.365402124e-02  7.013295443e-02  6.478985674e-02  6.362725690e-02
  5.745178363e-02  4.205508503e-02  2.821301696e-02  2.527483780e-02
  2.771825009e-02  2.620332923e-02  2.160113062e-02  1.998617304e-02
  2.125575225e-02  2.049970412e-02  1.722715160e-02  1.550508211e-02
  1.618925043e-02  1.582578749e-02  1.315406575e-02  1.108939413e-02
  1.142437363e-02  1.200401909e-02  1.066327292e-02  8.523827697e-03
  7.677190786e-03  7.955852942e-03  7.783514384e-03  6.796155324e-03
  5.989735386e-03  5.901857385e-03  5.860774386e-03  5.306194266e-03
  4.632130340e-03  4.359496743e-03  4.417069203e-03  4.351715010e-03
  3.973323413e-03  3.548575955e-03  3.353020424e-03  3.298769635e-03
  3.198908062e-03  3.036557212e-03  2.837504396e-03  2.592590790e-03
  2.384779296e-03  2.367183178e-03  2.443569345e-03  2.423595947e-03
  2.263119718e-03  2.025241895e-03  1.837612660e-03  1.790496409e-03
  1.900193960e-03  2.035685369e-03  2.006656359e-03  1.748327927e-03
  1.502539551e-03  1.566830016e-03  1.903651697e-03  2.162635190e-03
  2.038350567e-03  1.690646896e-03  1.437514076e-03  1.472536576e-03
  1.848901216e-03  2.328728464e-03  2.314283333e-03  1.595746419e-03
  6.595592377e-04  7.626300221e-05  4.198603118e-05  2.834399041e-04
  4.272818007e-04
@R CURBOOT 101 []
  0.000000000e+00  0.000000000e+00  0.000000000e+00  0.000000000e+00
  0.000000000e+00  0.000000000e+00  0.000000000e+00  0.000000000e+00
  0.000000000e+00  0.000000000e+00  0.000000000e+00  0.000000000e+00
  0.000000000e+00  0.000000000e+00  0.000000000e+00  0.000000000e+00
  0.000000000e+00  0.000000000e+00  0.000000000e+00  0.000000000e+00
  0.000000000e+00  0.000000000e+00  0.000000000e+00  0.000000000e+00
  0.000000000e+00  0.000000000e+00  0.000000000e+00  0.000000000e+00
  0.000000000e+00  0.000000000e+00  0.000000000e+00  0.000000000e+00
  0.000000000e+00  0.000000000e+00  0.000000000e+00  0.000000000e+00
  0.000000000e+00  0.000000000e+00  0.000000000e+00  0.000000000e+00
  0.000000000e+00  0.000000000e+00  0.000000000e+00  0.000000000e+00
  0.000000000e+00  0.000000000e+00  0.000000000e+00  0.000000000e+00
  0.000000000e+00  0.000000000e+00  0.000000000e+00  0.000000000e+00
  0.000000000e+00  0.000000000e+00  0.000000000e+00  0.000000000e+00
  0.000000000e+00  0.000000000e+00  0.000000000e+00  0.000000000e+00
  0.000000000e+00  0.000000000e+00  0.000000000e+00  0.000000000e+00
  0.000000000e+00  0.000000000e+00  0.000000000e+00  0.000000000e+00
  0.000000000e+00  0.000000000e+00  0.000000000e+00  0.000000000e+00
  0.000000000e+00  0.000000000e+00  0.000000000e+00  0.000000000e+00
  0.000000000e+00  0.000000000e+00  0.000000000e+00  0.000000000e+00
  0.000000000e+00  0.000000000e+00  0.000000000e+00  0.000000000e+00
  0.000000000e+00  0.000000000e+00  0.000000000e+00  0.000000000e+00
  0.000000000e+00  0.000000000e+00  0.000000000e+00  0.000000000e+00
  0.000000000e+00  0.000000000e+00  0.000000000e+00  0.000000000e+00
  0.000000000e+00  0.000000000e+00  0.000000000e+00  0.000000000e+00
  0.000000000e+00
@R ENBEAM 101 []
  0.000000000e+00  0.000000000e+00  0.000000000e+00  0.000000000e+00
  0.000000000e+00  0.000000000e+00  0.000000000e+00  0.000000000e+00
  0.000000000e+00  0.000000000e+00  0.000000000e+00  0.000000000e+00
  0.000000000e+00  0.000000000e+00  0.000000000e+00  0.000000000e+00
  0.000000000e+00  0.000000000e+00  0.000000000e+00  0.000000000e+00
  0.000000000e+00  0.000000000e+00  0.000000000e+00  0.000000000e+00
  0.000000000e+00  0.000000000e+00  0.000000000e+00  0.000000000e+00
  0.000000000e+00  0.000000000e+00  0.000000000e+00  0.000000000e+00
  0.000000000e+00  0.000000000e+00  0.000000000e+00  0.000000000e+00
  0.000000000e+00  0.000000000e+00  0.000000000e+00  0.000000000e+00
  0.000000000e+00  0.000000000e+00  0.000000000e+00  0.000000000e+00
  0.000000000e+00  0.000000000e+00  0.000000000e+00  0.000000000e+00
  0.000000000e+00  0.000000000e+00  0.000000000e+00  0.000000000e+00
  0.000000000e+00  0.000000000e+00  0.000000000e+00  0.000000000e+00
  0.000000000e+00  0.000000000e+00  0.000000000e+00  0.000000000e+00
  0.000000000e+00  0.000000000e+00  0.000000000e+00  0.000000000e+00
  0.000000000e+00  0.000000000e+00  0.000000000e+00  0.000000000e+00
  0.000000000e+00  0.000000000e+00  0.000000000e+00  0.000000000e+00
  0.000000000e+00  0.000000000e+00  0.000000000e+00  0.000000000e+00
  0.000000000e+00  0.000000000e+00  0.000000000e+00  0.000000000e+00
  0.000000000e+00  0.000000000e+00  0.000000000e+00  0.000000000e+00
  0.000000000e+00  0.000000000e+00  0.000000000e+00  0.000000000e+00
  0.000000000e+00  0.000000000e+00  0.000000000e+00  0.000000000e+00
  0.000000000e+00  0.000000000e+00  0.000000000e+00  0.000000000e+00
  0.000000000e+00  0.000000000e+00  0.000000000e+00  0.000000000e+00
  0.000000000e+00
@R WBEAM 101 []
  0.000000000e+00  0.000000000e+00  0.000000000e+00  0.000000000e+00
  0.000000000e+00  0.000000000e+00  0.000000000e+00  0.000000000e+00
  0.000000000e+00  0.000000000e+00  0.000000000e+00  0.000000000e+00
  0.000000000e+00  0.000000000e+00  0.000000000e+00  0.000000000e+00
  0.000000000e+00  0.000000000e+00  0.000000000e+00  0.000000000e+00
  0.000000000e+00  0.000000000e+00  0.000000000e+00  0.000000000e+00
  0.000000000e+00  0.000000000e+00  0.000000000e+00  0.000000000e+00
  0.000000000e+00  0.000000000e+00  0.000000000e+00  0.000000000e+00
  0.000000000e+00  0.000000000e+00  0.000000000e+00  0.000000000e+00
  0.000000000e+00  0.000000000e+00  0.000000000e+00  0.000000000e+00
  0.000000000e+00  0.000000000e+00  0.000000000e+00  0.000000000e+00
  0.000000000e+00  0.000000000e+00  0.000000000e+00  0.000000000e+00
  0.000000000e+00  0.000000000e+00  0.000000000e+00  0.000000000e+00
  0.000000000e+00  0.000000000e+00  0.000000000e+00  0.000000000e+00
  0.000000000e+00  0.000000000e+00  0.000000000e+00  0.000000000e+00
  0.000000000e+00  0.000000000e+00  0.000000000e+00  0.000000000e+00
  0.000000000e+00  0.000000000e+00  0.000000000e+00  0.000000000e+00
  0.000000000e+00  0.000000000e+00  0.000000000e+00  0.000000000e+00
  0.000000000e+00  0.000000000e+00  0.000000000e+00  0.000000000e+00
  0.000000000e+00  0.000000000e+00  0.000000000e+00  0.000000000e+00
  0.000000000e+00  0.000000000e+00  0.000000000e+00  0.000000000e+00
  0.000000000e+00  0.000000000e+00  0.000000000e+00  0.000000000e+00
  0.000000000e+00  0.000000000e+00  0.000000000e+00  0.000000000e+00
  0.000000000e+00  0.000000000e+00  0.000000000e+00  0.000000000e+00
  0.000000000e+00  0.000000000e+00  0.000000000e+00  0.000000000e+00
  0.000000000e+00
@R QBEAME 101 []
  0.000000000e+00  0.000000000e+00  0.000000000e+00  0.000000000e+00
  0.000000000e+00  0.000000000e+00  0.000000000e+00  0.000000000e+00
  0.000000000e+00  0.000000000e+00  0.000000000e+00  0.000000000e+00
  0.000000000e+00  0.000000000e+00  0.000000000e+00  0.000000000e+00
  0.000000000e+00  0.000000000e+00  0.000000000e+00  0.000000000e+00
  0.000000000e+00  0.000000000e+00  0.000000000e+00  0.000000000e+00
  0.000000000e+00  0.000000000e+00  0.000000000e+00  0.000000000e+00
  0.000000000e+00  0.000000000e+00  0.000000000e+00  0.000000000e+00
  0.000000000e+00  0.000000000e+00  0.000000000e+00  0.000000000e+00
  0.000000000e+00  0.000000000e+00  0.000000000e+00  0.000000000e+00
  0.000000000e+00  0.000000000e+00  0.000000000e+00  0.000000000e+00
  0.000000000e+00  0.000000000e+00  0.000000000e+00  0.000000000e+00
  0.000000000e+00  0.000000000e+00  0.000000000e+00  0.000000000e+00
  0.000000000e+00  0.000000000e+00  0.000000000e+00  0.000000000e+00
  0.000000000e+00  0.000000000e+00  0.000000000e+00  0.000000000e+00
  0.000000000e+00  0.000000000e+00  0.000000000e+00  0.000000000e+00
  0.000000000e+00  0.000000000e+00  0.000000000e+00  0.000000000e+00
  0.000000000e+00  0.000000000e+00  0.000000000e+00  0.000000000e+00
  0.000000000e+00  0.000000000e+00  0.000000000e+00  0.000000000e+00
  0.000000000e+00  0.000000000e+00  0.000000000e+00  0.000000000e+00
  0.000000000e+00  0.000000000e+00  0.000000000e+00  0.000000000e+00
  0.000000000e+00  0.000000000e+00  0.000000000e+00  0.000000000e+00
  0.000000000e+00  0.000000000e+00  0.000000000e+00  0.000000000e+00
  0.000000000e+00  0.000000000e+00  0.000000000e+00  0.000000000e+00
  0.000000000e+00  0.000000000e+00  0.000000000e+00  0.000000000e+00
  0.000000000e+00
@R QBEAMI 101 []
  0.000000000e+00  0.000000000e+00  0.000000000e+00  0.000000000e+00
  0.000000000e+00  0.000000000e+00  0.000000000e+00  0.000000000e+00
  0.000000000e+00  0.000000000e+00  0.000000000e+00  0.000000000e+00
  0.000000000e+00  0.000000000e+00  0.000000000e+00  0.000000000e+00
  0.000000000e+00  0.000000000e+00  0.000000000e+00  0.000000000e+00
  0.000000000e+00  0.000000000e+00  0.000000000e+00  0.000000000e+00
  0.000000000e+00  0.000000000e+00  0.000000000e+00  0.000000000e+00
  0.000000000e+00  0.000000000e+00  0.000000000e+00  0.000000000e+00
  0.000000000e+00  0.000000000e+00  0.000000000e+00  0.000000000e+00
  0.000000000e+00  0.000000000e+00  0.000000000e+00  0.000000000e+00
  0.000000000e+00  0.000000000e+00  0.000000000e+00  0.000000000e+00
  0.000000000e+00  0.000000000e+00  0.000000000e+00  0.000000000e+00
  0.000000000e+00  0.000000000e+00  0.000000000e+00  0.000000000e+00
  0.000000000e+00  0.000000000e+00  0.000000000e+00  0.000000000e+00
  0.000000000e+00  0.000000000e+00  0.000000000e+00  0.000000000e+00
  0.000000000e+00  0.000000000e+00  0.000000000e+00  0.000000000e+00
  0.000000000e+00  0.000000000e+00  0.000000000e+00  0.000000000e+00
  0.000000000e+00  0.000000000e+00  0.000000000e+00  0.000000000e+00
  0.000000000e+00  0.000000000e+00  0.000000000e+00  0.000000000e+00
  0.000000000e+00  0.000000000e+00  0.000000000e+00  0.000000000e+00
  0.000000000e+00  0.000000000e+00  0.000000000e+00  0.000000000e+00
  0.000000000e+00  0.000000000e+00  0.000000000e+00  0.000000000e+00
  0.000000000e+00  0.000000000e+00  0.000000000e+00  0.000000000e+00
  0.000000000e+00  0.000000000e+00  0.000000000e+00  0.000000000e+00
  0.000000000e+00  0.000000000e+00  0.000000000e+00  0.000000000e+00
  0.000000000e+00
@R ENALP 101 []
  0.000000000e+00  0.000000000e+00  0.000000000e+00  0.000000000e+00
  0.000000000e+00  0.000000000e+00  0.000000000e+00  0.000000000e+00
  0.000000000e+00  0.000000000e+00  0.000000000e+00  0.000000000e+00
  0.000000000e+00  0.000000000e+00  0.000000000e+00  0.000000000e+00
  0.000000000e+00  0.000000000e+00  0.000000000e+00  0.000000000e+00
  0.000000000e+00  0.000000000e+00  0.000000000e+00  0.000000000e+00
  0.000000000e+00  0.000000000e+00  0.000000000e+00  0.000000000e+00
  0.000000000e+00  0.000000000e+00  0.000000000e+00  0.000000000e+00
  0.000000000e+00  0.000000000e+00  0.000000000e+00  0.000000000e+00
  0.000000000e+00  0.000000000e+00  0.000000000e+00  0.000000000e+00
  0.000000000e+00  0.000000000e+00  0.000000000e+00  0.000000000e+00
  0.000000000e+00  0.000000000e+00  0.000000000e+00  0.000000000e+00
  0.000000000e+00  0.000000000e+00  0.000000000e+00  0.000000000e+00
  0.000000000e+00  0.000000000e+00  0.000000000e+00  0.000000000e+00
  0.000000000e+00  0.000000000e+00  0.000000000e+00  0.000000000e+00
  0.000000000e+00  0.000000000e+00  0.000000000e+00  0.000000000e+00
  0.000000000e+00  0.000000000e+00  0.000000000e+00  0.000000000e+00
  0.000000000e+00  0.000000000e+00  0.000000000e+00  0.000000000e+00
  0.000000000e+00  0.000000000e+00  0.000000000e+00  0.000000000e+00
  0.000000000e+00  0.000000000e+00  0.000000000e+00  0.000000000e+00
  0.000000000e+00  0.000000000e+00  0.000000000e+00  0.000000000e+00
  0.000000000e+00  0.000000000e+00  0.000000000e+00  0.000000000e+00
  0.000000000e+00  0.000000000e+00  0.000000000e+00  0.000000000e+00
  0.000000000e+00  0.000000000e+00  0.000000000e+00  0.000000000e+00
  0.000000000e+00  0.000000000e+00  0.000000000e+00  0.000000000e+00
  0.000000000e+00
@R WALP 101 []
  0.000000000e+00  0.000000000e+00  0.000000000e+00  0.000000000e+00
  0.000000000e+00  0.000000000e+00  0.000000000e+00  0.000000000e+00
  0.000000000e+00  0.000000000e+00  0.000000000e+00  0.000000000e+00
  0.000000000e+00  0.000000000e+00  0.000000000e+00  0.000000000e+00
  0.000000000e+00  0.000000000e+00  0.000000000e+00  0.000000000e+00
  0.000000000e+00  0.000000000e+00  0.000000000e+00  0.000000000e+00
  0.000000000e+00  0.000000000e+00  0.000000000e+00  0.000000000e+00
  0.000000000e+00  0.000000000e+00  0.000000000e+00  0.000000000e+00
  0.000000000e+00  0.000000000e+00  0.000000000e+00  0.000000000e+00
  0.000000000e+00  0.000000000e+00  0.000000000e+00  0.000000000e+00
  0.000000000e+00  0.000000000e+00  0.000000000e+00  0.000000000e+00
  0.000000000e+00  0.000000000e+00  0.000000000e+00  0.000000000e+00
  0.000000000e+00  0.000000000e+00  0.000000000e+00  0.000000000e+00
  0.000000000e+00  0.000000000e+00  0.000000000e+00  0.000000000e+00
  0.000000000e+00  0.000000000e+00  0.000000000e+00  0.000000000e+00
  0.000000000e+00  0.000000000e+00  0.000000000e+00  0.000000000e+00
  0.000000000e+00  0.000000000e+00  0.000000000e+00  0.000000000e+00
  0.000000000e+00  0.000000000e+00  0.000000000e+00  0.000000000e+00
  0.000000000e+00  0.000000000e+00  0.000000000e+00  0.000000000e+00
  0.000000000e+00  0.000000000e+00  0.000000000e+00  0.000000000e+00
  0.000000000e+00  0.000000000e+00  0.000000000e+00  0.000000000e+00
  0.000000000e+00  0.000000000e+00  0.000000000e+00  0.000000000e+00
  0.000000000e+00  0.000000000e+00  0.000000000e+00  0.000000000e+00
  0.000000000e+00  0.000000000e+00  0.000000000e+00  0.000000000e+00
  0.000000000e+00  0.000000000e+00  0.000000000e+00  0.000000000e+00
  0.000000000e+00
@R QTFUSE 101 []
  1.841722219e+00  1.840057045e+00  1.835097116e+00  1.828193293e+00
  1.820804079e+00  1.813174068e+00  1.805278821e+00  1.796630456e+00
  1.786448069e+00  1.773876060e+00  1.757977642e+00  1.737934243e+00
  1.713499067e+00  1.684982063e+00  1.652882042e+00  1.617743230e+00
  1.580126031e+00  1.540560503e+00  1.499579419e+00  1.457769305e+00
  1.415648857e+00  1.373431106e+00  1.331074995e+00  1.288564341e+00
  1.245952642e+00  1.203328673e+00  1.160849517e+00  1.118674973e+00
  1.076900772e+00  1.035587525e+00  9.947770636e-01  9.544786942e-01
  9.146972778e-01  8.754618248e-01  8.368126424e-01  7.988088309e-01
  7.615584186e-01  7.251859541e-01  6.897840401e-01  6.554224825e-01
  6.221595794e-01  5.900335968e-01  5.590681175e-01  5.292851591e-01
  5.007049236e-01  4.733474570e-01  4.472338326e-01  4.223623778e-01
  3.986985424e-01  3.761944685e-01  3.547920686e-01  3.344183001e-01
  3.150056372e-01  2.965073173e-01  2.788854922e-01  2.621018680e-01
  2.461230892e-01  2.309296338e-01  2.165128975e-01  2.028643057e-01
  1.899764198e-01  1.778437060e-01  1.664476227e-01  1.557520670e-01
  1.457157824e-01  1.362957574e-01  1.274437538e-01  1.191135740e-01
  1.112681102e-01  1.038755936e-01  9.690716819e-02  9.033850922e-02
  8.414911043e-02  7.831954002e-02  7.283069752e-02  6.766476040e-02
  6.280527701e-02  5.823651814e-02  5.394293936e-02  4.990940015e-02
  4.612119693e-02  4.256380325e-02  3.922370986e-02  3.608912512e-02
  3.314934337e-02  3.039407295e-02  2.781388080e-02  2.540067867e-02
  2.314685606e-02  2.104357436e-02  1.908121066e-02  1.724706075e-02
  1.551424482e-02  1.383306163e-02  1.213146207e-02  9.501899722e-03
  5.452250317e-03  1.908072649e-03  3.435218531e-04  1.848900898e-05
  1.219906324e-07
@R QTFUSI 101 []
  8.350353283e-01  8.336906290e-01  8.297080765e-01  8.237604339e-01
  8.165751981e-01  8.083447370e-01  7.991369439e-01  7.888103402e-01
  7.770988272e-01  7.637172531e-01  7.484158332e-01  7.311220319e-01
  7.120283204e-01  6.914657516e-01  6.697828054e-01  6.472919876e-01
  6.242065251e-01  6.006807219e-01  5.769084742e-01  5.531257531e-01
  5.295480218e-01  5.063037029e-01  4.834361415e-01  4.609768346e-01
  4.389678774e-01  4.174591949e-01  3.965139277e-01  3.761797757e-01
  3.564715682e-01  3.373898728e-01  3.189276209e-01  3.010666292e-01
  2.837935643e-01  2.671104476e-01  2.510244168e-01  2.355465543e-01
  2.207002543e-01  2.065106677e-01  1.929904984e-01  1.801435967e-01
  1.679679747e-01  1.564529432e-01  1.455829565e-01  1.353433567e-01
  1.257194836e-01  1.166968069e-01  1.082613104e-01  1.003918031e-01
  9.305734822e-02  8.622429395e-02  7.985783615e-02  7.392078100e-02
  6.837929541e-02  6.320684720e-02  5.838056343e-02  5.387880356e-02
  4.968258225e-02  4.577675274e-02  4.214850384e-02  3.878515774e-02
  3.567467768e-02  3.280575625e-02  3.016470379e-02  2.773479111e-02
  2.549909466e-02  2.344123562e-02  2.154466798e-02  1.979413146e-02
  1.817695684e-02  1.668217223e-02  1.529992720e-02  1.402173318e-02
  1.284020124e-02  1.174844380e-02  1.073993706e-02  9.808680924e-03
  8.949183199e-03  8.156312000e-03  7.425191872e-03  6.751242561e-03
  6.130153279e-03  5.557828931e-03  5.030572768e-03  4.545182610e-03
  4.098768516e-03  3.688628114e-03  3.312318856e-03  2.967678609e-03
  2.652658279e-03  2.365116734e-03  2.102964281e-03  1.863907797e-03
  1.644042420e-03  1.437046336e-03  1.234724620e-03  9.347086711e-04
  4.980445833e-04  1.509680941e-04  2.156206866e-05  7.396182231e-07
  2.199284567e-09
@R QRFE 101 []
  3.918644756e-01  3.304668421e-01  2.546371491e-01  2.860810245e-01
  3.485509265e-01  3.210720223e-01  2.551978435e-01  2.755916274e-01
  3.580205351e-01  4.029401673e-01  4.272762223e-01  4.656792194e-01
  4.564535095e-01  3.786286250e-01  3.093128145e-01  2.915386731e-01
  2.778760308e-01  2.386991438e-01  2.081724374e-01  2.011377970e-01
  1.892882088e-01  1.694682231e-01  1.681251355e-01  1.776812057e-01
  1.645887703e-01  1.352358133e-01  1.288574770e-01  1.514372646e-01
  1.701141140e-01  1.660136120e-01  1.624784536e-01  1.756212554e-01
  1.778014748e-01  1.529610139e-01  1.279828998e-01  1.263125574e-01
  1.332974648e-01  1.267606266e-01  1.105301793e-01  9.924791250e-02
  9.244478984e-02  8.096740725e-02  6.686712516e-02  6.000451236e-02
  5.993312538e-02  5.659468102e-02  4.800166975e-02  4.278517866e-02
  4.431134881e-02  4.500887570e-02  3.933740722e-02  3.195925229e-02
  2.916139776e-02  2.976035377e-02  2.918494076e-02  2.714469466e-02
  2.623726120e-02  2.644393654e-02  2.549012607e-02  2.258310079e-02
  1.956191684e-02  1.830595087e-02  1.819315052e-02  1.740999229e-02
  1.541584698e-02  1.342503165e-02  1.253330416e-02  1.235540598e-02
  1.204050943e-02  1.134811881e-02  1.048349489e-02  9.706254896e-03
  9.363047701e-03  9.403658015e-03  9.339592231e-03  8.884804667e-03
  8.104888706e-03  7.370162404e-03  6.992799501e-03  7.074633312e-03
  7.484654338e-03  7.759294182e-03  7.394922553e-03  6.417543141e-03
  5.667081667e-03  5.942568831e-03  7.009535715e-03  7.695051311e-03
  7.137715869e-03  5.850928411e-03  4.942253470e-03  5.238339470e-03
  6.722410280e-03  8.201416334e-03  7.802136234e-03  5.284985425e-03
  2.450082693e-03  8.917237428e-04  7.479430052e-04  9.403354230e-04
  9.649110458e-04
@R QRFI 101 []
  1.328083552e+00  1.383539882e+00  1.915457265e+00  2.646040471e+00
  2.624441505e+00  2.144881924e+00  2.224018184e+00  2.723727261e+00
  2.684066817e+00  2.190517713e+00  2.018762170e+00  2.071513018e+00
  1.958688197e+00  1.707981263e+00  1.396962218e+00  1.149927141e+00
  1.013108390e+00  8.530011588e-01  5.907082287e-01  3.365945198e-01
  2.338798506e-01  2.844167239e-01  3.452577779e-01  3.368589706e-01
  3.119130378e-01  2.907048265e-01  2.665758611e-01  2.612100984e-01
  2.577760918e-01  2.163561752e-01  1.702535045e-01  1.761163873e-01
  2.017387807e-01  1.894894803e-01  1.551691154e-01  1.381995450e-01
  1.332526965e-01  1.223102613e-01  1.121140255e-01  1.030667252e-01
  8.482518511e-02  6.441235336e-02  5.303420626e-02  4.988769986e-02
  4.971661849e-02  4.923685812e-02  4.357294253e-02  3.233934244e-02
  2.312896398e-02  2.052345836e-02  2.148531430e-02  2.310690746e-02
  2.498296152e-02  2.579807107e-02  2.488993442e-02  2.357493487e-02
  2.146500879e-02  1.650512640e-02  9.713827882e-03  5.294276746e-03
  5.208024299e-03  7.022115363e-03  7.637625690e-03  6.628472786e-03
  5.408402253e-03  4.638095268e-03  4.007257076e-03  3.955812731e-03
  5.302386894e-03  6.995336474e-03  6.774187205e-03  4.639440378e-03
  3.208463501e-03  3.889460911e-03  5.112318123e-03  5.174827852e-03
  4.552868839e-03  4.326377959e-03  4.241784111e-03  3.663112812e-03
  2.830092276e-03  2.319398699e-03  2.322655560e-03  2.776119914e-03
  3.554547680e-03  4.282514210e-03  4.438264569e-03  3.886246509e-03
  2.961083657e-03  2.034697405e-03  1.283529981e-03  8.213608782e-04
  7.103195830e-04  7.509711973e-04  6.590929171e-04  4.014121661e-04
  1.718860213e-04  1.014476898e-04  1.398820523e-04  2.017732686e-04
  2.328776426e-04
@R QRAD 101 []
 -0.000000000e+00 -0.000000000e+00 -0.000000000e+00 -0.000000000e+00
 -0.000000000e+00 -0.000000000e+00 -0.000000000e+00 -0.000000000e+00
 -0.000000000e+00 -0.000000000e+00 -0.000000000e+00 -0.000000000e+00
 -0.000000000e+00 -0.000000000e+00 -0.000000000e+00 -0.000000000e+00
 -0.000000000e+00 -0.000000000e+00 -0.000000000e+00 -0.000000000e+00
 -0.000000000e+00 -0.000000000e+00 -0.000000000e+00 -0.000000000e+00
 -0.000000000e+00 -0.000000000e+00 -0.000000000e+00 -0.000000000e+00
 -0.000000000e+00 -0.000000000e+00 -0.000000000e+00 -0.000000000e+00
 -0.000000000e+00 -0.000000000e+00 -0.000000000e+00 -0.000000000e+00
 -0.000000000e+00 -0.000000000e+00 -0.000000000e+00 -0.000000000e+00
 -0.000000000e+00 -0.000000000e+00 -0.000000000e+00 -0.000000000e+00
 -0.000000000e+00 -0.000000000e+00 -0.000000000e+00 -0.000000000e+00
 -0.000000000e+00 -0.000000000e+00 -0.000000000e+00 -0.000000000e+00
 -0.000000000e+00 -0.000000000e+00 -0.000000000e+00 -0.000000000e+00
 -0.000000000e+00 -0.000000000e+00 -0.000000000e+00 -0.000000000e+00
 -0.000000000e+00 -0.000000000e+00 -0.000000000e+00 -0.000000000e+00
 -0.000000000e+00 -0.000000000e+00 -0.000000000e+00 -0.000000000e+00
 -0.000000000e+00 -0.000000000e+00 -0.000000000e+00 -0.000000000e+00
 -0.000000000e+00 -0.000000000e+00 -0.000000000e+00 -0.000000000e+00
 -0.000000000e+00 -0.000000000e+00 -0.000000000e+00 -0.000000000e+00
 -0.000000000e+00 -0.000000000e+00 -0.000000000e+00 -0.000000000e+00
 -0.000000000e+00 -0.000000000e+00 -0.000000000e+00 -0.000000000e+00
 -0.000000000e+00 -0.000000000e+00 -0.000000000e+00 -0.000000000e+00
 -0.000000000e+00 -0.000000000e+00 -0.000000000e+00 -0.000000000e+00
 -0.000000000e+00 -0.000000000e+00 -0.000000000e+00 -0.000000000e+00
 -0.000000000e+00
@R QOHM 101 []
  0.000000000e+00  0.000000000e+00  0.000000000e+00  0.000000000e+00
  0.000000000e+00  0.000000000e+00  0.000000000e+00  0.000000000e+00
  0.000000000e+00  0.000000000e+00  0.000000000e+00  0.000000000e+00
  0.000000000e+00  0.000000000e+00  0.000000000e+00  0.000000000e+00
  0.000000000e+00  0.000000000e+00  0.000000000e+00  0.000000000e+00
  0.000000000e+00  0.000000000e+00  0.000000000e+00  0.000000000e+00
  0.000000000e+00  0.000000000e+00  0.000000000e+00  0.000000000e+00
  0.000000000e+00  0.000000000e+00  0.000000000e+00  0.000000000e+00
  0.000000000e+00  0.000000000e+00  0.000000000e+00  0.000000000e+00
  0.000000000e+00  0.000000000e+00  0.000000000e+00  0.000000000e+00
  0.000000000e+00  0.000000000e+00  0.000000000e+00  0.000000000e+00
  0.000000000e+00  0.000000000e+00  0.000000000e+00  0.000000000e+00
  0.000000000e+00  0.000000000e+00  0.000000000e+00  0.000000000e+00
  0.000000000e+00  0.000000000e+00  0.000000000e+00  0.000000000e+00
  0.000000000e+00  0.000000000e+00  0.000000000e+00  0.000000000e+00
  0.000000000e+00  0.000000000e+00  0.000000000e+00  0.000000000e+00
  0.000000000e+00  0.000000000e+00  0.000000000e+00  0.000000000e+00
  0.000000000e+00  0.000000000e+00  0.000000000e+00  0.000000000e+00
  0.000000000e+00  0.000000000e+00  0.000000000e+00  0.000000000e+00
  0.000000000e+00  0.000000000e+00  0.000000000e+00  0.000000000e+00
  0.000000000e+00  0.000000000e+00  0.000000000e+00  0.000000000e+00
  0.000000000e+00  0.000000000e+00  0.000000000e+00  0.000000000e+00
  0.000000000e+00  0.000000000e+00  0.000000000e+00  0.000000000e+00
  0.000000000e+00  0.000000000e+00  0.000000000e+00  0.000000000e+00
  0.000000000e+00  0.000000000e+00  0.000000000e+00  0.000000000e+00
  0.000000000e+00
@R QIONE 101 []
  0.000000000e+00  0.000000000e+00  0.000000000e+00  0.000000000e+00
  0.000000000e+00  0.000000000e+00  0.000000000e+00  0.000000000e+00
  0.000000000e+00  0.000000000e+00  0.000000000e+00  0.000000000e+00
  0.000000000e+00  0.000000000e+00  0.000000000e+00  0.000000000e+00
  0.000000000e+00  0.000000000e+00  0.000000000e+00  0.000000000e+00
  0.000000000e+00  0.000000000e+00  0.000000000e+00  0.000000000e+00
  0.000000000e+00  0.000000000e+00  0.000000000e+00  0.000000000e+00
  0.000000000e+00  0.000000000e+00  0.000000000e+00  0.000000000e+00
  0.000000000e+00  0.000000000e+00  0.000000000e+00  0.000000000e+00
  0.000000000e+00  0.000000000e+00  0.000000000e+00  0.000000000e+00
  0.000000000e+00  0.000000000e+00  0.000000000e+00  0.000000000e+00
  0.000000000e+00  0.000000000e+00  0.000000000e+00  0.000000000e+00
  0.000000000e+00  0.000000000e+00  0.000000000e+00  0.000000000e+00
  0.000000000e+00  0.000000000e+00  0.000000000e+00  0.000000000e+00
  0.000000000e+00  0.000000000e+00  0.000000000e+00  0.000000000e+00
  0.000000000e+00  0.000000000e+00  0.000000000e+00  0.000000000e+00
  0.000000000e+00  0.000000000e+00  0.000000000e+00  0.000000000e+00
  0.000000000e+00  0.000000000e+00  0.000000000e+00  0.000000000e+00
  0.000000000e+00  0.000000000e+00  0.000000000e+00  0.000000000e+00
  0.000000000e+00  0.000000000e+00  0.000000000e+00  0.000000000e+00
  0.000000000e+00  0.000000000e+00  0.000000000e+00  0.000000000e+00
  0.000000000e+00  0.000000000e+00  0.000000000e+00  0.000000000e+00
  0.000000000e+00  0.000000000e+00  0.000000000e+00  0.000000000e+00
  0.000000000e+00  0.000000000e+00  0.000000000e+00  0.000000000e+00
  0.000000000e+00  0.000000000e+00  0.000000000e+00  0.000000000e+00
  0.000000000e+00
@R QIONI 101 []
  0.000000000e+00  0.000000000e+00  0.000000000e+00  0.000000000e+00
  0.000000000e+00  0.000000000e+00  0.000000000e+00  0.000000000e+00
  0.000000000e+00  0.000000000e+00  0.000000000e+00  0.000000000e+00
  0.000000000e+00  0.000000000e+00  0.000000000e+00  0.000000000e+00
  0.000000000e+00  0.000000000e+00  0.000000000e+00  0.000000000e+00
  0.000000000e+00  0.000000000e+00  0.000000000e+00  0.000000000e+00
  0.000000000e+00  0.000000000e+00  0.000000000e+00  0.000000000e+00
  0.000000000e+00  0.000000000e+00  0.000000000e+00  0.000000000e+00
  0.000000000e+00  0.000000000e+00  0.000000000e+00  0.000000000e+00
  0.000000000e+00  0.000000000e+00  0.000000000e+00  0.000000000e+00
  0.000000000e+00  0.000000000e+00  0.000000000e+00  0.000000000e+00
  0.000000000e+00  0.000000000e+00  0.000000000e+00  0.000000000e+00
  0.000000000e+00  0.000000000e+00  0.000000000e+00  0.000000000e+00
  0.000000000e+00  0.000000000e+00  0.000000000e+00  0.000000000e+00
  0.000000000e+00  0.000000000e+00  0.000000000e+00  0.000000000e+00
  0.000000000e+00  0.000000000e+00  0.000000000e+00  0.000000000e+00
  0.000000000e+00  0.000000000e+00  0.000000000e+00  0.000000000e+00
  0.000000000e+00  0.000000000e+00  0.000000000e+00  0.000000000e+00
  0.000000000e+00  0.000000000e+00  0.000000000e+00  0.000000000e+00
  0.000000000e+00  0.000000000e+00  0.000000000e+00  0.000000000e+00
  0.000000000e+00  0.000000000e+00  0.000000000e+00  0.000000000e+00
  0.000000000e+00  0.000000000e+00  0.000000000e+00  0.000000000e+00
  0.000000000e+00  0.000000000e+00  0.000000000e+00  0.000000000e+00
  0.000000000e+00  0.000000000e+00  0.000000000e+00  0.000000000e+00
  0.000000000e+00  0.000000000e+00  0.000000000e+00  0.000000000e+00
  0.000000000e+00
@R QCX 101 []
  0.000000000e+00  0.000000000e+00  0.000000000e+00  0.000000000e+00
  0.000000000e+00  0.000000000e+00  0.000000000e+00  0.000000000e+00
  0.000000000e+00  0.000000000e+00  0.000000000e+00  0.000000000e+00
  0.000000000e+00  0.000000000e+00  0.000000000e+00  0.000000000e+00
  0.000000000e+00  0.000000000e+00  0.000000000e+00  0.000000000e+00
  0.000000000e+00  0.000000000e+00  0.000000000e+00  0.000000000e+00
  0.000000000e+00  0.000000000e+00  0.000000000e+00  0.000000000e+00
  0.000000000e+00  0.000000000e+00  0.000000000e+00  0.000000000e+00
  0.000000000e+00  0.000000000e+00  0.000000000e+00  0.000000000e+00
  0.000000000e+00  0.000000000e+00  0.000000000e+00  0.000000000e+00
  0.000000000e+00  0.000000000e+00  0.000000000e+00  0.000000000e+00
  0.000000000e+00  0.000000000e+00  0.000000000e+00  0.000000000e+00
  0.000000000e+00  0.000000000e+00  0.000000000e+00  0.000000000e+00
  0.000000000e+00  0.000000000e+00  0.000000000e+00  0.000000000e+00
  0.000000000e+00  0.000000000e+00  0.000000000e+00  0.000000000e+00
  0.000000000e+00  0.000000000e+00  0.000000000e+00  0.000000000e+00
  0.000000000e+00  0.000000000e+00  0.000000000e+00  0.000000000e+00
  0.000000000e+00  0.000000000e+00  0.000000000e+00  0.000000000e+00
  0.000000000e+00  0.000000000e+00  0.000000000e+00  0.000000000e+00
  0.000000000e+00  0.000000000e+00  0.000000000e+00  0.000000000e+00
  0.000000000e+00  0.000000000e+00  0.000000000e+00  0.000000000e+00
  0.000000000e+00  0.000000000e+00  0.000000000e+00  0.000000000e+00
  0.000000000e+00  0.000000000e+00  0.000000000e+00  0.000000000e+00
  0.000000000e+00  0.000000000e+00  0.000000000e+00  0.000000000e+00
  0.000000000e+00  0.000000000e+00  0.000000000e+00  0.000000000e+00
  0.000000000e+00
@R STORQUEB 101 []
  0.000000000e+00  0.000000000e+00  0.000000000e+00  0.000000000e+00
  0.000000000e+00  0.000000000e+00  0.000000000e+00  0.000000000e+00
  0.000000000e+00  0.000000000e+00  0.000000000e+00  0.000000000e+00
  0.000000000e+00  0.000000000e+00  0.000000000e+00  0.000000000e+00
  0.000000000e+00  0.000000000e+00  0.000000000e+00  0.000000000e+00
  0.000000000e+00  0.000000000e+00  0.000000000e+00  0.000000000e+00
  0.000000000e+00  0.000000000e+00  0.000000000e+00  0.000000000e+00
  0.000000000e+00  0.000000000e+00  0.000000000e+00  0.000000000e+00
  0.000000000e+00  0.000000000e+00  0.000000000e+00  0.000000000e+00
  0.000000000e+00  0.000000000e+00  0.000000000e+00  0.000000000e+00
  0.000000000e+00  0.000000000e+00  0.000000000e+00  0.000000000e+00
  0.000000000e+00  0.000000000e+00  0.000000000e+00  0.000000000e+00
  0.000000000e+00  0.000000000e+00  0.000000000e+00  0.000000000e+00
  0.000000000e+00  0.000000000e+00  0.000000000e+00  0.000000000e+00
  0.000000000e+00  0.000000000e+00  0.000000000e+00  0.000000000e+00
  0.000000000e+00  0.000000000e+00  0.000000000e+00  0.000000000e+00
  0.000000000e+00  0.000000000e+00  0.000000000e+00  0.000000000e+00
  0.000000000e+00  0.000000000e+00  0.000000000e+00  0.000000000e+00
  0.000000000e+00  0.000000000e+00  0.000000000e+00  0.000000000e+00
  0.000000000e+00  0.000000000e+00  0.000000000e+00  0.000000000e+00
  0.000000000e+00  0.000000000e+00  0.000000000e+00  0.000000000e+00
  0.000000000e+00  0.000000000e+00  0.000000000e+00  0.000000000e+00
  0.000000000e+00  0.000000000e+00  0.000000000e+00  0.000000000e+00
  0.000000000e+00  0.000000000e+00  0.000000000e+00  0.000000000e+00
  0.000000000e+00  0.000000000e+00  0.000000000e+00  0.000000000e+00
  0.000000000e+00
@R STORQUE 101 []
  0.000000000e+00  0.000000000e+00  0.000000000e+00  0.000000000e+00
  0.000000000e+00  0.000000000e+00  0.000000000e+00  0.000000000e+00
  0.000000000e+00  0.000000000e+00  0.000000000e+00  0.000000000e+00
  0.000000000e+00  0.000000000e+00  0.000000000e+00  0.000000000e+00
  0.000000000e+00  0.000000000e+00  0.000000000e+00  0.000000000e+00
  0.000000000e+00  0.000000000e+00  0.000000000e+00  0.000000000e+00
  0.000000000e+00  0.000000000e+00  0.000000000e+00  0.000000000e+00
  0.000000000e+00  0.000000000e+00  0.000000000e+00  0.000000000e+00
  0.000000000e+00  0.000000000e+00  0.000000000e+00  0.000000000e+00
  0.000000000e+00  0.000000000e+00  0.000000000e+00  0.000000000e+00
  0.000000000e+00  0.000000000e+00  0.000000000e+00  0.000000000e+00
  0.000000000e+00  0.000000000e+00  0.000000000e+00  0.000000000e+00
  0.000000000e+00  0.000000000e+00  0.000000000e+00  0.000000000e+00
  0.000000000e+00  0.000000000e+00  0.000000000e+00  0.000000000e+00
  0.000000000e+00  0.000000000e+00  0.000000000e+00  0.000000000e+00
  0.000000000e+00  0.000000000e+00  0.000000000e+00  0.000000000e+00
  0.000000000e+00  0.000000000e+00  0.000000000e+00  0.000000000e+00
  0.000000000e+00  0.000000000e+00  0.000000000e+00  0.000000000e+00
  0.000000000e+00  0.000000000e+00  0.000000000e+00  0.000000000e+00
  0.000000000e+00  0.000000000e+00  0.000000000e+00  0.000000000e+00
  0.000000000e+00  0.000000000e+00  0.000000000e+00  0.000000000e+00
  0.000000000e+00  0.000000000e+00  0.000000000e+00  0.000000000e+00
  0.000000000e+00  0.000000000e+00  0.000000000e+00  0.000000000e+00
  0.000000000e+00  0.000000000e+00  0.000000000e+00  0.000000000e+00
  0.000000000e+00  0.000000000e+00  0.000000000e+00  0.000000000e+00
  0.000000000e+00
@R SION 101 []
  0.000000000e+00  0.000000000e+00  0.000000000e+00  0.000000000e+00
  0.000000000e+00  0.000000000e+00  0.000000000e+00  0.000000000e+00
  0.000000000e+00  0.000000000e+00  0.000000000e+00  0.000000000e+00
  0.000000000e+00  0.000000000e+00  0.000000000e+00  0.000000000e+00
  0.000000000e+00  0.000000000e+00  0.000000000e+00  0.000000000e+00
  0.000000000e+00  0.000000000e+00  0.000000000e+00  0.000000000e+00
  0.000000000e+00  0.000000000e+00  0.000000000e+00  0.000000000e+00
  0.000000000e+00  0.000000000e+00  0.000000000e+00  0.000000000e+00
  0.000000000e+00  0.000000000e+00  0.000000000e+00  0.000000000e+00
  0.000000000e+00  0.000000000e+00  0.000000000e+00  0.000000000e+00
  0.000000000e+00  0.000000000e+00  0.000000000e+00  0.000000000e+00
  0.000000000e+00  0.000000000e+00  0.000000000e+00  0.000000000e+00
  0.000000000e+00  0.000000000e+00  0.000000000e+00  0.000000000e+00
  0.000000000e+00  0.000000000e+00  0.000000000e+00  0.000000000e+00
  0.000000000e+00  0.000000000e+00  0.000000000e+00  0.000000000e+00
  0.000000000e+00  0.000000000e+00  0.000000000e+00  0.000000000e+00
  0.000000000e+00  0.000000000e+00  0.000000000e+00  0.000000000e+00
  0.000000000e+00  0.000000000e+00  0.000000000e+00  0.000000000e+00
  0.000000000e+00  0.000000000e+00  0.000000000e+00  0.000000000e+00
  0.000000000e+00  0.000000000e+00  0.000000000e+00  0.000000000e+00
  0.000000000e+00  0.000000000e+00  0.000000000e+00  0.000000000e+00
  0.000000000e+00  0.000000000e+00  0.000000000e+00  0.000000000e+00
  0.000000000e+00  0.000000000e+00  0.000000000e+00  0.000000000e+00
  0.000000000e+00  0.000000000e+00  0.000000000e+00  0.000000000e+00
  0.000000000e+00  0.000000000e+00  0.000000000e+00  0.000000000e+00
  0.000000000e+00
@R CHIE 101 []
  0.000000000e+00  0.000000000e+00  0.000000000e+00  0.000000000e+00
  0.000000000e+00  0.000000000e+00  0.000000000e+00  0.000000000e+00
  0.000000000e+00  0.000000000e+00  0.000000000e+00  0.000000000e+00
  0.000000000e+00  0.000000000e+00  0.000000000e+00  0.000000000e+00
  0.000000000e+00  0.000000000e+00  0.000000000e+00  0.000000000e+00
  0.000000000e+00  0.000000000e+00  0.000000000e+00  0.000000000e+00
  0.000000000e+00  0.000000000e+00  0.000000000e+00  0.000000000e+00
  0.000000000e+00  0.000000000e+00  0.000000000e+00  0.000000000e+00
  0.000000000e+00  0.000000000e+00  0.000000000e+00  0.000000000e+00
  0.000000000e+00  0.000000000e+00  0.000000000e+00  0.000000000e+00
  0.000000000e+00  0.000000000e+00  0.000000000e+00  0.000000000e+00
  0.000000000e+00  0.000000000e+00  0.000000000e+00  0.000000000e+00
  0.000000000e+00  0.000000000e+00  0.000000000e+00  0.000000000e+00
  0.000000000e+00  0.000000000e+00  0.000000000e+00  0.000000000e+00
  0.000000000e+00  0.000000000e+00  0.000000000e+00  0.000000000e+00
  0.000000000e+00  0.000000000e+00  0.000000000e+00  0.000000000e+00
  0.000000000e+00  0.000000000e+00  0.000000000e+00  0.000000000e+00
  0.000000000e+00  0.000000000e+00  0.000000000e+00  0.000000000e+00
  0.000000000e+00  0.000000000e+00  0.000000000e+00  0.000000000e+00
  0.000000000e+00  0.000000000e+00  0.000000000e+00  0.000000000e+00
  0.000000000e+00  0.000000000e+00  0.000000000e+00  0.000000000e+00
  0.000000000e+00  0.000000000e+00  0.000000000e+00  0.000000000e+00
  0.000000000e+00  0.000000000e+00  0.000000000e+00  0.000000000e+00
  0.000000000e+00  0.000000000e+00  0.000000000e+00  0.000000000e+00
  0.000000000e+00  0.000000000e+00  0.000000000e+00  0.000000000e+00
  0.000000000e+00
@R CHII 101 []
  0.000000000e+00  0.000000000e+00  0.000000000e+00  0.000000000e+00
  0.000000000e+00  0.000000000e+00  0.000000000e+00  0.000000000e+00
  0.000000000e+00  0.000000000e+00  0.000000000e+00  0.000000000e+00
  0.000000000e+00  0.000000000e+00  0.000000000e+00  0.000000000e+00
  0.000000000e+00  0.000000000e+00  0.000000000e+00  0.000000000e+00
  0.000000000e+00  0.000000000e+00  0.000000000e+00  0.000000000e+00
  0.000000000e+00  0.000000000e+00  0.000000000e+00  0.000000000e+00
  0.000000000e+00  0.000000000e+00  0.000000000e+00  0.000000000e+00
  0.000000000e+00  0.000000000e+00  0.000000000e+00  0.000000000e+00
  0.000000000e+00  0.000000000e+00  0.000000000e+00  0.000000000e+00
  0.000000000e+00  0.000000000e+00  0.000000000e+00  0.000000000e+00
  0.000000000e+00  0.000000000e+00  0.000000000e+00  0.000000000e+00
  0.000000000e+00  0.000000000e+00  0.000000000e+00  0.000000000e+00
  0.000000000e+00  0.000000000e+00  0.000000000e+00  0.000000000e+00
  0.000000000e+00  0.000000000e+00  0.000000000e+00  0.000000000e+00
  0.000000000e+00  0.000000000e+00  0.000000000e+00  0.000000000e+00
  0.000000000e+00  0.000000000e+00  0.000000000e+00  0.000000000e+00
  0.000000000e+00  0.000000000e+00  0.000000000e+00  0.000000000e+00
  0.000000000e+00  0.000000000e+00  0.000000000e+00  0.000000000e+00
  0.000000000e+00  0.000000000e+00  0.000000000e+00  0.000000000e+00
  0.000000000e+00  0.000000000e+00  0.000000000e+00  0.000000000e+00
  0.000000000e+00  0.000000000e+00  0.000000000e+00  0.000000000e+00
  0.000000000e+00  0.000000000e+00  0.000000000e+00  0.000000000e+00
  0.000000000e+00  0.000000000e+00  0.000000000e+00  0.000000000e+00
  0.000000000e+00  0.000000000e+00  0.000000000e+00  0.000000000e+00
  0.000000000e+00
