@R IP 1 []
  9.999999995e+06
@R BCENTR 1 []
  1.100000000e+01
@R RMAJOR 1 []
  4.550000000e+00
@R AMINOR 1 []
  1.200833355e+00
@R KAPPA 1 []
  1.397833891e+00
@R DELTA 1 []
 -4.837089496e-01
@I NRHO 1 []
              101
@R RHOB 1 []
  1.382345482e+00
@R RHO 101 []
  0.000000000e+00  1.000000000e-02  2.000000000e-02  3.000000000e-02
  4.000000000e-02  5.000000000e-02  6.000000000e-02  7.000000000e-02
  8.000000000e-02  9.000000000e-02  1.000000000e-01  1.100000000e-01
  1.200000000e-01  1.300000000e-01  1.400000000e-01  1.500000000e-01
  1.600000000e-01  1.700000000e-01  1.800000000e-01  1.900000000e-01
  2.000000000e-01  2.100000000e-01  2.200000000e-01  2.300000000e-01
  2.400000000e-01  2.500000000e-01  2.600000000e-01  2.700000000e-01
  2.800000000e-01  2.900000000e-01  3.000000000e-01  3.100000000e-01
  3.200000000e-01  3.300000000e-01  3.400000000e-01  3.500000000e-01
  3.600000000e-01  3.700000000e-01  3.800000000e-01  3.900000000e-01
  4.000000000e-01  4.100000000e-01  4.200000000e-01  4.300000000e-01
  4.400000000e-01  4.500000000e-01  4.600000000e-01  4.700000000e-01
  4.800000000e-01  4.900000000e-01  5.000000000e-01  5.100000000e-01
  5.200000000e-01  5.300000000e-01  5.400000000e-01  5.500000000e-01
  5.600000000e-01  5.700000000e-01  5.800000000e-01  5.900000000e-01
  6.000000000e-01  6.100000000e-01  6.200000000e-01  6.300000000e-01
  6.400000000e-01  6.500000000e-01  6.600000000e-01  6.700000000e-01
  6.800000000e-01  6.900000000e-01  7.000000000e-01  7.100000000e-01
  7.200000000e-01  7.300000000e-01  7.400000000e-01  7.500000000e-01
  7.600000000e-01  7.700000000e-01  7.800000000e-01  7.900000000e-01
  8.000000000e-01  8.100000000e-01  8.200000000e-01  8.300000000e-01
  8.400000000e-01  8.500000000e-01  8.600000000e-01  8.700000000e-01
  8.800000000e-01  8.900000000e-01  9.000000000e-01  9.100000000e-01
  9.200000000e-01  9.300000000e-01  9.400000000e-01  9.500000000e-01
  9.600000000e-01  9.700000000e-01  9.800000000e-01  9.900000000e-01
  1.000000000e+00
@R VOLP 101 []
  0.000000000e+00  2.690200327e+00  5.380157267e+00  8.069630812e+00
  1.075837909e+01  1.344616566e+01  1.613276020e+01  1.881793135e+01
  2.150145741e+01  2.418312588e+01  2.686272450e+01  2.954005325e+01
  3.221492492e+01  3.488715187e+01  3.755656044e+01  4.022299230e+01
  4.288628783e+01  4.554630557e+01  4.820291771e+01  5.085599799e+01
  5.350543176e+01  5.615112183e+01  5.879297144e+01  6.143089027e+01
  6.406480445e+01  6.669463606e+01  6.932031575e+01  7.194180607e+01
  7.455907853e+01  7.717207841e+01  7.978072836e+01  8.238493450e+01
  8.498459263e+01  8.757961422e+01  9.016991243e+01  9.275538747e+01
  9.533594590e+01  9.791150213e+01  1.004819588e+02  1.030472069e+02
  1.056071589e+02  1.081617245e+02  1.107107903e+02  1.132542618e+02
  1.157920513e+02  1.183240436e+02  1.208501437e+02  1.233702555e+02
  1.258842756e+02  1.283921030e+02  1.308936475e+02  1.333888095e+02
  1.358774860e+02  1.383595836e+02  1.408350353e+02  1.433037366e+02
  1.457655953e+02  1.482205494e+02  1.506685288e+02  1.531094588e+02
  1.555432839e+02  1.579699607e+02  1.603894481e+02  1.628017221e+02
  1.652067725e+02  1.676046058e+02  1.699952414e+02  1.723787287e+02
  1.747551424e+02  1.771245722e+02  1.794871398e+02  1.818430245e+02
  1.841924421e+02  1.865356370e+02  1.888729225e+02  1.912046986e+02
  1.935314206e+02  1.958536019e+02  1.981718574e+02  2.004869479e+02
  2.027997974e+02  2.051115055e+02  2.074234292e+02  2.097371737e+02
  2.120544957e+02  2.143772289e+02  2.167073501e+02  2.190475502e+02
  2.214015429e+02  2.237742870e+02  2.261724920e+02  2.286043445e+02
  2.310780608e+02  2.335962738e+02  2.361396913e+02  2.386475792e+02
  2.410351802e+02  2.432918292e+02  2.456318887e+02  2.484993507e+02
  2.521663872e+02
@R IPOL 101 []
  1.010068050e+00  1.010067468e+00  1.010065709e+00  1.010062733e+00
  1.010058476e+00  1.010052848e+00  1.010045735e+00  1.010037000e+00
  1.010026486e+00  1.010014015e+00  1.009999390e+00  1.009982400e+00
  1.009962818e+00  1.009940401e+00  1.009914895e+00  1.009886042e+00
  1.009853574e+00  1.009817230e+00  1.009776736e+00  1.009731836e+00
  1.009682269e+00  1.009627785e+00  1.009568150e+00  1.009503144e+00
  1.009432565e+00  1.009356231e+00  1.009273986e+00  1.009185657e+00
  1.009091008e+00  1.008989943e+00  1.008882588e+00  1.008769080e+00
  1.008649564e+00  1.008524197e+00  1.008393138e+00  1.008256559e+00
  1.008114646e+00  1.007967596e+00  1.007815600e+00  1.007658861e+00
  1.007497592e+00  1.007332022e+00  1.007162373e+00  1.006988881e+00
  1.006811794e+00  1.006631337e+00  1.006447783e+00  1.006261388e+00
  1.006072402e+00  1.005881105e+00  1.005687762e+00  1.005492653e+00
  1.005296051e+00  1.005098239e+00  1.004899507e+00  1.004700132e+00
  1.004500410e+00  1.004300632e+00  1.004101077e+00  1.003902046e+00
  1.003703830e+00  1.003506713e+00  1.003310986e+00  1.003116944e+00
  1.002924868e+00  1.002735041e+00  1.002547743e+00  1.002363259e+00
  1.002181863e+00  1.002003817e+00  1.001829389e+00  1.001658842e+00
  1.001492433e+00  1.001330409e+00  1.001173010e+00  1.001020467e+00
  1.000873011e+00  1.000730863e+00  1.000594232e+00  1.000463318e+00
  1.000338310e+00  1.000219392e+00  1.000106738e+00  1.000000506e+00
  9.999008472e-01  9.998079016e-01  9.997218088e-01  9.996427171e-01
  9.995707960e-01  9.995062985e-01  9.994496768e-01  9.994018657e-01
  9.993648852e-01  9.993432334e-01  9.993465317e-01  9.993925491e-01
  9.995027818e-01  9.996745875e-01  9.998555680e-01  9.999794738e-01
  1.000000000e+00
@R G11 101 []
  0.000000000e+00  2.699815860e+00  5.400020518e+00  8.100570963e+00
  1.080163213e+01  1.350336692e+01  1.620590454e+01  1.890936241e+01
  2.161389706e+01  2.431977505e+01  2.702711504e+01  2.973578164e+01
  3.244708216e+01  3.515793437e+01  3.787399873e+01  4.057980666e+01
  4.329574728e+01  4.601819715e+01  4.873741232e+01  5.147339631e+01
  5.419549722e+01  5.692446270e+01  5.966490830e+01  6.240381138e+01
  6.514276901e+01  6.788453755e+01  7.063014607e+01  7.338041690e+01
  7.613495360e+01  7.889269021e+01  8.165407652e+01  8.441939583e+01
  8.718770650e+01  8.995899708e+01  9.273421333e+01  9.551459772e+01
  9.830187605e+01  1.010994257e+02  1.038955038e+02  1.066896786e+02
  1.095032083e+02  1.123220625e+02  1.151330013e+02  1.179673485e+02
  1.208011417e+02  1.236388176e+02  1.264926147e+02  1.293462499e+02
  1.322133949e+02  1.350893570e+02  1.379695155e+02  1.408672132e+02
  1.437668024e+02  1.466810768e+02  1.496117616e+02  1.525394596e+02
  1.554981064e+02  1.584577969e+02  1.614271240e+02  1.644263856e+02
  1.674325759e+02  1.704447795e+02  1.734861416e+02  1.765499712e+02
  1.796206588e+02  1.827082423e+02  1.858268637e+02  1.889712231e+02
  1.921318303e+02  1.953119761e+02  1.985214785e+02  2.017679034e+02
  2.050428017e+02  2.083456421e+02  2.116790865e+02  2.150479436e+02
  2.184640549e+02  2.219257835e+02  2.254284476e+02  2.289778399e+02
  2.325752204e+02  2.362366757e+02  2.399690426e+02  2.437653658e+02
  2.476323998e+02  2.515770364e+02  2.556275199e+02  2.597940426e+02
  2.640686305e+02  2.684588946e+02  2.730010622e+02  2.777161115e+02
  2.826050669e+02  2.877584760e+02  2.932701548e+02  2.991756878e+02
  3.055648961e+02  3.124311518e+02  3.197765520e+02  3.279623206e+02
  3.375416936e+02
@R G22 101 []
  0.000000000e+00  1.373439874e-02  2.747092365e-02  4.120950320e-02
  5.495111245e-02  6.869674352e-02  8.244722134e-02  9.620328412e-02
  1.099659090e-01  1.237366490e-01  1.375162703e-01  1.513042912e-01
  1.651075985e-01  1.789106921e-01  1.927426155e-01  2.065249197e-01
  2.203615980e-01  2.342344600e-01  2.480942520e-01  2.620430307e-01
  2.759250564e-01  2.898463125e-01  3.038305797e-01  3.178118442e-01
  3.317986000e-01  3.458051664e-01  3.598370884e-01  3.738990126e-01
  3.879893251e-01  4.021028472e-01  4.162420957e-01  4.304086456e-01
  4.445977582e-01  4.588095512e-01  4.730490335e-01  4.873226447e-01
  5.016393407e-01  5.160165598e-01  5.303944683e-01  5.447709337e-01
  5.592546924e-01  5.737742365e-01  5.882619517e-01  6.028780323e-01
  6.175001723e-01  6.321510666e-01  6.468933402e-01  6.616438846e-01
  6.764726140e-01  6.913555561e-01  7.062691300e-01  7.212816746e-01
  7.363129560e-01  7.514285499e-01  7.666373149e-01  7.818397531e-01
  7.972096250e-01  8.125936414e-01  8.280357628e-01  8.436398305e-01
  8.592876944e-01  8.749745177e-01  8.908187994e-01  9.067858847e-01
  9.227953791e-01  9.388985264e-01  9.551675160e-01  9.715746948e-01
  9.880709127e-01  1.004672489e+00  1.021429246e+00  1.038379544e+00
  1.055479315e+00  1.072724957e+00  1.090129295e+00  1.107716348e+00
  1.125546125e+00  1.143608817e+00  1.161878856e+00  1.180384830e+00
  1.199132099e+00  1.218202488e+00  1.237630436e+00  1.257379167e+00
  1.277480816e+00  1.297965495e+00  1.318971930e+00  1.340547661e+00
  1.362651917e+00  1.385331508e+00  1.408786401e+00  1.433133669e+00
  1.458362650e+00  1.484866568e+00  1.512943190e+00  1.542434218e+00
  1.573427706e+00  1.605903209e+00  1.640702809e+00  1.680990252e+00
  1.730020629e+00
@R G33 101 []
  9.137889145e-01  9.138033082e-01  9.138462385e-01  9.139174543e-01
  9.140171855e-01  9.141451935e-01  9.143011449e-01  9.144850446e-01
  9.146965836e-01  9.149353420e-01  9.152011586e-01  9.154936495e-01
  9.158122905e-01  9.161568252e-01  9.165268193e-01  9.169216862e-01
  9.173410978e-01  9.177845023e-01  9.182512920e-01  9.187410072e-01
  9.192531437e-01  9.197870579e-01  9.203422521e-01  9.209182542e-01
  9.215144643e-01  9.221304516e-01  9.227657508e-01  9.234196016e-01
  9.240913263e-01  9.247805655e-01  9.254870836e-01  9.262108450e-01
  9.269519175e-01  9.277101755e-01  9.284854836e-01  9.292778280e-01
  9.300871139e-01  9.309131619e-01  9.317559143e-01  9.326154046e-01
  9.334914541e-01  9.343838954e-01  9.352927715e-01  9.362179370e-01
  9.371591831e-01  9.381165454e-01  9.390898442e-01  9.400789240e-01
  9.410836909e-01  9.421040006e-01  9.431396425e-01  9.441904612e-01
  9.452563316e-01  9.463370470e-01  9.474322209e-01  9.485417396e-01
  9.496653856e-01  9.508027553e-01  9.519535196e-01  9.531173637e-01
  9.542938747e-01  9.554825795e-01  9.566830066e-01  9.578945876e-01
  9.591167109e-01  9.603486860e-01  9.615897787e-01  9.628391052e-01
  9.640956882e-01  9.653585139e-01  9.666264309e-01  9.678980260e-01
  9.691717552e-01  9.704459929e-01  9.717188262e-01  9.729879836e-01
  9.742509996e-01  9.755052229e-01  9.767476135e-01  9.779745373e-01
  9.791817248e-01  9.803642303e-01  9.815160828e-01  9.826303909e-01
  9.836998300e-01  9.847170075e-01  9.856741659e-01  9.865606216e-01
  9.873615272e-01  9.880570474e-01  9.886203030e-01  9.890186647e-01
  9.892197039e-01  9.892136312e-01  9.890778673e-01  9.890498822e-01
  9.894515247e-01  9.903148450e-01  9.908132127e-01  9.892511906e-01
  9.846922831e-01
@R GRADRHO 101 []
  1.006499319e+00  9.970377186e-01  9.970890646e-01  9.971478567e-01
  9.972221994e-01  9.973145337e-01  9.974264831e-01  9.975557113e-01
  9.977022253e-01  9.978690228e-01  9.980547995e-01  9.982545125e-01
  9.984868462e-01  9.987017514e-01  9.989794651e-01  9.991187548e-01
  9.993815915e-01  9.997076637e-01  9.999878256e-01  1.000424384e+00
  1.000711402e+00  1.001053363e+00  1.001481906e+00  1.001881632e+00
  1.002268890e+00  1.002665573e+00  1.003078010e+00  1.003510538e+00
  1.003958366e+00  1.004412855e+00  1.004876303e+00  1.005349862e+00
  1.005827184e+00  1.006307901e+00  1.006796985e+00  1.007300345e+00
  1.007825719e+00  1.008388198e+00  1.008927706e+00  1.009444047e+00
  1.010037119e+00  1.010637995e+00  1.011187768e+00  1.011824400e+00
  1.012441486e+00  1.013058257e+00  1.013723489e+00  1.014370162e+00
  1.015051655e+00  1.015747787e+00  1.016440303e+00  1.017177292e+00
  1.017900277e+00  1.018654027e+00  1.019442030e+00  1.020196917e+00
  1.021031250e+00  1.021843599e+00  1.022661397e+00  1.023546477e+00
  1.024424053e+00  1.025290612e+00  1.026213680e+00  1.027169473e+00
  1.028110248e+00  1.029063202e+00  1.030064769e+00  1.031095959e+00
  1.032127581e+00  1.033165520e+00  1.034231853e+00  1.035341294e+00
  1.036466884e+00  1.037602290e+00  1.038748746e+00  1.039912097e+00
  1.041113849e+00  1.042341609e+00  1.043575659e+00  1.044820324e+00
  1.046068304e+00  1.047344128e+00  1.048648907e+00  1.049951776e+00
  1.051249187e+00  1.052534113e+00  1.053841332e+00  1.055163213e+00
  1.056454234e+00  1.057700020e+00  1.058931280e+00  1.060127106e+00
  1.061201320e+00  1.062224476e+00  1.063340761e+00  1.064774044e+00
  1.066973370e+00  1.069970780e+00  1.072836630e+00  1.073826520e+00
  1.072200172e+00
@R AREA 101 []
  0.000000000e+00  2.682512210e+00  5.364844755e+00  8.046985874e+00
  1.072887856e+01  1.341047646e+01  1.609169986e+01  1.877247327e+01
  2.145273786e+01  2.413243065e+01  2.681148238e+01  2.948983446e+01
  3.216742121e+01  3.484417133e+01  3.752011671e+01  4.019512303e+01
  4.286963513e+01  4.554282583e+01  4.821522506e+01  5.088626904e+01
  5.355614022e+01  5.622500854e+01  5.889257759e+01  6.155883000e+01
  6.422384013e+01  6.688761972e+01  6.955015230e+01  7.221140918e+01
  7.487135958e+01  7.753000152e+01  8.018734450e+01  8.284338818e+01
  8.549814202e+01  8.815163028e+01  9.080386932e+01  9.345486451e+01
  9.610460331e+01  9.875304927e+01  1.014001881e+02  1.040461861e+02
  1.066909987e+02  1.093345076e+02  1.119768798e+02  1.146181495e+02
  1.172581522e+02  1.198971610e+02  1.225350027e+02  1.251718311e+02
  1.278076239e+02  1.304424337e+02  1.330762879e+02  1.357092880e+02
  1.383413716e+02  1.409727730e+02  1.436033352e+02  1.462333137e+02
  1.488626976e+02  1.514915149e+02  1.541199991e+02  1.567481368e+02
  1.593760095e+02  1.620038297e+02  1.646317198e+02  1.672597104e+02
  1.698880153e+02  1.725168535e+02  1.751463876e+02  1.777767418e+02
  1.804081760e+02  1.830409665e+02  1.856754066e+02  1.883117330e+02
  1.909502510e+02  1.935913456e+02  1.962354377e+02  1.988829898e+02
  2.015344750e+02  2.041903910e+02  2.068513684e+02  2.095181117e+02
  2.121914109e+02  2.148721447e+02  2.175612262e+02  2.202597704e+02
  2.229690742e+02  2.256906307e+02  2.284261349e+02  2.311774401e+02
  2.339468292e+02  2.367369810e+02  2.395510168e+02  2.423925569e+02
  2.452662811e+02  2.481780245e+02  2.511343291e+02  2.541415121e+02
  2.572034693e+02  2.603217420e+02  2.635028187e+02  2.667738715e+02
  2.701975975e+02
@R A 101 []
  0.000000000e+00  1.224541819e-02  2.449054388e-02  3.673562909e-02
  4.898065616e-02  6.122538935e-02  7.347004357e-02  8.571464986e-02
  9.795910051e-02  1.102034295e-01  1.224475138e-01  1.346912887e-01
  1.469348090e-01  1.591779032e-01  1.714208297e-01  1.836632839e-01
  1.959074422e-01  2.081495749e-01  2.203922853e-01  2.326330894e-01
  2.448728302e-01  2.571124009e-01  2.693504574e-01  2.815868633e-01
  2.938219910e-01  3.060558639e-01  3.182882644e-01  3.305190360e-01
  3.427479886e-01  3.549749148e-01  3.671996551e-01  3.794220778e-01
  3.916420709e-01  4.038595739e-01  4.160745293e-01  4.282867718e-01
  4.404960357e-01  4.527020048e-01  4.649043949e-01  4.771037230e-01
  4.892995853e-01  5.014912046e-01  5.136790656e-01  5.258630417e-01
  5.380421104e-01  5.502172149e-01  5.623871950e-01  5.745524363e-01
  5.867124702e-01  5.988671155e-01  6.110160877e-01  6.231594080e-01
  6.352962925e-01  6.474273042e-01  6.595511898e-01  6.716685371e-01
  6.837786459e-01  6.958810018e-01  7.079759813e-01  7.200627305e-01
  7.321408007e-01  7.442103194e-01  7.562709048e-01  7.683216598e-01
  7.803624854e-01  7.923932379e-01  8.044133866e-01  8.164221150e-01
  8.284191627e-01  8.404042048e-01  8.523768311e-01  8.643362301e-01
  8.762817662e-01  8.882129605e-01  9.001292587e-01  9.120300874e-01
  9.239146662e-01  9.357820096e-01  9.476313677e-01  9.594619559e-01
  9.712729229e-01  9.830632705e-01  9.948315457e-01  1.006576563e+00
  1.018297126e+00  1.029991875e+00  1.041659183e+00  1.053296798e+00
  1.064902617e+00  1.076474170e+00  1.088008288e+00  1.099501357e+00
  1.110951076e+00  1.122354406e+00  1.133705426e+00  1.144998110e+00
  1.156245162e+00  1.167480365e+00  1.178714372e+00  1.189865784e+00
  1.200833355e+00
@R RTOR 101 []
  4.759797253e+00  4.759775743e+00  4.759711503e+00  4.759605001e+00
  4.759455896e+00  4.759264246e+00  4.759030499e+00  4.758754653e+00
  4.758436803e+00  4.758077354e+00  4.757676507e+00  4.757234481e+00
  4.756751719e+00  4.756228516e+00  4.755665135e+00  4.755062083e+00
  4.754419618e+00  4.753738260e+00  4.753018393e+00  4.752260591e+00
  4.751465172e+00  4.750632620e+00  4.749763495e+00  4.748858197e+00
  4.747917219e+00  4.746941031e+00  4.745930016e+00  4.744884669e+00
  4.743805511e+00  4.742692985e+00  4.741547542e+00  4.740369583e+00
  4.739159360e+00  4.737917103e+00  4.736643043e+00  4.735337342e+00
  4.734000125e+00  4.732631556e+00  4.731231748e+00  4.729800651e+00
  4.728338356e+00  4.726844989e+00  4.725320439e+00  4.723764689e+00
  4.722177853e+00  4.720559722e+00  4.718910347e+00  4.717229606e+00
  4.715517452e+00  4.713773749e+00  4.711998404e+00  4.710191276e+00
  4.708352281e+00  4.706481126e+00  4.704577828e+00  4.702642065e+00
  4.700673678e+00  4.698672507e+00  4.696638228e+00  4.694570668e+00
  4.692469573e+00  4.690334620e+00  4.688165521e+00  4.685962034e+00
  4.683723799e+00  4.681450443e+00  4.679141613e+00  4.676796978e+00
  4.674416128e+00  4.671998624e+00  4.669543983e+00  4.667051792e+00
  4.664521616e+00  4.661952926e+00  4.659345151e+00  4.656697732e+00
  4.654010145e+00  4.651281848e+00  4.648512186e+00  4.645700505e+00
  4.642846132e+00  4.639948358e+00  4.637006526e+00  4.634019971e+00
  4.630988021e+00  4.627909975e+00  4.624785101e+00  4.621612639e+00
  4.618391688e+00  4.615121510e+00  4.611801599e+00  4.608431502e+00
  4.605009969e+00  4.601536007e+00  4.598010534e+00  4.594433661e+00
  4.590781753e+00  4.587008224e+00  4.583089750e+00  4.579088269e+00
  4.575077997e+00
@R SHIFT 101 []
  2.097972535e-01  2.097757429e-01  2.097115026e-01  2.096050007e-01
  2.094558962e-01  2.092642460e-01  2.090304991e-01  2.087546528e-01
  2.084368035e-01  2.080773537e-01  2.076765071e-01  2.072344812e-01
  2.067517191e-01  2.062285163e-01  2.056651346e-01  2.050620833e-01
  2.044196183e-01  2.037382596e-01  2.030183926e-01  2.022605910e-01
  2.014651719e-01  2.006326197e-01  1.997634947e-01  1.988581969e-01
  1.979172192e-01  1.969410309e-01  1.959300159e-01  1.948846691e-01
  1.938055109e-01  1.926929847e-01  1.915475422e-01  1.903695826e-01
  1.891593596e-01  1.879171032e-01  1.866430433e-01  1.853373416e-01
  1.840001252e-01  1.826315555e-01  1.812317477e-01  1.798006514e-01
  1.783383564e-01  1.768449885e-01  1.753204389e-01  1.737646888e-01
  1.721778526e-01  1.705597216e-01  1.689103468e-01  1.672296062e-01
  1.655174516e-01  1.637737488e-01  1.619984037e-01  1.601912757e-01
  1.583522809e-01  1.564811256e-01  1.545778281e-01  1.526420652e-01
  1.506736777e-01  1.486725075e-01  1.466382284e-01  1.445706676e-01
  1.424695728e-01  1.403346200e-01  1.381655209e-01  1.359620342e-01
  1.337237992e-01  1.314504435e-01  1.291416129e-01  1.267969778e-01
  1.244161281e-01  1.219986245e-01  1.195439825e-01  1.170517924e-01
  1.145216162e-01  1.119529256e-01  1.093451512e-01  1.066977320e-01
  1.040101453e-01  1.012818484e-01  9.851218582e-02  9.570050508e-02
  9.284613238e-02  8.994835819e-02  8.700652618e-02  8.401997083e-02
  8.098802113e-02  7.790997482e-02  7.478510066e-02  7.161263915e-02
  6.839168832e-02  6.512151024e-02  6.180159874e-02  5.843150219e-02
  5.500996945e-02  5.153600748e-02  4.801053418e-02  4.443366097e-02
  4.078175270e-02  3.700822450e-02  3.308975003e-02  2.908826860e-02
  2.507799660e-02
@R ELONG 101 []
  1.320642171e+00  1.320632544e+00  1.320603663e+00  1.320578997e+00
  1.320552855e+00  1.320536277e+00  1.320512135e+00  1.320481279e+00
  1.320447517e+00  1.320412231e+00  1.320374732e+00  1.320335498e+00
  1.320293685e+00  1.320251151e+00  1.320208405e+00  1.320164214e+00
  1.320119375e+00  1.320075549e+00  1.320032666e+00  1.319990737e+00
  1.319950817e+00  1.319913399e+00  1.319879158e+00  1.319848556e+00
  1.319821952e+00  1.319800061e+00  1.319783960e+00  1.319773628e+00
  1.319769381e+00  1.319772214e+00  1.319783078e+00  1.319802160e+00
  1.319829796e+00  1.319866472e+00  1.319912567e+00  1.319968312e+00
  1.320033997e+00  1.320109824e+00  1.320196276e+00  1.320293681e+00
  1.320402137e+00  1.320521941e+00  1.320653621e+00  1.320797494e+00
  1.320953696e+00  1.321122622e+00  1.321304827e+00  1.321500638e+00
  1.321710331e+00  1.321934395e+00  1.322173353e+00  1.322427696e+00
  1.322697868e+00  1.322984421e+00  1.323287954e+00  1.323609137e+00
  1.323948604e+00  1.324306964e+00  1.324685035e+00  1.325083679e+00
  1.325503710e+00  1.325945964e+00  1.326411495e+00  1.326901421e+00
  1.327416843e+00  1.327958906e+00  1.328529013e+00  1.329128646e+00
  1.329759306e+00  1.330422626e+00  1.331120524e+00  1.331855030e+00
  1.332628275e+00  1.333442619e+00  1.334300771e+00  1.335205662e+00
  1.336160459e+00  1.337168662e+00  1.338234229e+00  1.339361538e+00
  1.340555458e+00  1.341821478e+00  1.343165858e+00  1.344595745e+00
  1.346119242e+00  1.347745649e+00  1.349485461e+00  1.351350368e+00
  1.353354219e+00  1.355512533e+00  1.357844296e+00  1.360374320e+00
  1.363134652e+00  1.366172180e+00  1.369539283e+00  1.373261399e+00
  1.377301563e+00  1.381592097e+00  1.386188112e+00  1.391434052e+00
  1.397833891e+00
@R TRIAG 101 []
  0.000000000e+00  2.945633877e-02  2.724094639e-02  2.503029765e-02
  2.280727684e-02  2.057227037e-02  1.832930316e-02  1.607461620e-02
  1.380702997e-02  1.152724320e-02  9.233475096e-03  6.924491422e-03
  4.600368972e-03  2.259482394e-03 -9.983750510e-05 -2.477648246e-03
 -4.875212084e-03 -7.293157113e-03 -9.732552673e-03 -1.219389937e-02
 -1.467852374e-02 -1.718705989e-02 -1.972004459e-02 -2.227851931e-02
 -2.486310719e-02 -2.747466444e-02 -3.011437920e-02 -3.278309612e-02
 -3.548158260e-02 -3.821060180e-02 -4.097055695e-02 -4.376205636e-02
 -4.658610477e-02 -4.944357651e-02 -5.233495259e-02 -5.526090747e-02
 -5.822227462e-02 -6.121979742e-02 -6.425422367e-02 -6.732667271e-02
 -7.043804847e-02 -7.358921023e-02 -7.678135767e-02 -8.001559270e-02
 -8.329278832e-02 -8.661459944e-02 -8.998198050e-02 -9.339643792e-02
 -9.685933542e-02 -1.003723722e-01 -1.039370122e-01 -1.075549774e-01
 -1.112279592e-01 -1.149583791e-01 -1.187490699e-01 -1.226026105e-01
 -1.265211233e-01 -1.305068473e-01 -1.345623204e-01 -1.386898827e-01
 -1.428922173e-01 -1.471723809e-01 -1.515333115e-01 -1.559780505e-01
 -1.605101071e-01 -1.651333362e-01 -1.698515592e-01 -1.746688851e-01
 -1.795899942e-01 -1.846200809e-01 -1.897645914e-01 -1.950293707e-01
 -2.004210840e-01 -2.059472520e-01 -2.116157993e-01 -2.174354624e-01
 -2.234162534e-01 -2.295695267e-01 -2.359084256e-01 -2.424467914e-01
 -2.491986411e-01 -2.561787091e-01 -2.634010138e-01 -2.708815704e-01
 -2.786401156e-01 -2.867042031e-01 -2.951111416e-01 -3.039018167e-01
 -3.131208222e-01 -3.227990968e-01 -3.329746182e-01 -3.437275040e-01
 -3.552028749e-01 -3.675948747e-01 -3.809486622e-01 -3.952235562e-01
 -4.104953177e-01 -4.268464292e-01 -4.440983378e-01 -4.625291931e-01
 -4.837089496e-01
@R PMHD 101 []
  1.565817283e+06  1.565269933e+06  1.563629607e+06  1.560901475e+06
  1.557094119e+06  1.552219500e+06  1.546292894e+06  1.539332806e+06
  1.531360838e+06  1.522401634e+06  1.512482649e+06  1.501633886e+06
  1.489887884e+06  1.477279520e+06  1.463845193e+06  1.449623900e+06
  1.434653023e+06  1.418978395e+06  1.402639283e+06  1.385682210e+06
  1.368149690e+06  1.350084379e+06  1.331532011e+06  1.312536038e+06
  1.293138562e+06  1.273381048e+06  1.253304024e+06  1.232950396e+06
  1.212369906e+06  1.191599864e+06  1.170658724e+06  1.149564476e+06
  1.128335009e+06  1.106987590e+06  1.085539970e+06  1.064009604e+06
  1.042413279e+06  1.020768133e+06  9.990911999e+05  9.773977582e+05
  9.557044705e+05  9.340282415e+05  9.123832051e+05  8.907843388e+05
  8.692485403e+05  8.477894908e+05  8.264224830e+05  8.051598691e+05
  7.840178608e+05  7.630082613e+05  7.421455787e+05  7.214415561e+05
  7.009104403e+05  6.805624010e+05  6.604117685e+05  6.404683990e+05
  6.207442331e+05  6.012507984e+05  5.819975932e+05  5.629956812e+05
  5.442551924e+05  5.257850273e+05  5.075944484e+05  4.896930863e+05
  4.720890523e+05  4.547901545e+05  4.378042993e+05  4.211394124e+05
  4.048023564e+05  3.887996754e+05  3.731374804e+05  3.578220663e+05
  3.428592302e+05  3.282541136e+05  3.140113969e+05  3.001354539e+05
  2.866306349e+05  2.735010318e+05  2.607499044e+05  2.483801864e+05
  2.363945996e+05  2.247954877e+05  2.135850321e+05  2.027647643e+05
  1.923356743e+05  1.822979867e+05  1.726507885e+05  1.633913482e+05
  1.545121467e+05  1.459961328e+05  1.378052458e+05  1.298540076e+05
  1.219488444e+05  1.136550156e+05  1.040409988e+05  9.138513419e+04
  7.359996049e+04  5.091442702e+04  2.832311183e+04  1.212120826e+04
  6.485617333e+03
@R QMHD 101 []
  1.166144850e+00  1.166219208e+00  1.166442798e+00  1.166817117e+00
  1.167344499e+00  1.168027857e+00  1.168870342e+00  1.169874901e+00
  1.171043745e+00  1.172377715e+00  1.173875583e+00  1.175533491e+00
  1.177349208e+00  1.179324546e+00  1.181461564e+00  1.183760018e+00
  1.186220308e+00  1.188844226e+00  1.191633431e+00  1.194585346e+00
  1.197702610e+00  1.200988904e+00  1.204443686e+00  1.208067010e+00
  1.211861524e+00  1.215830457e+00  1.219975200e+00  1.224297284e+00
  1.228799019e+00  1.233482450e+00  1.238351558e+00  1.243408882e+00
  1.248657553e+00  1.254101697e+00  1.259746431e+00  1.265593892e+00
  1.271648391e+00  1.277915910e+00  1.284401175e+00  1.291108435e+00
  1.298043114e+00  1.305211159e+00  1.312619174e+00  1.320272896e+00
  1.328178311e+00  1.336343015e+00  1.344774112e+00  1.353479782e+00
  1.362467158e+00  1.371744758e+00  1.381322630e+00  1.391209762e+00
  1.401414600e+00  1.411948716e+00  1.422823427e+00  1.434050261e+00
  1.445640320e+00  1.457606624e+00  1.469964151e+00  1.482726485e+00
  1.495908055e+00  1.509525563e+00  1.523596746e+00  1.538138603e+00
  1.553170825e+00  1.568713637e+00  1.584789346e+00  1.601420477e+00
  1.618631807e+00  1.636449912e+00  1.654903297e+00  1.674022390e+00
  1.693839211e+00  1.714388505e+00  1.735708716e+00  1.757841231e+00
  1.780830244e+00  1.804722761e+00  1.829571466e+00  1.855434734e+00
  1.882375674e+00  1.910464326e+00  1.939777500e+00  1.970401666e+00
  2.002431920e+00  2.035975136e+00  2.071148411e+00  2.108089072e+00
  2.146956932e+00  2.187934446e+00  2.231279911e+00  2.277305353e+00
  2.326350470e+00  2.378762437e+00  2.434814548e+00  2.494517138e+00
  2.558118353e+00  2.626003183e+00  2.700017315e+00  2.784577115e+00
  2.889111568e+00
@R ER 101 []
  0.000000000e+00  0.000000000e+00  0.000000000e+00  0.000000000e+00
  0.000000000e+00  0.000000000e+00  0.000000000e+00  0.000000000e+00
  0.000000000e+00  0.000000000e+00  0.000000000e+00  0.000000000e+00
  0.000000000e+00  0.000000000e+00  0.000000000e+00  0.000000000e+00
  0.000000000e+00  0.000000000e+00  0.000000000e+00  0.000000000e+00
  0.000000000e+00  0.000000000e+00  0.000000000e+00  0.000000000e+00
  0.000000000e+00  0.000000000e+00  0.000000000e+00  0.000000000e+00
  0.000000000e+00  0.000000000e+00  0.000000000e+00  0.000000000e+00
  0.000000000e+00  0.000000000e+00  0.000000000e+00  0.000000000e+00
  0.000000000e+00  0.000000000e+00  0.000000000e+00  0.000000000e+00
  0.000000000e+00  0.000000000e+00  0.000000000e+00  0.000000000e+00
  0.000000000e+00  0.000000000e+00  0.000000000e+00  0.000000000e+00
  0.000000000e+00  0.000000000e+00  0.000000000e+00  0.000000000e+00
  0.000000000e+00  0.000000000e+00  0.000000000e+00  0.000000000e+00
  0.000000000e+00  0.000000000e+00  0.000000000e+00  0.000000000e+00
  0.000000000e+00  0.000000000e+00  0.000000000e+00  0.000000000e+00
  0.000000000e+00  0.000000000e+00  0.000000000e+00  0.000000000e+00
  0.000000000e+00  0.000000000e+00  0.000000000e+00  0.000000000e+00
  0.000000000e+00  0.000000000e+00  0.000000000e+00  0.000000000e+00
  0.000000000e+00  0.000000000e+00  0.000000000e+00  0.000000000e+00
  0.000000000e+00  0.000000000e+00  0.000000000e+00  0.000000000e+00
  0.000000000e+00  0.000000000e+00  0.000000000e+00  0.000000000e+00
  0.000000000e+00  0.000000000e+00  0.000000000e+00  0.000000000e+00
  0.000000000e+00  0.000000000e+00  0.000000000e+00  0.000000000e+00
  0.000000000e+00  0.000000000e+00  0.000000000e+00  0.000000000e+00
  0.000000000e+00
@R NC1 101 []
  9.985000514e-01  9.362606696e-01  9.123692139e-01  8.949074393e-01
  8.807327471e-01  8.686344516e-01  8.579952985e-01  8.484507132e-01
  8.397636814e-01  8.317706290e-01  8.243533700e-01  8.174219518e-01
  8.109079512e-01  8.047570235e-01  7.989248662e-01  7.933752759e-01
  7.880771830e-01  7.830067406e-01  7.781408417e-01  7.734621083e-01
  7.689539433e-01  7.646017092e-01  7.603935720e-01  7.563186051e-01
  7.523668035e-01  7.485294908e-01  7.447989206e-01  7.411678615e-01
  7.376297501e-01  7.341788686e-01  7.308102924e-01  7.275197764e-01
  7.243032941e-01  7.211569438e-01  7.180771522e-01  7.150606787e-01
  7.121045437e-01  7.092058539e-01  7.063619813e-01  7.035703837e-01
  7.008286291e-01  6.981346930e-01  6.954864430e-01  6.928818768e-01
  6.903193748e-01  6.877969415e-01  6.853131418e-01  6.828660507e-01
  6.804541676e-01  6.780764124e-01  6.757313966e-01  6.734177864e-01
  6.711345618e-01  6.688802980e-01  6.666539965e-01  6.644543787e-01
  6.622806152e-01  6.601317144e-01  6.580065031e-01  6.559041747e-01
  6.538238318e-01  6.517644435e-01  6.497251413e-01  6.477051405e-01
  6.457035409e-01  6.437194486e-01  6.417520289e-01  6.398005139e-01
  6.378640120e-01  6.359416711e-01  6.340326190e-01  6.321360019e-01
  6.302509543e-01  6.283765600e-01  6.265118482e-01  6.246557770e-01
  6.228070841e-01  6.209649461e-01  6.191282139e-01  6.172949542e-01
  6.154640255e-01  6.136340447e-01  6.118031705e-01  6.099696996e-01
  6.081315545e-01  6.062867719e-01  6.044335889e-01  6.025694396e-01
  6.006902882e-01  5.987908246e-01  5.968650383e-01  5.949076893e-01
  5.929113763e-01  5.908718660e-01  5.888057630e-01  5.868061788e-01
  5.850089271e-01  5.834102267e-01  5.816406306e-01  5.791957522e-01
  5.759153808e-01
@R HFAC1 101 []
  1.000000000e+00  9.974281405e-01  9.948579622e-01  9.922894643e-01
  9.897227911e-01  9.871579510e-01  9.845948915e-01  9.820336805e-01
  9.794742519e-01  9.769165131e-01  9.743604979e-01  9.718061005e-01
  9.692531564e-01  9.667016557e-01  9.641513879e-01  9.616022212e-01
  9.590535800e-01  9.565060735e-01  9.539588955e-01  9.514124485e-01
  9.488663302e-01  9.463200800e-01  9.437738183e-01  9.412273754e-01
  9.386804168e-01  9.361327696e-01  9.335842774e-01  9.310346315e-01
  9.284835606e-01  9.259309413e-01  9.233767379e-01  9.208210314e-01
  9.182638853e-01  9.157052370e-01  9.131450252e-01  9.105832420e-01
  9.080198705e-01  9.054548474e-01  9.028881505e-01  9.003196107e-01
  8.977491513e-01  8.951768059e-01  8.926023850e-01  8.900257360e-01
  8.874469256e-01  8.848656093e-01  8.822818717e-01  8.796954255e-01
  8.771062094e-01  8.745140621e-01  8.719188078e-01  8.693202173e-01
  8.667182964e-01  8.641126211e-01  8.615031843e-01  8.588896128e-01
  8.562718089e-01  8.536495525e-01  8.510224028e-01  8.483902580e-01
  8.457528564e-01  8.431097541e-01  8.404606502e-01  8.378053187e-01
  8.351433137e-01  8.324741684e-01  8.297974874e-01  8.271128942e-01
  8.244198190e-01  8.217177042e-01  8.190059481e-01  8.162839449e-01
  8.135510066e-01  8.108063648e-01  8.080491504e-01  8.052783573e-01
  8.024929795e-01  7.996920124e-01  7.968742211e-01  7.940381532e-01
  7.911821303e-01  7.883042622e-01  7.854023999e-01  7.824739982e-01
  7.795164184e-01  7.765271380e-01  7.735036932e-01  7.704426221e-01
  7.673385577e-01  7.641840881e-01  7.609697623e-01  7.576855294e-01
  7.543211487e-01  7.508746128e-01  7.473740720e-01  7.439199622e-01
  7.406478529e-01  7.375506374e-01  7.342492157e-01  7.301248870e-01
  7.249092078e-01
@R HFAC2 101 []
  1.000000000e+00  9.948661879e-01  9.897554663e-01  9.846677066e-01
  9.796030672e-01  9.745614357e-01  9.695425823e-01  9.645465140e-01
  9.595729735e-01  9.546216551e-01  9.496925017e-01  9.447851856e-01
  9.398992680e-01  9.350346106e-01  9.301906949e-01  9.253671559e-01
  9.205627954e-01  9.157786522e-01  9.110131036e-01  9.062668008e-01
  9.015388874e-01  8.968284083e-01  8.921354942e-01  8.874597405e-01
  8.828004420e-01  8.781571987e-01  8.735296440e-01  8.689171380e-01
  8.643191116e-01  8.597352722e-01  8.551654987e-01  8.506098885e-01
  8.460685024e-01  8.415411699e-01  8.370277274e-01  8.325281090e-01
  8.280422333e-01  8.235699331e-01  8.191111160e-01  8.146654431e-01
  8.102327327e-01  8.058129922e-01  8.014058493e-01  7.970109991e-01
  7.926285149e-01  7.882577679e-01  7.838988602e-01  7.795512711e-01
  7.752148640e-01  7.708893329e-01  7.665743484e-01  7.622695017e-01
  7.579747805e-01  7.536894542e-01  7.494134837e-01  7.451462378e-01
  7.408875433e-01  7.366370232e-01  7.323939417e-01  7.281581246e-01
  7.239291441e-01  7.197062777e-01  7.154890371e-01  7.112770587e-01
  7.070696366e-01  7.028660352e-01  6.986656307e-01  6.944678385e-01
  6.902717776e-01  6.860765897e-01  6.818813495e-01  6.776851308e-01
  6.734868927e-01  6.692854722e-01  6.650795533e-01  6.608676173e-01
  6.566481551e-01  6.524196684e-01  6.481803078e-01  6.439278991e-01
  6.396599380e-01  6.353736075e-01  6.310657010e-01  6.267324214e-01
  6.223698337e-01  6.179741958e-01  6.135419074e-01  6.090678139e-01
  6.045439167e-01  5.999592647e-01  5.952998305e-01  5.905507230e-01
  5.856963902e-01  5.807336089e-01  5.757072159e-01  5.707765860e-01
  5.661567436e-01  5.618385502e-01  5.572250824e-01  5.513489808e-01
  5.438057615e-01
