&PROFILE_EXT
  NPSI_EXT = 257 
  PSIN_EXT = 0.0 0.00390625 0.0078125 0.01171875 0.015625 0.01953125  
    0.0234375 0.02734375 0.03125 0.03515625 0.0390625 0.04296875  
    0.046875 0.05078125 0.0546875 0.05859375 0.0625 0.06640625  
    0.0703125 0.07421875 0.078125 0.08203125 0.0859375 0.08984375  
    0.09375 0.09765625 0.1015625 0.10546875 0.109375 0.11328125  
    0.1171875 0.12109375 0.125 0.12890625 0.1328125 0.13671875 0.140625  
    0.14453125 0.1484375 0.15234375 0.15625 0.16015625 0.1640625  
    0.16796875 0.171875 0.17578125 0.1796875 0.18359375 0.1875  
    0.19140625 0.1953125 0.19921875 0.203125 0.20703125 0.2109375  
    0.21484375 0.21875 0.22265625 0.2265625 0.23046875 0.234375  
    0.23828125 0.2421875 0.24609375 0.25 0.25390625 0.2578125  
    0.26171875 0.265625 0.26953125 0.2734375 0.27734375 0.28125  
    0.28515625 0.2890625 0.29296875 0.296875 0.30078125 0.3046875  
    0.30859375 0.3125 0.31640625 0.3203125 0.32421875 0.328125  
    0.33203125 0.3359375 0.33984375 0.34375 0.34765625 0.3515625  
    0.35546875 0.359375 0.36328125 0.3671875 0.37109375 0.375  
    0.37890625 0.3828125 0.38671875 0.390625 0.39453125 0.3984375  
    0.40234375 0.40625 0.41015625 0.4140625 0.41796875 0.421875  
    0.42578125 0.4296875 0.43359375 0.4375 0.44140625 0.4453125  
    0.44921875 0.453125 0.45703125 0.4609375 0.46484375 0.46875  
    0.47265625 0.4765625 0.48046875 0.484375 0.48828125 0.4921875  
    0.49609375 0.5 0.50390625 0.5078125 0.51171875 0.515625 0.51953125  
    0.5234375 0.52734375 0.53125 0.53515625 0.5390625 0.54296875  
    0.546875 0.55078125 0.5546875 0.55859375 0.5625 0.56640625  
    0.5703125 0.57421875 0.578125 0.58203125 0.5859375 0.58984375  
    0.59375 0.59765625 0.6015625 0.60546875 0.609375 0.61328125  
    0.6171875 0.62109375 0.625 0.62890625 0.6328125 0.63671875 0.640625  
    0.64453125 0.6484375 0.65234375 0.65625 0.66015625 0.6640625  
    0.66796875 0.671875 0.67578125 0.6796875 0.68359375 0.6875  
    0.69140625 0.6953125 0.69921875 0.703125 0.70703125 0.7109375  
    0.71484375 0.71875 0.72265625 0.7265625 0.73046875 0.734375  
    0.73828125 0.7421875 0.74609375 0.75 0.75390625 0.7578125  
    0.76171875 0.765625 0.76953125 0.7734375 0.77734375 0.78125  
    0.78515625 0.7890625 0.79296875 0.796875 0.80078125 0.8046875  
    0.80859375 0.8125 0.81640625 0.8203125 0.82421875 0.828125  
    0.83203125 0.8359375 0.83984375 0.84375 0.84765625 0.8515625  
    0.85546875 0.859375 0.86328125 0.8671875 0.87109375 0.875  
    0.87890625 0.8828125 0.88671875 0.890625 0.89453125 0.8984375  
    0.90234375 0.90625 0.91015625 0.9140625 0.91796875 0.921875  
    0.92578125 0.9296875 0.93359375 0.9375 0.94140625 0.9453125  
    0.94921875 0.953125 0.95703125 0.9609375 0.96484375 0.96875  
    0.97265625 0.9765625 0.98046875 0.984375 0.98828125 0.9921875  
    0.99609375 1.0 
  PPRIME_EXT = 609900.1594336965 602097.3262731405 594397.2410904745  
    586799.9038856984 579305.3146588125 571913.4734098166  
    564624.3801387106 557438.0348454947 550354.4375301688  
    543373.588192733 536495.486833187 529720.1334515313  
    523047.5280477655 516477.67062188964 510010.5611739038  
    503646.19970380806 497384.5862116023 491225.7206972866  
    485169.6031608609 479216.2336023252 473365.6120216795  
    467617.7384189238 461972.6127940582 456430.2351470826  
    450990.605477997 445653.72378680145 440246.0290351457  
    434773.84620827425 429503.93199908815 424428.70076589193  
    419542.8265813574 414823.7214886587 410251.96008646337  
    405821.58890817047 401535.98898668285 397377.70355425635  
    393323.16276023595 389384.5417786911 385560.30949225894  
    381817.69632693974 378180.0235451717 374629.16725109477  
    371148.8543955377 367764.63227499137 364437.08846424695  
    361193.24384949857 358010.22137833113 354892.0546375091  
    351838.94165866077 348838.41893661296 345899.99361402186  
    343010.19316611404 340174.0805710793 337387.4121088845  
    334644.46776982164 331952.9100528833 329296.62899573985  
    326691.00375071086 324117.9345210013 321588.0363609512  
    319096.44883344497 316633.3022687553 314219.73726091196  
    311819.21817442786 309474.76281046367 307140.09751792485  
    304850.19892182597 302588.35779595945 300340.8534440368  
    298148.48881957383 295951.97755807615 293799.71489507577  
    291676.05028360244 289554.2647643775 287486.4035970164  
    285421.4874361466 283377.3571697634 281379.7078084666  
    279372.1071349788 277397.26553306496 275457.9797306238  
    273509.4598620058 271599.2477612399 269716.7004984884  
    267823.39823463303 265966.66012511577 264136.04821295047  
    262296.3029352501 260489.13541248592 258711.20457566128  
    256921.882658647 255154.53843322938 253422.70096410613  
    251685.44734542945 249958.03768577246 248267.3965825383  
    246579.83960597508 244889.07014416863 243231.2175389279  
    241593.92119020707 239946.07912410944 238312.42968999868  
    236711.8812439674 235114.59912975482 233512.2178231593  
    231934.42314349124 230379.12999735767 228819.35264851362  
    227264.20231355156 225735.59689485613 224219.47230018053  
    222697.81756257894 221186.7905037507 219700.53355970047  
    218221.52051649243 216737.67327419232 215266.184341741  
    213817.38111820695 212374.3498252601 210927.14117948286  
    209490.9489549149 208075.76971166098 206667.62838112438  
    205255.8621319711 203851.48793068243 202466.28058346815  
    201091.42788853994 199714.3006906194 198339.3076124208  
    196980.4872981193 195636.52952794314 194292.98443187203  
    192946.6523266723 191611.65888756295 190294.83280699706  
    188982.79679025724 187665.79806640107 186354.04664737632  
    185059.89290355312 183775.68897023707 182488.66182321933  
    181201.6788883013 179926.80448583307 178665.11392403246  
    177406.79923896698 176147.59784782134 174891.32185676886  
    173646.52818018442 172413.3143529666 171182.05873580446  
    169947.7327005626 168718.7111629862 167504.19469705058  
    166297.09538523588 165087.78663542285 163878.4829290647  
    162677.9530719301 161488.21059476404 160303.03009698697  
    159117.98244045654 157932.572494454 156754.4728062416  
    155588.47244914438 154426.42135458923 153261.26839066192  
    152097.3671171142 150943.62050564366 149798.55958158174  
    148655.11379502687 147511.170994456 146368.47648592084  
    145233.58970204258 144108.23865390586 142985.0730504055  
    141858.638598382 140734.08211674122 139619.83900212072  
    138512.74231975066 137405.43701202626 136296.9184536814  
    135191.00339096744 134093.0698579144 133002.37734694377  
    131912.3689752864 130819.05373181298 129728.5276263128  
    128648.41256498716 127573.64382519518 126496.56269550612  
    125418.18204990067 124344.78496385284 123279.31430266477  
    122217.7654222644 121155.177597571 120090.64494847367  
    119031.1686783742 117981.23149392962 116933.63651366581  
    115882.20175339974 114831.41729037775 113789.365410486  
    112754.05413803647 111718.1839983197 110681.01706845134  
    109648.02477268456 108623.85509612589 107605.381130715  
    106587.67359708666 105571.39710631275 104563.99597777126  
    103569.04558221053 102581.82968799338 101599.5508539339  
    100628.09098279747 99678.48601369465 98752.38370062302  
    97843.49691907485 96957.34526152253 96117.98198538867  
    95335.95934663047 94599.66292393385 93932.98027291737  
    93384.46474994827 92961.42793741048 92670.47407437267  
    92597.60193657015 92815.63950133068 93315.79339879457  
    94237.53913471759 95783.08349958384 97965.78769048826  
    100948.62513166494 105176.58161638715 110852.34599152463  
    118040.39421165807 127464.8917370601 139738.6604388869  
    154865.9689252702 173342.81979544915 195706.75978889945  
    222240.77146361378 252177.14160830507 283515.46974793717  
    315888.7305350329 347992.5868225693 373906.5522587096  
    390148.4554397083 396891.5469286422 393388.65795303107  
    379007.6341785679 353459.8128925323 317795.4386461554  
    272921.5685171122 218389.3238288943 153728.22567033715  
    78240.96007586313 -8072.472956217534 
  FFPRIM_EXT = 1.558997320630883 1.7322138978014658 1.9015072477633586  
    2.067604957573786 2.230512662429911 2.3902375335050463  
    2.5467850695927012 2.7001630171439723 2.8503760707844785  
    2.9974370522351848 3.1413443644119408 3.282104020573925  
    3.4197217935086393 3.5542028929124587 3.6855532218611735  
    3.813777687622506 3.938882574426201 4.060872375951145  
    4.179752830389386 4.295527513093631 4.408203949850286  
    4.51778500713141 4.624277244667771 4.727683195061546  
    4.828008991273356 4.925250782644401 5.024306717095664  
    5.125001308171541 5.219821421254871 5.3089963555378095  
    5.392691704851047 5.471544597953537 5.546105645617729  
    5.616546903792157 5.68277943123946 5.745294496065966  
    5.804759673955195 5.860835889393984 5.913569319192654  
    5.963881443404486 6.011122916111047 6.055800156434202  
    6.098375587387794 6.138132378727383 6.17617824997801  
    6.211758851594872 6.245514250981545 6.277335456336889  
    6.307214878702961 6.335505608101375 6.361941505049109  
    6.386901287050032 6.410242977317111 6.432086780785167  
    6.4525924278952065 6.471548816211463 6.489404958842618  
    6.505735083460911 6.521039199386031 6.535027586182011  
    6.547830539306986 6.559729605852624 6.570131405930449  
    6.580056258928526 6.588307960270685 6.596170067875355  
    6.602676601195769 6.608284482913762 6.613383855623346  
    6.61683573016769 6.620286122732053 6.6223965363338335  
    6.623594889086292 6.624627288988766 6.624051117267038  
    6.623273993387792 6.621809141237157 6.6189389266394425  
    6.616226259242641 6.612493795169325 6.607658342054172  
    6.602959853749315 6.597088144459662 6.590330546858442  
    6.583752083709121 6.576048316937768 6.567501863526192  
    6.559086961317497 6.549656496047195 6.539296529256372  
    6.529128913505117 6.518238141458039 6.506246296910263  
    6.4942780657235115 6.481918921534841 6.468425135138102  
    6.454720231327788 6.440980619991534 6.4262135453678155  
    6.410752995359054 6.395455033698381 6.3796436059978285  
    6.362796478273984 6.345728278167016 6.328672079432101  
    6.310814849407495 6.292209700236051 6.273594990857031  
    6.254724967084716 6.234997046881983 6.214791369813957  
    6.194601967371396 6.173990688153898 6.152568179826505  
    6.130809951782253 6.109046382013547 6.086809378467647  
    6.063814217312059 6.040520689346815 6.017201180945815  
    5.993443020092164 5.96897002025263 5.944160070863008  
    5.919304730850557 5.894106317450801 5.868241100611549  
    5.841944900850341 5.815561701258904 5.788974143624779  
    5.761799233645446 5.734068369169813 5.706172636668457  
    5.678200842724277 5.649769718705876 5.620690110256799  
    5.591321943888748 5.561931168927783 5.532242179463633  
    5.50191741900427 5.471159875580353 5.44031555516432  
    5.409308501122943 5.377811687089036 5.345791814572824  
    5.313511365162386 5.281085181536541 5.248410805430527  
    5.215256843898496 5.1816181092457825 5.147750530467097  
    5.113789607745947 5.079510214459763 5.044661712916972  
    5.0094311763167205 4.974077606641549 4.938542081197982  
    4.902586746658084 4.866154053034094 4.829409093595613  
    4.7924695548994976 4.755348653488575 4.717839770830914  
    4.679810496012651 4.641475718570238 4.603024445114919  
    4.564340371156549 4.525182392749464 4.485584914699649  
    4.445735164532667 4.4056894544696235 4.365401302539545  
    4.324692498757966 4.283510872443021 4.242050402869079  
    4.200457453229411 4.158594490041577 4.116231578497792  
    4.073448176926208 4.0304388285229305 3.9872297333558353  
    3.943717067153862 3.8997549051172715 3.855358898048526  
    3.8106987694370797 3.765879264386034 3.720738392505636  
    3.6750705349213177 3.6290031173935593 3.5827369151606234  
    3.5362447132028194 3.489357625924743 3.4419916436070213  
    3.394247348873199 3.3462538834539624 3.2980347731317927  
    3.2494018590904528 3.2002286256406167 3.1506999766374886  
    3.100978831888129 3.050945367518798 3.0003795787790426  
    2.949325577057019 2.8979723810563724 2.8463382575085587  
    2.7942755372166332 2.741654230536141 2.688549169782939  
    2.6350871345332174 2.581249387538839 2.5268354258891894  
    2.4717410637423347 2.4160835138877435 2.3599360196432135  
    2.3031437022684167 2.2454092002749 2.1866794270884915  
    2.127118269139891 2.066582499876557 2.004435534044825  
    1.9403945890852785 1.8747668594670641 1.8069283583947442  
    1.7356023375787188 1.6606022372455722 1.581765687126906  
    1.4968436960948566 1.403933250309843 1.3032886737525966  
    1.191273112018075 1.0626083206357453 0.9169882909359559  
    0.7501779906551009 0.5505432892293782 0.31284333332971914  
    0.03548230974705734 -0.30048374428701574 -0.7110585474086712  
    -1.1962073291332982 -1.7688169410877803 -2.4430027426404717  
    -3.226213533688813 -4.098239146340561 -5.006639877206734  
    -5.942328838810674 -6.871570653187462 -7.640071573112111  
    -8.157893274631299 -8.430723515810708 -8.44000367551751  
    -8.169530160425879 -7.6114006638006195 -6.791349541593744  
    -5.728452586176791 -4.40553510373314 -2.805336998349359  
    -0.8869325335841892 1.3496782906021956 
  P_EXT = 1644682.2824136792 1601582.8744677077 1575182.8836880964  
    1553037.0528687784 1533156.4668633027 1514762.678724063  
    1497452.2585868863 1480984.0340577518 1465198.3809946743  
    1449986.0821928866 1435262.8089851062 1420966.3837745045  
    1407047.7974588685 1393468.058228795 1380194.99160528  
    1367201.9630244519 1354466.4955538562 1341969.5682628155  
    1329694.6596991254 1317627.1901065174 1305754.875475298  
    1294066.3471187595 1282551.9091499941 1271202.5098431509  
    1260010.430598469 1248968.1484346376 1238069.4790213064  
    1227308.1558820726 1216678.8915563351 1206176.7861227458  
    1195797.1454954345 1185535.4909319454 1175388.0727880774  
    1165351.2846919042 1155421.7028881097 1145595.8001587712  
    1135870.8924994466 1126244.269992807 1116713.0531507088  
    1107274.7513138563 1097927.3828692473 1088668.10638432  
    1079495.4790781285 1070407.1329002986 1061401.2413811292  
    1052476.300349902 1043630.1061402508 1034861.6512561433  
    1026168.784811225 1017550.5629212863 1009005.1629924236  
    1000531.5423033743 992128.2008882156 983794.0744963873  
    975527.8086276306 967328.4977063749 959194.7155485558  
    951125.8956334321 943120.3879012568 935178.0065558655  
    927296.941215633 919477.1597328221 911717.0418741198  
    904016.2420985928 896373.8135920612 888788.6769572815  
    881260.766009568 873788.3679175343 866371.7922550219  
    859009.5783648735 851701.294020526 844446.696039108  
    837244.3744924483 830094.4247674452 822996.0149511497  
    815948.1674047953 808951.1534087716 802003.6149105018  
    795105.2959677274 788256.1322905933 781454.9036716622  
    774701.4705194768 767995.6730162012 761336.262657003  
    754723.3537810297 748156.6625356111 741635.1463544542  
    735158.7647889457 728727.3809207577 722339.8970587808  
    715996.276775754 709696.5148948035 703439.6977784862  
    697225.4362162368 691053.9288423366 684924.3983701756  
    678836.3075341971 672789.8194765602 666784.5841111555  
    660819.727567883 654895.265759764 649011.2473094517  
    643166.973424547 637361.9121810615 631596.2605121611  
    625869.7627372221 620181.7243802326 614531.93657544  
    608920.5351651352 603347.0526753548 597810.9444791505  
    592312.1740765393 586850.772006895 581426.2017358548  
    576038.0399030412 570686.3096593932 565370.98755159  
    560091.5455610675 554847.618226704 549639.2306934905  
    544466.3589109718 539328.5279452009 534225.3748005081  
    529156.8895676499 524123.0843828601 519123.5779039715  
    514157.9766818264 509226.19613623637 504328.294555773  
    499464.0308643096 494632.9758773765 489834.9348288084  
    485069.99113831145 480338.05820996524 475638.72463254427  
    470971.6725750185 466336.9550832137 461734.60180423304  
    457164.3081920714 452625.67562454916 448118.6548769503  
    443643.3078686823 439199.496784627 434786.8532408119  
    430405.1851783141 426054.47378259903 421734.7171953519  
    417445.735535017 413187.2124555331 408958.9733974051  
    404761.05982736254 400593.473515579 396455.9455886112  
    392348.1637524138 388270.0959265565 384221.7872233513  
    380203.1399397467 376213.87552343024 372253.8087532786  
    368322.8860277737 364421.12345512817 360548.45672378596  
    356704.6138953492 352889.3772445207 349102.76190669846  
    345344.8133601358 341615.3879114875 337914.2140664961  
    334241.1815922443 330596.28155705053 326979.51705392706  
    323390.7847522249 319829.84311105206 316296.5386659795  
    312790.9026066419 309312.9788108272 305862.60446443426  
    302439.5298574375 299043.6876585709 295675.10426815343  
    292333.77421739174 289019.5623552138 285732.26124159584  
    282471.7698982675 279238.13538372784 276031.3917118836  
    272851.35555852123 269697.80177022854 266570.713881073  
    263470.1519084439 260396.07744793553 257348.31146666227  
    254326.70004573173 251331.21237380395 248361.89804885112  
    245418.73947028414 242501.52660331177 239610.0958557249  
    236744.48789675493 233904.7650152485 231090.80479817314  
    228302.3831456536 225539.43674299124 222802.00428550004  
    220090.06208427355 217403.43690773286 214741.9332147232  
    212105.4833482915 209494.0745860354 206907.59722676242  
    204345.7598854693 201808.31390014503 199295.1171686512  
    196806.004069297 194340.57369568886 191898.23851962644  
    189478.50561938056 187080.9359442586 184704.71339310342  
    182348.48317259923 180010.98352448613 177690.95912376535  
    175386.06513114314 173093.2083011859 170809.36049598435  
    168530.44612025333 166249.96232238336 163960.82716781634  
    161655.10525804013 159319.54550752492 156938.31270612555  
    154494.73036932677 151963.8564290426 149311.389051273  
    146501.54282755006 143490.2668574857 140212.33920732944  
    136597.5288728487 132571.3626120693 128042.82964028299  
    122913.22753153602 117083.93572899047 110495.54636863078  
    103124.54352914766 94950.67366795198 86044.87519746588  
    76620.9243909471 66911.55580595101 57159.62406114231  
    47626.2394984593 38583.604650587615 30298.921656313156  
    23004.7978743341 16933.662423573354 12329.28988449505  
    9448.999479909615 8567.114786847871 
  F_EXT = 50.49668269109376 50.49649919887849 50.49622214155506  
    50.49585327267737 50.49539434867305 50.49484712004788  
    50.49421332947939 50.493494701914315 50.4926929426716  
    50.4918097453389 50.49084677504458 50.48980577116288  
    50.48868838830876 50.48749635198797 50.48623131099838  
    50.48489497080453 50.48348900245852 50.48201510838304  
    50.48047492295245 50.47887010956403 50.47720232216618  
    50.47547324162736 50.47368451952937 50.47183780060527  
    50.46993463384785 50.467976251629125 50.465962976027214  
    50.46389520936961 50.461774325307466 50.459602298007766  
    50.457382041416864 50.45511654864136 50.45280822630457  
    50.450459287116026 50.44807188192094 50.44564809099323  
    50.443189765147345 50.44069864681887 50.438176390964244  
    50.435624596488566 50.43304472463302 50.430438190613756  
    50.427806296768345 50.425150282696926 50.422471366438096  
    50.419770695202956 50.41704938610056 50.4143084734226  
    50.41154892856184 50.408771669558064 50.40597763246452  
    50.40316772458304 50.400342777697674 50.397503578754794  
    50.39465087218111 50.39178538651812 50.388907881160335  
    50.38601909521877 50.38311968671958 50.38021026386687  
    50.37729145305538 50.37436385188301 50.37142806145313  
    50.36848462061053 50.36553410241309 50.362577028446196  
    50.35961390807065 50.35664523181122 50.353671511929534  
    50.350693274326545 50.347710957962136 50.34472499258366  
    50.34173581184082 50.33874381689892 50.33574944611027  
    50.33275311743846 50.32975522090058 50.32675616314762  
    50.323756315747715 50.3207560461241 50.31775572559108  
    50.31475569092307 50.31175628062054 50.308757839942515  
    50.30576070027749 50.30276520042636 50.299771675623134  
    50.29678042896656 50.293791753062294 50.29080595209854  
    50.287823324307325 50.284844181346145 50.281868819850594  
    50.2788974998589 50.275930470330515 50.27296801442896  
    50.27001041992226 50.26705795056118 50.26411085936357  
    50.26116940406631 50.25823383801459 50.25530440425581  
    50.25238135617266 50.24946494010892 50.24655537501764  
    50.24365288585972 50.240757718143726 50.23787011283967  
    50.234990299118266 50.23211851615301 50.22925496207953  
    50.22639982206624 50.223553302964774 50.22071565148556  
    50.21788711315883 50.21506789641502 50.21225817082404  
    50.209458112414175 50.20666794245318 50.203887875532885  
    50.20111810711376 50.198358838696805 50.19561025918421  
    50.1928725566919 50.190145925384016 50.18743057184449  
    50.184726666798454 50.182034381829425 50.17935390429558  
    50.176685429633636 50.17402913981843 50.17138521498099  
    50.16875383982456 50.16613518730675 50.163529425956085  
    50.160936727150414 50.15835727837257 50.15579125571197  
    50.153238820917686 50.15070013585871 50.148175376995226  
    50.1456647210731 50.143168341897265 50.14068641886477  
    50.138219121704736 50.135766602108575 50.1333289967925  
    50.13090645071981 50.128499171252805 50.12610735839923  
    50.12373116273049 50.1213707183023 50.11902617070896  
    50.11669768722376 50.11438544402934 50.11208961342384  
    50.10981034466912 50.107547779241294 50.105302093261685  
    50.10307345389994 50.10086201224249 50.09866791270818  
    50.09649131791182 50.09433239722632 50.09219131604803  
    50.0900682297019 50.08796328717308 50.085876640878055  
    50.083808441758066 50.081758847528285 50.07972802369699  
    50.0777161488202 50.07572336078864 50.07374979948234  
    50.071795634605735 50.06986104256471 50.06794617366242  
    50.06605117001037 50.06417620027095 50.06232143439147  
    50.06048702228901 50.058673094269224 50.056879850384874  
    50.05510747219581 50.05335609415418 50.05162582668552  
    50.049916851484795 50.04822937690088 50.04656356533434  
    50.04491956993017 50.04329755061969 50.04169768133856  
    50.04012012530786 50.03856504821921 50.037032621788214  
    50.03552302306346 50.03403641924099 50.03257298589783  
    50.031132916716544 50.02971641099106 50.02832366328554  
    50.0269548680873 50.025610216238086 50.02428991354234  
    50.02299417954028 50.02172324573465 50.02047734479638  
    50.019256736584666 50.01806171151857 50.01689258346937  
    50.015749677686166 50.01463333906044 50.01354394207236  
    50.01248193077426 50.01144785701304 50.01044234812459  
    50.00946606412698 50.008519787203525 50.007604452528994  
    50.006721198963106 50.00587140789514 50.00505671759744  
    50.00427901700119 50.003540610043075 50.00284450112929  
    50.00219430706764 50.00159426341719 50.0010495051579  
    50.0005666018505 50.0001535854865 49.9998201656247  
    49.999578114316705 49.999441805582265 49.999428700277115  
    49.99955992081344 49.999860695481814 50.00036041814062  
    50.001092408151685 50.002095049587304 50.00340882296021  
    50.005071898243614 50.007118337317564 50.009575917309476  
    50.012451244443575 50.01572433217885 50.01934697579934  
    50.023228254822385 50.02725993732186 50.03132100366153  
    50.03528420006566 50.03902455601664 50.04241880621018  
    50.04535145730834 50.04770446869779 50.04935084703656  
    50.05015973244385 50.05 
/

