  PS-state 101   5   1   1   1
   2   1
   3   1
  83  36
   2   1
   4   2
  Sqrt(Psi / Psilim)
 0.000000000E+00 0.118073484E-01 0.236137058E-01 0.354180283E-01 0.472192720E-01
 0.590163330E-01 0.708080621E-01 0.825932563E-01 0.943707067E-01 0.106139125E+00
 0.117897263E+00 0.129643957E+00 0.141378174E+00 0.153098661E+00 0.164804745E+00
 0.176494912E+00 0.188169912E+00 0.199826374E+00 0.211464698E+00 0.223081583E+00
 0.234677875E+00 0.246252286E+00 0.257802639E+00 0.269328723E+00 0.280829841E+00
 0.292304937E+00 0.303752507E+00 0.315171659E+00 0.326561527E+00 0.337921169E+00
 0.349249603E+00 0.360545831E+00 0.371808880E+00 0.383037784E+00 0.394231537E+00
 0.405389082E+00 0.416509711E+00 0.427592575E+00 0.438636568E+00 0.449640439E+00
 0.460603016E+00 0.471524065E+00 0.482402220E+00 0.493235897E+00 0.504025035E+00
 0.514768068E+00 0.525463741E+00 0.536111760E+00 0.546710075E+00 0.557258704E+00
 0.567755485E+00 0.578200400E+00 0.588591335E+00 0.598928093E+00 0.609208886E+00
 0.619432835E+00 0.629599150E+00 0.639705960E+00 0.649752732E+00 0.659738210E+00
 0.669660788E+00 0.679519725E+00 0.689313925E+00 0.699041681E+00 0.708702017E+00
 0.718293932E+00 0.727816101E+00 0.737266980E+00 0.746645475E+00 0.755950443E+00
 0.765180676E+00 0.774334615E+00 0.783410925E+00 0.792408365E+00 0.801325659E+00
 0.810161500E+00 0.818914409E+00 0.827582845E+00 0.836165439E+00 0.844660794E+00
 0.853067486E+00 0.861384062E+00 0.869608843E+00 0.877740207E+00 0.885776616E+00
 0.893716497E+00 0.901558243E+00 0.909300093E+00 0.916940102E+00 0.924476476E+00
 0.931907343E+00 0.939230816E+00 0.946444676E+00 0.953547081E+00 0.960536503E+00
 0.967411370E+00 0.974169708E+00 0.980810354E+00 0.987332035E+00 0.993730953E+00
 0.100000000E+01
       n_e
 0.276230673E+15 0.276068649E+15 0.275567998E+15 0.274949505E+15 0.274281325E+15
 0.273568920E+15 0.272813095E+15 0.272014672E+15 0.271174486E+15 0.270289957E+15
 0.269363646E+15 0.268398353E+15 0.267394947E+15 0.266354331E+15 0.265277359E+15
 0.264160935E+15 0.263009482E+15 0.261824680E+15 0.260607300E+15 0.259358505E+15
 0.258079030E+15 0.256766841E+15 0.255425414E+15 0.254056383E+15 0.252660651E+15
 0.251239169E+15 0.249792944E+15 0.248322555E+15 0.246826831E+15 0.245309358E+15
 0.243771079E+15 0.242212940E+15 0.240635882E+15 0.239040844E+15 0.237428770E+15
 0.235799953E+15 0.234154784E+15 0.232495488E+15 0.230823006E+15 0.229138297E+15
 0.227442305E+15 0.225735823E+15 0.224019812E+15 0.222295266E+15 0.220562928E+15
 0.218823775E+15 0.217078200E+15 0.215327327E+15 0.213572462E+15 0.211814283E+15
 0.210053825E+15 0.208291751E+15 0.206529066E+15 0.204766442E+15 0.203004806E+15
 0.201244916E+15 0.199487501E+15 0.197733459E+15 0.195983434E+15 0.194238174E+15
 0.192498461E+15 0.190764892E+15 0.189038081E+15 0.187318701E+15 0.185607226E+15
 0.183904049E+15 0.182209506E+15 0.180523828E+15 0.178846977E+15 0.177178683E+15
 0.175518376E+15 0.173864435E+15 0.172215231E+15 0.170568292E+15 0.168919964E+15
 0.167265305E+15 0.165597844E+15 0.163909320E+15 0.162189472E+15 0.160421826E+15
 0.158571299E+15 0.156624202E+15 0.154553238E+15 0.152329171E+15 0.149922670E+15
 0.147235289E+15 0.144222939E+15 0.140899362E+15 0.137259171E+15 0.133265929E+15
 0.128851220E+15 0.124238057E+15 0.119496338E+15 0.114692474E+15 0.110051008E+15
 0.105640463E+15 0.101546063E+15 0.980134763E+14 0.948416139E+14 0.921324229E+14
 0.915951305E+14
       t_e
 0.191654848E+02 0.191485040E+02 0.190933618E+02 0.190181931E+02 0.189286788E+02
 0.188263899E+02 0.187115802E+02 0.185845315E+02 0.184455525E+02 0.182940222E+02
 0.181308014E+02 0.179568193E+02 0.177724826E+02 0.175782209E+02 0.173744718E+02
 0.171607127E+02 0.169383460E+02 0.167080387E+02 0.164702609E+02 0.162255657E+02
 0.159744272E+02 0.157168042E+02 0.154537598E+02 0.151859497E+02 0.149138832E+02
 0.146380746E+02 0.143596698E+02 0.140808696E+02 0.138032662E+02 0.135271684E+02
 0.132527931E+02 0.129802618E+02 0.127096999E+02 0.124413392E+02 0.121754480E+02
 0.119124725E+02 0.116530046E+02 0.113972270E+02 0.111453376E+02 0.108974988E+02
 0.106537426E+02 0.104140068E+02 0.101783032E+02 0.994667497E+01 0.971912365E+01
 0.949564143E+01 0.927628175E+01 0.906086506E+01 0.884924747E+01 0.864118640E+01
 0.843646320E+01 0.823499339E+01 0.803683062E+01 0.784201419E+01 0.765069164E+01
 0.746303376E+01 0.727916330E+01 0.709918654E+01 0.692316840E+01 0.675113420E+01
 0.658305253E+01 0.641885316E+01 0.625847225E+01 0.610183971E+01 0.594883701E+01
 0.579933228E+01 0.565322441E+01 0.551043471E+01 0.537087472E+01 0.523445098E+01
 0.510107433E+01 0.497082138E+01 0.484351735E+01 0.471902149E+01 0.459720801E+01
 0.447792447E+01 0.436098517E+01 0.424615245E+01 0.413311700E+01 0.402146593E+01
 0.391034136E+01 0.379880961E+01 0.368577232E+01 0.356993581E+01 0.344988438E+01
 0.332161467E+01 0.318198476E+01 0.303008769E+01 0.286458246E+01 0.268252047E+01
 0.247805755E+01 0.226168288E+01 0.202551878E+01 0.173927556E+01 0.142199122E+01
 0.111327599E+01 0.832642352E+00 0.601277584E+00 0.399374458E+00 0.234919689E+00
 0.202304675E+00
n_i_01
 0.127594549E+15 0.127520271E+15 0.127290900E+15 0.127007880E+15 0.126702415E+15
 0.126377039E+15 0.126032667E+15 0.125670566E+15 0.125292148E+15 0.124897518E+15
 0.124487616E+15 0.124062517E+15 0.123621269E+15 0.123162969E+15 0.122687708E+15
 0.122194337E+15 0.121684786E+15 0.121159690E+15 0.120619348E+15 0.120064295E+15
 0.119494863E+15 0.118910083E+15 0.118311565E+15 0.117700006E+15 0.117075703E+15
 0.116438952E+15 0.115790084E+15 0.115129250E+15 0.114455760E+15 0.113771287E+15
 0.113076227E+15 0.112371013E+15 0.111656084E+15 0.110931862E+15 0.110198769E+15
 0.109456896E+15 0.108706386E+15 0.107948353E+15 0.107183272E+15 0.106411630E+15
 0.105633903E+15 0.104850496E+15 0.104061904E+15 0.103268638E+15 0.102471091E+15
 0.101669760E+15 0.100864855E+15 0.100056965E+15 0.992467517E+14 0.984345812E+14
 0.976209746E+14 0.968062670E+14 0.959909453E+14 0.951753375E+14 0.943598829E+14
 0.935449410E+14 0.927308633E+14 0.919180841E+14 0.911069210E+14 0.902977405E+14
 0.894909255E+14 0.886867734E+14 0.878855888E+14 0.870877003E+14 0.862933450E+14
 0.855027193E+14 0.847159920E+14 0.839332806E+14 0.831545768E+14 0.823797623E+14
 0.816085803E+14 0.808402768E+14 0.800741056E+14 0.793089238E+14 0.785430373E+14
 0.777741528E+14 0.769992659E+14 0.762145392E+14 0.754152055E+14 0.745936068E+14
 0.737334288E+14 0.728283156E+14 0.718655763E+14 0.708316174E+14 0.697128021E+14
 0.684633502E+14 0.670627631E+14 0.655174346E+14 0.638248619E+14 0.619681014E+14
 0.599153400E+14 0.577702846E+14 0.555654440E+14 0.533317064E+14 0.511734718E+14
 0.491226016E+14 0.472187202E+14 0.455760756E+14 0.441011662E+14 0.428413976E+14
 0.425915577E+14
t_i_01
 0.203849909E+02 0.203661384E+02 0.203039526E+02 0.202167607E+02 0.201103561E+02
 0.199868702E+02 0.198466852E+02 0.196902353E+02 0.195180045E+02 0.193292775E+02
 0.191253066E+02 0.189074300E+02 0.186763078E+02 0.184326373E+02 0.181771320E+02
 0.179093521E+02 0.176312257E+02 0.173437589E+02 0.170477135E+02 0.167439521E+02
 0.164332343E+02 0.161158052E+02 0.157930721E+02 0.154659646E+02 0.151352503E+02
 0.148016910E+02 0.144677181E+02 0.141386312E+02 0.138183216E+02 0.135061227E+02
 0.132017682E+02 0.129046745E+02 0.126142622E+02 0.123303060E+02 0.120527097E+02
 0.117816638E+02 0.115174129E+02 0.112594524E+02 0.110074881E+02 0.107612609E+02
 0.105206055E+02 0.102853569E+02 0.100553006E+02 0.983019786E+01 0.960982045E+01
 0.939401599E+01 0.918269089E+01 0.897543933E+01 0.877191095E+01 0.857169826E+01
 0.837448229E+01 0.818012052E+01 0.798861206E+01 0.779997616E+01 0.761443829E+01
 0.743228887E+01 0.725370316E+01 0.707879670E+01 0.690765067E+01 0.674031466E+01
 0.657676831E+01 0.641692884E+01 0.626071072E+01 0.610802146E+01 0.595872111E+01
 0.581266467E+01 0.566974929E+01 0.552989929E+01 0.539303432E+01 0.525908969E+01
 0.512802253E+01 0.499992438E+01 0.487462832E+01 0.475199868E+01 0.463192066E+01
 0.451424098E+01 0.439874325E+01 0.428513790E+01 0.417305867E+01 0.406202365E+01
 0.395097575E+01 0.383888552E+01 0.372459423E+01 0.360679404E+01 0.348408091E+01
 0.335230260E+01 0.320861337E+01 0.305250496E+01 0.288279485E+01 0.269664683E+01
 0.248817099E+01 0.226781435E+01 0.202808453E+01 0.173981295E+01 0.142200182E+01
 0.111316422E+01 0.832440381E+00 0.601095923E+00 0.399273646E+00 0.234978604E+00
 0.202395268E+00
n_i_02
 0.127594549E+15 0.127520271E+15 0.127290900E+15 0.127007880E+15 0.126702415E+15
 0.126377039E+15 0.126032667E+15 0.125670566E+15 0.125292148E+15 0.124897518E+15
 0.124487616E+15 0.124062517E+15 0.123621269E+15 0.123162969E+15 0.122687708E+15
 0.122194337E+15 0.121684786E+15 0.121159690E+15 0.120619348E+15 0.120064295E+15
 0.119494863E+15 0.118910083E+15 0.118311565E+15 0.117700006E+15 0.117075703E+15
 0.116438952E+15 0.115790084E+15 0.115129250E+15 0.114455760E+15 0.113771287E+15
 0.113076227E+15 0.112371013E+15 0.111656084E+15 0.110931862E+15 0.110198769E+15
 0.109456896E+15 0.108706386E+15 0.107948353E+15 0.107183272E+15 0.106411630E+15
 0.105633903E+15 0.104850496E+15 0.104061904E+15 0.103268638E+15 0.102471091E+15
 0.101669760E+15 0.100864855E+15 0.100056965E+15 0.992467517E+14 0.984345812E+14
 0.976209746E+14 0.968062670E+14 0.959909453E+14 0.951753375E+14 0.943598829E+14
 0.935449410E+14 0.927308633E+14 0.919180841E+14 0.911069210E+14 0.902977405E+14
 0.894909255E+14 0.886867734E+14 0.878855888E+14 0.870877003E+14 0.862933450E+14
 0.855027193E+14 0.847159920E+14 0.839332806E+14 0.831545768E+14 0.823797623E+14
 0.816085803E+14 0.808402768E+14 0.800741056E+14 0.793089238E+14 0.785430373E+14
 0.777741528E+14 0.769992659E+14 0.762145392E+14 0.754152055E+14 0.745936068E+14
 0.737334288E+14 0.728283156E+14 0.718655763E+14 0.708316174E+14 0.697128021E+14
 0.684633502E+14 0.670627631E+14 0.655174346E+14 0.638248619E+14 0.619681014E+14
 0.599153400E+14 0.577702846E+14 0.555654440E+14 0.533317064E+14 0.511734718E+14
 0.491226016E+14 0.472187202E+14 0.455760756E+14 0.441011662E+14 0.428413976E+14
 0.425915577E+14
t_i_02
 0.203849909E+02 0.203661384E+02 0.203039526E+02 0.202167607E+02 0.201103561E+02
 0.199868702E+02 0.198466852E+02 0.196902353E+02 0.195180045E+02 0.193292775E+02
 0.191253066E+02 0.189074300E+02 0.186763078E+02 0.184326373E+02 0.181771320E+02
 0.179093521E+02 0.176312257E+02 0.173437589E+02 0.170477135E+02 0.167439521E+02
 0.164332343E+02 0.161158052E+02 0.157930721E+02 0.154659646E+02 0.151352503E+02
 0.148016910E+02 0.144677181E+02 0.141386312E+02 0.138183216E+02 0.135061227E+02
 0.132017682E+02 0.129046745E+02 0.126142622E+02 0.123303060E+02 0.120527097E+02
 0.117816638E+02 0.115174129E+02 0.112594524E+02 0.110074881E+02 0.107612609E+02
 0.105206055E+02 0.102853569E+02 0.100553006E+02 0.983019786E+01 0.960982045E+01
 0.939401599E+01 0.918269089E+01 0.897543933E+01 0.877191095E+01 0.857169826E+01
 0.837448229E+01 0.818012052E+01 0.798861206E+01 0.779997616E+01 0.761443829E+01
 0.743228887E+01 0.725370316E+01 0.707879670E+01 0.690765067E+01 0.674031466E+01
 0.657676831E+01 0.641692884E+01 0.626071072E+01 0.610802146E+01 0.595872111E+01
 0.581266467E+01 0.566974929E+01 0.552989929E+01 0.539303432E+01 0.525908969E+01
 0.512802253E+01 0.499992438E+01 0.487462832E+01 0.475199868E+01 0.463192066E+01
 0.451424098E+01 0.439874325E+01 0.428513790E+01 0.417305867E+01 0.406202365E+01
 0.395097575E+01 0.383888552E+01 0.372459423E+01 0.360679404E+01 0.348408091E+01
 0.335230260E+01 0.320861337E+01 0.305250496E+01 0.288279485E+01 0.269664683E+01
 0.248817099E+01 0.226781435E+01 0.202808453E+01 0.173981295E+01 0.142200182E+01
 0.111316422E+01 0.832440381E+00 0.601095923E+00 0.399273646E+00 0.234978604E+00
 0.202395268E+00
n_i_03
 0.584488207E+12 0.584114068E+12 0.582949947E+12 0.581492927E+12 0.579902614E+12
 0.578190039E+12 0.576326681E+12 0.574265020E+12 0.571949733E+12 0.569303333E+12
 0.566344843E+12 0.563147734E+12 0.559789159E+12 0.556344261E+12 0.552831739E+12
 0.549229449E+12 0.545553070E+12 0.541813902E+12 0.538016755E+12 0.534164311E+12
 0.530258470E+12 0.526296521E+12 0.522285680E+12 0.518232506E+12 0.514145720E+12
 0.510035145E+12 0.505910451E+12 0.501779340E+12 0.497647550E+12 0.493521767E+12
 0.489406233E+12 0.485303179E+12 0.481214273E+12 0.477142217E+12 0.473089768E+12
 0.469060038E+12 0.465055882E+12 0.461077288E+12 0.457123934E+12 0.453195443E+12
 0.449291657E+12 0.445411972E+12 0.441555683E+12 0.437721962E+12 0.433909616E+12
 0.430118176E+12 0.426346924E+12 0.422594393E+12 0.418859964E+12 0.415142252E+12
 0.411440998E+12 0.407756013E+12 0.404088209E+12 0.400437972E+12 0.396806660E+12
 0.393195395E+12 0.389604854E+12 0.386035846E+12 0.382488651E+12 0.378963694E+12
 0.375461390E+12 0.371981796E+12 0.368525100E+12 0.365091675E+12 0.361681561E+12
 0.358294723E+12 0.354931155E+12 0.351590736E+12 0.348272879E+12 0.344976610E+12
 0.341700439E+12 0.338441139E+12 0.335194989E+12 0.331956788E+12 0.328719150E+12
 0.325472205E+12 0.322203121E+12 0.318895596E+12 0.315529462E+12 0.312072574E+12
 0.308456700E+12 0.304654741E+12 0.300613495E+12 0.296276010E+12 0.291585164E+12
 0.286349681E+12 0.280483683E+12 0.274013675E+12 0.266929089E+12 0.259159048E+12
 0.250570570E+12 0.241596872E+12 0.232373616E+12 0.223029469E+12 0.214001798E+12
 0.205423895E+12 0.197461744E+12 0.190592365E+12 0.184424489E+12 0.179156324E+12
 0.178111530E+12
t_i_03
 0.203849909E+02 0.203661384E+02 0.203039526E+02 0.202167607E+02 0.201103561E+02
 0.199868702E+02 0.198466852E+02 0.196902353E+02 0.195180045E+02 0.193292775E+02
 0.191253066E+02 0.189074300E+02 0.186763078E+02 0.184326373E+02 0.181771320E+02
 0.179093521E+02 0.176312257E+02 0.173437589E+02 0.170477135E+02 0.167439521E+02
 0.164332343E+02 0.161158052E+02 0.157930721E+02 0.154659646E+02 0.151352503E+02
 0.148016910E+02 0.144677181E+02 0.141386312E+02 0.138183216E+02 0.135061227E+02
 0.132017682E+02 0.129046745E+02 0.126142622E+02 0.123303060E+02 0.120527097E+02
 0.117816638E+02 0.115174129E+02 0.112594524E+02 0.110074881E+02 0.107612609E+02
 0.105206055E+02 0.102853569E+02 0.100553006E+02 0.983019786E+01 0.960982045E+01
 0.939401599E+01 0.918269089E+01 0.897543933E+01 0.877191095E+01 0.857169826E+01
 0.837448229E+01 0.818012052E+01 0.798861206E+01 0.779997616E+01 0.761443829E+01
 0.743228887E+01 0.725370316E+01 0.707879670E+01 0.690765067E+01 0.674031466E+01
 0.657676831E+01 0.641692884E+01 0.626071072E+01 0.610802146E+01 0.595872111E+01
 0.581266467E+01 0.566974929E+01 0.552989929E+01 0.539303432E+01 0.525908969E+01
 0.512802253E+01 0.499992438E+01 0.487462832E+01 0.475199868E+01 0.463192066E+01
 0.451424098E+01 0.439874325E+01 0.428513790E+01 0.417305867E+01 0.406202365E+01
 0.395097575E+01 0.383888552E+01 0.372459423E+01 0.360679404E+01 0.348408091E+01
 0.335230260E+01 0.320861337E+01 0.305250496E+01 0.288279485E+01 0.269664683E+01
 0.248817099E+01 0.226781435E+01 0.202808453E+01 0.173981295E+01 0.142200182E+01
 0.111316422E+01 0.832440381E+00 0.601095923E+00 0.399273646E+00 0.234978604E+00
 0.202395268E+00
n_i_04
 0.000000000E+00 0.000000000E+00 0.000000000E+00 0.000000000E+00 0.000000000E+00
 0.000000000E+00 0.000000000E+00 0.000000000E+00 0.000000000E+00 0.000000000E+00
 0.000000000E+00 0.000000000E+00 0.000000000E+00 0.000000000E+00 0.000000000E+00
 0.000000000E+00 0.000000000E+00 0.000000000E+00 0.000000000E+00 0.000000000E+00
 0.000000000E+00 0.000000000E+00 0.000000000E+00 0.000000000E+00 0.000000000E+00
 0.000000000E+00 0.000000000E+00 0.000000000E+00 0.000000000E+00 0.000000000E+00
 0.000000000E+00 0.000000000E+00 0.000000000E+00 0.000000000E+00 0.000000000E+00
 0.000000000E+00 0.000000000E+00 0.000000000E+00 0.000000000E+00 0.000000000E+00
 0.000000000E+00 0.000000000E+00 0.000000000E+00 0.000000000E+00 0.000000000E+00
 0.000000000E+00 0.000000000E+00 0.000000000E+00 0.000000000E+00 0.000000000E+00
 0.000000000E+00 0.000000000E+00 0.000000000E+00 0.000000000E+00 0.000000000E+00
 0.000000000E+00 0.000000000E+00 0.000000000E+00 0.000000000E+00 0.000000000E+00
 0.000000000E+00 0.000000000E+00 0.000000000E+00 0.000000000E+00 0.000000000E+00
 0.000000000E+00 0.000000000E+00 0.000000000E+00 0.000000000E+00 0.000000000E+00
 0.000000000E+00 0.000000000E+00 0.000000000E+00 0.000000000E+00 0.000000000E+00
 0.000000000E+00 0.000000000E+00 0.000000000E+00 0.000000000E+00 0.000000000E+00
 0.000000000E+00 0.000000000E+00 0.000000000E+00 0.000000000E+00 0.000000000E+00
 0.000000000E+00 0.000000000E+00 0.000000000E+00 0.000000000E+00 0.000000000E+00
 0.000000000E+00 0.000000000E+00 0.000000000E+00 0.000000000E+00 0.000000000E+00
 0.000000000E+00 0.000000000E+00 0.000000000E+00 0.000000000E+00 0.000000000E+00
 0.000000000E+00
t_i_04
 0.000000000E+00 0.000000000E+00 0.000000000E+00 0.000000000E+00 0.000000000E+00
 0.000000000E+00 0.000000000E+00 0.000000000E+00 0.000000000E+00 0.000000000E+00
 0.000000000E+00 0.000000000E+00 0.000000000E+00 0.000000000E+00 0.000000000E+00
 0.000000000E+00 0.000000000E+00 0.000000000E+00 0.000000000E+00 0.000000000E+00
 0.000000000E+00 0.000000000E+00 0.000000000E+00 0.000000000E+00 0.000000000E+00
 0.000000000E+00 0.000000000E+00 0.000000000E+00 0.000000000E+00 0.000000000E+00
 0.000000000E+00 0.000000000E+00 0.000000000E+00 0.000000000E+00 0.000000000E+00
 0.000000000E+00 0.000000000E+00 0.000000000E+00 0.000000000E+00 0.000000000E+00
 0.000000000E+00 0.000000000E+00 0.000000000E+00 0.000000000E+00 0.000000000E+00
 0.000000000E+00 0.000000000E+00 0.000000000E+00 0.000000000E+00 0.000000000E+00
 0.000000000E+00 0.000000000E+00 0.000000000E+00 0.000000000E+00 0.000000000E+00
 0.000000000E+00 0.000000000E+00 0.000000000E+00 0.000000000E+00 0.000000000E+00
 0.000000000E+00 0.000000000E+00 0.000000000E+00 0.000000000E+00 0.000000000E+00
 0.000000000E+00 0.000000000E+00 0.000000000E+00 0.000000000E+00 0.000000000E+00
 0.000000000E+00 0.000000000E+00 0.000000000E+00 0.000000000E+00 0.000000000E+00
 0.000000000E+00 0.000000000E+00 0.000000000E+00 0.000000000E+00 0.000000000E+00
 0.000000000E+00 0.000000000E+00 0.000000000E+00 0.000000000E+00 0.000000000E+00
 0.000000000E+00 0.000000000E+00 0.000000000E+00 0.000000000E+00 0.000000000E+00
 0.000000000E+00 0.000000000E+00 0.000000000E+00 0.000000000E+00 0.000000000E+00
 0.000000000E+00 0.000000000E+00 0.000000000E+00 0.000000000E+00 0.000000000E+00
 0.000000000E+00
n_i_05
 0.000000000E+00 0.000000000E+00 0.000000000E+00 0.000000000E+00 0.000000000E+00
 0.000000000E+00 0.000000000E+00 0.000000000E+00 0.000000000E+00 0.000000000E+00
 0.000000000E+00 0.000000000E+00 0.000000000E+00 0.000000000E+00 0.000000000E+00
 0.000000000E+00 0.000000000E+00 0.000000000E+00 0.000000000E+00 0.000000000E+00
 0.000000000E+00 0.000000000E+00 0.000000000E+00 0.000000000E+00 0.000000000E+00
 0.000000000E+00 0.000000000E+00 0.000000000E+00 0.000000000E+00 0.000000000E+00
 0.000000000E+00 0.000000000E+00 0.000000000E+00 0.000000000E+00 0.000000000E+00
 0.000000000E+00 0.000000000E+00 0.000000000E+00 0.000000000E+00 0.000000000E+00
 0.000000000E+00 0.000000000E+00 0.000000000E+00 0.000000000E+00 0.000000000E+00
 0.000000000E+00 0.000000000E+00 0.000000000E+00 0.000000000E+00 0.000000000E+00
 0.000000000E+00 0.000000000E+00 0.000000000E+00 0.000000000E+00 0.000000000E+00
 0.000000000E+00 0.000000000E+00 0.000000000E+00 0.000000000E+00 0.000000000E+00
 0.000000000E+00 0.000000000E+00 0.000000000E+00 0.000000000E+00 0.000000000E+00
 0.000000000E+00 0.000000000E+00 0.000000000E+00 0.000000000E+00 0.000000000E+00
 0.000000000E+00 0.000000000E+00 0.000000000E+00 0.000000000E+00 0.000000000E+00
 0.000000000E+00 0.000000000E+00 0.000000000E+00 0.000000000E+00 0.000000000E+00
 0.000000000E+00 0.000000000E+00 0.000000000E+00 0.000000000E+00 0.000000000E+00
 0.000000000E+00 0.000000000E+00 0.000000000E+00 0.000000000E+00 0.000000000E+00
 0.000000000E+00 0.000000000E+00 0.000000000E+00 0.000000000E+00 0.000000000E+00
 0.000000000E+00 0.000000000E+00 0.000000000E+00 0.000000000E+00 0.000000000E+00
 0.000000000E+00
t_i_05
 0.000000000E+00 0.000000000E+00 0.000000000E+00 0.000000000E+00 0.000000000E+00
 0.000000000E+00 0.000000000E+00 0.000000000E+00 0.000000000E+00 0.000000000E+00
 0.000000000E+00 0.000000000E+00 0.000000000E+00 0.000000000E+00 0.000000000E+00
 0.000000000E+00 0.000000000E+00 0.000000000E+00 0.000000000E+00 0.000000000E+00
 0.000000000E+00 0.000000000E+00 0.000000000E+00 0.000000000E+00 0.000000000E+00
 0.000000000E+00 0.000000000E+00 0.000000000E+00 0.000000000E+00 0.000000000E+00
 0.000000000E+00 0.000000000E+00 0.000000000E+00 0.000000000E+00 0.000000000E+00
 0.000000000E+00 0.000000000E+00 0.000000000E+00 0.000000000E+00 0.000000000E+00
 0.000000000E+00 0.000000000E+00 0.000000000E+00 0.000000000E+00 0.000000000E+00
 0.000000000E+00 0.000000000E+00 0.000000000E+00 0.000000000E+00 0.000000000E+00
 0.000000000E+00 0.000000000E+00 0.000000000E+00 0.000000000E+00 0.000000000E+00
 0.000000000E+00 0.000000000E+00 0.000000000E+00 0.000000000E+00 0.000000000E+00
 0.000000000E+00 0.000000000E+00 0.000000000E+00 0.000000000E+00 0.000000000E+00
 0.000000000E+00 0.000000000E+00 0.000000000E+00 0.000000000E+00 0.000000000E+00
 0.000000000E+00 0.000000000E+00 0.000000000E+00 0.000000000E+00 0.000000000E+00
 0.000000000E+00 0.000000000E+00 0.000000000E+00 0.000000000E+00 0.000000000E+00
 0.000000000E+00 0.000000000E+00 0.000000000E+00 0.000000000E+00 0.000000000E+00
 0.000000000E+00 0.000000000E+00 0.000000000E+00 0.000000000E+00 0.000000000E+00
 0.000000000E+00 0.000000000E+00 0.000000000E+00 0.000000000E+00 0.000000000E+00
 0.000000000E+00 0.000000000E+00 0.000000000E+00 0.000000000E+00 0.000000000E+00
 0.000000000E+00
