&INSTATE
  DENSITY_MODEL = 1 
  MODEL_SHAPE = 1 
  NBDRY = 15 
  USE_INPED = 0 
  R0 = 4.55 
  A0 = 1.2 
  KAPPA = 1.4 
  DELTA = -0.5 
  B0 = 11.0 
  IP = 10.0 
  N_ION = 2 
  Z_ION = 1 1 
  A_ION = 2 3 
  F_ION = 0.5 0.5 
  N_IMP = 1 
  Z_IMP = 36 
  A_IMP = 84 
  F_IMP = 0.001 
  N_MIN = 0 
  Z_MIN = 1 
  A_MIN = 1 
  N_BEAM = 1 
  Z_BEAM = 1 
  A_BEAM = 2 
  N_FUSION = 1 
  Z_FUSION = 2 
  A_FUSION = 4 
  NRHO = 101 
  NE_AXIS = 27.6 
  NE_PED = 14.0 
  NE_SEP = 9.0 
  NE_ALPHA = 1.5 
  NE_BETA = 1.1 
  NE_FIT = 1 
  NE_XMID = 0.975 
  NE_XWID = 0.05 
  TE_AXIS = 18.8 
  TE_PED = 3.0 
  TE_SEP = 0.08 
  TE_ALPHA = 1.5 
  TE_BETA = 1.5 
  TE_FIT = 1 
  TE_XMID = 0.975 
  TE_XWID = 0.05 
  TI_AXIS = 19.0 
  TI_PED = 3.0 
  TI_SEP = 0.08 
  TI_ALPHA = 1.5 
  TI_BETA = 1.5 
  TI_FIT = 1 
  TI_XMID = 0.975 
  TI_XWID = 0.05 
  ZEFF_AXIS = 2.26 
  OMEGA_AXIS = 5000.0 
  OMEGA_SEP = 0.0 
  OMEGA_ALPHA = 1.5 
  OMEGA_BETA = 1.5 
  JPAR_AXIS = 1.0 
  JPAR_SEP = 0.05 
  JPAR_ALPHA = 2.0 
  JPAR_BETA = 1.0 
  NBEAM_AXIS = 0.0 
  NBEAM_SEP = 0.0 
  NBEAM_ALPHA = 1.5 
  NBEAM_BETA = 1.5 
  TBEAMI = 20.0 20.0 20.0 20.0 20.0 20.0 20.0 20.0 20.0 20.0 20.0 20.0  
    20.0 20.0 20.0 20.0 20.0 20.0 20.0 20.0 20.0 20.0 20.0 20.0 20.0  
    20.0 20.0 20.0 20.0 20.0 20.0 20.0 20.0 20.0 20.0 20.0 20.0 20.0  
    20.0 20.0 20.0 20.0 20.0 20.0 20.0 20.0 20.0 20.0 20.0 20.0 20.0  
    20.0 20.0 20.0 20.0 20.0 20.0 20.0 20.0 20.0 20.0 20.0 20.0 20.0  
    20.0 20.0 20.0 20.0 20.0 20.0 20.0 20.0 20.0 20.0 20.0 20.0 20.0  
    20.0 20.0 20.0 20.0 20.0 20.0 20.0 20.0 20.0 20.0 20.0 20.0 20.0  
    20.0 20.0 20.0 20.0 20.0 20.0 20.0 20.0 20.0 20.0 20.0 
  BETAN_PED = -1.0 
  XMID = 0.975 
  XWID = 0.05 
  PRESSURE_MODEL = 'full' 
  H98_TARGET = 0.8 
  BETAN_TARGET = 1.25 
  BETAN_BEAM_TARGET = 0.0 
  CURRENT_MODEL = 'broad' 
  RHO_JBDRY = 0.85 
  RHO_JPEAK = 0.65 
  JAXIS = 0.6 
  JAXIS_PRIME = 1.0 
  JBDRY_PRIME = -1.0 
  PE_IC = -0.026751934 -0.018215219 -0.011381516 -0.010828491  
    0.012952043 0.18822614 0.33566152 0.27687265 0.5866693 1.2153689  
    1.1289086 0.97127151 0.80418006 0.74178047 0.68917187 0.5196498  
    0.43169531 0.3820608 0.32883188 0.27903802 0.2247765 0.18971748  
    0.16913188 0.13525273 0.10612134 0.08705696 0.080384933 0.069881502  
    0.047562162 0.032157874 0.027743716 0.022976339 0.013608249  
    0.0071033332 0.0067654608 0.0050360634 -0.00069353814 -0.0048474487  
    -0.0050091386 -0.0046582429 -0.006839262 -0.0081518516  
    -0.0072608733 -0.0078729976 -0.010283258 -0.011149009 -0.010247531  
    -0.0089638483 -0.0091852771 -0.0093745589 -0.0087364409  
    -0.0080028915 -0.0076276743 -0.00733435 -0.0059867147 -0.0036000113  
    -0.0030993241 -0.002207998 -0.0017669872 -0.00071796974  
    0.0012405196 0.0028335579 0.0044123573 0.0058507959 0.0075398941  
    0.0093234627 0.011234727 0.012786097 0.01413919 0.015619651  
    0.017125499 0.018609398 0.01986247 0.020946787 0.02187562  
    0.023025091 0.023708489 0.023914126 0.024018124 0.024092598  
    0.013679493 0.0041817432 0.0010776514 0.0003955196 0.00023271662  
    0.00031127395 0.00030005859 0.00021094479 0.00014289613  
    0.00012145374 0.00014747009 0.00013569439 0.00012109475  
    0.00011981384 0.00011326664 9.3495434e-05 7.2362455e-05  
    6.2594495e-05 7.4737452e-05 0.00011816878 0.00017467841 
  PI_IC = 0.041688426 0.039475651 0.041925299 0.050626052 0.089209079  
    0.33985109 0.52787911 0.46728903 1.2743664 2.8665359 3.4643897  
    3.8660851 4.2402546 4.5074942 4.5596717 3.8259005 3.6978497  
    3.7170297 3.2996676 2.7947338 2.3345783 2.0026022 1.6647487  
    1.2154015 0.8937629 0.67068363 0.53286737 0.41087745 0.29403502  
    0.20955609 0.15689041 0.12274595 0.12100686 0.12350968 0.13129895  
    0.13131897 0.12436647 0.11125144 0.10679282 0.11262243 0.12187927  
    0.12702989 0.12526732 0.11294223 0.08363495 0.072128309 0.071478215  
    0.081293464 0.077745475 0.068576327 0.05743905 0.051586321  
    0.04826586 0.044498545 0.044893404 0.051794773 0.05045163  
    0.045036078 0.032387254 0.032347945 0.035694652 0.035513755  
    0.032720782 0.021498766 0.016763191 0.0143494 0.013322757  
    0.0077986178 -0.00073052172 -0.0035996992 -0.0051644537  
    -0.0062250127 -0.010969767 -0.014598909 -0.015528825 -0.014649254  
    -0.013523942 -0.017466352 -0.018680255 -0.017840135 -0.0053173826  
    0.002654727 0.0032505412 0.0033969713 0.0036335903 0.0045394275  
    0.0042826241 0.0028220379 0.002130791 0.0020241821 0.0024899164  
    0.0022825689 0.0020591608 0.0021450532 0.0020913207 0.00175598  
    0.0013510429 0.0011076943 0.0011863142 0.0017623332 0.0025285306 
  NE = 27.62369492 27.62369492 27.57762515 27.52834267 27.47588811  
    27.42030207 27.36162517 27.29989802 27.23516123 27.16745542  
    27.0968212 27.02329917 26.94692997 26.86775419 26.78581245  
    26.70114537 26.61379356 26.52379762 26.43119818 26.33603584  
    26.23835123 26.13818494 26.0355776 25.93056982 25.82320221  
    25.71351538 25.60154996 25.48734654 25.37094574 25.25238819  
    25.13171448 25.00896523 24.88418106 24.75740258 24.62867039  
    24.49802513 24.36550739 24.23115779 24.09501694 23.95712546  
    23.81752396 23.67625305 23.53335335 23.38886547 23.24283002  
    23.09528761 22.94627886 22.795844379999995 22.64402478 22.49086068  
    22.33639269 22.18066143 22.0237075 21.86557151 21.70629409  
    21.54591584 21.38447739 21.22201933 21.05858228 20.89420686  
    20.72893369 20.56280336 20.3958565 20.22813372 20.05967563  
    19.89052285 19.72071598 19.55029564 19.37930245 19.207777009999997  
    19.03575995 18.86329186 18.69041337 18.51716508 18.34358759  
    18.1697215 17.99560737 17.82128573 17.64679697 17.47218125  
    17.29747816 17.12272613 16.947960959999996 16.77321281 16.59849951  
    16.4238121 16.24908325 16.07411888 15.89844968 15.72100995  
    15.5394461 15.34864352 15.13765935 14.8836644 14.541441169999995  
    14.031224889999992 13.2467515 12.1377495 10.85949741 9.742531833  
    8.995156989 
  TE = 18.81384686 18.81384686 18.74420688 18.66890087 18.58804629  
    18.50176064 18.4101614 18.31336605 18.21149207 18.10465695  
    17.99297817 17.8765732 17.75555954 17.63005466 17.50017605  
    17.36604119 17.22776756 17.08547264 16.93927392 16.78928887  
    16.63563499 16.47842975 16.31779064 16.15383514 15.98668072  
    15.81644488 15.64324509 15.46719884 15.28842361 15.10703688  
    14.92315613 14.73689886 14.54838253 14.35772463 14.16504264  
    13.970454049999999 13.77407634 13.57602699 13.37642348 13.1753833  
    12.97302393 12.769462839999997 12.56481753 12.35920547 12.15274415  
    11.94555105 11.73774365 11.529439429999998 11.32075588 11.11181048  
    10.90272071 10.69360405 10.48457799 10.27576001 10.06726758  
    9.8592182 9.651729344 9.444918494999998 9.238903135 9.033800748  
    8.829728814 8.626804818 8.42514624 8.224870564 8.026095271  
    7.828937844 7.633515765 7.439946518 7.248347583 7.058836442999998  
    6.871530580999998 6.686547479 6.504004619 6.324019483 6.146709555  
    5.972192314 5.800585242 5.632005817 5.46657151 5.304399778  
    5.145608036 4.990313601 4.8386335449999995 4.690684322999998  
    4.546580861 4.406434269 4.27034615 4.138394403 4.010597836  
    3.886827944 3.766589201 3.648473631 3.528819046 3.398489027  
    3.2356494839999974 2.9924761309999957 2.585023873 1.940151703  
    1.15075753 0.4883411993 0.09727422529 
  TI = 19.01400254 19.01400254 18.9434593 18.86717585 18.78527121  
    18.69786441 18.60507447 18.50702041 18.40382125 18.29559602  
    18.18246373 18.06454341 17.94195408 17.81481477 17.68324449  
    17.54736226 17.40728712 17.26313807 17.11503415 16.96309437  
    16.80743776 16.64818334 16.48545012 16.31935714 16.15002342  
    15.97756797 15.80210982 15.62376799 15.4426615 15.25890938  
    15.07263065 14.88394432 14.69296942 14.49982498 14.30463001  
    14.107503539999998 13.90856459 13.70793217 13.50572532 13.30206306  
    13.0970644 12.89084837 12.68353399 12.47524029 12.26608628  
    12.05619098 11.84567343 11.63465263 11.42324762 11.21157741  
    10.99976103 10.7879175 10.57616584 10.36462508 10.15341422  
    9.942652309 9.732458353 9.522951377999997 9.314250405 9.106474457  
    8.899742557 8.694173725 8.489886985 8.287001357 8.085635864  
    7.885909529 7.687941372 7.491850417 7.297755684 7.105776196999997  
    6.916030975999998 6.728639045 6.543719425 6.361391137 6.181773204  
    6.004984647 5.831144487 5.660371741 5.492785421 5.328504523  
    5.167648005 5.01033473 4.856683317999998 4.706811794999998  
    4.560836689 4.418870799 4.281017612 4.147357352 4.017912155  
    3.892559077 3.770813063 3.651287157 3.53036193 3.398984862  
    3.2354683379999973 2.9921680139999958 2.585110958 1.940506483  
    1.150690042 0.4880438712 0.0974792411 
  OMEGA = 4992.501875 4992.501875 4978.801804 4961.079526 4940.12016  
    4916.382264 4890.178959 4861.74318 4831.258024 4798.873089  
    4764.714177 4728.889466 4691.493659 4652.610886 4612.316799  
    4570.680145 4527.763951 4483.626454 4438.321832 4391.900796  
    4344.411068 4295.897774 4246.403778 4195.969955 4144.635428  
    4092.437767 4039.413164 3985.596584 3931.021896 3875.721988  
    3819.72887 3763.073767 3705.787199 3647.899055 3589.43866  
    3530.4348369999993 3470.91596 3410.910006 3350.444605 3289.54708  
    3228.244492 3166.5636739999995 3104.531273 3042.173783 2979.517575  
    2916.588934 2853.414088 2790.0192379999994 2726.430588 2662.674375  
    2598.776897 2534.764544 2470.663824 2406.501396 2342.304099  
    2278.098979 2213.913327 2149.7747069999996 2085.710992 2021.750397  
    1957.921519 1894.253376 1830.775447 1767.517715 1704.510722  
    1641.785608 1579.374179 1517.308956 1455.623246 1394.3512129999992  
    1333.5279519999992 1273.18958 1213.373329 1154.117653 1095.462349  
    1037.448686 980.1195629 923.5196753 867.6957162 812.6966008  
    758.5737302 705.3812976 653.1766491999995 602.0207127999994  
    551.9785103 503.1197796 455.5197357 409.2600162 364.4298727  
    321.1276991 279.4630303 239.55922 201.557126 165.620359  
    131.94307479999964 100.76217029999968 72.37775876 47.19105135  
    25.78549737 9.151104569 -3.154809747e-12 
  ZEFF = 2.2600000000000002 2.2600000000000002 2.2600000000000002 2.26  
    2.26 2.26 2.2600000000000002 2.2600000000000002 2.26 2.26  
    2.2600000000000002 2.26 2.2600000000000002 2.26 2.2600000000000002  
    2.26 2.2600000000000002 2.2600000000000002 2.2600000000000002 2.26  
    2.26 2.2600000000000002 2.26 2.26 2.2600000000000002 2.26 2.26 2.26  
    2.2600000000000002 2.2600000000000002 2.2600000000000002  
    2.2600000000000002 2.26 2.2600000000000002 2.26 2.2600000000000002  
    2.2600000000000002 2.2600000000000002 2.2600000000000002 2.26  
    2.2600000000000002 2.2600000000000002 2.26 2.26 2.2600000000000002  
    2.26 2.26 2.2600000000000002 2.2600000000000002 2.26  
    2.2600000000000002 2.2600000000000002 2.26 2.2600000000000002 2.26  
    2.26 2.26 2.26 2.2600000000000002 2.2600000000000002  
    2.2600000000000002 2.26 2.2600000000000002 2.2600000000000002  
    2.2600000000000002 2.2600000000000002 2.26 2.2600000000000002 2.26  
    2.26 2.26 2.2600000000000002 2.2600000000000002 2.2600000000000002  
    2.26 2.2600000000000002 2.2600000000000002 2.26 2.26 2.26  
    2.2600000000000002 2.2600000000000002 2.2600000000000002 2.26 2.26  
    2.2600000000000002 2.2600000000000002 2.26 2.26 2.2600000000000002  
    2.26 2.2600000000000002 2.26 2.26 2.26 2.2600000000000002  
    2.2600000000000002 2.26 2.26 2.2600000000000002 2.2600000000000002 
  J_OH = 0.0 0.0 0.0 0.0 0.0 0.0 0.0 0.0 0.0 0.0 0.0 0.0 0.0 0.0 0.0  
    0.0 0.0 0.0 0.0 0.0 0.0 0.0 0.0 0.0 0.0 0.0 0.0 0.0 0.0 0.0 0.0 0.0  
    0.0 0.0 0.0 0.0 0.0 0.0 0.0 0.0 0.0 0.0 0.0 0.0 0.0 0.0 0.0 0.0 0.0  
    0.0 0.0 0.0 0.0 0.0 0.0 0.0 0.0 0.0 0.0 0.0 0.0 0.0 0.0 0.0 0.0 0.0  
    0.0 0.0 0.0 0.0 0.0 0.0 0.0 0.0 0.0 0.0 0.0 0.0 0.0 0.0 0.0 0.0 0.0  
    0.0 0.0 0.0 0.0 0.0 0.0 0.0 0.0 0.0 0.0 0.0 0.0 0.0 0.0 0.0 0.0 0.0  
    0.0 
  J_BS = 281257.47208641516 421886.20812962274 573807.3728195583  
    583835.7108319158 579226.7270050973 572720.0878884223  
    567030.9036844095 562606.630384085 559334.0800194781  
    556984.1673872521 555332.8606251662 554191.1938677325  
    553407.9434539125 552864.1903427041 552467.126942669  
    552145.2649203971 551842.2642292 551513.1603477292  
    551123.1440978525 550644.2732379873 550056.078208091  
    549343.5975359633 548493.4049578418 547495.3047398078  
    546342.8688442649 545031.5184614816 543557.7071961978  
    541919.2579711126 540115.108061808 538144.886228733  
    536008.6438391522 533706.7147398569 531240.1320501264  
    528610.9769284832 525821.6547616603 522874.3888123443  
    519771.89006551914 516517.46866861405 513114.4579688323  
    509566.19401558855 505876.16931243596 502048.0269612898  
    498085.62890855543 493992.6580570511 489772.768149835  
    485429.8769243153 480967.8021092272 476390.2751093598  
    471700.9483243435 466903.58303069655 462002.1155625081  
    457000.1110160103 451900.99327655695 446708.48434040864  
    441426.2862946816 436057.81860230677 430606.2811362558  
    425075.10359412845 419467.81497500086 413787.50621835794  
    408037.23377091525 402220.26027274615 396339.63878249  
    390398.2108130126 384398.88530932495 378344.57490177866  
    372238.0032307584 366081.7618382099 359878.46282327553  
    353630.68563711207 347340.9051500033 341011.4631610497  
    334644.59347823856 328242.5248932026 321807.512188951  
    315341.74319878605 308847.17561575206 302325.6394371548  
    295779.11670074373 289209.84353069996 282620.3214922483  
    276013.5953758995 269393.9664243252 262768.4598139085  
    256150.1096292701 249565.5432794946 243072.96380737826  
    236803.2878161154 231052.52954153361 226494.61849690333  
    224668.7001150978 229077.87470374786 247563.8959569251  
    296757.1300666471 406914.02661961276 611596.2751714053  
    880498.0892961556 1026585.4500131236 849377.6549037979  
    453463.0113120936 29628.569754332424 
  J_NB = 0.0 0.0 0.0 0.0 0.0 0.0 0.0 0.0 0.0 0.0 0.0 0.0 0.0 0.0 0.0  
    0.0 0.0 0.0 0.0 0.0 0.0 0.0 0.0 0.0 0.0 0.0 0.0 0.0 0.0 0.0 0.0 0.0  
    0.0 0.0 0.0 0.0 0.0 0.0 0.0 0.0 0.0 0.0 0.0 0.0 0.0 0.0 0.0 0.0 0.0  
    0.0 0.0 0.0 0.0 0.0 0.0 0.0 0.0 0.0 0.0 0.0 0.0 0.0 0.0 0.0 0.0 0.0  
    0.0 0.0 0.0 0.0 0.0 0.0 0.0 0.0 0.0 0.0 0.0 0.0 0.0 0.0 0.0 0.0 0.0  
    0.0 0.0 0.0 0.0 0.0 0.0 0.0 0.0 0.0 0.0 0.0 0.0 0.0 0.0 0.0 0.0 0.0  
    0.0 
  J_EC = 0.0 0.0 0.0 0.0 0.0 0.0 0.0 0.0 0.0 0.0 0.0 0.0 0.0 0.0 0.0  
    0.0 0.0 0.0 0.0 0.0 0.0 0.0 0.0 0.0 0.0 0.0 0.0 0.0 0.0 0.0 0.0 0.0  
    0.0 0.0 0.0 0.0 0.0 0.0 0.0 0.0 0.0 0.0 0.0 0.0 0.0 0.0 0.0 0.0 0.0  
    0.0 0.0 0.0 0.0 0.0 0.0 0.0 0.0 0.0 0.0 0.0 0.0 0.0 0.0 0.0 0.0 0.0  
    0.0 0.0 0.0 0.0 0.0 0.0 0.0 0.0 0.0 0.0 0.0 0.0 0.0 0.0 0.0 0.0 0.0  
    0.0 0.0 0.0 0.0 0.0 0.0 0.0 0.0 0.0 0.0 0.0 0.0 0.0 0.0 0.0 0.0 0.0  
    0.0 
  J_IC = 0.0 0.0 0.0 0.0 0.0 0.0 0.0 0.0 0.0 0.0 0.0 0.0 0.0 0.0 0.0  
    0.0 0.0 0.0 0.0 0.0 0.0 0.0 0.0 0.0 0.0 0.0 0.0 0.0 0.0 0.0 0.0 0.0  
    0.0 0.0 0.0 0.0 0.0 0.0 0.0 0.0 0.0 0.0 0.0 0.0 0.0 0.0 0.0 0.0 0.0  
    0.0 0.0 0.0 0.0 0.0 0.0 0.0 0.0 0.0 0.0 0.0 0.0 0.0 0.0 0.0 0.0 0.0  
    0.0 0.0 0.0 0.0 0.0 0.0 0.0 0.0 0.0 0.0 0.0 0.0 0.0 0.0 0.0 0.0 0.0  
    0.0 0.0 0.0 0.0 0.0 0.0 0.0 0.0 0.0 0.0 0.0 0.0 0.0 0.0 0.0 0.0 0.0  
    0.0 
  J_LH = 0.0 0.0 0.0 0.0 0.0 0.0 0.0 0.0 0.0 0.0 0.0 0.0 0.0 0.0 0.0  
    0.0 0.0 0.0 0.0 0.0 0.0 0.0 0.0 0.0 0.0 0.0 0.0 0.0 0.0 0.0 0.0 0.0  
    0.0 0.0 0.0 0.0 0.0 0.0 0.0 0.0 0.0 0.0 0.0 0.0 0.0 0.0 0.0 0.0 0.0  
    0.0 0.0 0.0 0.0 0.0 0.0 0.0 0.0 0.0 0.0 0.0 0.0 0.0 0.0 0.0 0.0 0.0  
    0.0 0.0 0.0 0.0 0.0 0.0 0.0 0.0 0.0 0.0 0.0 0.0 0.0 0.0 0.0 0.0 0.0  
    0.0 0.0 0.0 0.0 0.0 0.0 0.0 0.0 0.0 0.0 0.0 0.0 0.0 0.0 0.0 0.0 0.0  
    0.0 
  PE_NB = 0.0 0.0 0.0 0.0 0.0 0.0 0.0 0.0 0.0 0.0 0.0 0.0 0.0 0.0 0.0  
    0.0 0.0 0.0 0.0 0.0 0.0 0.0 0.0 0.0 0.0 0.0 0.0 0.0 0.0 0.0 0.0 0.0  
    0.0 0.0 0.0 0.0 0.0 0.0 0.0 0.0 0.0 0.0 0.0 0.0 0.0 0.0 0.0 0.0 0.0  
    0.0 0.0 0.0 0.0 0.0 0.0 0.0 0.0 0.0 0.0 0.0 0.0 0.0 0.0 0.0 0.0 0.0  
    0.0 0.0 0.0 0.0 0.0 0.0 0.0 0.0 0.0 0.0 0.0 0.0 0.0 0.0 0.0 0.0 0.0  
    0.0 0.0 0.0 0.0 0.0 0.0 0.0 0.0 0.0 0.0 0.0 0.0 0.0 0.0 0.0 0.0 0.0  
    0.0 
  PE_EC = 0.0 0.0 0.0 0.0 0.0 0.0 0.0 0.0 0.0 0.0 0.0 0.0 0.0 0.0 0.0  
    0.0 0.0 0.0 0.0 0.0 0.0 0.0 0.0 0.0 0.0 0.0 0.0 0.0 0.0 0.0 0.0 0.0  
    0.0 0.0 0.0 0.0 0.0 0.0 0.0 0.0 0.0 0.0 0.0 0.0 0.0 0.0 0.0 0.0 0.0  
    0.0 0.0 0.0 0.0 0.0 0.0 0.0 0.0 0.0 0.0 0.0 0.0 0.0 0.0 0.0 0.0 0.0  
    0.0 0.0 0.0 0.0 0.0 0.0 0.0 0.0 0.0 0.0 0.0 0.0 0.0 0.0 0.0 0.0 0.0  
    0.0 0.0 0.0 0.0 0.0 0.0 0.0 0.0 0.0 0.0 0.0 0.0 0.0 0.0 0.0 0.0 0.0  
    0.0 
  PE_LH = 0.0 0.0 0.0 0.0 0.0 0.0 0.0 0.0 0.0 0.0 0.0 0.0 0.0 0.0 0.0  
    0.0 0.0 0.0 0.0 0.0 0.0 0.0 0.0 0.0 0.0 0.0 0.0 0.0 0.0 0.0 0.0 0.0  
    0.0 0.0 0.0 0.0 0.0 0.0 0.0 0.0 0.0 0.0 0.0 0.0 0.0 0.0 0.0 0.0 0.0  
    0.0 0.0 0.0 0.0 0.0 0.0 0.0 0.0 0.0 0.0 0.0 0.0 0.0 0.0 0.0 0.0 0.0  
    0.0 0.0 0.0 0.0 0.0 0.0 0.0 0.0 0.0 0.0 0.0 0.0 0.0 0.0 0.0 0.0 0.0  
    0.0 0.0 0.0 0.0 0.0 0.0 0.0 0.0 0.0 0.0 0.0 0.0 0.0 0.0 0.0 0.0 0.0  
    0.0 
  PE_FUS = 1850830.7892910428 1850830.7892910428 1840630.191476849  
    1829639.7377137826 1817867.0511856975 1805319.5545966912  
    1792004.5238661012 1777929.1344081128 1763100.5127885523  
    1747525.7904715622 1731212.1524778951 1714166.8965571618  
    1696397.4911306167 1677911.627798971 1658717.2858913192  
    1638822.7955214598 1618236.9016750439 1596968.8240738593  
    1575028.3380567192 1552425.8317684277 1529172.3887481575  
    1505279.8531240516 1480760.9122594178 1455629.1733927047  
    1429899.2389048147 1403586.7864132107 1376708.6564879767  
    1349282.923541001 1321328.9857197083 1292867.6445575503  
    1263921.1775509745 1234513.4215844602 1204669.8495972827  
    1174417.6363836415 1143785.722572782 1112804.8822452878  
    1081507.7632786655 1049928.935368381 1018104.9219455092  
    986074.2125001528 953877.264493052 921556.4923821193  
    889156.2288515343 856722.670052059 824303.7908688632  
    791949.2420751014 759710.2166713073 727639.275805655  
    695790.1622756222 664217.5631702596 632976.851880143  
    602123.7895485302 571714.196179694 541803.59437704  
    512446.81743796193 483697.6033683082 455608.1550584839  
    428228.69698912994 401607.0203807368 375788.02723125776  
    350813.2828925002 326720.584752781 303543.56196048466  
    281311.30554679205 260048.0485230448 239772.89906495527  
    220499.63539942954 202236.57248210374 184986.50037075463  
    168746.70172461178 153509.0482979628 139260.174409021  
    125981.72665649973 113650.68141263403 102239.72599640078  
    91717.6922379102 82050.03289526662 73199.3300198734  
    65125.82231652225 57787.94063199939 51142.838389942626  
    45146.90658922028 39756.26031656968 34927.18670496125  
    30616.537614591547 26782.046921589863 23382.53222697222  
    20377.904120384715 17728.8191334167 15395.627507109417  
    13335.876374649699 11498.861090685941 9814.507802874803  
    8173.656470015099 6407.509732802612 4334.194478106123  
    2073.591245999033 465.7274389995035 23.1982543760675  
    0.05473057792581412 1.8460380177306195e-09 
  PE_IONIZATION = 0.0 0.0 0.0 0.0 0.0 0.0 0.0 0.0 0.0 0.0 0.0 0.0 0.0  
    0.0 0.0 0.0 0.0 0.0 0.0 0.0 0.0 0.0 0.0 0.0 0.0 0.0 0.0 0.0 0.0 0.0  
    0.0 0.0 0.0 0.0 0.0 0.0 0.0 0.0 0.0 0.0 0.0 0.0 0.0 0.0 0.0 0.0 0.0  
    0.0 0.0 0.0 0.0 0.0 0.0 0.0 0.0 0.0 0.0 0.0 0.0 0.0 0.0 0.0 0.0 0.0  
    0.0 0.0 0.0 0.0 0.0 0.0 0.0 0.0 0.0 0.0 0.0 0.0 0.0 0.0 0.0 0.0 0.0  
    0.0 0.0 0.0 0.0 0.0 0.0 0.0 0.0 0.0 0.0 0.0 0.0 0.0 0.0 0.0 0.0 0.0  
    0.0 0.0 0.0 
  P_RAD = 0.0 0.0 0.0 0.0 0.0 0.0 0.0 0.0 0.0 0.0 0.0 0.0 0.0 0.0 0.0  
    0.0 0.0 0.0 0.0 0.0 0.0 0.0 0.0 0.0 0.0 0.0 0.0 0.0 0.0 0.0 0.0 0.0  
    0.0 0.0 0.0 0.0 0.0 0.0 0.0 0.0 0.0 0.0 0.0 0.0 0.0 0.0 0.0 0.0 0.0  
    0.0 0.0 0.0 0.0 0.0 0.0 0.0 0.0 0.0 0.0 0.0 0.0 0.0 0.0 0.0 0.0 0.0  
    0.0 0.0 0.0 0.0 0.0 0.0 0.0 0.0 0.0 0.0 0.0 0.0 0.0 0.0 0.0 0.0 0.0  
    0.0 0.0 0.0 0.0 0.0 0.0 0.0 0.0 0.0 0.0 0.0 0.0 0.0 0.0 0.0 0.0 0.0  
    0.0 
  PI_NB = 0.0 0.0 0.0 0.0 0.0 0.0 0.0 0.0 0.0 0.0 0.0 0.0 0.0 0.0 0.0  
    0.0 0.0 0.0 0.0 0.0 0.0 0.0 0.0 0.0 0.0 0.0 0.0 0.0 0.0 0.0 0.0 0.0  
    0.0 0.0 0.0 0.0 0.0 0.0 0.0 0.0 0.0 0.0 0.0 0.0 0.0 0.0 0.0 0.0 0.0  
    0.0 0.0 0.0 0.0 0.0 0.0 0.0 0.0 0.0 0.0 0.0 0.0 0.0 0.0 0.0 0.0 0.0  
    0.0 0.0 0.0 0.0 0.0 0.0 0.0 0.0 0.0 0.0 0.0 0.0 0.0 0.0 0.0 0.0 0.0  
    0.0 0.0 0.0 0.0 0.0 0.0 0.0 0.0 0.0 0.0 0.0 0.0 0.0 0.0 0.0 0.0 0.0  
    0.0 
  PI_LH = 0.0 0.0 0.0 0.0 0.0 0.0 0.0 0.0 0.0 0.0 0.0 0.0 0.0 0.0 0.0  
    0.0 0.0 0.0 0.0 0.0 0.0 0.0 0.0 0.0 0.0 0.0 0.0 0.0 0.0 0.0 0.0 0.0  
    0.0 0.0 0.0 0.0 0.0 0.0 0.0 0.0 0.0 0.0 0.0 0.0 0.0 0.0 0.0 0.0 0.0  
    0.0 0.0 0.0 0.0 0.0 0.0 0.0 0.0 0.0 0.0 0.0 0.0 0.0 0.0 0.0 0.0 0.0  
    0.0 0.0 0.0 0.0 0.0 0.0 0.0 0.0 0.0 0.0 0.0 0.0 0.0 0.0 0.0 0.0 0.0  
    0.0 0.0 0.0 0.0 0.0 0.0 0.0 0.0 0.0 0.0 0.0 0.0 0.0 0.0 0.0 0.0 0.0  
    0.0 
  PI_FUS = 814577.854692794 814577.854692794 807579.5649422375  
    800058.2536911473 792028.2839332289 783504.2766806624  
    774501.1091320378 765033.9133082997 755118.0763513591  
    744769.2421277204 734003.3096310897 722836.4360991667  
    711285.0412564869 699365.8046056031 687095.6718377932  
    674491.8563976708 661571.842369304 648353.3846914993  
    634854.5164151333 621093.5445150818 607089.0569237726  
    592859.917527682 578425.2703908257 563804.5368008983  
    549017.411560303 534083.8603441425 519024.1143827777  
    503858.66078701615 488608.23494858865 473293.80820844095  
    457936.5705056688 442557.91520193114 427179.41655411915  
    411822.805168535 396509.9372897681 381262.7647161988  
    366103.2923641014 351053.53742364334 336135.4809390574  
    321371.01206838293 306781.86706396507 292389.5639776459  
    278215.3294293047 264280.0184982922 250604.02915521528  
    237207.21125123644 224108.76994764345 211327.1609207076  
    198879.986800378 186783.88461131218 175054.41503167173  
    163705.94870086192 152751.55407288842 142202.88847100057  
    132070.0923361798 122361.69360849509 113084.51683059415  
    104243.60787829805 95842.17134908048 87881.52428035058  
    80361.06844014379 73278.28291416059 66628.73940712262  
    60406.139287189035 54602.37492367278 49207.6141456926  
    44210.407122010874 39597.815090584365 35355.55775048965  
    31468.17768927649 27919.218304736594 24691.41151989066  
    21766.871901611357 19127.292538569312 16754.139241249824  
    14628.83870369688 12732.957210949238 11048.36664484964  
    9557.394933739997 8242.958956243394 7088.678115846856  
    6078.967812663868 5199.112084782801 4435.315575751386  
    3774.734463215743 3205.4859081365007 2716.633478920985  
    2298.142130928241 1940.7870944053623 1635.9819193513347  
    1375.4520607637733 1150.6087053272693 951.3843063531876  
    764.3911090134328 571.7735887185171 358.99435515202345  
    149.48285380252764 25.626023160981024 0.7844131509182772  
    0.0008395817038092347 6.5519490253926596e-12 
  PI_IONIZATION = 0.0 0.0 0.0 0.0 0.0 0.0 0.0 0.0 0.0 0.0 0.0 0.0 0.0  
    0.0 0.0 0.0 0.0 0.0 0.0 0.0 0.0 0.0 0.0 0.0 0.0 0.0 0.0 0.0 0.0 0.0  
    0.0 0.0 0.0 0.0 0.0 0.0 0.0 0.0 0.0 0.0 0.0 0.0 0.0 0.0 0.0 0.0 0.0  
    0.0 0.0 0.0 0.0 0.0 0.0 0.0 0.0 0.0 0.0 0.0 0.0 0.0 0.0 0.0 0.0 0.0  
    0.0 0.0 0.0 0.0 0.0 0.0 0.0 0.0 0.0 0.0 0.0 0.0 0.0 0.0 0.0 0.0 0.0  
    0.0 0.0 0.0 0.0 0.0 0.0 0.0 0.0 0.0 0.0 0.0 0.0 0.0 0.0 0.0 0.0 0.0  
    0.0 0.0 0.0 
  PI_CX = 0.0 0.0 0.0 0.0 0.0 0.0 0.0 0.0 0.0 0.0 0.0 0.0 0.0 0.0 0.0  
    0.0 0.0 0.0 0.0 0.0 0.0 0.0 0.0 0.0 0.0 0.0 0.0 0.0 0.0 0.0 0.0 0.0  
    0.0 0.0 0.0 0.0 0.0 0.0 0.0 0.0 0.0 0.0 0.0 0.0 0.0 0.0 0.0 0.0 0.0  
    0.0 0.0 0.0 0.0 0.0 0.0 0.0 0.0 0.0 0.0 0.0 0.0 0.0 0.0 0.0 0.0 0.0  
    0.0 0.0 0.0 0.0 0.0 0.0 0.0 0.0 0.0 0.0 0.0 0.0 0.0 0.0 0.0 0.0 0.0  
    0.0 0.0 0.0 0.0 0.0 0.0 0.0 0.0 0.0 0.0 0.0 0.0 0.0 0.0 0.0 0.0 0.0  
    0.0 
  P_OHM = 0.0 0.0 0.0 0.0 0.0 0.0 0.0 0.0 0.0 0.0 0.0 0.0 0.0 0.0 0.0  
    0.0 0.0 0.0 0.0 0.0 0.0 0.0 0.0 0.0 0.0 0.0 0.0 0.0 0.0 0.0 0.0 0.0  
    0.0 0.0 0.0 0.0 0.0 0.0 0.0 0.0 0.0 0.0 0.0 0.0 0.0 0.0 0.0 0.0 0.0  
    0.0 0.0 0.0 0.0 0.0 0.0 0.0 0.0 0.0 0.0 0.0 0.0 0.0 0.0 0.0 0.0 0.0  
    0.0 0.0 0.0 0.0 0.0 0.0 0.0 0.0 0.0 0.0 0.0 0.0 0.0 0.0 0.0 0.0 0.0  
    0.0 0.0 0.0 0.0 0.0 0.0 0.0 0.0 0.0 0.0 0.0 0.0 0.0 0.0 0.0 0.0 0.0  
    0.0 
  P_EI = 0.0 0.0 0.0 0.0 0.0 0.0 0.0 0.0 0.0 0.0 0.0 0.0 0.0 0.0 0.0  
    0.0 0.0 0.0 0.0 0.0 0.0 0.0 0.0 0.0 0.0 0.0 0.0 0.0 0.0 0.0 0.0 0.0  
    0.0 0.0 0.0 0.0 0.0 0.0 0.0 0.0 0.0 0.0 0.0 0.0 0.0 0.0 0.0 0.0 0.0  
    0.0 0.0 0.0 0.0 0.0 0.0 0.0 0.0 0.0 0.0 0.0 0.0 0.0 0.0 0.0 0.0 0.0  
    0.0 0.0 0.0 0.0 0.0 0.0 0.0 0.0 0.0 0.0 0.0 0.0 0.0 0.0 0.0 0.0 0.0  
    0.0 0.0 0.0 0.0 0.0 0.0 0.0 0.0 0.0 0.0 0.0 0.0 0.0 0.0 0.0 0.0 0.0  
    0.0 
  TORQUE_NB = 0.0 0.0 0.0 0.0 0.0 0.0 0.0 0.0 0.0 0.0 0.0 0.0 0.0 0.0  
    0.0 0.0 0.0 0.0 0.0 0.0 0.0 0.0 0.0 0.0 0.0 0.0 0.0 0.0 0.0 0.0 0.0  
    0.0 0.0 0.0 0.0 0.0 0.0 0.0 0.0 0.0 0.0 0.0 0.0 0.0 0.0 0.0 0.0 0.0  
    0.0 0.0 0.0 0.0 0.0 0.0 0.0 0.0 0.0 0.0 0.0 0.0 0.0 0.0 0.0 0.0 0.0  
    0.0 0.0 0.0 0.0 0.0 0.0 0.0 0.0 0.0 0.0 0.0 0.0 0.0 0.0 0.0 0.0 0.0  
    0.0 0.0 0.0 0.0 0.0 0.0 0.0 0.0 0.0 0.0 0.0 0.0 0.0 0.0 0.0 0.0 0.0  
    0.0 0.0 
  TORQUE_IN = 0.0 0.0 0.0 0.0 0.0 0.0 0.0 0.0 0.0 0.0 0.0 0.0 0.0 0.0  
    0.0 0.0 0.0 0.0 0.0 0.0 0.0 0.0 0.0 0.0 0.0 0.0 0.0 0.0 0.0 0.0 0.0  
    0.0 0.0 0.0 0.0 0.0 0.0 0.0 0.0 0.0 0.0 0.0 0.0 0.0 0.0 0.0 0.0 0.0  
    0.0 0.0 0.0 0.0 0.0 0.0 0.0 0.0 0.0 0.0 0.0 0.0 0.0 0.0 0.0 0.0 0.0  
    0.0 0.0 0.0 0.0 0.0 0.0 0.0 0.0 0.0 0.0 0.0 0.0 0.0 0.0 0.0 0.0 0.0  
    0.0 0.0 0.0 0.0 0.0 0.0 0.0 0.0 0.0 0.0 0.0 0.0 0.0 0.0 0.0 0.0 0.0  
    0.0 0.0 
  SE_NB = 0.0 0.0 0.0 0.0 0.0 0.0 0.0 0.0 0.0 0.0 0.0 0.0 0.0 0.0 0.0  
    0.0 0.0 0.0 0.0 0.0 0.0 0.0 0.0 0.0 0.0 0.0 0.0 0.0 0.0 0.0 0.0 0.0  
    0.0 0.0 0.0 0.0 0.0 0.0 0.0 0.0 0.0 0.0 0.0 0.0 0.0 0.0 0.0 0.0 0.0  
    0.0 0.0 0.0 0.0 0.0 0.0 0.0 0.0 0.0 0.0 0.0 0.0 0.0 0.0 0.0 0.0 0.0  
    0.0 0.0 0.0 0.0 0.0 0.0 0.0 0.0 0.0 0.0 0.0 0.0 0.0 0.0 0.0 0.0 0.0  
    0.0 0.0 0.0 0.0 0.0 0.0 0.0 0.0 0.0 0.0 0.0 0.0 0.0 0.0 0.0 0.0 0.0  
    0.0 
  SE_IONIZATION = 0.0 0.0 0.0 0.0 0.0 0.0 0.0 0.0 0.0 0.0 0.0 0.0 0.0  
    0.0 0.0 0.0 0.0 0.0 0.0 0.0 0.0 0.0 0.0 0.0 0.0 0.0 0.0 0.0 0.0 0.0  
    0.0 0.0 0.0 0.0 0.0 0.0 0.0 0.0 0.0 0.0 0.0 0.0 0.0 0.0 0.0 0.0 0.0  
    0.0 0.0 0.0 0.0 0.0 0.0 0.0 0.0 0.0 0.0 0.0 0.0 0.0 0.0 0.0 0.0 0.0  
    0.0 0.0 0.0 0.0 0.0 0.0 0.0 0.0 0.0 0.0 0.0 0.0 0.0 0.0 0.0 0.0 0.0  
    0.0 0.0 0.0 0.0 0.0 0.0 0.0 0.0 0.0 0.0 0.0 0.0 0.0 0.0 0.0 0.0 0.0  
    0.0 0.0 0.0 
  SI_NB = 0.0 0.0 0.0 0.0 0.0 0.0 0.0 0.0 0.0 0.0 0.0 0.0 0.0 0.0 0.0  
    0.0 0.0 0.0 0.0 0.0 0.0 0.0 0.0 0.0 0.0 0.0 0.0 0.0 0.0 0.0 0.0 0.0  
    0.0 0.0 0.0 0.0 0.0 0.0 0.0 0.0 0.0 0.0 0.0 0.0 0.0 0.0 0.0 0.0 0.0  
    0.0 0.0 0.0 0.0 0.0 0.0 0.0 0.0 0.0 0.0 0.0 0.0 0.0 0.0 0.0 0.0 0.0  
    0.0 0.0 0.0 0.0 0.0 0.0 0.0 0.0 0.0 0.0 0.0 0.0 0.0 0.0 0.0 0.0 0.0  
    0.0 0.0 0.0 0.0 0.0 0.0 0.0 0.0 0.0 0.0 0.0 0.0 0.0 0.0 0.0 0.0 0.0  
    0.0 
  SI_IONIZATION = 0.0 0.0 0.0 0.0 0.0 0.0 0.0 0.0 0.0 0.0 0.0 0.0 0.0  
    0.0 0.0 0.0 0.0 0.0 0.0 0.0 0.0 0.0 0.0 0.0 0.0 0.0 0.0 0.0 0.0 0.0  
    0.0 0.0 0.0 0.0 0.0 0.0 0.0 0.0 0.0 0.0 0.0 0.0 0.0 0.0 0.0 0.0 0.0  
    0.0 0.0 0.0 0.0 0.0 0.0 0.0 0.0 0.0 0.0 0.0 0.0 0.0 0.0 0.0 0.0 0.0  
    0.0 0.0 0.0 0.0 0.0 0.0 0.0 0.0 0.0 0.0 0.0 0.0 0.0 0.0 0.0 0.0 0.0  
    0.0 0.0 0.0 0.0 0.0 0.0 0.0 0.0 0.0 0.0 0.0 0.0 0.0 0.0 0.0 0.0 0.0  
    0.0 0.0 0.0 
  SE_PELLET = 0.0 0.0 0.0 0.0 0.0 0.0 0.0 0.0 0.0 0.0 0.0 0.0 0.0 0.0  
    0.0 0.0 0.0 0.0 0.0 0.0 0.0 0.0 0.0 0.0 0.0 0.0 0.0 0.0 0.0 0.0 0.0  
    0.0 0.0 0.0 0.0 0.0 0.0 0.0 0.0 0.0 0.0 0.0 0.0 0.0 0.0 0.0 0.0 0.0  
    0.0 0.0 0.0 0.0 0.0 0.0 0.0 0.0 0.0 0.0 0.0 0.0 0.0 0.0 0.0 0.0 0.0  
    0.0 0.0 0.0 0.0 0.0 0.0 0.0 0.0 0.0 0.0 0.0 0.0 0.0 0.0 0.0 0.0 0.0  
    0.0 0.0 0.0 0.0 0.0 0.0 0.0 0.0 0.0 0.0 0.0 0.0 0.0 0.0 0.0 0.0 0.0  
    0.0 0.0 
  Q = 0.0 0.0 0.0 0.0 0.0 0.0 0.0 0.0 0.0 0.0 0.0 0.0 0.0 0.0 0.0 0.0  
    0.0 0.0 0.0 0.0 0.0 0.0 0.0 0.0 0.0 0.0 0.0 0.0 0.0 0.0 0.0 0.0 0.0  
    0.0 0.0 0.0 0.0 0.0 0.0 0.0 0.0 0.0 0.0 0.0 0.0 0.0 0.0 0.0 0.0 0.0  
    0.0 0.0 0.0 0.0 0.0 0.0 0.0 0.0 0.0 0.0 0.0 0.0 0.0 0.0 0.0 0.0 0.0  
    0.0 0.0 0.0 0.0 0.0 0.0 0.0 0.0 0.0 0.0 0.0 0.0 0.0 0.0 0.0 0.0 0.0  
    0.0 0.0 0.0 0.0 0.0 0.0 0.0 0.0 0.0 0.0 0.0 0.0 0.0 0.0 0.0 0.0 0.0 
  PSIPOL = 0.0 0.0 0.0 0.0 0.0 0.0 0.0 0.0 0.0 0.0 0.0 0.0 0.0 0.0 0.0  
    0.0 0.0 0.0 0.0 0.0 0.0 0.0 0.0 0.0 0.0 0.0 0.0 0.0 0.0 0.0 0.0 0.0  
    0.0 0.0 0.0 0.0 0.0 0.0 0.0 0.0 0.0 0.0 0.0 0.0 0.0 0.0 0.0 0.0 0.0  
    0.0 0.0 0.0 0.0 0.0 0.0 0.0 0.0 0.0 0.0 0.0 0.0 0.0 0.0 0.0 0.0 0.0  
    0.0 0.0 0.0 0.0 0.0 0.0 0.0 0.0 0.0 0.0 0.0 0.0 0.0 0.0 0.0 0.0 0.0  
    0.0 0.0 0.0 0.0 0.0 0.0 0.0 0.0 0.0 0.0 0.0 0.0 0.0 0.0 0.0 0.0 0.0  
    0.0 
  PSI = 0.0 0.0 0.0 0.0 0.0 0.0 0.0 0.0 0.0 0.0 0.0 0.0 0.0 0.0 0.0 0.0  
    0.0 0.0 0.0 0.0 0.0 0.0 0.0 0.0 0.0 0.0 0.0 0.0 0.0 0.0 0.0 0.0 0.0  
    0.0 0.0 0.0 0.0 0.0 0.0 0.0 0.0 0.0 0.0 0.0 0.0 0.0 0.0 0.0 0.0 0.0  
    0.0 0.0 0.0 0.0 0.0 0.0 0.0 0.0 0.0 0.0 0.0 0.0 0.0 0.0 0.0 0.0 0.0  
    0.0 0.0 0.0 0.0 0.0 0.0 0.0 0.0 0.0 0.0 0.0 0.0 0.0 0.0 0.0 0.0 0.0  
    0.0 0.0 0.0 0.0 0.0 0.0 0.0 0.0 0.0 0.0 0.0 0.0 0.0 0.0 0.0 0.0 0.0 
  DENSITY_BEAM = 0.0 0.0 0.0 0.0 0.0 0.0 0.0 0.0 0.0 0.0 0.0 0.0 0.0  
    0.0 0.0 0.0 0.0 0.0 0.0 0.0 0.0 0.0 0.0 0.0 0.0 0.0 0.0 0.0 0.0 0.0  
    0.0 0.0 0.0 0.0 0.0 0.0 0.0 0.0 0.0 0.0 0.0 0.0 0.0 0.0 0.0 0.0 0.0  
    0.0 0.0 0.0 0.0 0.0 0.0 0.0 0.0 0.0 0.0 0.0 0.0 0.0 0.0 0.0 0.0 0.0  
    0.0 0.0 0.0 0.0 0.0 0.0 0.0 0.0 0.0 0.0 0.0 0.0 0.0 0.0 0.0 0.0 0.0  
    0.0 0.0 0.0 0.0 0.0 0.0 0.0 0.0 0.0 0.0 0.0 0.0 0.0 0.0 0.0 0.0 0.0  
    0.0 0.0 0.0 
  WBEAM = 0.0 0.0 0.0 0.0 0.0 0.0 0.0 0.0 0.0 0.0 0.0 0.0 0.0 0.0 0.0  
    0.0 0.0 0.0 0.0 0.0 0.0 0.0 0.0 0.0 0.0 0.0 0.0 0.0 0.0 0.0 0.0 0.0  
    0.0 0.0 0.0 0.0 0.0 0.0 0.0 0.0 0.0 0.0 0.0 0.0 0.0 0.0 0.0 0.0 0.0  
    0.0 0.0 0.0 0.0 0.0 0.0 0.0 0.0 0.0 0.0 0.0 0.0 0.0 0.0 0.0 0.0 0.0  
    0.0 0.0 0.0 0.0 0.0 0.0 0.0 0.0 0.0 0.0 0.0 0.0 0.0 0.0 0.0 0.0 0.0  
    0.0 0.0 0.0 0.0 0.0 0.0 0.0 0.0 0.0 0.0 0.0 0.0 0.0 0.0 0.0 0.0 0.0  
    0.0 
  TBEAM = 0.0 0.0 0.0 0.0 0.0 0.0 0.0 0.0 0.0 0.0 0.0 0.0 0.0 0.0 0.0  
    0.0 0.0 0.0 0.0 0.0 0.0 0.0 0.0 0.0 0.0 0.0 0.0 0.0 0.0 0.0 0.0 0.0  
    0.0 0.0 0.0 0.0 0.0 0.0 0.0 0.0 0.0 0.0 0.0 0.0 0.0 0.0 0.0 0.0 0.0  
    0.0 0.0 0.0 0.0 0.0 0.0 0.0 0.0 0.0 0.0 0.0 0.0 0.0 0.0 0.0 0.0 0.0  
    0.0 0.0 0.0 0.0 0.0 0.0 0.0 0.0 0.0 0.0 0.0 0.0 0.0 0.0 0.0 0.0 0.0  
    0.0 0.0 0.0 0.0 0.0 0.0 0.0 0.0 0.0 0.0 0.0 0.0 0.0 0.0 0.0 0.0 0.0  
    0.0 
  DENSITY_ALPHA = 0.0 0.0 0.0 0.0 0.0 0.0 0.0 0.0 0.0 0.0 0.0 0.0 0.0  
    0.0 0.0 0.0 0.0 0.0 0.0 0.0 0.0 0.0 0.0 0.0 0.0 0.0 0.0 0.0 0.0 0.0  
    0.0 0.0 0.0 0.0 0.0 0.0 0.0 0.0 0.0 0.0 0.0 0.0 0.0 0.0 0.0 0.0 0.0  
    0.0 0.0 0.0 0.0 0.0 0.0 0.0 0.0 0.0 0.0 0.0 0.0 0.0 0.0 0.0 0.0 0.0  
    0.0 0.0 0.0 0.0 0.0 0.0 0.0 0.0 0.0 0.0 0.0 0.0 0.0 0.0 0.0 0.0 0.0  
    0.0 0.0 0.0 0.0 0.0 0.0 0.0 0.0 0.0 0.0 0.0 0.0 0.0 0.0 0.0 0.0 0.0  
    0.0 0.0 0.0 
  WALPHA = 0.0 0.0 0.0 0.0 0.0 0.0 0.0 0.0 0.0 0.0 0.0 0.0 0.0 0.0 0.0  
    0.0 0.0 0.0 0.0 0.0 0.0 0.0 0.0 0.0 0.0 0.0 0.0 0.0 0.0 0.0 0.0 0.0  
    0.0 0.0 0.0 0.0 0.0 0.0 0.0 0.0 0.0 0.0 0.0 0.0 0.0 0.0 0.0 0.0 0.0  
    0.0 0.0 0.0 0.0 0.0 0.0 0.0 0.0 0.0 0.0 0.0 0.0 0.0 0.0 0.0 0.0 0.0  
    0.0 0.0 0.0 0.0 0.0 0.0 0.0 0.0 0.0 0.0 0.0 0.0 0.0 0.0 0.0 0.0 0.0  
    0.0 0.0 0.0 0.0 0.0 0.0 0.0 0.0 0.0 0.0 0.0 0.0 0.0 0.0 0.0 0.0 0.0  
    0.0 
  TALPHA = 0.0 0.0 0.0 0.0 0.0 0.0 0.0 0.0 0.0 0.0 0.0 0.0 0.0 0.0 0.0  
    0.0 0.0 0.0 0.0 0.0 0.0 0.0 0.0 0.0 0.0 0.0 0.0 0.0 0.0 0.0 0.0 0.0  
    0.0 0.0 0.0 0.0 0.0 0.0 0.0 0.0 0.0 0.0 0.0 0.0 0.0 0.0 0.0 0.0 0.0  
    0.0 0.0 0.0 0.0 0.0 0.0 0.0 0.0 0.0 0.0 0.0 0.0 0.0 0.0 0.0 0.0 0.0  
    0.0 0.0 0.0 0.0 0.0 0.0 0.0 0.0 0.0 0.0 0.0 0.0 0.0 0.0 0.0 0.0 0.0  
    0.0 0.0 0.0 0.0 0.0 0.0 0.0 0.0 0.0 0.0 0.0 0.0 0.0 0.0 0.0 0.0 0.0  
    0.0 
  CHIE = 0.0 0.0 0.0 0.0 0.0 0.0 0.0 0.0 0.0 0.0 0.0 0.0 0.0 0.0 0.0  
    0.0 0.0 0.0 0.0 0.0 0.0 0.0 0.0 0.0 0.0 0.0 0.0 0.0 0.0 0.0 0.0 0.0  
    0.0 0.0 0.0 0.0 0.0 0.0 0.0 0.0 0.0 0.0 0.0 0.0 0.0 0.0 0.0 0.0 0.0  
    0.0 0.0 0.0 0.0 0.0 0.0 0.0 0.0 0.0 0.0 0.0 0.0 0.0 0.0 0.0 0.0 0.0  
    0.0 0.0 0.0 0.0 0.0 0.0 0.0 0.0 0.0 0.0 0.0 0.0 0.0 0.0 0.0 0.0 0.0  
    0.0 0.0 0.0 0.0 0.0 0.0 0.0 0.0 0.0 0.0 0.0 0.0 0.0 0.0 0.0 0.0 0.0  
    0.0 
  CHII = 0.0 0.0 0.0 0.0 0.0 0.0 0.0 0.0 0.0 0.0 0.0 0.0 0.0 0.0 0.0  
    0.0 0.0 0.0 0.0 0.0 0.0 0.0 0.0 0.0 0.0 0.0 0.0 0.0 0.0 0.0 0.0 0.0  
    0.0 0.0 0.0 0.0 0.0 0.0 0.0 0.0 0.0 0.0 0.0 0.0 0.0 0.0 0.0 0.0 0.0  
    0.0 0.0 0.0 0.0 0.0 0.0 0.0 0.0 0.0 0.0 0.0 0.0 0.0 0.0 0.0 0.0 0.0  
    0.0 0.0 0.0 0.0 0.0 0.0 0.0 0.0 0.0 0.0 0.0 0.0 0.0 0.0 0.0 0.0 0.0  
    0.0 0.0 0.0 0.0 0.0 0.0 0.0 0.0 0.0 0.0 0.0 0.0 0.0 0.0 0.0 0.0 0.0  
    0.0 
  P_EQ = 0.0 0.0 0.0 0.0 0.0 0.0 0.0 0.0 0.0 0.0 0.0 0.0 0.0 0.0 0.0  
    0.0 0.0 0.0 0.0 0.0 0.0 0.0 0.0 0.0 0.0 0.0 0.0 0.0 0.0 0.0 0.0 0.0  
    0.0 0.0 0.0 0.0 0.0 0.0 0.0 0.0 0.0 0.0 0.0 0.0 0.0 0.0 0.0 0.0 0.0  
    0.0 0.0 0.0 0.0 0.0 0.0 0.0 0.0 0.0 0.0 0.0 0.0 0.0 0.0 0.0 0.0 0.0  
    0.0 0.0 0.0 0.0 0.0 0.0 0.0 0.0 0.0 0.0 0.0 0.0 0.0 0.0 0.0 0.0 0.0  
    0.0 0.0 0.0 0.0 0.0 0.0 0.0 0.0 0.0 0.0 0.0 0.0 0.0 0.0 0.0 0.0 0.0  
    0.0 
  J_TOT = 3054069.684707401 3054069.684707401 3053505.054915945  
    3052076.4735361356 3050052.6500038705 3047441.520862839  
    3044248.755029174 3040475.4863166576 3036121.714725286  
    3031187.4402550706 3025672.6629060074 3019577.382678102  
    3012901.599571337 3005645.313585731 2997808.5247213  
    2989391.232977985 2980393.438355852 2970815.1408548495  
    2960656.3404749897 2949917.0372163774 2938597.2310787956  
    2926696.9220623015 2914216.1101670894 2901154.795393074  
    2887512.9777402217 2873290.657208451 2858487.8337977263  
    2843104.507508283 2827140.6783399 2810596.346292676  
    2793471.5113668023 2775766.1735619237 2757480.3328782273  
    2738613.9893156686 2719167.1428741193 2699139.79355381  
    2678531.9413548317 2657343.5862768954 2635574.7283199104  
    2613225.3674842655 2590295.503769973 2566785.137176759  
    2542694.2677042587 2518022.895352972 2492771.020123274  
    2466938.642014835 2440525.7610269254 2413532.3771604467  
    2385958.4904155843 2357804.1007914594 2329069.2082885336  
    2299753.8129065004 2269857.9146456574 2239381.5135062905  
    2208324.609487877 2176687.2025906453 2144469.29281449  
    2111670.880159412 2078291.9646255614 2044332.5462128886  
    2009792.6249212916 1974672.2007511603 1938971.2737026473  
    1902689.8437743562 1865827.91096719 1828385.4752815375  
    1790362.5367173012 1751759.0952743166 1712575.1509515825  
    1672810.7037499135 1632465.7536699288 1591540.3007112858  
    1550034.3448741124 1507947.8861574347 1465280.9245618023  
    1422033.4600879427 1378205.492734816 1333797.022502432  
    1288808.0493915295 1243238.573402483 1197088.5945345403  
    1150358.1127875627 1103047.1281606928 1055155.640654802  
    1006683.6502717839 957631.1570096774 907998.1608682479  
    857784.6618487546 806990.659948837 755616.1551699825  
    703661.1475144763 651125.6369780509 598009.6235618966  
    544313.1072698515 490036.088097338 435178.56604456005  
    379740.5411150764 324175.5311807694 271658.1613593235  
    231258.78913446583 200093.04082718052 
  RBDRY = 5.75 5.717889612279765 5.599231274196216 5.333894952548324  
    4.862048988436734 4.215741544340384 3.606248672667517  
    3.3499999999999996 3.606248672667517 4.215741544340384  
    4.862048988436735 5.333894952548324 5.599231274196216  
    5.717889612279765 5.75 
  ZBDRY = 0.0 0.7289246817174976 1.3134768905462901 1.6378788924654637  
    1.6378788924654637 1.3134768905462901 0.7289246817174978  
    2.0574066225675533e-16 -0.7289246817174975 -1.31347689054629  
    -1.6378788924654637 -1.6378788924654637 -1.3134768905462901  
    -0.728924681717498 -4.1148132451351065e-16 
  NLIM = 5 
  RLIM = 5.8 3.3 3.3 5.8 5.8 
  ZLIM = 1.6878788924654637 1.6878788924654637 -1.6878788924654637  
    -1.6878788924654637 1.6878788924654637 
  RHO = 0.0 0.01 0.02 0.03 0.04 0.05 0.06 0.07 0.08 0.09 0.1 0.11 0.12  
    0.13 0.14 0.15 0.16 0.17 0.18 0.19 0.2 0.21 0.22 0.23 0.24 0.25  
    0.26 0.27 0.28 0.29 0.3 0.31 0.32 0.33 0.34 0.35 0.36 0.37 0.38  
    0.39 0.4 0.41 0.42 0.43 0.44 0.45 0.46 0.47 0.48 0.49 0.5 0.51 0.52  
    0.53 0.54 0.55 0.56 0.57 0.58 0.59 0.6 0.61 0.62 0.63 0.64 0.65  
    0.66 0.67 0.68 0.69 0.7 0.71 0.72 0.73 0.74 0.75 0.76 0.77 0.78  
    0.79 0.8 0.81 0.82 0.83 0.84 0.85 0.86 0.87 0.88 0.89 0.9 0.91 0.92  
    0.93 0.94 0.95 0.96 0.97 0.98 0.99 1.0 
  MODEL_PROFILE_NE = 'ped' 
  MODEL_PROFILE_TE = 'ped' 
  MODEL_PROFILE_TI = 'ped' 
  MODEL_PROFILE_DENSITY_BEAM = 'parab' 
  MODEL_PROFILE_J_TOT = 'parab' 
  MODEL_PROFILE_OMEGA = 'parab' 
  MODEL_PROFILE_ZEFF = 'const' 
  MODEL_PROFILE_TBEAMI = 'const' 
  MODEL_PROFILE_DENSITY_ALPHA = 'zero' 
  MODEL_PROFILE_WALPHA = 'zero' 
  MODEL_PROFILE_WBEAM = 'derived' 
  J_TOT_AXIS = 1.0 
  J_TOT_SEP = 0.05 
  J_TOT_ALPHA = 2.0 
  J_TOT_BETA = 1.0 
  DENSITY_BEAM_AXIS = 0.0 
  DENSITY_BEAM_SEP = 0.0 
  DENSITY_BEAM_ALPHA = 1.5 
  DENSITY_BEAM_BETA = 1.5 
  TBEAMI_AXIS = 20.0 
  DENSITY_ION_0 = 13.314620951439998 13.314620951439998 13.2924153223  
    13.26866116694 13.24337806902 13.21658559774 13.18830333194  
    13.15855084564 13.127347712859999 13.09471351244 13.0606678184  
    13.025230199940001 12.98842024554 12.95025751958 12.9107616009  
    12.86995206834 12.827848495920001 12.784470452839999 12.73983752276  
    12.69396927488 12.64688529286 12.59860514108 12.5491484032  
    12.49853465324 12.446783465220001 12.393914413160001 12.33994708072  
    12.28490103228 12.22879584668 12.17165110758 12.11348637936  
    12.05432124086 11.99417527092 11.93306804356 11.87101912798  
    11.80804811266 11.744174561980001 11.679418054780001 11.61379816508  
    11.54733447172 11.480046548719999 11.4119539701 11.3430763147  
    11.27343315654 11.20304406964 11.131928628019999 11.06010641052  
    10.987596991159997 10.914419943959999 10.84059484776 10.76614127658  
    10.69107880926 10.615427015 10.539205467819999 10.46243375138  
    10.38513143488 10.30731810198 10.22901331706 10.150236658959999  
    10.07100770652 9.991346038580001 9.91127121952 9.830802833  
    9.74996045304 9.668763653660001 9.5872320137 9.50538510236  
    9.42324249848 9.340823780900001 9.258148518819999 9.1752362959  
    9.09210667652 9.008779244340001 8.925273568560002 8.841609218379999  
    8.757805763 8.673882752339999 8.58985972186 8.50575613954  
    8.4215913625 8.33738447312 8.25315399466 8.168917182719998  
    8.08468857442 8.00047676382 7.916277432199999 7.832058126500001  
    7.74772530016 7.66305274576 7.5775267959 7.490013020199999  
    7.398046176639999 7.2963518067 7.1739262408 7.008974643939998  
    6.763050396979996 6.384934223 5.850395259 5.23427775162  
    4.695900343506 4.335665668698 
  DENSITY_ION_1 = 13.314620951439998 13.314620951439998 13.2924153223  
    13.26866116694 13.24337806902 13.21658559774 13.18830333194  
    13.15855084564 13.127347712859999 13.09471351244 13.0606678184  
    13.025230199940001 12.98842024554 12.95025751958 12.9107616009  
    12.86995206834 12.827848495920001 12.784470452839999 12.73983752276  
    12.69396927488 12.64688529286 12.59860514108 12.5491484032  
    12.49853465324 12.446783465220001 12.393914413160001 12.33994708072  
    12.28490103228 12.22879584668 12.17165110758 12.11348637936  
    12.05432124086 11.99417527092 11.93306804356 11.87101912798  
    11.80804811266 11.744174561980001 11.679418054780001 11.61379816508  
    11.54733447172 11.480046548719999 11.4119539701 11.3430763147  
    11.27343315654 11.20304406964 11.131928628019999 11.06010641052  
    10.987596991159997 10.914419943959999 10.84059484776 10.76614127658  
    10.69107880926 10.615427015 10.539205467819999 10.46243375138  
    10.38513143488 10.30731810198 10.22901331706 10.150236658959999  
    10.07100770652 9.991346038580001 9.91127121952 9.830802833  
    9.74996045304 9.668763653660001 9.5872320137 9.50538510236  
    9.42324249848 9.340823780900001 9.258148518819999 9.1752362959  
    9.09210667652 9.008779244340001 8.925273568560002 8.841609218379999  
    8.757805763 8.673882752339999 8.58985972186 8.50575613954  
    8.4215913625 8.33738447312 8.25315399466 8.168917182719998  
    8.08468857442 8.00047676382 7.916277432199999 7.832058126500001  
    7.74772530016 7.66305274576 7.5775267959 7.490013020199999  
    7.398046176639999 7.2963518067 7.1739262408 7.008974643939998  
    6.763050396979996 6.384934223 5.850395259 5.23427775162  
    4.695900343506 4.335665668698 
  DENSITY_IMP_0 = 0.02762369492 0.02762369492 0.02757762515  
    0.02752834267 0.02747588811 0.027420302070000003 0.02736162517  
    0.02729989802 0.02723516123 0.02716745542 0.027096821200000003  
    0.02702329917 0.02694692997 0.02686775419 0.02678581245  
    0.02670114537 0.02661379356 0.02652379762 0.02643119818  
    0.02633603584 0.026238351229999998 0.02613818494  
    0.026035577600000002 0.02593056982 0.025823202210000003  
    0.02571351538 0.02560154996 0.02548734654 0.02537094574  
    0.025252388190000002 0.02513171448 0.025008965230000003  
    0.02488418106 0.02475740258 0.02462867039 0.02449802513  
    0.024365507390000003 0.024231157790000003 0.024095016940000002  
    0.02395712546 0.02381752396 0.02367625305 0.023533353349999998  
    0.02338886547 0.02324283002 0.02309528761 0.02294627886  
    0.022795844379999996 0.02264402478 0.022490860680000002  
    0.02233639269 0.02218066143 0.0220237075 0.02186557151  
    0.02170629409 0.02154591584 0.02138447739 0.021222019329999998  
    0.02105858228 0.02089420686 0.020728933690000003 0.02056280336  
    0.0203958565 0.02022813372 0.020059675630000003 0.01989052285  
    0.01972071598 0.019550295640000003 0.01937930245  
    0.019207777009999996 0.019035759949999998 0.01886329186  
    0.018690413370000002 0.018517165080000002 0.018343587589999998  
    0.018169721500000003 0.01799560737 0.01782128573 0.01764679697  
    0.01747218125 0.01729747816 0.01712272613 0.016947960959999998  
    0.01677321281 0.01659849951 0.0164238121 0.01624908325  
    0.016074118880000002 0.01589844968 0.01572100995 0.0155394461  
    0.01534864352 0.01513765935 0.014883664400000001  
    0.014541441169999995 0.014031224889999992 0.0132467515 0.0121377495  
    0.01085949741 0.009742531833 0.008995156989 
  DENSITY_TH = 26.656865597799996 26.656865597799996 26.61240826975  
    26.564850676549998 26.51423202615 26.46059149755 26.40396828905  
    26.344401589300002 26.281930586949997 26.2165944803  
    26.148432458000002 26.077483699050003 26.00378742105 25.92738279335  
    25.848309014250002 25.76660528205 25.682310785400002 25.5954647033  
    25.5061062437 25.4142745856 25.32000893695 25.2233484671  
    25.124332384 25.022999876300002 24.91939013265 24.813542341700003  
    24.7054957114 24.5952894111 24.482962639100002 24.368554603350002  
    24.2521044732 24.13365144695 24.0132347229 23.8908934897  
    23.766666926350002 23.64059425045 23.512714631350004 23.38306726735  
    23.2516913471 23.1186260689 22.983910621399996 22.84758419325  
    22.70968598275 22.57025517855 22.4293309693 22.28695254365  
    22.1431590999 21.997989826699992 21.851483912699997  
    21.703680556200002 21.554618945850002 21.40433827995 21.2528777375  
    21.100276507149996 20.94657379685 20.7918087856 20.63602068135  
    20.47924865345 20.321531900199997 20.1629096199 20.00342101085  
    19.8431052424 19.6820015225 19.5201490398 19.357586982950004  
    19.19435455025 19.0304909207 18.8660352926 18.701026864250004  
    18.535504814649997 18.36950835175 18.2030766449 18.03624890205  
    17.8690643022 17.701562024349997 17.533781247500002 17.36576111205  
    17.19754072945 17.02915907605 16.860654906249998 16.6920664244  
    16.52343071545 16.354782326399995 16.18615036165 16.01755202715  
    15.848978676499998 15.680365336250002 15.5115247192 15.3420039412  
    15.170774601749999 14.995565486499999 14.811440996799998  
    14.607841272749999 14.362736146 14.032490729049995  
    13.540132018849992 12.7831151975 11.7129282675 10.479415000649999  
    9.401543218845 8.680326494385 
  NI = 26.629241902879997 26.629241902879997 26.5848306446  
    26.53732233388 26.48675613804 26.43317119548 26.37660666388  
    26.31710169128 26.254695425719998 26.18942702488 26.1213356368  
    26.050460399880002 25.97684049108 25.90051503916 25.8215232018  
    25.73990413668 25.655696991840003 25.568940905679998 25.47967504552  
    25.38793854976 25.29377058572 25.19721028216 25.0982968064  
    24.99706930648 24.893566930440002 24.787828826320002 24.67989416144  
    24.56980206456 24.45759169336 24.34330221516 24.22697275872  
    24.10864248172 23.98835054184 23.86613608712 23.74203825596  
    23.61609622532 23.488349123960003 23.358836109560002 23.22759633016  
    23.09466894344 22.960093097439998 22.8239079402 22.6861526294  
    22.54686631308 22.40608813928 22.263857256039998 22.12021282104  
    21.975193982319993 21.828839887919997 21.68118969552 21.53228255316  
    21.38215761852 21.23085403 21.078410935639997 20.92486750276  
    20.77026286976 20.61463620396 20.45802663412 20.300473317919998  
    20.14201541304 19.982692077160003 19.82254243904 19.661605666  
    19.49992090608 19.337527307320002 19.1744640274 19.01077020472  
    18.84648499696 18.681647561800002 18.516297037639998 18.3504725918  
    18.18421335304 18.017558488680002 17.850547137120003  
    17.683218436759997 17.515611526 17.347765504679998 17.17971944372  
    17.01151227908 16.843182725 16.67476894624 16.50630798932  
    16.337834365439996 16.16937714884 16.00095352764 15.832554864399999  
    15.664116253000001 15.49545060032 15.32610549152 15.1550535918  
    14.980026040399999 14.796092353279999 14.5927036134 14.3478524816  
    14.017949287879995 13.526100793959992 12.769868446 11.700790518  
    10.46855550324 9.391800687012 8.671331337396 
  NZ = 0.02762369492 0.02762369492 0.02757762515 0.02752834267  
    0.02747588811 0.027420302070000003 0.02736162517 0.02729989802  
    0.02723516123 0.02716745542 0.027096821200000003 0.02702329917  
    0.02694692997 0.02686775419 0.02678581245 0.02670114537  
    0.02661379356 0.02652379762 0.02643119818 0.02633603584  
    0.026238351229999998 0.02613818494 0.026035577600000002  
    0.02593056982 0.025823202210000003 0.02571351538 0.02560154996  
    0.02548734654 0.02537094574 0.025252388190000002 0.02513171448  
    0.025008965230000003 0.02488418106 0.02475740258 0.02462867039  
    0.02449802513 0.024365507390000003 0.024231157790000003  
    0.024095016940000002 0.02395712546 0.02381752396 0.02367625305  
    0.023533353349999998 0.02338886547 0.02324283002 0.02309528761  
    0.02294627886 0.022795844379999996 0.02264402478  
    0.022490860680000002 0.02233639269 0.02218066143 0.0220237075  
    0.02186557151 0.02170629409 0.02154591584 0.02138447739  
    0.021222019329999998 0.02105858228 0.02089420686  
    0.020728933690000003 0.02056280336 0.0203958565 0.02022813372  
    0.020059675630000003 0.01989052285 0.01972071598  
    0.019550295640000003 0.01937930245 0.019207777009999996  
    0.019035759949999998 0.01886329186 0.018690413370000002  
    0.018517165080000002 0.018343587589999998 0.018169721500000003  
    0.01799560737 0.01782128573 0.01764679697 0.01747218125  
    0.01729747816 0.01712272613 0.016947960959999998 0.01677321281  
    0.01659849951 0.0164238121 0.01624908325 0.016074118880000002  
    0.01589844968 0.01572100995 0.0155394461 0.01534864352  
    0.01513765935 0.014883664400000001 0.014541441169999995  
    0.014031224889999992 0.0132467515 0.0121377495 0.01085949741  
    0.009742531833 0.008995156989 
  DENSITY_HE = 2.3953864965053966 2.3953864965053966 2.3797945631061554  
    2.3630115095038136 2.3450573496213374 2.3259522152090573  
    2.305716407546869 2.2843704413241914 2.261935093267579  
    2.238431452261235 2.2138809604261303 2.188305466587665  
    2.1617272782841805 2.1341692014926963 2.105654598424521  
    2.0762074388466907 2.0458523528792 2.014614677059504  
    1.9825205255645488 1.9495968294743347 1.9158714091866111  
    1.8813730203521228 1.846131424117957 1.810177445821388  
    1.7735430320433094 1.7362613134109055 1.6983666722576993  
    1.659894791544655 1.6208827231549443 1.581368943032782  
    1.5413933957158432 1.5009975508466873 1.460224447217199  
    1.4191187253635609 1.3777266531341958 1.3360961552441126  
    1.2942768073127922 1.252319838373066 1.2102781122869024  
    1.1682060851405698 1.1261597488441493 1.084196559645621  
    1.0423753349505285 1.000756130140141 0.9594000841759622  
    0.9183692447838719 0.8777263617994256 0.8375346377962413  
    0.7978574696900499 0.7587581377482465 0.7202994788985219  
    0.6825435222346165 0.6455510999575832 0.609381437879622  
    0.5740917180762322 0.5397366391330699 0.5063679513821819  
    0.474034003939357 0.4427792934814034 0.4126440272268844  
    0.38366371053116294 0.355868767175381 0.3292842075915654  
    0.3039293433570118 0.27981756744252095 0.2569562017151842  
    0.23534641854080113 0.21498324477303085 0.19585564505270436  
    0.17794668946493797 0.1612338022034239 0.14568908611647108  
    0.1312797194724089 0.11796841332258665 0.10571392283797645  
    0.09447159881116626 0.08419396793653944 0.07483132943424042  
    0.06633235412206136 0.058644674665323276 0.05171545385736688  
    0.045491921158582395 0.03992186538096437 0.034954074822645814  
    0.03053870976555992 0.026627589153954623 0.023174353560990492  
    0.02013443052965664 0.01746464292243319 0.01512211967823034  
    0.01306178713844582 0.011230973731960671 0.009558504180880136  
    0.007935558579000383 0.0061964099951907665 0.004166685158415996  
    0.0019736446903239643 0.00043621764544014114 2.129143563701225e-05  
    4.9334303678075237e-08 1.6446998994637887e-15 
  _NZ_0 = 0.02762369492 0.02762369492 0.02757762515 0.02752834267  
    0.02747588811 0.027420302070000003 0.02736162517 0.02729989802  
    0.02723516123 0.02716745542 0.027096821200000003 0.02702329917  
    0.02694692997 0.02686775419 0.02678581245 0.02670114537  
    0.02661379356 0.02652379762 0.02643119818 0.02633603584  
    0.026238351229999998 0.02613818494 0.026035577600000002  
    0.02593056982 0.025823202210000003 0.02571351538 0.02560154996  
    0.02548734654 0.02537094574 0.025252388190000002 0.02513171448  
    0.025008965230000003 0.02488418106 0.02475740258 0.02462867039  
    0.02449802513 0.024365507390000003 0.024231157790000003  
    0.024095016940000002 0.02395712546 0.02381752396 0.02367625305  
    0.023533353349999998 0.02338886547 0.02324283002 0.02309528761  
    0.02294627886 0.022795844379999996 0.02264402478  
    0.022490860680000002 0.02233639269 0.02218066143 0.0220237075  
    0.02186557151 0.02170629409 0.02154591584 0.02138447739  
    0.021222019329999998 0.02105858228 0.02089420686  
    0.020728933690000003 0.02056280336 0.0203958565 0.02022813372  
    0.020059675630000003 0.01989052285 0.01972071598  
    0.019550295640000003 0.01937930245 0.019207777009999996  
    0.019035759949999998 0.01886329186 0.018690413370000002  
    0.018517165080000002 0.018343587589999998 0.018169721500000003  
    0.01799560737 0.01782128573 0.01764679697 0.01747218125  
    0.01729747816 0.01712272613 0.016947960959999998 0.01677321281  
    0.01659849951 0.0164238121 0.01624908325 0.016074118880000002  
    0.01589844968 0.01572100995 0.0155394461 0.01534864352  
    0.01513765935 0.014883664400000001 0.014541441169999995  
    0.014031224889999992 0.0132467515 0.0121377495 0.01085949741  
    0.009742531833 0.008995156989 
  PNBE = 0.0 
  PNBI = 0.0 
  PRFE = 4.560374826048799 
  PRFI = 28.23516004934043 
  PFUSE = 70.81530438527794 
  PFUSI = 22.82308179952466 
  PEI = 2.325514309876147 
  PRAD = -24.433989508980577 
  AREA = 270.1854651 
/


