&INSTATE
  DENSITY_MODEL = 1 
  MODEL_SHAPE = 0 
  NBDRY = 15 
  USE_INPED = 0 
  R0 = 4.55 
  A0 = 1.2 
  KAPPA = 1.4 
  DELTA = -0.5 
  B0 = 11.0 
  IP = 10.0 
  N_ION = 2 
  Z_ION = 1 1 
  A_ION = 2 3 
  F_ION = 0.5 0.5 
  N_IMP = 1 
  Z_IMP = 36 
  A_IMP = 84 
  F_IMP = 0.0011 
  N_MIN = 0 
  Z_MIN = 1 
  A_MIN = 1 
  N_BEAM = 1 
  Z_BEAM = 1 
  A_BEAM = 2 
  N_FUSION = 1 
  Z_FUSION = 2 
  A_FUSION = 4 
  NRHO = 101 
  NE_AXIS = 27.6 
  NE_PED = 14.424 
  NE_SEP = 9.0 
  NE_ALPHA = 1.5 
  NE_BETA = 1.1 
  NE_FIT = 1 
  NE_XMID = 0.95 
  NE_XWID = 0.1 
  TE_AXIS = 18.8 
  TE_PED = 3.7455 
  TE_SEP = 0.08 
  TE_ALPHA = 1.5 
  TE_BETA = 1.5 
  TE_FIT = 1 
  TE_XMID = 0.95 
  TE_XWID = 0.1 
  TI_AXIS = 19.0 
  TI_PED = 3.7455 
  TI_SEP = 0.08 
  TI_ALPHA = 1.5 
  TI_BETA = 1.5 
  TI_FIT = 1 
  TI_XMID = 0.95 
  TI_XWID = 0.1 
  ZEFF_AXIS = 2.26 
  OMEGA_AXIS = 5000.0 
  OMEGA_SEP = 0.0 
  OMEGA_ALPHA = 1.5 
  OMEGA_BETA = 1.5 
  JPAR_AXIS = 1.0 
  JPAR_SEP = 0.05 
  JPAR_ALPHA = 2.0 
  JPAR_BETA = 1.0 
  NBEAM_AXIS = 0.0 
  NBEAM_SEP = 0.0 
  NBEAM_ALPHA = 1.5 
  NBEAM_BETA = 1.5 
  TBEAMI = 20.0 20.0 20.0 20.0 20.0 20.0 20.0 20.0 20.0 20.0 20.0 20.0  
    20.0 20.0 20.0 20.0 20.0 20.0 20.0 20.0 20.0 20.0 20.0 20.0 20.0  
    20.0 20.0 20.0 20.0 20.0 20.0 20.0 20.0 20.0 20.0 20.0 20.0 20.0  
    20.0 20.0 20.0 20.0 20.0 20.0 20.0 20.0 20.0 20.0 20.0 20.0 20.0  
    20.0 20.0 20.0 20.0 20.0 20.0 20.0 20.0 20.0 20.0 20.0 20.0 20.0  
    20.0 20.0 20.0 20.0 20.0 20.0 20.0 20.0 20.0 20.0 20.0 20.0 20.0  
    20.0 20.0 20.0 20.0 20.0 20.0 20.0 20.0 20.0 20.0 20.0 20.0 20.0  
    20.0 20.0 20.0 20.0 20.0 20.0 20.0 20.0 20.0 20.0 20.0 
  BETAN_PED = -1.0 
  XMID = 0.95 
  XWID = 0.1 
  PRESSURE_MODEL = 'full' 
  H98_TARGET = 0.8 
  BETAN_TARGET = 1.25 
  BETAN_BEAM_TARGET = 0.0 
  CURRENT_MODEL = 'broad' 
  RHO_JBDRY = 0.85 
  RHO_JPEAK = 0.65 
  JAXIS = 0.6 
  JAXIS_PRIME = 1.0 
  JBDRY_PRIME = -1.0 
  RBDRY = 5.75 5.717889612279765 5.599231274196216 5.333894952548324  
    4.862048988436734 4.215741544340384 3.606248672667517  
    3.3499999999999996 3.606248672667517 4.215741544340384  
    4.862048988436735 5.333894952548324 5.599231274196216  
    5.717889612279765 5.75 
  ZBDRY = 0.0 0.7289246817174976 1.3134768905462901 1.6378788924654637  
    1.6378788924654637 1.3134768905462901 0.7289246817174978  
    2.0574066225675533e-16 -0.7289246817174975 -1.31347689054629  
    -1.6378788924654637 -1.6378788924654637 -1.3134768905462901  
    -0.728924681717498 0.0 
  NLIM = 5 
  RLIM = 6.0 3.5 3.5 6.0 6.0 
  ZLIM = 1.93 1.93 -1.93 -1.93 1.93 
  NE = 27.62306735 27.62306735 27.57546442 27.52446609 27.47011707  
    27.41246207 27.3515458 27.28741298 27.22010832 27.14967653  
    27.07616232 26.99961042 26.92006552 26.83757235 26.75217561  
    26.66392003 26.5728503 26.47901115 26.38244728 26.28320342  
    26.18132427 26.07685454 25.96983895 25.86032222 25.74834904  
    25.63396415 25.51721224 25.39813803 25.27678624 25.15320158  
    25.02742875 24.89951248 24.76949748 24.63742845 24.50335012  
    24.36730718 24.22934437 24.08950638 23.94783794 23.80438375  
    23.65918852 23.51229698 23.36375383 23.21360378 23.06189155  
    22.90866184 22.75395937 22.59782885 22.44031499 22.28146248  
    22.12131604 21.95992037 21.79732015 21.63356007 21.4686848  
    21.302739 21.13576729 20.967814259999997 20.79892444 20.62914227  
    20.4585121 20.28707809 20.11488415 19.94197386 19.76839027  
    19.59417572 19.41937148 19.2440173 19.06815074 18.891806199999998  
    18.71501356 18.53779614 18.36016787 18.18212917 18.00366107  
    17.82471671 17.64520933 17.46499491 17.28384757 17.10142452  
    16.91721648 16.73047789 16.540129599999997 16.344624839999998  
    16.14176854 15.92848087 15.70050384 15.45206898 15.17558875  
    14.86151692 14.49865645 14.07535272 13.58207892 13.0156276  
    12.384132909999993 11.710562209999994 11.03138998 10.38887851  
    9.81973103 9.346060347 8.972965753 
  TE = 20.258509168290516 20.251023480535146 20.22858300932472  
    20.191237469547474 20.13906951540448 20.072194435597222  
    19.990759728795826 19.894944561575976 19.784959111612718  
    19.661043799501176 19.52346841313371 19.372531129096743  
    19.20855743605499 19.03189896556279 18.84293223617911  
    18.64205731716138 18.42969641837202 18.20629241334751  
    17.972307302752213 17.72822062566598 17.474527826335024  
    17.21173858414924 16.940375114695357 16.66097044977429  
    16.374066704263477 16.080213337650935 15.779965417969002  
    15.473881895713257 15.1625238951475 14.846453030171311  
    14.526229751664332 14.205368457291156 13.887051942330634  
    13.571341408816723 13.258298058783375 12.947983094264542  
    12.64075925717812 12.337100329234039 12.037234072154321  
    11.74138824766098 11.449790617476031 11.162813215459083  
    10.880939607445029 10.604564853118818 10.3340840121654  
    10.069892144269723 9.812549328376925 9.56233137871606  
    9.319206957897961 9.083144728533455 8.854113353233373  
    8.631699946879602 8.415264569194008 8.20443530004739  
    7.9988402193105435 7.798107406854261 7.60152454383396  
    7.408570977049077 7.219162284836456 7.033214045532934  
    6.850641837475353 6.671617138826912 6.496416479436011  
    6.325113015167293 6.157779901885397 5.994490295454964  
    5.835263587933966 5.679916698615707 5.528219074217845  
    5.379940161458029 5.23484940705391 5.092530747548881  
    4.952533852063817 4.8145767661826 4.678377535489113  
    4.543654205567238 4.410106429281576 4.2775038279302855  
    4.145669399747581 4.014426142967677 3.8835970558247896  
    3.753009808279102 3.622534338940242 3.492057049016594  
    3.3614643397165422 3.2306426122484715 3.09935445455965  
    2.9675301359664297 2.8353075797308236 2.702824709114839  
    2.5702194473804885 2.43875255484246 2.3090801361586197  
    2.1804331311057448 2.052042479460611 1.9231391209999946 1.438300093  
    0.9885116223 0.607818884 0.3107984791 0.09381087106 
  TI = 23.551819528403797 23.539778276281748 23.503691445047227  
    23.44366962143802 23.359896489175668 23.252627892412363  
    23.122190533930127 22.968980317362536 22.79346034521163  
    22.596158586827475 22.37766523278397 22.138629754201723  
    21.879757687518882 21.601807166977146 21.30558522865863  
    20.991943911266958 20.661776179983434 20.316011700638175  
    19.95561249211179 19.581568485322485 19.194893017356016  
    18.79661828926371 18.38779081579111 17.969466894813422  
    17.542708123552234 17.108576987742225 16.668132548818722  
    16.222426252921785 15.772497884075356 15.319371682318042  
    14.864052645853302 14.416049462236066 13.984078417627511  
    13.56793935755829 13.167432127559055 12.78235657316045  
    12.412001551343108 12.05525835171889 11.711330468765306  
    11.379421396959865 11.058734630780073 10.748501318344763  
    10.448533907478497 10.158907842217396 9.879698566597575  
    9.61098152465515 9.353707884370635 9.108326081804863  
    8.874157463114441 8.650523374455963 8.43674516198603  
    8.23176103533856 8.034377024885657 7.843716207891212  
    7.658901661619107 7.479056463333229 7.303051423110548  
    7.130204844996581 6.9603110472080285 6.79316434796159  
    6.628559065473967 6.4668416285320935 6.308551909447313  
    6.153774391722936 6.002593558862271 5.855093894368629  
    5.71136059894558 5.571229799735811 5.434412369901304  
    5.300619182604049 5.169561111006029 5.040719422457813  
    4.9135659426139515 4.7877973820924105 4.663110451511149  
    4.539201861488132 4.4158594335812 4.292951301702296  
    4.1702946450005385 4.0477066426250365 3.925004473724909  
    3.80208138042888 3.678719722390389 3.5545703550456147  
    3.429284133830739 3.3025119141819435 3.1733503964228373  
    3.0410943865378504 2.9056918984543927 2.767090946099875  
    2.6252395434017077 2.482867953613837 2.3422422676950534  
    2.202614241130034 2.0632356294034553 1.9233581879999946 1.438325931  
    0.9883266268 0.6075777711 0.3107215441 0.09406899116 
  OMEGA = 4992.501875 4992.501875 4978.801804 4961.079526 4940.12016  
    4916.382264 4890.178959 4861.74318 4831.258024 4798.873089  
    4764.714177 4728.889466 4691.493659 4652.610886 4612.316799  
    4570.680145 4527.763951 4483.626454 4438.321832 4391.900796  
    4344.411068 4295.897774 4246.403778 4195.969955 4144.635428  
    4092.437767 4039.413164 3985.596584 3931.021896 3875.721988  
    3819.72887 3763.073767 3705.787199 3647.899055 3589.43866  
    3530.4348369999993 3470.91596 3410.910006 3350.444605 3289.54708  
    3228.244492 3166.5636739999995 3104.531273 3042.173783 2979.517575  
    2916.588934 2853.414088 2790.0192379999994 2726.430588 2662.674375  
    2598.776897 2534.764544 2470.663824 2406.501396 2342.304099  
    2278.098979 2213.913327 2149.7747069999996 2085.710992 2021.750397  
    1957.921519 1894.253376 1830.775447 1767.517715 1704.510722  
    1641.785608 1579.374179 1517.308956 1455.623246 1394.3512129999992  
    1333.5279519999992 1273.18958 1213.373329 1154.117653 1095.462349  
    1037.448686 980.1195629 923.5196753 867.6957162 812.6966008  
    758.5737302 705.3812976 653.1766491999995 602.0207127999994  
    551.9785103 503.1197796 455.5197357 409.2600162 364.4298727  
    321.1276991 279.4630303 239.55922 201.557126 165.620359  
    131.94307479999964 100.76217029999968 72.37775876 47.19105135  
    25.78549737 9.151104569 6.075140391e-13 
  ZEFF = 2.386 2.386 2.3859999999999997 2.386 2.386 2.386 2.386 2.386  
    2.386 2.386 2.386 2.386 2.386 2.3860000000000006 2.386 2.386 2.386  
    2.386 2.386 2.386 2.386 2.386 2.386 2.386 2.386 2.386 2.386 2.386  
    2.3859999999999997 2.386 2.386 2.386 2.386 2.386 2.386 2.386 2.386  
    2.386 2.3859999999999997 2.386 2.386 2.386 2.3859999999999997 2.386  
    2.386 2.3860000000000006 2.386 2.386 2.386 2.386 2.386 2.386 2.386  
    2.386 2.386 2.386 2.386 2.386 2.386 2.3859999999999997 2.386 2.386  
    2.386 2.386 2.386 2.386 2.3859999999999997 2.3859999999999997 2.386  
    2.386 2.3860000000000006 2.3860000000000006 2.386 2.386 2.386 2.386  
    2.386 2.386 2.386 2.3860000000000006 2.386 2.386 2.3859999999999997  
    2.386 2.386 2.386 2.386 2.386 2.386 2.386 2.386 2.3859999999999997  
    2.386 2.386 2.3860000000000006 2.386 2.386 2.386 2.386 2.386  
    2.3860000000000006 
  J_OH = 0.0 0.0 0.0 0.0 0.0 0.0 0.0 0.0 0.0 0.0 0.0 0.0 0.0 0.0 0.0  
    0.0 0.0 0.0 0.0 0.0 0.0 0.0 0.0 0.0 0.0 0.0 0.0 0.0 0.0 0.0 0.0 0.0  
    0.0 0.0 0.0 0.0 0.0 0.0 0.0 0.0 0.0 0.0 0.0 0.0 0.0 0.0 0.0 0.0 0.0  
    0.0 0.0 0.0 0.0 0.0 0.0 0.0 0.0 0.0 0.0 0.0 0.0 0.0 0.0 0.0 0.0 0.0  
    0.0 0.0 0.0 0.0 0.0 0.0 0.0 0.0 0.0 0.0 0.0 0.0 0.0 0.0 0.0 0.0 0.0  
    0.0 0.0 0.0 0.0 0.0 0.0 0.0 0.0 0.0 0.0 0.0 0.0 0.0 0.0 0.0 0.0 0.0  
    0.0 
  J_BS = 168247.13776286965 252370.7066443045 376842.4713880559  
    441469.25345200207 482963.7465425063 513792.83273454226  
    538943.1512628411 560689.6316236526 580176.5039746667  
    598027.5730466378 614611.587934063 630140.3826123324  
    644698.1664706543 658281.4682357613 670832.7359801685  
    682281.2683561035 692610.8186992381 701852.7242628556  
    710022.8790487202 717118.7292838818 723140.6950757292  
    728089.7585311913 731968.4973017446 734786.5758613943  
    736557.5785390757 737295.2748739064 737014.0194895738  
    735728.1007878355 733452.998198357 730208.4111233216  
    722924.5003306058 708910.4251372112 691846.1076180686  
    675014.5741047147 658402.7346563597 641950.4771482  
    625631.6261338454 609537.4710462742 593733.7302885703  
    578224.8669182364 562945.5926260138 547670.5246912079  
    532236.5926785336 516643.67995625973 500902.7744908955  
    484782.1029997993 468273.4316825276 451961.95895087963  
    436202.3154508992 420991.36610912334 406556.72071756655  
    393236.3066456479 380955.1201030218 369521.01584732835  
    358916.60980441683 349306.9705800031 340688.9167503292  
    332613.7459792389 324807.54822609114 317265.7223929887  
    309779.071093228 302066.6054711681 294223.79701218393  
    286421.0548420051 278660.0838612561 270962.03345935856  
    263469.1269009749 256341.96892531734 249615.65450457702  
    243283.40911480805 237449.39424179136 232229.7561864834  
    227525.99542967434 223229.9115767698 219340.9725491125  
    215850.3775769063 212714.00161993495 209897.6168538483  
    207415.68265518022 205301.4802909277 203585.20582069812  
    202322.05281940068 201626.20814016278 201631.64461688005  
    202483.58485039347 204508.4322798458 207958.859574379  
    212743.68347562983 218827.21260562842 226235.22944395596  
    233831.4278346805 240365.83586693884 245873.37093119786  
    249329.22976347976 248286.12845659044 387719.8579247163  
    482086.598752296 374504.2521496001 251965.78016597926  
    136808.1604799496 30450.222361381395 
  J_NB = 0.0 0.0 0.0 0.0 0.0 0.0 0.0 0.0 0.0 0.0 0.0 0.0 0.0 0.0 0.0  
    0.0 0.0 0.0 0.0 0.0 0.0 0.0 0.0 0.0 0.0 0.0 0.0 0.0 0.0 0.0 0.0 0.0  
    0.0 0.0 0.0 0.0 0.0 0.0 0.0 0.0 0.0 0.0 0.0 0.0 0.0 0.0 0.0 0.0 0.0  
    0.0 0.0 0.0 0.0 0.0 0.0 0.0 0.0 0.0 0.0 0.0 0.0 0.0 0.0 0.0 0.0 0.0  
    0.0 0.0 0.0 0.0 0.0 0.0 0.0 0.0 0.0 0.0 0.0 0.0 0.0 0.0 0.0 0.0 0.0  
    0.0 0.0 0.0 0.0 0.0 0.0 0.0 0.0 0.0 0.0 0.0 0.0 0.0 0.0 0.0 0.0 0.0  
    0.0 
  J_EC = 0.0 0.0 0.0 0.0 0.0 0.0 0.0 0.0 0.0 0.0 0.0 0.0 0.0 0.0 0.0  
    0.0 0.0 0.0 0.0 0.0 0.0 0.0 0.0 0.0 0.0 0.0 0.0 0.0 0.0 0.0 0.0 0.0  
    0.0 0.0 0.0 0.0 0.0 0.0 0.0 0.0 0.0 0.0 0.0 0.0 0.0 0.0 0.0 0.0 0.0  
    0.0 0.0 0.0 0.0 0.0 0.0 0.0 0.0 0.0 0.0 0.0 0.0 0.0 0.0 0.0 0.0 0.0  
    0.0 0.0 0.0 0.0 0.0 0.0 0.0 0.0 0.0 0.0 0.0 0.0 0.0 0.0 0.0 0.0 0.0  
    0.0 0.0 0.0 0.0 0.0 0.0 0.0 0.0 0.0 0.0 0.0 0.0 0.0 0.0 0.0 0.0 0.0  
    0.0 
  J_IC = 0.0 0.0 0.0 0.0 0.0 0.0 0.0 0.0 0.0 0.0 0.0 0.0 0.0 0.0 0.0  
    0.0 0.0 0.0 0.0 0.0 0.0 0.0 0.0 0.0 0.0 0.0 0.0 0.0 0.0 0.0 0.0 0.0  
    0.0 0.0 0.0 0.0 0.0 0.0 0.0 0.0 0.0 0.0 0.0 0.0 0.0 0.0 0.0 0.0 0.0  
    0.0 0.0 0.0 0.0 0.0 0.0 0.0 0.0 0.0 0.0 0.0 0.0 0.0 0.0 0.0 0.0 0.0  
    0.0 0.0 0.0 0.0 0.0 0.0 0.0 0.0 0.0 0.0 0.0 0.0 0.0 0.0 0.0 0.0 0.0  
    0.0 0.0 0.0 0.0 0.0 0.0 0.0 0.0 0.0 0.0 0.0 0.0 0.0 0.0 0.0 0.0 0.0  
    0.0 
  J_LH = 0.0 0.0 0.0 0.0 0.0 0.0 0.0 0.0 0.0 0.0 0.0 0.0 0.0 0.0 0.0  
    0.0 0.0 0.0 0.0 0.0 0.0 0.0 0.0 0.0 0.0 0.0 0.0 0.0 0.0 0.0 0.0 0.0  
    0.0 0.0 0.0 0.0 0.0 0.0 0.0 0.0 0.0 0.0 0.0 0.0 0.0 0.0 0.0 0.0 0.0  
    0.0 0.0 0.0 0.0 0.0 0.0 0.0 0.0 0.0 0.0 0.0 0.0 0.0 0.0 0.0 0.0 0.0  
    0.0 0.0 0.0 0.0 0.0 0.0 0.0 0.0 0.0 0.0 0.0 0.0 0.0 0.0 0.0 0.0 0.0  
    0.0 0.0 0.0 0.0 0.0 0.0 0.0 0.0 0.0 0.0 0.0 0.0 0.0 0.0 0.0 0.0 0.0  
    0.0 
  PE_NB = 0.0 0.0 0.0 0.0 0.0 0.0 0.0 0.0 0.0 0.0 0.0 0.0 0.0 0.0 0.0  
    0.0 0.0 0.0 0.0 0.0 0.0 0.0 0.0 0.0 0.0 0.0 0.0 0.0 0.0 0.0 0.0 0.0  
    0.0 0.0 0.0 0.0 0.0 0.0 0.0 0.0 0.0 0.0 0.0 0.0 0.0 0.0 0.0 0.0 0.0  
    0.0 0.0 0.0 0.0 0.0 0.0 0.0 0.0 0.0 0.0 0.0 0.0 0.0 0.0 0.0 0.0 0.0  
    0.0 0.0 0.0 0.0 0.0 0.0 0.0 0.0 0.0 0.0 0.0 0.0 0.0 0.0 0.0 0.0 0.0  
    0.0 0.0 0.0 0.0 0.0 0.0 0.0 0.0 0.0 0.0 0.0 0.0 0.0 0.0 0.0 0.0 0.0  
    0.0 
  PE_EC = 0.0 0.0 0.0 0.0 0.0 0.0 0.0 0.0 0.0 0.0 0.0 0.0 0.0 0.0 0.0  
    0.0 0.0 0.0 0.0 0.0 0.0 0.0 0.0 0.0 0.0 0.0 0.0 0.0 0.0 0.0 0.0 0.0  
    0.0 0.0 0.0 0.0 0.0 0.0 0.0 0.0 0.0 0.0 0.0 0.0 0.0 0.0 0.0 0.0 0.0  
    0.0 0.0 0.0 0.0 0.0 0.0 0.0 0.0 0.0 0.0 0.0 0.0 0.0 0.0 0.0 0.0 0.0  
    0.0 0.0 0.0 0.0 0.0 0.0 0.0 0.0 0.0 0.0 0.0 0.0 0.0 0.0 0.0 0.0 0.0  
    0.0 0.0 0.0 0.0 0.0 0.0 0.0 0.0 0.0 0.0 0.0 0.0 0.0 0.0 0.0 0.0 0.0  
    0.0 
  PE_IC = 0.0 0.0 0.0 0.0 0.0 0.0 0.0 0.0 0.0 0.0 0.0 0.0 0.0 0.0 0.0  
    0.0 0.0 0.0 0.0 0.0 0.0 0.0 0.0 0.0 0.0 0.0 0.0 0.0 0.0 0.0 0.0 0.0  
    0.0 0.0 0.0 0.0 0.0 0.0 0.0 0.0 0.0 0.0 0.0 0.0 0.0 0.0 0.0 0.0 0.0  
    0.0 0.0 0.0 0.0 0.0 0.0 0.0 0.0 0.0 0.0 0.0 0.0 0.0 0.0 0.0 0.0 0.0  
    0.0 0.0 0.0 0.0 0.0 0.0 0.0 0.0 0.0 0.0 0.0 0.0 0.0 0.0 0.0 0.0 0.0  
    0.0 0.0 0.0 0.0 0.0 0.0 0.0 0.0 0.0 0.0 0.0 0.0 0.0 0.0 0.0 0.0 0.0  
    0.0 
  PE_LH = 0.0 0.0 0.0 0.0 0.0 0.0 0.0 0.0 0.0 0.0 0.0 0.0 0.0 0.0 0.0  
    0.0 0.0 0.0 0.0 0.0 0.0 0.0 0.0 0.0 0.0 0.0 0.0 0.0 0.0 0.0 0.0 0.0  
    0.0 0.0 0.0 0.0 0.0 0.0 0.0 0.0 0.0 0.0 0.0 0.0 0.0 0.0 0.0 0.0 0.0  
    0.0 0.0 0.0 0.0 0.0 0.0 0.0 0.0 0.0 0.0 0.0 0.0 0.0 0.0 0.0 0.0 0.0  
    0.0 0.0 0.0 0.0 0.0 0.0 0.0 0.0 0.0 0.0 0.0 0.0 0.0 0.0 0.0 0.0 0.0  
    0.0 0.0 0.0 0.0 0.0 0.0 0.0 0.0 0.0 0.0 0.0 0.0 0.0 0.0 0.0 0.0 0.0  
    0.0 
  PE_FUS = 2299134.9363971795 2299199.778447807 2293073.6262822775  
    2287060.3324229126 2281430.331648902 2276460.885550219  
    2272082.079230718 2266781.358451824 2258613.4478044733  
    2245477.940359054 2224988.4783833306 2194879.226511592  
    2155898.7215282978 2110174.5260356558 2060503.4144781432  
    2010577.6927526086 1961166.2844177606 1910208.5065066416  
    1857903.4546546892 1804468.8382950872 1750140.8892365512  
    1695116.1741316365 1639461.9043863674 1583230.9588219956  
    1526471.678653056 1469227.310690448 1411507.0650127537  
    1353467.3446127234 1295382.0225757493 1237540.8432301818  
    1180245.4371416024 1123705.5265786555 1068053.4766387178  
    1013474.628512643 960143.8242144492 908223.0667606094  
    857788.9562311925 808857.8639838414 761478.6253436281  
    715684.7450785058 671495.3406928232 628921.3708791166  
    588035.2630052957 548926.580463196 511668.4218563183  
    476316.6119466809 443007.7316762433 411798.40205529047  
    382602.790130458 355325.9304804985 329866.322084721  
    306080.99761007185 283820.5216436147 262971.8925503561  
    243425.54750524435 225076.68327116963 207812.8571588053  
    191560.6041792304 176277.63194411612 161921.71089849342  
    148451.02880994594 135850.245641035 124112.7161926165  
    113208.1914075492 103104.11161067663 93766.02339386249  
    85162.5764199772 77250.34442739247 69977.90305267033  
    63296.946849349544 57162.29183715994 51523.103345510564  
    46333.00163568599 41558.04170121872 37167.13894314362  
    33131.90857486211 29428.729416103488 26037.359080411938  
    22937.433106658103 20109.88726031202 17536.86973832177  
    15202.825977372515 13091.211808881662 11185.072657948567  
    9469.341953284462 7930.688657929542 6552.657336710378  
    5324.420671338906 4242.104157081146 3301.629496224643  
    2498.7271465842778 1838.030819410811 1313.4224881140665  
    906.7211285594944 601.5926614488054 381.9705349092477  
    76.74134715868125 7.856218639903392 0.26900292909573253  
    0.0009804265681647088 1.0278649559036667e-09 
  PE_IONIZATION = 0.0 0.0 0.0 0.0 0.0 0.0 0.0 0.0 0.0 0.0 0.0 0.0 0.0  
    0.0 0.0 0.0 0.0 0.0 0.0 0.0 0.0 0.0 0.0 0.0 0.0 0.0 0.0 0.0 0.0 0.0  
    0.0 0.0 0.0 0.0 0.0 0.0 0.0 0.0 0.0 0.0 0.0 0.0 0.0 0.0 0.0 0.0 0.0  
    0.0 0.0 0.0 0.0 0.0 0.0 0.0 0.0 0.0 0.0 0.0 0.0 0.0 0.0 0.0 0.0 0.0  
    0.0 0.0 0.0 0.0 0.0 0.0 0.0 0.0 0.0 0.0 0.0 0.0 0.0 0.0 0.0 0.0 0.0  
    0.0 0.0 0.0 0.0 0.0 0.0 0.0 0.0 0.0 0.0 0.0 0.0 0.0 0.0 0.0 0.0 0.0  
    0.0 0.0 0.0 
  P_RAD = 0.0 0.0 0.0 0.0 0.0 0.0 0.0 0.0 0.0 0.0 0.0 0.0 0.0 0.0 0.0  
    0.0 0.0 0.0 0.0 0.0 0.0 0.0 0.0 0.0 0.0 0.0 0.0 0.0 0.0 0.0 0.0 0.0  
    0.0 0.0 0.0 0.0 0.0 0.0 0.0 0.0 0.0 0.0 0.0 0.0 0.0 0.0 0.0 0.0 0.0  
    0.0 0.0 0.0 0.0 0.0 0.0 0.0 0.0 0.0 0.0 0.0 0.0 0.0 0.0 0.0 0.0 0.0  
    0.0 0.0 0.0 0.0 0.0 0.0 0.0 0.0 0.0 0.0 0.0 0.0 0.0 0.0 0.0 0.0 0.0  
    0.0 0.0 0.0 0.0 0.0 0.0 0.0 0.0 0.0 0.0 0.0 0.0 0.0 0.0 0.0 0.0 0.0  
    0.0 
  PI_NB = 0.0 0.0 0.0 0.0 0.0 0.0 0.0 0.0 0.0 0.0 0.0 0.0 0.0 0.0 0.0  
    0.0 0.0 0.0 0.0 0.0 0.0 0.0 0.0 0.0 0.0 0.0 0.0 0.0 0.0 0.0 0.0 0.0  
    0.0 0.0 0.0 0.0 0.0 0.0 0.0 0.0 0.0 0.0 0.0 0.0 0.0 0.0 0.0 0.0 0.0  
    0.0 0.0 0.0 0.0 0.0 0.0 0.0 0.0 0.0 0.0 0.0 0.0 0.0 0.0 0.0 0.0 0.0  
    0.0 0.0 0.0 0.0 0.0 0.0 0.0 0.0 0.0 0.0 0.0 0.0 0.0 0.0 0.0 0.0 0.0  
    0.0 0.0 0.0 0.0 0.0 0.0 0.0 0.0 0.0 0.0 0.0 0.0 0.0 0.0 0.0 0.0 0.0  
    0.0 
  PI_IC = 0.0 0.0 0.0 0.0 0.0 0.0 0.0 0.0 0.0 0.0 0.0 0.0 0.0 0.0 0.0  
    0.0 0.0 0.0 0.0 0.0 0.0 0.0 0.0 0.0 0.0 0.0 0.0 0.0 0.0 0.0 0.0 0.0  
    0.0 0.0 0.0 0.0 0.0 0.0 0.0 0.0 0.0 0.0 0.0 0.0 0.0 0.0 0.0 0.0 0.0  
    0.0 0.0 0.0 0.0 0.0 0.0 0.0 0.0 0.0 0.0 0.0 0.0 0.0 0.0 0.0 0.0 0.0  
    0.0 0.0 0.0 0.0 0.0 0.0 0.0 0.0 0.0 0.0 0.0 0.0 0.0 0.0 0.0 0.0 0.0  
    0.0 0.0 0.0 0.0 0.0 0.0 0.0 0.0 0.0 0.0 0.0 0.0 0.0 0.0 0.0 0.0 0.0  
    0.0 
  PI_LH = 0.0 0.0 0.0 0.0 0.0 0.0 0.0 0.0 0.0 0.0 0.0 0.0 0.0 0.0 0.0  
    0.0 0.0 0.0 0.0 0.0 0.0 0.0 0.0 0.0 0.0 0.0 0.0 0.0 0.0 0.0 0.0 0.0  
    0.0 0.0 0.0 0.0 0.0 0.0 0.0 0.0 0.0 0.0 0.0 0.0 0.0 0.0 0.0 0.0 0.0  
    0.0 0.0 0.0 0.0 0.0 0.0 0.0 0.0 0.0 0.0 0.0 0.0 0.0 0.0 0.0 0.0 0.0  
    0.0 0.0 0.0 0.0 0.0 0.0 0.0 0.0 0.0 0.0 0.0 0.0 0.0 0.0 0.0 0.0 0.0  
    0.0 0.0 0.0 0.0 0.0 0.0 0.0 0.0 0.0 0.0 0.0 0.0 0.0 0.0 0.0 0.0 0.0  
    0.0 
  PI_FUS = 1139919.8168914716 1138774.4886818093 1132420.3614075645  
    1123919.9335084618 1113489.5917076303 1101343.973298023  
    1087603.0789087468 1072016.1480257157 1054237.9433633217  
    1033899.1216106537 1010558.3607321858 983836.2265548746  
    954230.0653709146 922604.9084035879 890034.3833115567  
    857880.6505943837 826360.349943399 794641.7969970106  
    762758.5909939834 730755.5189338855 698688.6371890926  
    666706.3517779008 634975.2585200826 603582.0976591209  
    572606.5724894205 542120.873997223 512179.374844553  
    482859.73283896636 454263.1959797282 426489.7406318342  
    399636.3420316031 373733.2005580244 348781.5498319429  
    324826.6529063615 301906.6663319626 280052.0444133008  
    259270.2849269742 239550.69758069 220885.07454209842  
    203258.62359743135 186650.68847346542 171039.41798572437  
    156418.43126701843 142780.74371278027 130112.15048590432  
    118391.6678787613 107616.9496242323 97760.71023654359  
    88759.68949307219 80551.20708323817 73073.97323750761  
    66257.97223761462 60034.91044450307 54350.523136181844  
    49154.619962000106 44401.12589818963 40044.034215761225  
    36048.7085634712 32390.091263909577 29044.346701030965  
    25988.88962352038 23207.27904350752 20685.362598534302  
    18405.154813766807 16349.060867893159 14499.985304415328  
    12842.12569633006 11358.329959246 10031.192783110388  
    8844.926897001345 7785.247919183317 6837.854942831045  
    5990.073534945399 5231.966990449541 4554.644022632739  
    3950.1549904501003 3411.6379268409223 2933.1236031511053  
    2509.038001060676 2134.2887086300543 1804.221423062145  
    1514.6987841326995 1261.7464593144136 1041.5963729990394  
    850.8874359490045 686.617657650204 545.6878052600105  
    425.70689250194243 324.97665281341176 241.80922173215023  
    174.53589491599956 122.16925380537381 82.8851159409329  
    54.173604343400434 33.91320109737087 20.233110325919444  
    3.10030144832791 0.22416358940916362 0.0049025663532566025  
    9.670411837063783e-06 3.4335480046171167e-12 
  PI_IONIZATION = 0.0 0.0 0.0 0.0 0.0 0.0 0.0 0.0 0.0 0.0 0.0 0.0 0.0  
    0.0 0.0 0.0 0.0 0.0 0.0 0.0 0.0 0.0 0.0 0.0 0.0 0.0 0.0 0.0 0.0 0.0  
    0.0 0.0 0.0 0.0 0.0 0.0 0.0 0.0 0.0 0.0 0.0 0.0 0.0 0.0 0.0 0.0 0.0  
    0.0 0.0 0.0 0.0 0.0 0.0 0.0 0.0 0.0 0.0 0.0 0.0 0.0 0.0 0.0 0.0 0.0  
    0.0 0.0 0.0 0.0 0.0 0.0 0.0 0.0 0.0 0.0 0.0 0.0 0.0 0.0 0.0 0.0 0.0  
    0.0 0.0 0.0 0.0 0.0 0.0 0.0 0.0 0.0 0.0 0.0 0.0 0.0 0.0 0.0 0.0 0.0  
    0.0 0.0 0.0 
  PI_CX = 0.0 0.0 0.0 0.0 0.0 0.0 0.0 0.0 0.0 0.0 0.0 0.0 0.0 0.0 0.0  
    0.0 0.0 0.0 0.0 0.0 0.0 0.0 0.0 0.0 0.0 0.0 0.0 0.0 0.0 0.0 0.0 0.0  
    0.0 0.0 0.0 0.0 0.0 0.0 0.0 0.0 0.0 0.0 0.0 0.0 0.0 0.0 0.0 0.0 0.0  
    0.0 0.0 0.0 0.0 0.0 0.0 0.0 0.0 0.0 0.0 0.0 0.0 0.0 0.0 0.0 0.0 0.0  
    0.0 0.0 0.0 0.0 0.0 0.0 0.0 0.0 0.0 0.0 0.0 0.0 0.0 0.0 0.0 0.0 0.0  
    0.0 0.0 0.0 0.0 0.0 0.0 0.0 0.0 0.0 0.0 0.0 0.0 0.0 0.0 0.0 0.0 0.0  
    0.0 
  P_OHM = 0.0 0.0 0.0 0.0 0.0 0.0 0.0 0.0 0.0 0.0 0.0 0.0 0.0 0.0 0.0  
    0.0 0.0 0.0 0.0 0.0 0.0 0.0 0.0 0.0 0.0 0.0 0.0 0.0 0.0 0.0 0.0 0.0  
    0.0 0.0 0.0 0.0 0.0 0.0 0.0 0.0 0.0 0.0 0.0 0.0 0.0 0.0 0.0 0.0 0.0  
    0.0 0.0 0.0 0.0 0.0 0.0 0.0 0.0 0.0 0.0 0.0 0.0 0.0 0.0 0.0 0.0 0.0  
    0.0 0.0 0.0 0.0 0.0 0.0 0.0 0.0 0.0 0.0 0.0 0.0 0.0 0.0 0.0 0.0 0.0  
    0.0 0.0 0.0 0.0 0.0 0.0 0.0 0.0 0.0 0.0 0.0 0.0 0.0 0.0 0.0 0.0 0.0  
    0.0 
  P_EI = 0.0 0.0 0.0 0.0 0.0 0.0 0.0 0.0 0.0 0.0 0.0 0.0 0.0 0.0 0.0  
    0.0 0.0 0.0 0.0 0.0 0.0 0.0 0.0 0.0 0.0 0.0 0.0 0.0 0.0 0.0 0.0 0.0  
    0.0 0.0 0.0 0.0 0.0 0.0 0.0 0.0 0.0 0.0 0.0 0.0 0.0 0.0 0.0 0.0 0.0  
    0.0 0.0 0.0 0.0 0.0 0.0 0.0 0.0 0.0 0.0 0.0 0.0 0.0 0.0 0.0 0.0 0.0  
    0.0 0.0 0.0 0.0 0.0 0.0 0.0 0.0 0.0 0.0 0.0 0.0 0.0 0.0 0.0 0.0 0.0  
    0.0 0.0 0.0 0.0 0.0 0.0 0.0 0.0 0.0 0.0 0.0 0.0 0.0 0.0 0.0 0.0 0.0  
    0.0 
  TORQUE_NB = 0.0 0.0 0.0 0.0 0.0 0.0 0.0 0.0 0.0 0.0 0.0 0.0 0.0 0.0  
    0.0 0.0 0.0 0.0 0.0 0.0 0.0 0.0 0.0 0.0 0.0 0.0 0.0 0.0 0.0 0.0 0.0  
    0.0 0.0 0.0 0.0 0.0 0.0 0.0 0.0 0.0 0.0 0.0 0.0 0.0 0.0 0.0 0.0 0.0  
    0.0 0.0 0.0 0.0 0.0 0.0 0.0 0.0 0.0 0.0 0.0 0.0 0.0 0.0 0.0 0.0 0.0  
    0.0 0.0 0.0 0.0 0.0 0.0 0.0 0.0 0.0 0.0 0.0 0.0 0.0 0.0 0.0 0.0 0.0  
    0.0 0.0 0.0 0.0 0.0 0.0 0.0 0.0 0.0 0.0 0.0 0.0 0.0 0.0 0.0 0.0 0.0  
    0.0 0.0 
  TORQUE_IN = 0.0 0.0 0.0 0.0 0.0 0.0 0.0 0.0 0.0 0.0 0.0 0.0 0.0 0.0  
    0.0 0.0 0.0 0.0 0.0 0.0 0.0 0.0 0.0 0.0 0.0 0.0 0.0 0.0 0.0 0.0 0.0  
    0.0 0.0 0.0 0.0 0.0 0.0 0.0 0.0 0.0 0.0 0.0 0.0 0.0 0.0 0.0 0.0 0.0  
    0.0 0.0 0.0 0.0 0.0 0.0 0.0 0.0 0.0 0.0 0.0 0.0 0.0 0.0 0.0 0.0 0.0  
    0.0 0.0 0.0 0.0 0.0 0.0 0.0 0.0 0.0 0.0 0.0 0.0 0.0 0.0 0.0 0.0 0.0  
    0.0 0.0 0.0 0.0 0.0 0.0 0.0 0.0 0.0 0.0 0.0 0.0 0.0 0.0 0.0 0.0 0.0  
    0.0 0.0 
  SE_NB = 0.0 0.0 0.0 0.0 0.0 0.0 0.0 0.0 0.0 0.0 0.0 0.0 0.0 0.0 0.0  
    0.0 0.0 0.0 0.0 0.0 0.0 0.0 0.0 0.0 0.0 0.0 0.0 0.0 0.0 0.0 0.0 0.0  
    0.0 0.0 0.0 0.0 0.0 0.0 0.0 0.0 0.0 0.0 0.0 0.0 0.0 0.0 0.0 0.0 0.0  
    0.0 0.0 0.0 0.0 0.0 0.0 0.0 0.0 0.0 0.0 0.0 0.0 0.0 0.0 0.0 0.0 0.0  
    0.0 0.0 0.0 0.0 0.0 0.0 0.0 0.0 0.0 0.0 0.0 0.0 0.0 0.0 0.0 0.0 0.0  
    0.0 0.0 0.0 0.0 0.0 0.0 0.0 0.0 0.0 0.0 0.0 0.0 0.0 0.0 0.0 0.0 0.0  
    0.0 
  SE_IONIZATION = 0.0 0.0 0.0 0.0 0.0 0.0 0.0 0.0 0.0 0.0 0.0 0.0 0.0  
    0.0 0.0 0.0 0.0 0.0 0.0 0.0 0.0 0.0 0.0 0.0 0.0 0.0 0.0 0.0 0.0 0.0  
    0.0 0.0 0.0 0.0 0.0 0.0 0.0 0.0 0.0 0.0 0.0 0.0 0.0 0.0 0.0 0.0 0.0  
    0.0 0.0 0.0 0.0 0.0 0.0 0.0 0.0 0.0 0.0 0.0 0.0 0.0 0.0 0.0 0.0 0.0  
    0.0 0.0 0.0 0.0 0.0 0.0 0.0 0.0 0.0 0.0 0.0 0.0 0.0 0.0 0.0 0.0 0.0  
    0.0 0.0 0.0 0.0 0.0 0.0 0.0 0.0 0.0 0.0 0.0 0.0 0.0 0.0 0.0 0.0 0.0  
    0.0 0.0 0.0 
  SI_NB = 0.0 0.0 0.0 0.0 0.0 0.0 0.0 0.0 0.0 0.0 0.0 0.0 0.0 0.0 0.0  
    0.0 0.0 0.0 0.0 0.0 0.0 0.0 0.0 0.0 0.0 0.0 0.0 0.0 0.0 0.0 0.0 0.0  
    0.0 0.0 0.0 0.0 0.0 0.0 0.0 0.0 0.0 0.0 0.0 0.0 0.0 0.0 0.0 0.0 0.0  
    0.0 0.0 0.0 0.0 0.0 0.0 0.0 0.0 0.0 0.0 0.0 0.0 0.0 0.0 0.0 0.0 0.0  
    0.0 0.0 0.0 0.0 0.0 0.0 0.0 0.0 0.0 0.0 0.0 0.0 0.0 0.0 0.0 0.0 0.0  
    0.0 0.0 0.0 0.0 0.0 0.0 0.0 0.0 0.0 0.0 0.0 0.0 0.0 0.0 0.0 0.0 0.0  
    0.0 
  SI_IONIZATION = 0.0 0.0 0.0 0.0 0.0 0.0 0.0 0.0 0.0 0.0 0.0 0.0 0.0  
    0.0 0.0 0.0 0.0 0.0 0.0 0.0 0.0 0.0 0.0 0.0 0.0 0.0 0.0 0.0 0.0 0.0  
    0.0 0.0 0.0 0.0 0.0 0.0 0.0 0.0 0.0 0.0 0.0 0.0 0.0 0.0 0.0 0.0 0.0  
    0.0 0.0 0.0 0.0 0.0 0.0 0.0 0.0 0.0 0.0 0.0 0.0 0.0 0.0 0.0 0.0 0.0  
    0.0 0.0 0.0 0.0 0.0 0.0 0.0 0.0 0.0 0.0 0.0 0.0 0.0 0.0 0.0 0.0 0.0  
    0.0 0.0 0.0 0.0 0.0 0.0 0.0 0.0 0.0 0.0 0.0 0.0 0.0 0.0 0.0 0.0 0.0  
    0.0 0.0 0.0 
  SE_PELLET = 0.0 0.0 0.0 0.0 0.0 0.0 0.0 0.0 0.0 0.0 0.0 0.0 0.0 0.0  
    0.0 0.0 0.0 0.0 0.0 0.0 0.0 0.0 0.0 0.0 0.0 0.0 0.0 0.0 0.0 0.0 0.0  
    0.0 0.0 0.0 0.0 0.0 0.0 0.0 0.0 0.0 0.0 0.0 0.0 0.0 0.0 0.0 0.0 0.0  
    0.0 0.0 0.0 0.0 0.0 0.0 0.0 0.0 0.0 0.0 0.0 0.0 0.0 0.0 0.0 0.0 0.0  
    0.0 0.0 0.0 0.0 0.0 0.0 0.0 0.0 0.0 0.0 0.0 0.0 0.0 0.0 0.0 0.0 0.0  
    0.0 0.0 0.0 0.0 0.0 0.0 0.0 0.0 0.0 0.0 0.0 0.0 0.0 0.0 0.0 0.0 0.0  
    0.0 0.0 
  Q = 0.0 0.0 0.0 0.0 0.0 0.0 0.0 0.0 0.0 0.0 0.0 0.0 0.0 0.0 0.0 0.0  
    0.0 0.0 0.0 0.0 0.0 0.0 0.0 0.0 0.0 0.0 0.0 0.0 0.0 0.0 0.0 0.0 0.0  
    0.0 0.0 0.0 0.0 0.0 0.0 0.0 0.0 0.0 0.0 0.0 0.0 0.0 0.0 0.0 0.0 0.0  
    0.0 0.0 0.0 0.0 0.0 0.0 0.0 0.0 0.0 0.0 0.0 0.0 0.0 0.0 0.0 0.0 0.0  
    0.0 0.0 0.0 0.0 0.0 0.0 0.0 0.0 0.0 0.0 0.0 0.0 0.0 0.0 0.0 0.0 0.0  
    0.0 0.0 0.0 0.0 0.0 0.0 0.0 0.0 0.0 0.0 0.0 0.0 0.0 0.0 0.0 0.0 0.0 
  PSIPOL = 0.0 0.0 0.0 0.0 0.0 0.0 0.0 0.0 0.0 0.0 0.0 0.0 0.0 0.0 0.0  
    0.0 0.0 0.0 0.0 0.0 0.0 0.0 0.0 0.0 0.0 0.0 0.0 0.0 0.0 0.0 0.0 0.0  
    0.0 0.0 0.0 0.0 0.0 0.0 0.0 0.0 0.0 0.0 0.0 0.0 0.0 0.0 0.0 0.0 0.0  
    0.0 0.0 0.0 0.0 0.0 0.0 0.0 0.0 0.0 0.0 0.0 0.0 0.0 0.0 0.0 0.0 0.0  
    0.0 0.0 0.0 0.0 0.0 0.0 0.0 0.0 0.0 0.0 0.0 0.0 0.0 0.0 0.0 0.0 0.0  
    0.0 0.0 0.0 0.0 0.0 0.0 0.0 0.0 0.0 0.0 0.0 0.0 0.0 0.0 0.0 0.0 0.0  
    0.0 
  PSI = 0.0 0.0 0.0 0.0 0.0 0.0 0.0 0.0 0.0 0.0 0.0 0.0 0.0 0.0 0.0 0.0  
    0.0 0.0 0.0 0.0 0.0 0.0 0.0 0.0 0.0 0.0 0.0 0.0 0.0 0.0 0.0 0.0 0.0  
    0.0 0.0 0.0 0.0 0.0 0.0 0.0 0.0 0.0 0.0 0.0 0.0 0.0 0.0 0.0 0.0 0.0  
    0.0 0.0 0.0 0.0 0.0 0.0 0.0 0.0 0.0 0.0 0.0 0.0 0.0 0.0 0.0 0.0 0.0  
    0.0 0.0 0.0 0.0 0.0 0.0 0.0 0.0 0.0 0.0 0.0 0.0 0.0 0.0 0.0 0.0 0.0  
    0.0 0.0 0.0 0.0 0.0 0.0 0.0 0.0 0.0 0.0 0.0 0.0 0.0 0.0 0.0 0.0 0.0 
  DENSITY_BEAM = 0.0 0.0 0.0 0.0 0.0 0.0 0.0 0.0 0.0 0.0 0.0 0.0 0.0  
    0.0 0.0 0.0 0.0 0.0 0.0 0.0 0.0 0.0 0.0 0.0 0.0 0.0 0.0 0.0 0.0 0.0  
    0.0 0.0 0.0 0.0 0.0 0.0 0.0 0.0 0.0 0.0 0.0 0.0 0.0 0.0 0.0 0.0 0.0  
    0.0 0.0 0.0 0.0 0.0 0.0 0.0 0.0 0.0 0.0 0.0 0.0 0.0 0.0 0.0 0.0 0.0  
    0.0 0.0 0.0 0.0 0.0 0.0 0.0 0.0 0.0 0.0 0.0 0.0 0.0 0.0 0.0 0.0 0.0  
    0.0 0.0 0.0 0.0 0.0 0.0 0.0 0.0 0.0 0.0 0.0 0.0 0.0 0.0 0.0 0.0 0.0  
    0.0 0.0 0.0 
  WBEAM = 0.0 0.0 0.0 0.0 0.0 0.0 0.0 0.0 0.0 0.0 0.0 0.0 0.0 0.0 0.0  
    0.0 0.0 0.0 0.0 0.0 0.0 0.0 0.0 0.0 0.0 0.0 0.0 0.0 0.0 0.0 0.0 0.0  
    0.0 0.0 0.0 0.0 0.0 0.0 0.0 0.0 0.0 0.0 0.0 0.0 0.0 0.0 0.0 0.0 0.0  
    0.0 0.0 0.0 0.0 0.0 0.0 0.0 0.0 0.0 0.0 0.0 0.0 0.0 0.0 0.0 0.0 0.0  
    0.0 0.0 0.0 0.0 0.0 0.0 0.0 0.0 0.0 0.0 0.0 0.0 0.0 0.0 0.0 0.0 0.0  
    0.0 0.0 0.0 0.0 0.0 0.0 0.0 0.0 0.0 0.0 0.0 0.0 0.0 0.0 0.0 0.0 0.0  
    0.0 
  TBEAM = 0.0 0.0 0.0 0.0 0.0 0.0 0.0 0.0 0.0 0.0 0.0 0.0 0.0 0.0 0.0  
    0.0 0.0 0.0 0.0 0.0 0.0 0.0 0.0 0.0 0.0 0.0 0.0 0.0 0.0 0.0 0.0 0.0  
    0.0 0.0 0.0 0.0 0.0 0.0 0.0 0.0 0.0 0.0 0.0 0.0 0.0 0.0 0.0 0.0 0.0  
    0.0 0.0 0.0 0.0 0.0 0.0 0.0 0.0 0.0 0.0 0.0 0.0 0.0 0.0 0.0 0.0 0.0  
    0.0 0.0 0.0 0.0 0.0 0.0 0.0 0.0 0.0 0.0 0.0 0.0 0.0 0.0 0.0 0.0 0.0  
    0.0 0.0 0.0 0.0 0.0 0.0 0.0 0.0 0.0 0.0 0.0 0.0 0.0 0.0 0.0 0.0 0.0  
    0.0 
  DENSITY_ALPHA = 0.0 0.0 0.0 0.0 0.0 0.0 0.0 0.0 0.0 0.0 0.0 0.0 0.0  
    0.0 0.0 0.0 0.0 0.0 0.0 0.0 0.0 0.0 0.0 0.0 0.0 0.0 0.0 0.0 0.0 0.0  
    0.0 0.0 0.0 0.0 0.0 0.0 0.0 0.0 0.0 0.0 0.0 0.0 0.0 0.0 0.0 0.0 0.0  
    0.0 0.0 0.0 0.0 0.0 0.0 0.0 0.0 0.0 0.0 0.0 0.0 0.0 0.0 0.0 0.0 0.0  
    0.0 0.0 0.0 0.0 0.0 0.0 0.0 0.0 0.0 0.0 0.0 0.0 0.0 0.0 0.0 0.0 0.0  
    0.0 0.0 0.0 0.0 0.0 0.0 0.0 0.0 0.0 0.0 0.0 0.0 0.0 0.0 0.0 0.0 0.0  
    0.0 0.0 0.0 
  WALPHA = 0.0 0.0 0.0 0.0 0.0 0.0 0.0 0.0 0.0 0.0 0.0 0.0 0.0 0.0 0.0  
    0.0 0.0 0.0 0.0 0.0 0.0 0.0 0.0 0.0 0.0 0.0 0.0 0.0 0.0 0.0 0.0 0.0  
    0.0 0.0 0.0 0.0 0.0 0.0 0.0 0.0 0.0 0.0 0.0 0.0 0.0 0.0 0.0 0.0 0.0  
    0.0 0.0 0.0 0.0 0.0 0.0 0.0 0.0 0.0 0.0 0.0 0.0 0.0 0.0 0.0 0.0 0.0  
    0.0 0.0 0.0 0.0 0.0 0.0 0.0 0.0 0.0 0.0 0.0 0.0 0.0 0.0 0.0 0.0 0.0  
    0.0 0.0 0.0 0.0 0.0 0.0 0.0 0.0 0.0 0.0 0.0 0.0 0.0 0.0 0.0 0.0 0.0  
    0.0 
  TALPHA = 0.0 0.0 0.0 0.0 0.0 0.0 0.0 0.0 0.0 0.0 0.0 0.0 0.0 0.0 0.0  
    0.0 0.0 0.0 0.0 0.0 0.0 0.0 0.0 0.0 0.0 0.0 0.0 0.0 0.0 0.0 0.0 0.0  
    0.0 0.0 0.0 0.0 0.0 0.0 0.0 0.0 0.0 0.0 0.0 0.0 0.0 0.0 0.0 0.0 0.0  
    0.0 0.0 0.0 0.0 0.0 0.0 0.0 0.0 0.0 0.0 0.0 0.0 0.0 0.0 0.0 0.0 0.0  
    0.0 0.0 0.0 0.0 0.0 0.0 0.0 0.0 0.0 0.0 0.0 0.0 0.0 0.0 0.0 0.0 0.0  
    0.0 0.0 0.0 0.0 0.0 0.0 0.0 0.0 0.0 0.0 0.0 0.0 0.0 0.0 0.0 0.0 0.0  
    0.0 
  CHIE = 0.0 0.0 0.0 0.0 0.0 0.0 0.0 0.0 0.0 0.0 0.0 0.0 0.0 0.0 0.0  
    0.0 0.0 0.0 0.0 0.0 0.0 0.0 0.0 0.0 0.0 0.0 0.0 0.0 0.0 0.0 0.0 0.0  
    0.0 0.0 0.0 0.0 0.0 0.0 0.0 0.0 0.0 0.0 0.0 0.0 0.0 0.0 0.0 0.0 0.0  
    0.0 0.0 0.0 0.0 0.0 0.0 0.0 0.0 0.0 0.0 0.0 0.0 0.0 0.0 0.0 0.0 0.0  
    0.0 0.0 0.0 0.0 0.0 0.0 0.0 0.0 0.0 0.0 0.0 0.0 0.0 0.0 0.0 0.0 0.0  
    0.0 0.0 0.0 0.0 0.0 0.0 0.0 0.0 0.0 0.0 0.0 0.0 0.0 0.0 0.0 0.0 0.0  
    0.0 
  CHII = 0.0 0.0 0.0 0.0 0.0 0.0 0.0 0.0 0.0 0.0 0.0 0.0 0.0 0.0 0.0  
    0.0 0.0 0.0 0.0 0.0 0.0 0.0 0.0 0.0 0.0 0.0 0.0 0.0 0.0 0.0 0.0 0.0  
    0.0 0.0 0.0 0.0 0.0 0.0 0.0 0.0 0.0 0.0 0.0 0.0 0.0 0.0 0.0 0.0 0.0  
    0.0 0.0 0.0 0.0 0.0 0.0 0.0 0.0 0.0 0.0 0.0 0.0 0.0 0.0 0.0 0.0 0.0  
    0.0 0.0 0.0 0.0 0.0 0.0 0.0 0.0 0.0 0.0 0.0 0.0 0.0 0.0 0.0 0.0 0.0  
    0.0 0.0 0.0 0.0 0.0 0.0 0.0 0.0 0.0 0.0 0.0 0.0 0.0 0.0 0.0 0.0 0.0  
    0.0 
  P_EQ = 0.0 0.0 0.0 0.0 0.0 0.0 0.0 0.0 0.0 0.0 0.0 0.0 0.0 0.0 0.0  
    0.0 0.0 0.0 0.0 0.0 0.0 0.0 0.0 0.0 0.0 0.0 0.0 0.0 0.0 0.0 0.0 0.0  
    0.0 0.0 0.0 0.0 0.0 0.0 0.0 0.0 0.0 0.0 0.0 0.0 0.0 0.0 0.0 0.0 0.0  
    0.0 0.0 0.0 0.0 0.0 0.0 0.0 0.0 0.0 0.0 0.0 0.0 0.0 0.0 0.0 0.0 0.0  
    0.0 0.0 0.0 0.0 0.0 0.0 0.0 0.0 0.0 0.0 0.0 0.0 0.0 0.0 0.0 0.0 0.0  
    0.0 0.0 0.0 0.0 0.0 0.0 0.0 0.0 0.0 0.0 0.0 0.0 0.0 0.0 0.0 0.0 0.0  
    0.0 
  J_TOT = 3680679.603883502 3680679.603883502 3680141.8291574144  
    3678684.4809566066 3676450.52787246 3673438.335908067  
    3669669.926844844 3665164.056723583 3659934.9138040887  
    3653992.508601508 3647343.0614191554 3639990.0620557214  
    3631935.2736857054 3623179.498412072 3613723.0649368004  
    3603566.0939257694 3592708.6249333834 3581150.6697258907  
    3568892.2315576496 3555933.3111797357 3542273.908592257  
    3527914.0237951074 3512853.6567882835 3497092.8075718107  
    3480631.476145695 3463469.66250996 3445607.366664489  
    3427044.5888597504 3407781.3290957846 3387817.5868718526  
    3367153.362187814 3345788.6552939895 3323723.4661907116  
    3300957.7948778225 3277491.641605443 3253325.006373758  
    3228457.888682268 3202890.2885309164 3176622.206169354  
    3149653.641848595 3121984.5955690565 3093615.0670798714  
    3064545.0563804796 3034774.5634712493 3004303.588352724  
    2973132.1307743643 2941260.1909866235 2908687.769239092  
    2875414.8652819362 2841441.4791151825 2806767.610738845  
    2771393.260403158 2735318.4278577785 2698543.1128525236  
    2661067.3158879434 2622891.0367139685 2584014.27507958  
    2544437.0312354146 2504159.3051817855 2463181.097169243  
    2421502.4071970843 2379123.235014882 2336043.580623138  
    2292263.443771324 2247782.8244606317 2202601.723190264  
    2156720.1399595826 2110138.074520087 2062855.5268714027  
    2014872.4970121088 1966188.9849430989 1916804.9906642132  
    1866720.5141765338 1815935.5554792667 1764450.1145720195  
    1712264.1914550313 1659377.7861278479 1605790.8985921426  
    1551503.529097213 1496515.6776416216 1440827.3437259425  
    1384438.5276011252 1327349.2312700506 1269559.4649963758  
    1211069.2806008637 1151878.908650704 1091989.2478812472  
    1031403.3904706324 970130.8139757881 908197.5478130295  
    845667.9540106258 782685.8548838069 719542.4426905079  
    656772.9266530488 595270.5184992753 536386.1334523881  
    481982.01056237 434305.5893353263 395853.2639033869  
    369927.72261000326 351261.377497013 
  RHO = 0.0 0.01 0.02 0.03 0.04 0.05 0.06 0.07 0.08 0.09 0.1 0.11 0.12  
    0.13 0.14 0.15 0.16 0.17 0.18 0.19 0.2 0.21 0.22 0.23 0.24 0.25  
    0.26 0.27 0.28 0.29 0.3 0.31 0.32 0.33 0.34 0.35 0.36 0.37 0.38  
    0.39 0.4 0.41 0.42 0.43 0.44 0.45 0.46 0.47 0.48 0.49 0.5 0.51 0.52  
    0.53 0.54 0.55 0.56 0.57 0.58 0.59 0.6 0.61 0.62 0.63 0.64 0.65  
    0.66 0.67 0.68 0.69 0.7 0.71 0.72 0.73 0.74 0.75 0.76 0.77 0.78  
    0.79 0.8 0.81 0.82 0.83 0.84 0.85 0.86 0.87 0.88 0.89 0.9 0.91 0.92  
    0.93 0.94 0.95 0.96 0.97 0.98 0.99 1.0 
  MODEL_PROFILE_NE = 'ped' 
  MODEL_PROFILE_TE = 'ped' 
  MODEL_PROFILE_TI = 'ped' 
  MODEL_PROFILE_DENSITY_BEAM = 'parab' 
  MODEL_PROFILE_J_TOT = 'parab' 
  MODEL_PROFILE_OMEGA = 'parab' 
  MODEL_PROFILE_ZEFF = 'const' 
  MODEL_PROFILE_TBEAMI = 'const' 
  MODEL_PROFILE_DENSITY_ALPHA = 'zero' 
  MODEL_PROFILE_WALPHA = 'zero' 
  MODEL_PROFILE_WBEAM = 'derived' 
  J_TOT_AXIS = 1.0 
  J_TOT_SEP = 0.05 
  J_TOT_ALPHA = 2.0 
  J_TOT_BETA = 1.0 
  DENSITY_BEAM_AXIS = 0.0 
  DENSITY_BEAM_SEP = 0.0 
  DENSITY_BEAM_ALPHA = 1.5 
  DENSITY_BEAM_BETA = 1.5 
  TBEAMI_AXIS = 20.0 
  DENSITY_ION_0 = 13.26459694147 13.26459694147 13.241738014484  
    13.217248616418 13.191150217014 13.163464286014 13.134212293160001  
    13.103415712996 13.071096015264 13.037274669706001  
    13.001973146064001 12.965212923684 12.927015462704 12.88740224247  
    12.846394727922 12.804014398406 12.760282714059999 12.71522115423  
    12.668851183856 12.621194282284 12.572271914454001 12.522105550108  
    12.47071666379 12.418126730044 12.364357209008 12.309429584830001  
    12.253365317647999 12.196185882005999 12.137912752447999  
    12.078567398716 12.018171285749998 11.956745892895999  
    11.894312689896 11.830893141690002 11.766508727624  
    11.701180907836001 11.634931166474 11.567780963676 11.499751778788  
    11.430865076749999 11.361142327304 11.290605009796 11.219274589166  
    11.147172535155999 11.07432032231 11.000739415568 10.926451289474  
    10.851477413769999 10.775839258198001 10.699558282896  
    10.622655962408 10.545153761674 10.46707313603 10.388435545614001  
    10.30926244096 10.2295752678 10.149395452658 10.068744407651998  
    9.987643516088 9.906114118053999 9.82417751042 9.741854898818001  
    9.659167368830001 9.576135847572 9.492781007654001 9.409123180744  
    9.325182184695999 9.24097710746 9.156525985348 9.07184533724  
    8.986949511512 8.901849706428 8.816552611174 8.731058427434  
    8.645358045814 8.559428964142 8.473229520266 8.386690555782002  
    8.299703603113999 8.212104054504 8.123647353696 8.033975482778  
    7.942570233919998 7.848688848167999 7.751277252908 7.648856513774  
    7.539381943967999 7.420083524196 7.28731771775 7.136500424984  
    6.96225482729 6.758984376143999 6.522114297384 6.25010437352  
    5.946860623381997 5.623411973241997 5.297273468396 4.988739460502  
    4.715434840606 4.4879781786294 4.3088181545906 
  DENSITY_ION_1 = 13.26459694147 13.26459694147 13.241738014484  
    13.217248616418 13.191150217014 13.163464286014 13.134212293160001  
    13.103415712996 13.071096015264 13.037274669706001  
    13.001973146064001 12.965212923684 12.927015462704 12.88740224247  
    12.846394727922 12.804014398406 12.760282714059999 12.71522115423  
    12.668851183856 12.621194282284 12.572271914454001 12.522105550108  
    12.47071666379 12.418126730044 12.364357209008 12.309429584830001  
    12.253365317647999 12.196185882005999 12.137912752447999  
    12.078567398716 12.018171285749998 11.956745892895999  
    11.894312689896 11.830893141690002 11.766508727624  
    11.701180907836001 11.634931166474 11.567780963676 11.499751778788  
    11.430865076749999 11.361142327304 11.290605009796 11.219274589166  
    11.147172535155999 11.07432032231 11.000739415568 10.926451289474  
    10.851477413769999 10.775839258198001 10.699558282896  
    10.622655962408 10.545153761674 10.46707313603 10.388435545614001  
    10.30926244096 10.2295752678 10.149395452658 10.068744407651998  
    9.987643516088 9.906114118053999 9.82417751042 9.741854898818001  
    9.659167368830001 9.576135847572 9.492781007654001 9.409123180744  
    9.325182184695999 9.24097710746 9.156525985348 9.07184533724  
    8.986949511512 8.901849706428 8.816552611174 8.731058427434  
    8.645358045814 8.559428964142 8.473229520266 8.386690555782002  
    8.299703603113999 8.212104054504 8.123647353696 8.033975482778  
    7.942570233919998 7.848688848167999 7.751277252908 7.648856513774  
    7.539381943967999 7.420083524196 7.28731771775 7.136500424984  
    6.96225482729 6.758984376143999 6.522114297384 6.25010437352  
    5.946860623381997 5.623411973241997 5.297273468396 4.988739460502  
    4.715434840606 4.4879781786294 4.3088181545906 
  DENSITY_IMP_0 = 0.030385374085 0.030385374085 0.030333010862  
    0.030276912699000003 0.030217128777000002 0.030153708277  
    0.03008670038 0.030016154278 0.029942119152000003  
    0.029864644183000003 0.029783778552000005 0.029699571462000002  
    0.029612072072000003 0.029521329585 0.029427393171  
    0.029330312033000003 0.02923013533 0.029126912265000002  
    0.029020692008000004 0.028911523762000003 0.028799456697000004  
    0.028684539994000002 0.028566822845000003 0.028446354442000003  
    0.028323183944 0.028197360565000003 0.028068933464000002  
    0.027937951833 0.027804464864 0.027668521738000003 0.027530171625  
    0.027389463728 0.027246447228 0.027101171295000004  
    0.026953685132000003 0.026804037898000004 0.026652278807000003  
    0.026498457018 0.026342621734 0.026184822125 0.026025107372000002  
    0.025863526678 0.025700129213 0.025534964158000002 0.025368080705  
    0.025199528024000002 0.025029355307 0.024857611735  
    0.024684346489000003 0.024509608728 0.024333447644 0.024155912407  
    0.023977052165000002 0.023796916077 0.02361555328 0.0234330129  
    0.023249344019 0.023064595686 0.022878816884 0.022692056497  
    0.02250436331 0.022315785899000004 0.022126372565000003  
    0.021936171246000002 0.021745229297000002 0.021553593292  
    0.021361308628 0.02116841903 0.020974965814 0.02078098682  
    0.020586514916000002 0.020391575754000003 0.020196184657000002  
    0.020000342087000002 0.019804027177 0.019607188381000003  
    0.019409730263 0.019211494401000003 0.019012232327 0.018811566972  
    0.018608938128 0.018403525679 0.018194142559999998  
    0.017979087323999998 0.017755945394 0.017521328957 0.017270554224  
    0.016997275878000002 0.016693147625 0.016347668612000002  
    0.015948522095 0.015482887992 0.014940286812000002 0.01431719036  
    0.013622546200999994 0.012881618430999994 0.012134528978  
    0.011427766361 0.010801704133 0.0102806663817 0.009870262328300001 
  DENSITY_TH = 26.559579257025 26.559579257025 26.51380903983  
    26.464774145535003 26.412517562805 26.357082280304997  
    26.298511286700002 26.236847580270002 26.17213414968  
    26.104413983595002 26.033730070680004 25.96012541883 25.88364299748  
    25.804325814524997 25.722216849015002 25.637359108845  
    25.549795563449997 25.459569220725 25.36672305972 25.27130008833  
    25.173343285605004 25.07289564021 24.970000150425 24.86469981453  
    24.75703760196 24.647056530225 24.534799568759997  
    24.420309715844997 24.30362996976 24.18480331917 24.063872743124996  
    23.940881249519997 23.815871827019997 23.688887454675005  
    23.55997114038 23.42916585357 23.296514611755 23.16206038437  
    23.025846179309998 22.887914975624998 22.74830976198  
    22.607073546269998 22.464249307545 22.319880034469996  
    22.174008725325 22.02667835916 21.877931934255002 21.727812439275  
    21.576362862885002 21.42362617452 21.26964537246 21.114463435755  
    20.958123324225003 20.800668007305003 20.642140435199998  
    20.4825835485 20.322040249335 20.160553410989998 19.998165849059998  
    19.834920292605 19.67085938415 19.506025583535003  
    19.340461110225004 19.174207866390002 19.007307244605002  
    18.839799954780002 18.671725678019996 18.50312263395 18.33402693651  
    18.1644716613 17.99448553794 17.824090988610003 17.653301407005  
    17.482117196955 17.310520118804998 17.138465116665 16.965868770795  
    16.792592605965 16.618419438554998 16.44301967598 16.26590364552  
    16.086354491235 15.903334610399996 15.715356783659999  
    15.520310451210001 15.315234356505 15.096034442159999  
    14.85716432427 14.591328583125 14.289348518579999 13.940458176675  
    13.53345164028 13.05916888158 12.5145259374 11.907343792964994  
    11.259705564914995 10.60668146577 9.988906687365 9.441671385345  
    8.9862370236405 8.627506571509501 
  NI = 26.52919388294 26.52919388294 26.483476028968 26.434497232836  
    26.382300434028 26.326928572028 26.268424586320002 26.206831425992  
    26.142192030528 26.074549339412002 26.003946292128003  
    25.930425847368 25.854030925408 25.77480448494 25.692789455844  
    25.608028796812 25.520565428119998 25.43044230846 25.337702367712  
    25.242388564568 25.144543828908002 25.044211100216 24.94143332758  
    24.836253460088 24.728714418016 24.618859169660002  
    24.506730635295998 24.392371764011997 24.275825504895998  
    24.157134797432 24.036342571499997 23.913491785791997  
    23.788625379792 23.661786283380003 23.533017455248  
    23.402361815672002 23.269862332948 23.135561927352 22.999503557576  
    22.861730153499998 22.722284654608 22.581210019592 22.438549178332  
    22.294345070311998 22.14864064462 22.001478831136 21.852902578948  
    21.702954827539997 21.551678516396002 21.399116565792  
    21.245311924816 21.090307523348 20.93414627206 20.776871091228003  
    20.61852488192 20.4591505356 20.298790905316 20.137488815303996  
    19.975287032176 19.812228236107998 19.64835502084  
    19.483709797636003 19.318334737660003 19.152271695144  
    18.985562015308002 18.818246361488 18.650364369391998  
    18.48195421492 18.313051970696 18.14369067448 17.973899023024  
    17.803699412856 17.633105222348 17.462116854868 17.290716091628  
    17.118857928284 16.946459040532 16.773381111564003  
    16.599407206227998 16.424208109008 16.247294707392 16.067950965556  
    15.885140467839996 15.697377696335998 15.502554505816  
    15.297713027548 15.078763887935999 14.840167048392 14.5746354355  
    14.273000849968 13.92450965458 13.517968752287999 13.044228594768  
    12.50020874704 11.893721246763993 11.246823946483994  
    10.594546936792 9.977478921004 9.430869681212 8.9759563572588  
    8.6176363091812 
  NZ = 0.030385374085 0.030385374085 0.030333010862  
    0.030276912699000003 0.030217128777000002 0.030153708277  
    0.03008670038 0.030016154278 0.029942119152000003  
    0.029864644183000003 0.029783778552000005 0.029699571462000002  
    0.029612072072000003 0.029521329585 0.029427393171  
    0.029330312033000003 0.02923013533 0.029126912265000002  
    0.029020692008000004 0.028911523762000003 0.028799456697000004  
    0.028684539994000002 0.028566822845000003 0.028446354442000003  
    0.028323183944 0.028197360565000003 0.028068933464000002  
    0.027937951833 0.027804464864 0.027668521738000003 0.027530171625  
    0.027389463728 0.027246447228 0.027101171295000004  
    0.026953685132000003 0.026804037898000004 0.026652278807000003  
    0.026498457018 0.026342621734 0.026184822125 0.026025107372000002  
    0.025863526678 0.025700129213 0.025534964158000002 0.025368080705  
    0.025199528024000002 0.025029355307 0.024857611735  
    0.024684346489000003 0.024509608728 0.024333447644 0.024155912407  
    0.023977052165000002 0.023796916077 0.02361555328 0.0234330129  
    0.023249344019 0.023064595686 0.022878816884 0.022692056497  
    0.02250436331 0.022315785899000004 0.022126372565000003  
    0.021936171246000002 0.021745229297000002 0.021553593292  
    0.021361308628 0.02116841903 0.020974965814 0.02078098682  
    0.020586514916000002 0.020391575754000003 0.020196184657000002  
    0.020000342087000002 0.019804027177 0.019607188381000003  
    0.019409730263 0.019211494401000003 0.019012232327 0.018811566972  
    0.018608938128 0.018403525679 0.018194142559999998  
    0.017979087323999998 0.017755945394 0.017521328957 0.017270554224  
    0.016997275878000002 0.016693147625 0.016347668612000002  
    0.015948522095 0.015482887992 0.014940286812000002 0.01431719036  
    0.013622546200999994 0.012881618430999994 0.012134528978  
    0.011427766361 0.010801704133 0.0102806663817 0.009870262328300001 
  DENSITY_HE = 3.0532712730964717 3.0523126487365504 3.0412373168739326  
    3.0283575232583915 3.0141051934378376 2.9989168880182326  
    2.982837276627081 2.964301894958718 2.9412780749481007  
    2.9115734215241513 2.872676797534645 2.8222436441583607  
    2.7613831340831463 2.692749155964731 2.6197745099800853  
    2.5469426358887555 2.4751236537327364 2.4017466851718208  
    2.3270170498015164 2.2511668270809833 2.174454847626279  
    2.097190115831229 2.0195845681277254 1.9417641803069867  
    1.8638446216199274 1.7859302729215338 1.7080792492569592  
    1.630499749704072 1.553524637744004 1.4774996758095995  
    1.4027784701513202 1.3295730249751605 1.2580010796668306  
    1.1882672694953424 1.1205606153704137 1.0550519206790003  
    0.9918160083184437 0.9308581415994048 0.872214419869092  
    0.8159014703410687 0.7619179268268044 0.7102540899108807  
    0.6609685625783392 0.6141346371614129 0.5698045719840815  
    0.5280092660525898 0.48886786567892143 0.4524063761199551  
    0.41849238019272217 0.38698587022233644 0.3577422739320869  
    0.33057245567819465 0.3052830776820601 0.2817256141052021  
    0.25975821002672295 0.23924689090372847 0.22005097005118646  
    0.20207445352705536 0.1852575193078832 0.16954149137950764  
    0.1548691787802396 0.1412123430342985 0.12855250568825566  
    0.1168468412765439 0.10605081952377575 0.09611867204831577  
    0.08700853591009722 0.07866662788087328 0.07103183621637073  
    0.06404725498991264 0.057660084172732676 0.05181249250369163  
    0.04645204826235716 0.04153979062175915 0.0370402267698026  
    0.03292109714004344 0.029155337224125392 0.02571967501372552  
    0.022591081212707247 0.019748108627411685 0.017170775578669667  
    0.014841598944973809 0.012742361911639997 0.010854666547132328  
    0.009162152493704277 0.0076503190736275884 0.00630180555716075  
    0.005104876624605165 0.004054584604058057 0.003145810170369864  
    0.002373281260001376 0.0017402348504776378 0.0012396198520119618  
    0.0008530671197041286 0.0005641920102723457 0.00035706999754542545  
    7.088214542525672e-05 7.173634791648222e-06 2.43168941272185e-07  
    8.789923473027097e-10 9.155704047481214e-16 
  _NZ_0 = 0.05844882066695867 0.05844882066695867 0.058348095606865304  
    0.05824018607579419 0.05812518667753203 0.05800319201586556  
    0.05787429669458148 0.05773859533862593 0.05759618255178564  
    0.057447152937847315 0.057291601100597674 0.05712962168614227  
    0.056961309255949 0.05678675845612339 0.05660606386929276  
    0.05641932014156267 0.05622662183440098 0.05602806359391326  
    0.0558237400027268 0.05561374570694716 0.05539817528920164  
    0.05517712335327695 0.054950684524119234 0.05471895342667463  
    0.054482024622411 0.05423999277859335 0.05399295245668952  
    0.05374099828164568 0.053484224878407954 0.05322272685076306  
    0.052956598781338286 0.05268593531623921 0.05241083105925253  
    0.05213138059300556 0.051847678563603845 0.051559819532515254  
    0.051267898167004784 0.050972009028540294 0.05067224676322736  
    0.05036870595369327 0.05006148120372473 0.04975066715942731  
    0.04943635840342831 0.04911864953951444 0.04879763519263183  
    0.048473409945407796 0.04814606842278846 0.04781570522856054  
    0.047482414966510754 0.04714629219810696 0.046807431548295315  
    0.046465927599703104 0.04612187489263877 0.045775367988570174  
    0.04542650140664633 0.04507536964485685 0.044722067116553625  
    0.04436668817161026 0.04400932703294386 0.04365007773303665  
    0.04328903411393609 0.04292628961566053 0.04256193714924275  
    0.04219606892745449 0.04182877604161801 0.041460148080736434  
    0.04109027236975447 0.040719233017384296 0.040347109498424155  
    0.039973974601294156 0.03959989155035455 0.039224909689383164  
    0.038849058493458245 0.03847233885127562 0.038094710623407115  
    0.03771607465678976 0.03733624737225701 0.036954924031777955  
    0.036571626686273104 0.03618563001183175 0.03579585640128549  
    0.03540072829258504 0.03499796226644086 0.03458428544655733  
    0.03415505319115168 0.03370374875720353 0.03322136248294149  
    0.032695688617849855 0.03211067236398949 0.03144611444811367  
    0.03067832257802802 0.0297826362485942 0.02873889727816776  
    0.02754031888715348 0.02620411246879035 0.02477887563495199  
    0.0233417862860297 0.021982268995257355 0.020777985684860566  
    0.01977572578174873 0.018986279094304087 
  PNBE = 0.0 
  PNBI = 0.0 
  PRFE = 12.344067345277391 
  PRFI = 27.675354079280048 
  PFUSE = 46.29992847411431 
  PFUSI = 15.349012972611357 
  PEI = -0.42804869152796693 
  PRAD = -29.112774623818638 
  AREA = 241.753232 
/









