&INSTATE
  DENSITY_MODEL = 1 
  MODEL_SHAPE = 0 
  NBDRY = 15 
  USE_INPED = 0 
  R0 = 4.55 
  A0 = 1.2 
  KAPPA = 1.4 
  DELTA = -0.5 
  B0 = 11.0 
  IP = 10.0 
  N_ION = 2 
  Z_ION = 1 1 
  A_ION = 2 3 
  F_ION = 0.5 0.5 
  N_IMP = 1 
  Z_IMP = 74 
  A_IMP = 184 
  F_IMP = 1.5e-05 
  N_MIN = 0 
  Z_MIN = 1 
  A_MIN = 1 
  N_BEAM = 1 
  Z_BEAM = 1 
  A_BEAM = 2 
  N_FUSION = 1 
  Z_FUSION = 2 
  A_FUSION = 4 
  NRHO = 101 
  NE_AXIS = 27.6 
  NE_PED = 13.0 
  NE_SEP = 9.0 
  NE_ALPHA = 1.5 
  NE_BETA = 1.1 
  NE_FIT = 1 
  NE_XMID = 0.95 
  NE_XWID = 0.1 
  TE_AXIS = 18.8 
  TE_PED = 1.0 
  TE_SEP = 0.08 
  TE_ALPHA = 1.5 
  TE_BETA = 1.5 
  TE_FIT = 1 
  TE_XMID = 0.95 
  TE_XWID = 0.1 
  TI_AXIS = 19.0 
  TI_PED = 1.0 
  TI_SEP = 0.08 
  TI_ALPHA = 1.5 
  TI_BETA = 1.5 
  TI_FIT = 1 
  TI_XMID = 0.95 
  TI_XWID = 0.1 
  ZEFF_AXIS = 2.0 
  OMEGA_AXIS = 5000.0 
  OMEGA_SEP = 0.0 
  OMEGA_ALPHA = 1.5 
  OMEGA_BETA = 1.5 
  JPAR_AXIS = 1.0 
  JPAR_SEP = 0.05 
  JPAR_ALPHA = 2.0 
  JPAR_BETA = 1.0 
  NBEAM_AXIS = 0.0 
  NBEAM_SEP = 0.0 
  NBEAM_ALPHA = 1.5 
  NBEAM_BETA = 1.5 
  TBEAMI = 20.0 20.0 20.0 20.0 20.0 20.0 20.0 20.0 20.0 20.0 20.0 20.0  
    20.0 20.0 20.0 20.0 20.0 20.0 20.0 20.0 20.0 20.0 20.0 20.0 20.0  
    20.0 20.0 20.0 20.0 20.0 20.0 20.0 20.0 20.0 20.0 20.0 20.0 20.0  
    20.0 20.0 20.0 20.0 20.0 20.0 20.0 20.0 20.0 20.0 20.0 20.0 20.0  
    20.0 20.0 20.0 20.0 20.0 20.0 20.0 20.0 20.0 20.0 20.0 20.0 20.0  
    20.0 20.0 20.0 20.0 20.0 20.0 20.0 20.0 20.0 20.0 20.0 20.0 20.0  
    20.0 20.0 20.0 20.0 20.0 20.0 20.0 20.0 20.0 20.0 20.0 20.0 20.0  
    20.0 20.0 20.0 20.0 20.0 20.0 20.0 20.0 20.0 20.0 20.0 
  BETAN_PED = -1.0 
  XMID = 0.95 
  XWID = 0.1 
  PRESSURE_MODEL = 'full' 
  H98_TARGET = 0.8 
  BETAN_TARGET = 1.25 
  BETAN_BEAM_TARGET = 0.0 
  CURRENT_MODEL = 'broad' 
  RHO_JBDRY = 0.85 
  RHO_JPEAK = 0.65 
  JAXIS = 0.6 
  JAXIS_PRIME = 1.0 
  JBDRY_PRIME = -1.0 
  RBDRY = 5.75 5.717889612279765 5.599231274196216 5.333894952548324  
    4.862048988436734 4.215741544340384 3.606248672667517  
    3.3499999999999996 3.606248672667517 4.215741544340384  
    4.862048988436735 5.333894952548324 5.599231274196216  
    5.717889612279765 5.75 
  ZBDRY = 0.0 0.7289246817174976 1.3134768905462901 1.6378788924654637  
    1.6378788924654637 1.3134768905462901 0.7289246817174978  
    2.0574066225675533e-16 -0.7289246817174975 -1.31347689054629  
    -1.6378788924654637 -1.6378788924654637 -1.3134768905462901  
    -0.728924681717498 0.0 
  NLIM = 5 
  RLIM = 6.0 3.5 3.5 6.0 6.0 
  ZLIM = 1.93 1.93 -1.93 -1.93 1.93 
  NE = 27.62637092 27.62637092 27.57235982 27.51450361 27.45285286  
    27.38745813 27.31836998 27.24563899 27.16931572 27.08945072  
    27.00609457 26.91929784 26.82911107 26.73558485 26.63876973  
    26.53871628 26.43547506 26.32909664 26.21963158 26.10713045  
    25.99164381 25.87322223 25.75191627 25.62777649 25.50085347  
    25.37119775 25.23885992 25.10389053 24.96634015 24.82625935  
    24.68369868 24.53870871 24.39134001 24.24164314 24.08966867  
    23.93546716 23.77908917 23.62058528 23.46000603 23.29740201  
    23.13282377 22.96632187 22.79794689 22.62774938 22.45577991  
    22.28208904 22.10672733 21.92974535 21.75119365 21.57112279  
    21.38958333 21.20662581 21.02230078 20.83665877 20.64975031  
    20.46162589 20.27233599 20.081931059999995 19.89046147 19.69797755  
    19.50452948 19.31016732 19.1149409 18.91889975 18.72209295  
    18.52456898 18.32637542 18.12755861 17.92816316 17.728231149999996  
    17.527801189999998 17.3269069 17.12557492 16.92382203 16.72165114  
    16.51904563 16.31596151 16.11231636 15.90797403 15.70272338  
    15.49624892 15.28809061 15.077589279999998 14.863813629999997  
    14.64546461 14.42075424 14.18726007 13.94176664 13.68012594  
    13.39720656 13.08706069 12.74351126 12.36140712 11.93870464  
    11.479153039999995 10.994628899999995 10.50546087 10.03732921  
    9.615147828 9.256666394 8.96902876 
  TE = 18.79514917 18.79514917 18.71296573 18.62332841 18.52640173  
    18.42235016 18.31133821 18.19353038 18.06909115 17.93818503  
    17.80097652 17.6576301 17.50831027 17.35318154 17.19240839  
    17.02615533 16.85458684 16.67786743 16.4961616 16.30963383  
    16.11844862 15.92277047 15.72276388 15.51859334 15.31042335  
    15.09841841 14.882743 14.66356164 14.4410388 14.21533899  
    13.98662671 13.75506645 13.52082271 13.28405998 13.04494277  
    12.803635549999997 12.56030284 12.31510913 12.06821891 11.81979669  
    11.57000695 11.319014189999999 11.06698291 10.81407761 10.56046278  
    10.30630292 10.05176252 9.797006077999999 9.542198094 9.287503063  
    9.03308548 8.779109841 8.525740644 8.273142383 8.021479554  
    7.770916656 7.521618182 7.273748629999997 7.027472495 6.782954274  
    6.540358463 6.299849559 6.061592056 5.825750452 5.592489242  
    5.361972923 5.13436599 4.909832941 4.688538271 4.470646475999997  
    4.256322052999997 4.045729497 3.839033305 3.636397973 3.437987997  
    3.243967873 3.054502098 2.869755167 2.689891577 2.515075823  
    2.345472403 2.18124581 2.022560541999998 1.8695810869999985  
    1.722471929 1.581397515 1.446522188 1.318009953 1.196023757  
    1.080723215 0.9722575512 0.8707438084 0.776200114 0.6883437879  
    0.6059958175999991 0.525453887799999 0.4371928533 0.3268964627  
    0.2057169962 0.1248146952 0.09312235766 
  TI = 18.99462224 18.99462224 18.91159478 18.82102295 18.72307328  
    18.61791229 18.5057065 18.38662244 18.26082664 18.1284856  
    17.98976587 17.84483395 17.69385638 17.53699968 17.37443036  
    17.20631497 17.03282 16.854112 16.67035748 16.48172297 16.28837499  
    16.09048007 15.88820472 15.68171547 15.47117885 15.25676137  
    15.03862956 14.81694995 14.59188905 14.36361339 14.1322895  
    13.89808389 13.66116309 13.42169363 13.17984202 12.935774789999998  
    12.68965847 12.44165957 12.19194463 11.94068015 11.68803267  
    11.434168719999999 11.1792548 10.92345745 10.66694319 10.40987855  
    10.15243004 9.894764185999998 9.637047519 9.379446557 9.122127825  
    8.865257846 8.609003143 8.353530239 8.099005658 7.845595923  
    7.593467557 7.3427870829999975 7.093721026 6.846435907 6.601098251  
    6.357874581 6.11693142 5.878435291 5.642552718 5.409450224  
    5.179294332 4.952251565 4.728488448 4.508171501999997  
    4.291467251999998 4.078542221 3.869562932 3.664695908 3.464107673  
    3.26796475 3.076433662 2.889680932 2.707873084 2.531176642  
    2.359758128 2.193784065 2.033420975999998 1.8788353799999984  
    1.730193789 1.58766269 1.451408486 1.321597306 1.198394412  
    1.081962275 0.9724545138 0.8699968281 0.7746275734 0.6861146643  
    0.6034045031999992 0.523074678499999 0.4360083277 0.3275104766  
    0.2065209832 0.1246967526 0.09282090203 
  OMEGA = 4992.501875 4992.501875 4978.801804 4961.079526 4940.12016  
    4916.382264 4890.178959 4861.74318 4831.258024 4798.873089  
    4764.714177 4728.889466 4691.493659 4652.610886 4612.316799  
    4570.680145 4527.763951 4483.626454 4438.321832 4391.900796  
    4344.411068 4295.897774 4246.403778 4195.969955 4144.635428  
    4092.437767 4039.413164 3985.596584 3931.021896 3875.721988  
    3819.72887 3763.073767 3705.787199 3647.899055 3589.43866  
    3530.4348369999993 3470.91596 3410.910006 3350.444605 3289.54708  
    3228.244492 3166.5636739999995 3104.531273 3042.173783 2979.517575  
    2916.588934 2853.414088 2790.0192379999994 2726.430588 2662.674375  
    2598.776897 2534.764544 2470.663824 2406.501396 2342.304099  
    2278.098979 2213.913327 2149.774706999999 2085.710992 2021.750397  
    1957.921519 1894.253376 1830.775447 1767.517715 1704.510722  
    1641.785608 1579.374179 1517.308956 1455.623246 1394.3512129999992  
    1333.5279519999992 1273.18958 1213.373329 1154.117653 1095.462349  
    1037.448686 980.1195629 923.5196753 867.6957162 812.6966008  
    758.5737302 705.3812976 653.1766491999995 602.0207127999994  
    551.9785103 503.1197796 455.5197357 409.2600162 364.4298727  
    321.1276991 279.4630303 239.55922 201.557126 165.620359  
    131.94307479999966 100.76217029999968 72.37775876 47.19105135  
    25.78549737 9.151104569 -3.154809747e-12 
  ZEFF = 1.08103 1.08103 1.0810300000000002 1.08103 1.08103  
    1.0810300000000002 1.08103 1.08103 1.08103 1.08103 1.08103  
    1.0810300000000002 1.08103 1.08103 1.08103 1.08103 1.08103 1.08103  
    1.08103 1.0810300000000002 1.0810300000000002 1.0810300000000002  
    1.0810300000000002 1.0810300000000002 1.08103 1.0810300000000002  
    1.08103 1.0810300000000002 1.08103 1.08103 1.0810300000000002  
    1.08103 1.08103 1.08103 1.08103 1.08103 1.08103 1.08103 1.08103  
    1.08103 1.08103 1.08103 1.0810300000000002 1.08103 1.08103 1.08103  
    1.08103 1.08103 1.08103 1.08103 1.08103 1.0810300000000002 1.08103  
    1.08103 1.0810300000000002 1.08103 1.08103 1.08103  
    1.0810300000000002 1.08103 1.0810300000000002 1.08103 1.08103  
    1.08103 1.0810300000000002 1.08103 1.0810300000000002 1.08103  
    1.08103 1.08103 1.08103 1.08103 1.08103 1.08103 1.08103 1.08103  
    1.08103 1.08103 1.08103 1.08103 1.0810300000000002  
    1.0810300000000002 1.08103 1.0810300000000002 1.08103 1.08103  
    1.08103 1.08103 1.08103 1.08103 1.08103 1.0810300000000002 1.08103  
    1.08103 1.0810300000000002 1.08103 1.08103 1.08103 1.08103 1.08103  
    1.08103 
  J_OH = 0.0 0.0 0.0 0.0 0.0 0.0 0.0 0.0 0.0 0.0 0.0 0.0 0.0 0.0 0.0  
    0.0 0.0 0.0 0.0 0.0 0.0 0.0 0.0 0.0 0.0 0.0 0.0 0.0 0.0 0.0 0.0 0.0  
    0.0 0.0 0.0 0.0 0.0 0.0 0.0 0.0 0.0 0.0 0.0 0.0 0.0 0.0 0.0 0.0 0.0  
    0.0 0.0 0.0 0.0 0.0 0.0 0.0 0.0 0.0 0.0 0.0 0.0 0.0 0.0 0.0 0.0 0.0  
    0.0 0.0 0.0 0.0 0.0 0.0 0.0 0.0 0.0 0.0 0.0 0.0 0.0 0.0 0.0 0.0 0.0  
    0.0 0.0 0.0 0.0 0.0 0.0 0.0 0.0 0.0 0.0 0.0 0.0 0.0 0.0 0.0 0.0 0.0  
    0.0 
  J_BS = 330268.17038444674 495402.25557667005 672277.9990617483  
    682026.8330160744 675979.2260425065 668214.2350432072  
    661568.7032676492 656427.0073958916 652594.9950554909  
    649775.9091962874 647696.2331014024 646130.5297781588  
    644899.5425309634 643864.0144658199 642916.3986248528  
    641974.7245291503 640976.4109292842 639871.3514190657  
    638619.3011264472 637189.7466280614 635562.0775845002  
    633720.3907695325 631650.6498321116 629343.6723190829  
    626794.1115812687 623998.2761410199 620954.4291634122  
    617662.2887727608 614122.0503366818 610335.1300208988  
    606304.4652465646 602033.0049096127 597523.5102994032  
    592779.9011793 587807.1451305343 582610.3173096704  
    577194.6610724026 571565.8705829374 565729.6724676725  
    559691.8896972719 553458.8904610632 547037.0651001275  
    540432.3237136635 533650.9147636663 526699.5918672683  
    519584.5948869582 512312.003156723 504888.21830535337  
    497319.69179921126 489612.695662017 481773.3039900324  
    473807.6340419465 465721.6930307309 457521.4586740465  
    449212.8344825844 440801.6841006291 432293.76119409536  
    423694.45980388386 415009.30650194106 406243.8102755408  
    397403.0981378774 388492.3005542638 379516.4872507925  
    370480.425819521 361388.7774599671 352246.1742946338  
    343057.03497597575 333825.4940015118 324555.59296754183  
    315251.3016315893 305916.36959140166 296554.23085839074  
    287168.1044970145 277761.18226694077 268336.5537563188  
    258896.99820355815 249444.9947291196 239982.8703287058  
    230512.76395364624 221036.38424879912 211554.79081669747  
    202068.26794684812 192576.0264160605 183075.62062379566  
    173562.1292840765 164027.07281798945 154456.87726153707  
    144830.85722065874 135119.71540447947 125286.52437869423  
    115294.07540944027 105130.23761143298 94879.19153946642  
    84899.9700978553 76223.1127095639 71070.54540350333  
    71138.67984070831 67797.13874824559 45242.93723635446  
    16863.019507003628 -4262.540122558037 
  J_NB = 0.0 0.0 0.0 0.0 0.0 0.0 0.0 0.0 0.0 0.0 0.0 0.0 0.0 0.0 0.0  
    0.0 0.0 0.0 0.0 0.0 0.0 0.0 0.0 0.0 0.0 0.0 0.0 0.0 0.0 0.0 0.0 0.0  
    0.0 0.0 0.0 0.0 0.0 0.0 0.0 0.0 0.0 0.0 0.0 0.0 0.0 0.0 0.0 0.0 0.0  
    0.0 0.0 0.0 0.0 0.0 0.0 0.0 0.0 0.0 0.0 0.0 0.0 0.0 0.0 0.0 0.0 0.0  
    0.0 0.0 0.0 0.0 0.0 0.0 0.0 0.0 0.0 0.0 0.0 0.0 0.0 0.0 0.0 0.0 0.0  
    0.0 0.0 0.0 0.0 0.0 0.0 0.0 0.0 0.0 0.0 0.0 0.0 0.0 0.0 0.0 0.0 0.0  
    0.0 
  J_EC = 0.0 0.0 0.0 0.0 0.0 0.0 0.0 0.0 0.0 0.0 0.0 0.0 0.0 0.0 0.0  
    0.0 0.0 0.0 0.0 0.0 0.0 0.0 0.0 0.0 0.0 0.0 0.0 0.0 0.0 0.0 0.0 0.0  
    0.0 0.0 0.0 0.0 0.0 0.0 0.0 0.0 0.0 0.0 0.0 0.0 0.0 0.0 0.0 0.0 0.0  
    0.0 0.0 0.0 0.0 0.0 0.0 0.0 0.0 0.0 0.0 0.0 0.0 0.0 0.0 0.0 0.0 0.0  
    0.0 0.0 0.0 0.0 0.0 0.0 0.0 0.0 0.0 0.0 0.0 0.0 0.0 0.0 0.0 0.0 0.0  
    0.0 0.0 0.0 0.0 0.0 0.0 0.0 0.0 0.0 0.0 0.0 0.0 0.0 0.0 0.0 0.0 0.0  
    0.0 
  J_IC = 0.0 0.0 0.0 0.0 0.0 0.0 0.0 0.0 0.0 0.0 0.0 0.0 0.0 0.0 0.0  
    0.0 0.0 0.0 0.0 0.0 0.0 0.0 0.0 0.0 0.0 0.0 0.0 0.0 0.0 0.0 0.0 0.0  
    0.0 0.0 0.0 0.0 0.0 0.0 0.0 0.0 0.0 0.0 0.0 0.0 0.0 0.0 0.0 0.0 0.0  
    0.0 0.0 0.0 0.0 0.0 0.0 0.0 0.0 0.0 0.0 0.0 0.0 0.0 0.0 0.0 0.0 0.0  
    0.0 0.0 0.0 0.0 0.0 0.0 0.0 0.0 0.0 0.0 0.0 0.0 0.0 0.0 0.0 0.0 0.0  
    0.0 0.0 0.0 0.0 0.0 0.0 0.0 0.0 0.0 0.0 0.0 0.0 0.0 0.0 0.0 0.0 0.0  
    0.0 
  J_LH = 0.0 0.0 0.0 0.0 0.0 0.0 0.0 0.0 0.0 0.0 0.0 0.0 0.0 0.0 0.0  
    0.0 0.0 0.0 0.0 0.0 0.0 0.0 0.0 0.0 0.0 0.0 0.0 0.0 0.0 0.0 0.0 0.0  
    0.0 0.0 0.0 0.0 0.0 0.0 0.0 0.0 0.0 0.0 0.0 0.0 0.0 0.0 0.0 0.0 0.0  
    0.0 0.0 0.0 0.0 0.0 0.0 0.0 0.0 0.0 0.0 0.0 0.0 0.0 0.0 0.0 0.0 0.0  
    0.0 0.0 0.0 0.0 0.0 0.0 0.0 0.0 0.0 0.0 0.0 0.0 0.0 0.0 0.0 0.0 0.0  
    0.0 0.0 0.0 0.0 0.0 0.0 0.0 0.0 0.0 0.0 0.0 0.0 0.0 0.0 0.0 0.0 0.0  
    0.0 
  PE_NB = 0.0 0.0 0.0 0.0 0.0 0.0 0.0 0.0 0.0 0.0 0.0 0.0 0.0 0.0 0.0  
    0.0 0.0 0.0 0.0 0.0 0.0 0.0 0.0 0.0 0.0 0.0 0.0 0.0 0.0 0.0 0.0 0.0  
    0.0 0.0 0.0 0.0 0.0 0.0 0.0 0.0 0.0 0.0 0.0 0.0 0.0 0.0 0.0 0.0 0.0  
    0.0 0.0 0.0 0.0 0.0 0.0 0.0 0.0 0.0 0.0 0.0 0.0 0.0 0.0 0.0 0.0 0.0  
    0.0 0.0 0.0 0.0 0.0 0.0 0.0 0.0 0.0 0.0 0.0 0.0 0.0 0.0 0.0 0.0 0.0  
    0.0 0.0 0.0 0.0 0.0 0.0 0.0 0.0 0.0 0.0 0.0 0.0 0.0 0.0 0.0 0.0 0.0  
    0.0 
  PE_EC = 0.0 0.0 0.0 0.0 0.0 0.0 0.0 0.0 0.0 0.0 0.0 0.0 0.0 0.0 0.0  
    0.0 0.0 0.0 0.0 0.0 0.0 0.0 0.0 0.0 0.0 0.0 0.0 0.0 0.0 0.0 0.0 0.0  
    0.0 0.0 0.0 0.0 0.0 0.0 0.0 0.0 0.0 0.0 0.0 0.0 0.0 0.0 0.0 0.0 0.0  
    0.0 0.0 0.0 0.0 0.0 0.0 0.0 0.0 0.0 0.0 0.0 0.0 0.0 0.0 0.0 0.0 0.0  
    0.0 0.0 0.0 0.0 0.0 0.0 0.0 0.0 0.0 0.0 0.0 0.0 0.0 0.0 0.0 0.0 0.0  
    0.0 0.0 0.0 0.0 0.0 0.0 0.0 0.0 0.0 0.0 0.0 0.0 0.0 0.0 0.0 0.0 0.0  
    0.0 
  PE_IC = 0.0 0.0 0.0 0.0 0.0 0.0 0.0 0.0 0.0 0.0 0.0 0.0 0.0 0.0 0.0  
    0.0 0.0 0.0 0.0 0.0 0.0 0.0 0.0 0.0 0.0 0.0 0.0 0.0 0.0 0.0 0.0 0.0  
    0.0 0.0 0.0 0.0 0.0 0.0 0.0 0.0 0.0 0.0 0.0 0.0 0.0 0.0 0.0 0.0 0.0  
    0.0 0.0 0.0 0.0 0.0 0.0 0.0 0.0 0.0 0.0 0.0 0.0 0.0 0.0 0.0 0.0 0.0  
    0.0 0.0 0.0 0.0 0.0 0.0 0.0 0.0 0.0 0.0 0.0 0.0 0.0 0.0 0.0 0.0 0.0  
    0.0 0.0 0.0 0.0 0.0 0.0 0.0 0.0 0.0 0.0 0.0 0.0 0.0 0.0 0.0 0.0 0.0  
    0.0 
  PE_LH = 0.0 0.0 0.0 0.0 0.0 0.0 0.0 0.0 0.0 0.0 0.0 0.0 0.0 0.0 0.0  
    0.0 0.0 0.0 0.0 0.0 0.0 0.0 0.0 0.0 0.0 0.0 0.0 0.0 0.0 0.0 0.0 0.0  
    0.0 0.0 0.0 0.0 0.0 0.0 0.0 0.0 0.0 0.0 0.0 0.0 0.0 0.0 0.0 0.0 0.0  
    0.0 0.0 0.0 0.0 0.0 0.0 0.0 0.0 0.0 0.0 0.0 0.0 0.0 0.0 0.0 0.0 0.0  
    0.0 0.0 0.0 0.0 0.0 0.0 0.0 0.0 0.0 0.0 0.0 0.0 0.0 0.0 0.0 0.0 0.0  
    0.0 0.0 0.0 0.0 0.0 0.0 0.0 0.0 0.0 0.0 0.0 0.0 0.0 0.0 0.0 0.0 0.0  
    0.0 
  PE_FUS = 1955155.9247456514 1955155.9247456514 1942566.1055985691  
    1928928.1017210085 1914250.7185323997 1898542.2908019284  
    1881810.7780692051 1864063.8691650347 1845309.0801088908  
    1825553.8582571235 1804805.709674389 1783072.301707721  
    1760361.5931266872 1736681.9666127714 1712042.3568314475  
    1686452.403942996 1659922.590250251 1632464.4114472137  
    1604090.5283994866 1574814.948525157 1544653.1986034834  
    1513622.517103609 1481742.043158104 1449033.024620057  
    1415519.0255732667 1381226.1324389356 1346183.1873579505  
    1310421.997760047 1273977.5654582412 1236888.3102501626  
    1199196.285456932 1160947.3898119107 1122191.569359963  
    1082982.9963863206 1043380.2267021522 1003446.3336741783  
    963248.9964337484 922860.5461854555 882357.9589422751  
    841822.7786123327 801340.9735898369 761002.698989626  
    720901.9658405156 681136.2137283677 641805.7598723331  
    603013.1361076022 564862.2988437426 527457.724612665  
    490903.37986546796 455301.58395001397 420751.78023539385  
    387349.22966568125 355183.660309362 324337.8995667946  
    294886.53087426565 266894.6126008288 240416.50779311263  
    215494.86501821966 192159.79455598243 170428.27949864714  
    150303.85002363872 131776.54618517138 114823.17676469868  
    99407.87511096563 85482.93616452749 72989.90878922248  
    61860.904708276204 52020.07848420194 43385.22508118913  
    35869.43854046558 29382.778516132763 23833.890008495688  
    19131.53249280536 15185.979435334242 11910.260066538087  
    9221.224246697095 7040.420911910138 5294.78807891687  
    3917.1594711150938 2846.597113487278 2028.5624611114952  
    1414.9401075063065 963.9284676724773 639.8119402953722  
    412.6290289357601 257.7513679185118 155.38981185897325  
    90.04559513146746 49.92678268315846 26.352261748749406  
    13.16672567957506 6.1896907439161675 2.719165242099788  
    1.1059558758377648 0.40817818911687553 0.12828763225084427  
    0.027601448731357624 0.0021380177453001778 2.1060654176117615e-05  
    5.489439974181267e-08 9.952032444822159e-10 
  PE_IONIZATION = 0.0 0.0 0.0 0.0 0.0 0.0 0.0 0.0 0.0 0.0 0.0 0.0 0.0  
    0.0 0.0 0.0 0.0 0.0 0.0 0.0 0.0 0.0 0.0 0.0 0.0 0.0 0.0 0.0 0.0 0.0  
    0.0 0.0 0.0 0.0 0.0 0.0 0.0 0.0 0.0 0.0 0.0 0.0 0.0 0.0 0.0 0.0 0.0  
    0.0 0.0 0.0 0.0 0.0 0.0 0.0 0.0 0.0 0.0 0.0 0.0 0.0 0.0 0.0 0.0 0.0  
    0.0 0.0 0.0 0.0 0.0 0.0 0.0 0.0 0.0 0.0 0.0 0.0 0.0 0.0 0.0 0.0 0.0  
    0.0 0.0 0.0 0.0 0.0 0.0 0.0 0.0 0.0 0.0 0.0 0.0 0.0 0.0 0.0 0.0 0.0  
    0.0 0.0 0.0 
  P_RAD = 0.0 0.0 0.0 0.0 0.0 0.0 0.0 0.0 0.0 0.0 0.0 0.0 0.0 0.0 0.0  
    0.0 0.0 0.0 0.0 0.0 0.0 0.0 0.0 0.0 0.0 0.0 0.0 0.0 0.0 0.0 0.0 0.0  
    0.0 0.0 0.0 0.0 0.0 0.0 0.0 0.0 0.0 0.0 0.0 0.0 0.0 0.0 0.0 0.0 0.0  
    0.0 0.0 0.0 0.0 0.0 0.0 0.0 0.0 0.0 0.0 0.0 0.0 0.0 0.0 0.0 0.0 0.0  
    0.0 0.0 0.0 0.0 0.0 0.0 0.0 0.0 0.0 0.0 0.0 0.0 0.0 0.0 0.0 0.0 0.0  
    0.0 0.0 0.0 0.0 0.0 0.0 0.0 0.0 0.0 0.0 0.0 0.0 0.0 0.0 0.0 0.0 0.0  
    0.0 
  PI_NB = 0.0 0.0 0.0 0.0 0.0 0.0 0.0 0.0 0.0 0.0 0.0 0.0 0.0 0.0 0.0  
    0.0 0.0 0.0 0.0 0.0 0.0 0.0 0.0 0.0 0.0 0.0 0.0 0.0 0.0 0.0 0.0 0.0  
    0.0 0.0 0.0 0.0 0.0 0.0 0.0 0.0 0.0 0.0 0.0 0.0 0.0 0.0 0.0 0.0 0.0  
    0.0 0.0 0.0 0.0 0.0 0.0 0.0 0.0 0.0 0.0 0.0 0.0 0.0 0.0 0.0 0.0 0.0  
    0.0 0.0 0.0 0.0 0.0 0.0 0.0 0.0 0.0 0.0 0.0 0.0 0.0 0.0 0.0 0.0 0.0  
    0.0 0.0 0.0 0.0 0.0 0.0 0.0 0.0 0.0 0.0 0.0 0.0 0.0 0.0 0.0 0.0 0.0  
    0.0 
  PI_IC = 0.0 0.0 0.0 0.0 0.0 0.0 0.0 0.0 0.0 0.0 0.0 0.0 0.0 0.0 0.0  
    0.0 0.0 0.0 0.0 0.0 0.0 0.0 0.0 0.0 0.0 0.0 0.0 0.0 0.0 0.0 0.0 0.0  
    0.0 0.0 0.0 0.0 0.0 0.0 0.0 0.0 0.0 0.0 0.0 0.0 0.0 0.0 0.0 0.0 0.0  
    0.0 0.0 0.0 0.0 0.0 0.0 0.0 0.0 0.0 0.0 0.0 0.0 0.0 0.0 0.0 0.0 0.0  
    0.0 0.0 0.0 0.0 0.0 0.0 0.0 0.0 0.0 0.0 0.0 0.0 0.0 0.0 0.0 0.0 0.0  
    0.0 0.0 0.0 0.0 0.0 0.0 0.0 0.0 0.0 0.0 0.0 0.0 0.0 0.0 0.0 0.0 0.0  
    0.0 
  PI_LH = 0.0 0.0 0.0 0.0 0.0 0.0 0.0 0.0 0.0 0.0 0.0 0.0 0.0 0.0 0.0  
    0.0 0.0 0.0 0.0 0.0 0.0 0.0 0.0 0.0 0.0 0.0 0.0 0.0 0.0 0.0 0.0 0.0  
    0.0 0.0 0.0 0.0 0.0 0.0 0.0 0.0 0.0 0.0 0.0 0.0 0.0 0.0 0.0 0.0 0.0  
    0.0 0.0 0.0 0.0 0.0 0.0 0.0 0.0 0.0 0.0 0.0 0.0 0.0 0.0 0.0 0.0 0.0  
    0.0 0.0 0.0 0.0 0.0 0.0 0.0 0.0 0.0 0.0 0.0 0.0 0.0 0.0 0.0 0.0 0.0  
    0.0 0.0 0.0 0.0 0.0 0.0 0.0 0.0 0.0 0.0 0.0 0.0 0.0 0.0 0.0 0.0 0.0  
    0.0 
  PI_FUS = 878873.2460245121 878873.2460245121 870019.0180394083  
    860446.772170731 850178.0467094714 839234.7994771773  
    827639.4150897814 815414.7104537652 802583.9399200559  
    789170.8060870089 775199.4755036536 760694.5856640418  
    745681.2637747669 730185.1436015313 714232.3770799998  
    697849.6581759502 681064.2328769508 663903.9239771789  
    646397.1413901221 628572.9008174824 610460.8368845122  
    592091.2164099838 573494.9460108252 554703.5805435819  
    535749.3263254518 516665.0360210454 497484.20596334635  
    478240.95991385926 458970.02706013597 439706.71533909556  
    420486.8689123148 401346.81731919775 382323.31262343965  
    363453.4489571851 344774.56775657844 326324.14464072644  
    308139.65817860863 290258.4346057058 272717.47354528913  
    255553.2491370605 238801.4883619004 222496.9257925031  
    206673.03497811072 191361.7417235124 176593.11635016845  
    162395.0542266061 148792.94556161723 135809.3454981778  
    123463.64722272205 111771.7701746331 100745.87346212524  
    90394.10352603781 80720.38890661755 71724.29156276246  
    63400.9261076189 55740.95459587453 48730.66452563899  
    42352.1332237828 36583.479386353225 31399.19931816864  
    26770.580405913406 22666.182192264016 19052.37065696925  
    15893.889870635852 13154.452456895817 10797.330066341663  
    8785.924861039759 7084.304762653539 5657.68710437045  
    4472.858456867875 3498.5222526696703 2705.5689737940174  
    2067.2680275145763 1559.3833835147568 1160.218175567812  
    850.595627245697 613.7852615301794 435.38413652826273  
    303.16312440834497 206.88789440993398 138.12359743712247  
    90.03130070096925 57.16315381400803 35.26218349413416  
    21.071561328540806 12.157194824212938 6.746572133008644  
    3.5859115948459275 1.8168179206218185 0.872811984051591  
    0.3952917519559325 0.1677233508434762 0.06620793835803869  
    0.02407714759154007 0.00789066427370809 0.0021714164622697973  
    0.00039394791085168267 2.335678075386964e-05 1.5080105544832706e-07  
    2.4992065430684216e-10 3.476716612048242e-12 
  PI_IONIZATION = 0.0 0.0 0.0 0.0 0.0 0.0 0.0 0.0 0.0 0.0 0.0 0.0 0.0  
    0.0 0.0 0.0 0.0 0.0 0.0 0.0 0.0 0.0 0.0 0.0 0.0 0.0 0.0 0.0 0.0 0.0  
    0.0 0.0 0.0 0.0 0.0 0.0 0.0 0.0 0.0 0.0 0.0 0.0 0.0 0.0 0.0 0.0 0.0  
    0.0 0.0 0.0 0.0 0.0 0.0 0.0 0.0 0.0 0.0 0.0 0.0 0.0 0.0 0.0 0.0 0.0  
    0.0 0.0 0.0 0.0 0.0 0.0 0.0 0.0 0.0 0.0 0.0 0.0 0.0 0.0 0.0 0.0 0.0  
    0.0 0.0 0.0 0.0 0.0 0.0 0.0 0.0 0.0 0.0 0.0 0.0 0.0 0.0 0.0 0.0 0.0  
    0.0 0.0 0.0 
  PI_CX = 0.0 0.0 0.0 0.0 0.0 0.0 0.0 0.0 0.0 0.0 0.0 0.0 0.0 0.0 0.0  
    0.0 0.0 0.0 0.0 0.0 0.0 0.0 0.0 0.0 0.0 0.0 0.0 0.0 0.0 0.0 0.0 0.0  
    0.0 0.0 0.0 0.0 0.0 0.0 0.0 0.0 0.0 0.0 0.0 0.0 0.0 0.0 0.0 0.0 0.0  
    0.0 0.0 0.0 0.0 0.0 0.0 0.0 0.0 0.0 0.0 0.0 0.0 0.0 0.0 0.0 0.0 0.0  
    0.0 0.0 0.0 0.0 0.0 0.0 0.0 0.0 0.0 0.0 0.0 0.0 0.0 0.0 0.0 0.0 0.0  
    0.0 0.0 0.0 0.0 0.0 0.0 0.0 0.0 0.0 0.0 0.0 0.0 0.0 0.0 0.0 0.0 0.0  
    0.0 
  P_OHM = 0.0 0.0 0.0 0.0 0.0 0.0 0.0 0.0 0.0 0.0 0.0 0.0 0.0 0.0 0.0  
    0.0 0.0 0.0 0.0 0.0 0.0 0.0 0.0 0.0 0.0 0.0 0.0 0.0 0.0 0.0 0.0 0.0  
    0.0 0.0 0.0 0.0 0.0 0.0 0.0 0.0 0.0 0.0 0.0 0.0 0.0 0.0 0.0 0.0 0.0  
    0.0 0.0 0.0 0.0 0.0 0.0 0.0 0.0 0.0 0.0 0.0 0.0 0.0 0.0 0.0 0.0 0.0  
    0.0 0.0 0.0 0.0 0.0 0.0 0.0 0.0 0.0 0.0 0.0 0.0 0.0 0.0 0.0 0.0 0.0  
    0.0 0.0 0.0 0.0 0.0 0.0 0.0 0.0 0.0 0.0 0.0 0.0 0.0 0.0 0.0 0.0 0.0  
    0.0 
  P_EI = 0.0 0.0 0.0 0.0 0.0 0.0 0.0 0.0 0.0 0.0 0.0 0.0 0.0 0.0 0.0  
    0.0 0.0 0.0 0.0 0.0 0.0 0.0 0.0 0.0 0.0 0.0 0.0 0.0 0.0 0.0 0.0 0.0  
    0.0 0.0 0.0 0.0 0.0 0.0 0.0 0.0 0.0 0.0 0.0 0.0 0.0 0.0 0.0 0.0 0.0  
    0.0 0.0 0.0 0.0 0.0 0.0 0.0 0.0 0.0 0.0 0.0 0.0 0.0 0.0 0.0 0.0 0.0  
    0.0 0.0 0.0 0.0 0.0 0.0 0.0 0.0 0.0 0.0 0.0 0.0 0.0 0.0 0.0 0.0 0.0  
    0.0 0.0 0.0 0.0 0.0 0.0 0.0 0.0 0.0 0.0 0.0 0.0 0.0 0.0 0.0 0.0 0.0  
    0.0 
  TORQUE_NB = 0.0 0.0 0.0 0.0 0.0 0.0 0.0 0.0 0.0 0.0 0.0 0.0 0.0 0.0  
    0.0 0.0 0.0 0.0 0.0 0.0 0.0 0.0 0.0 0.0 0.0 0.0 0.0 0.0 0.0 0.0 0.0  
    0.0 0.0 0.0 0.0 0.0 0.0 0.0 0.0 0.0 0.0 0.0 0.0 0.0 0.0 0.0 0.0 0.0  
    0.0 0.0 0.0 0.0 0.0 0.0 0.0 0.0 0.0 0.0 0.0 0.0 0.0 0.0 0.0 0.0 0.0  
    0.0 0.0 0.0 0.0 0.0 0.0 0.0 0.0 0.0 0.0 0.0 0.0 0.0 0.0 0.0 0.0 0.0  
    0.0 0.0 0.0 0.0 0.0 0.0 0.0 0.0 0.0 0.0 0.0 0.0 0.0 0.0 0.0 0.0 0.0  
    0.0 0.0 
  TORQUE_IN = 0.0 0.0 0.0 0.0 0.0 0.0 0.0 0.0 0.0 0.0 0.0 0.0 0.0 0.0  
    0.0 0.0 0.0 0.0 0.0 0.0 0.0 0.0 0.0 0.0 0.0 0.0 0.0 0.0 0.0 0.0 0.0  
    0.0 0.0 0.0 0.0 0.0 0.0 0.0 0.0 0.0 0.0 0.0 0.0 0.0 0.0 0.0 0.0 0.0  
    0.0 0.0 0.0 0.0 0.0 0.0 0.0 0.0 0.0 0.0 0.0 0.0 0.0 0.0 0.0 0.0 0.0  
    0.0 0.0 0.0 0.0 0.0 0.0 0.0 0.0 0.0 0.0 0.0 0.0 0.0 0.0 0.0 0.0 0.0  
    0.0 0.0 0.0 0.0 0.0 0.0 0.0 0.0 0.0 0.0 0.0 0.0 0.0 0.0 0.0 0.0 0.0  
    0.0 0.0 
  SE_NB = 0.0 0.0 0.0 0.0 0.0 0.0 0.0 0.0 0.0 0.0 0.0 0.0 0.0 0.0 0.0  
    0.0 0.0 0.0 0.0 0.0 0.0 0.0 0.0 0.0 0.0 0.0 0.0 0.0 0.0 0.0 0.0 0.0  
    0.0 0.0 0.0 0.0 0.0 0.0 0.0 0.0 0.0 0.0 0.0 0.0 0.0 0.0 0.0 0.0 0.0  
    0.0 0.0 0.0 0.0 0.0 0.0 0.0 0.0 0.0 0.0 0.0 0.0 0.0 0.0 0.0 0.0 0.0  
    0.0 0.0 0.0 0.0 0.0 0.0 0.0 0.0 0.0 0.0 0.0 0.0 0.0 0.0 0.0 0.0 0.0  
    0.0 0.0 0.0 0.0 0.0 0.0 0.0 0.0 0.0 0.0 0.0 0.0 0.0 0.0 0.0 0.0 0.0  
    0.0 
  SE_IONIZATION = 0.0 0.0 0.0 0.0 0.0 0.0 0.0 0.0 0.0 0.0 0.0 0.0 0.0  
    0.0 0.0 0.0 0.0 0.0 0.0 0.0 0.0 0.0 0.0 0.0 0.0 0.0 0.0 0.0 0.0 0.0  
    0.0 0.0 0.0 0.0 0.0 0.0 0.0 0.0 0.0 0.0 0.0 0.0 0.0 0.0 0.0 0.0 0.0  
    0.0 0.0 0.0 0.0 0.0 0.0 0.0 0.0 0.0 0.0 0.0 0.0 0.0 0.0 0.0 0.0 0.0  
    0.0 0.0 0.0 0.0 0.0 0.0 0.0 0.0 0.0 0.0 0.0 0.0 0.0 0.0 0.0 0.0 0.0  
    0.0 0.0 0.0 0.0 0.0 0.0 0.0 0.0 0.0 0.0 0.0 0.0 0.0 0.0 0.0 0.0 0.0  
    0.0 0.0 0.0 
  SI_NB = 0.0 0.0 0.0 0.0 0.0 0.0 0.0 0.0 0.0 0.0 0.0 0.0 0.0 0.0 0.0  
    0.0 0.0 0.0 0.0 0.0 0.0 0.0 0.0 0.0 0.0 0.0 0.0 0.0 0.0 0.0 0.0 0.0  
    0.0 0.0 0.0 0.0 0.0 0.0 0.0 0.0 0.0 0.0 0.0 0.0 0.0 0.0 0.0 0.0 0.0  
    0.0 0.0 0.0 0.0 0.0 0.0 0.0 0.0 0.0 0.0 0.0 0.0 0.0 0.0 0.0 0.0 0.0  
    0.0 0.0 0.0 0.0 0.0 0.0 0.0 0.0 0.0 0.0 0.0 0.0 0.0 0.0 0.0 0.0 0.0  
    0.0 0.0 0.0 0.0 0.0 0.0 0.0 0.0 0.0 0.0 0.0 0.0 0.0 0.0 0.0 0.0 0.0  
    0.0 
  SI_IONIZATION = 0.0 0.0 0.0 0.0 0.0 0.0 0.0 0.0 0.0 0.0 0.0 0.0 0.0  
    0.0 0.0 0.0 0.0 0.0 0.0 0.0 0.0 0.0 0.0 0.0 0.0 0.0 0.0 0.0 0.0 0.0  
    0.0 0.0 0.0 0.0 0.0 0.0 0.0 0.0 0.0 0.0 0.0 0.0 0.0 0.0 0.0 0.0 0.0  
    0.0 0.0 0.0 0.0 0.0 0.0 0.0 0.0 0.0 0.0 0.0 0.0 0.0 0.0 0.0 0.0 0.0  
    0.0 0.0 0.0 0.0 0.0 0.0 0.0 0.0 0.0 0.0 0.0 0.0 0.0 0.0 0.0 0.0 0.0  
    0.0 0.0 0.0 0.0 0.0 0.0 0.0 0.0 0.0 0.0 0.0 0.0 0.0 0.0 0.0 0.0 0.0  
    0.0 0.0 0.0 
  SE_PELLET = 0.0 0.0 0.0 0.0 0.0 0.0 0.0 0.0 0.0 0.0 0.0 0.0 0.0 0.0  
    0.0 0.0 0.0 0.0 0.0 0.0 0.0 0.0 0.0 0.0 0.0 0.0 0.0 0.0 0.0 0.0 0.0  
    0.0 0.0 0.0 0.0 0.0 0.0 0.0 0.0 0.0 0.0 0.0 0.0 0.0 0.0 0.0 0.0 0.0  
    0.0 0.0 0.0 0.0 0.0 0.0 0.0 0.0 0.0 0.0 0.0 0.0 0.0 0.0 0.0 0.0 0.0  
    0.0 0.0 0.0 0.0 0.0 0.0 0.0 0.0 0.0 0.0 0.0 0.0 0.0 0.0 0.0 0.0 0.0  
    0.0 0.0 0.0 0.0 0.0 0.0 0.0 0.0 0.0 0.0 0.0 0.0 0.0 0.0 0.0 0.0 0.0  
    0.0 0.0 
  Q = 0.0 0.0 0.0 0.0 0.0 0.0 0.0 0.0 0.0 0.0 0.0 0.0 0.0 0.0 0.0 0.0  
    0.0 0.0 0.0 0.0 0.0 0.0 0.0 0.0 0.0 0.0 0.0 0.0 0.0 0.0 0.0 0.0 0.0  
    0.0 0.0 0.0 0.0 0.0 0.0 0.0 0.0 0.0 0.0 0.0 0.0 0.0 0.0 0.0 0.0 0.0  
    0.0 0.0 0.0 0.0 0.0 0.0 0.0 0.0 0.0 0.0 0.0 0.0 0.0 0.0 0.0 0.0 0.0  
    0.0 0.0 0.0 0.0 0.0 0.0 0.0 0.0 0.0 0.0 0.0 0.0 0.0 0.0 0.0 0.0 0.0  
    0.0 0.0 0.0 0.0 0.0 0.0 0.0 0.0 0.0 0.0 0.0 0.0 0.0 0.0 0.0 0.0 0.0 
  PSIPOL = 0.0 0.0009022149912972137 0.0036085250503725226  
    0.008117905063868823 0.01442865608232924 0.022538389201081217  
    0.03244403236994353 0.04414182142664712 0.057627347798066914  
    0.07289544418013842 0.08994028879429422 0.10875543242528181  
    0.12933386032140773 0.15166747616889764 0.17574873840322144  
    0.20156776853689276 0.22911940760625546 0.25838786544793346  
    0.289366201683632 0.32203659151920966 0.35639193547821396  
    0.3924191845735242 0.43010100790645145 0.46942583268700955  
    0.5103802937460035 0.5529493327105952 0.5971153808418543  
    0.6428622348729284 0.6901735056426128 0.7390320574923935  
    0.7894200521106586 0.8413189505765166 0.8947096487169611  
    0.9495724357018427 1.0058868057758932 1.0636316500211254  
    1.1227873101044612 1.1833323420422408 1.2452437099964653  
    1.3084969176114547 1.3730681424692461 1.4389376778309582  
    1.506078289374308 1.5744620224128445 1.6440695863209402  
    1.714870188986232 1.7868376638151768 1.8599481252831394  
    1.934168157369256 2.0094765458077237 2.085837123245019  
    2.1632279936185883 2.2416124754373614 2.3209657802921906  
    2.401254054843598 2.482445414289638 2.5645125818102774  
    2.6474165931451656 2.731128854362876 2.815617151708552  
    2.9008425178679214 2.986774005522027 3.073378743746297  
    3.1606166181965225 3.2484529893284404 3.3368536273333587  
    3.4257819144087907 3.5151969015730944 3.6050618416602647  
    3.6953396537868435 3.7859924489421606 3.876978909805064  
    3.968257985195895 4.059790198588992 4.15153539822166  
    4.24345278888586 4.335499986153462 4.427632476711642  
    4.519807690540494 4.611982558306043 4.704113450880863  
    4.796156226230426 4.888064193033121 4.979790239179214  
    5.071288436803259 5.162512256901368 5.2534144603033965  
    5.343945561524583 5.434053023136749 5.523686565313791  
    5.612794970139603 5.701325875609629 5.789222203102041  
    5.876430413018153 5.962899138510587 6.048573116019912  
    6.1333870824520575 6.217276999198954 6.30016970479803  
    6.381969965349812 6.462556674705527 
  PSI = 0.0 0.0001396065112788081 0.0005583742212267637  
    0.0012561445063441125 0.002232654475403374 0.0034875344752173026  
    0.005020309144356073 0.006830396025681041 0.00891711294751512  
    0.011279660334036448 0.01391713733766094 0.016828546022807197  
    0.020012800944186837 0.023468649298276138 0.027194924122074273  
    0.0311900968429151 0.03545336917555087 0.039982297789242546  
    0.0447758087470571 0.049831143884534454 0.055147204646287036  
    0.06072197186439455 0.06655276379855492 0.07263778970393314  
    0.07897498148737851 0.08556200905360585 0.09239615385950367  
    0.09947490865172506 0.10679573741209182 0.11435598861128259  
    0.12215290199317738 0.13018360889111308 0.1384451531727154  
    0.14693448483298768 0.15564843086219085 0.16458372491868178  
    0.1737373251207305 0.18310591327946235 0.1926859248864082  
    0.20247356943621353 0.21246516070697535 0.2226576493267697  
    0.23304682112407687 0.24362835046001147 0.2543992523509829  
    0.2653547621018537 0.2764908307588027 0.28780376233495697  
    0.299288386118082 0.3109414194652749 0.32275726592990567  
    0.3347325373695323 0.3468615577811552 0.35914049146779015  
    0.3715641000476044 0.38412744974538315 0.3968263198136103  
    0.4096546810192265 0.4226081088081634 0.4356816185038483  
    0.44886918040066565 0.46216600578719447 0.4755670082980492  
    0.4890659807390454 0.5026575630729706 0.5163364586640791  
    0.5300970013643849 0.5439328548299761 0.5578383328954764  
    0.5718076977568982 0.5858350865626526 0.5999141059728845  
    0.6140384038298144 0.6282018716337184 0.6423982964003684  
    0.6566213655803982 0.6708645207124646 0.6851208739168838  
    0.6993838380143016 0.7136467485627417 0.727902854499177  
    0.7421453253946075 0.7563669363496686 0.7705603973532847  
    0.7847186016414065 0.7988343494313113 0.8129003310509109  
    0.8269088892389613 0.84085189448406 0.8547215666105525  
    0.8685099802850635 0.8822090331408066 0.8958098929733305  
    0.9093042751978525 0.922684231435741 0.9359412103408008  
    0.9490651132636344 0.9620460310287724 0.9748726428128545  
    0.9875302123583486 1.0 
  DENSITY_BEAM = 0.0 0.0 0.0 0.0 0.0 0.0 0.0 0.0 0.0 0.0 0.0 0.0 0.0  
    0.0 0.0 0.0 0.0 0.0 0.0 0.0 0.0 0.0 0.0 0.0 0.0 0.0 0.0 0.0 0.0 0.0  
    0.0 0.0 0.0 0.0 0.0 0.0 0.0 0.0 0.0 0.0 0.0 0.0 0.0 0.0 0.0 0.0 0.0  
    0.0 0.0 0.0 0.0 0.0 0.0 0.0 0.0 0.0 0.0 0.0 0.0 0.0 0.0 0.0 0.0 0.0  
    0.0 0.0 0.0 0.0 0.0 0.0 0.0 0.0 0.0 0.0 0.0 0.0 0.0 0.0 0.0 0.0 0.0  
    0.0 0.0 0.0 0.0 0.0 0.0 0.0 0.0 0.0 0.0 0.0 0.0 0.0 0.0 0.0 0.0 0.0  
    0.0 0.0 0.0 
  WBEAM = 0.0 0.0 0.0 0.0 0.0 0.0 0.0 0.0 0.0 0.0 0.0 0.0 0.0 0.0 0.0  
    0.0 0.0 0.0 0.0 0.0 0.0 0.0 0.0 0.0 0.0 0.0 0.0 0.0 0.0 0.0 0.0 0.0  
    0.0 0.0 0.0 0.0 0.0 0.0 0.0 0.0 0.0 0.0 0.0 0.0 0.0 0.0 0.0 0.0 0.0  
    0.0 0.0 0.0 0.0 0.0 0.0 0.0 0.0 0.0 0.0 0.0 0.0 0.0 0.0 0.0 0.0 0.0  
    0.0 0.0 0.0 0.0 0.0 0.0 0.0 0.0 0.0 0.0 0.0 0.0 0.0 0.0 0.0 0.0 0.0  
    0.0 0.0 0.0 0.0 0.0 0.0 0.0 0.0 0.0 0.0 0.0 0.0 0.0 0.0 0.0 0.0 0.0  
    0.0 
  TBEAM = 0.0 0.0 0.0 0.0 0.0 0.0 0.0 0.0 0.0 0.0 0.0 0.0 0.0 0.0 0.0  
    0.0 0.0 0.0 0.0 0.0 0.0 0.0 0.0 0.0 0.0 0.0 0.0 0.0 0.0 0.0 0.0 0.0  
    0.0 0.0 0.0 0.0 0.0 0.0 0.0 0.0 0.0 0.0 0.0 0.0 0.0 0.0 0.0 0.0 0.0  
    0.0 0.0 0.0 0.0 0.0 0.0 0.0 0.0 0.0 0.0 0.0 0.0 0.0 0.0 0.0 0.0 0.0  
    0.0 0.0 0.0 0.0 0.0 0.0 0.0 0.0 0.0 0.0 0.0 0.0 0.0 0.0 0.0 0.0 0.0  
    0.0 0.0 0.0 0.0 0.0 0.0 0.0 0.0 0.0 0.0 0.0 0.0 0.0 0.0 0.0 0.0 0.0  
    0.0 
  DENSITY_ALPHA = 0.0 0.0 0.0 0.0 0.0 0.0 0.0 0.0 0.0 0.0 0.0 0.0 0.0  
    0.0 0.0 0.0 0.0 0.0 0.0 0.0 0.0 0.0 0.0 0.0 0.0 0.0 0.0 0.0 0.0 0.0  
    0.0 0.0 0.0 0.0 0.0 0.0 0.0 0.0 0.0 0.0 0.0 0.0 0.0 0.0 0.0 0.0 0.0  
    0.0 0.0 0.0 0.0 0.0 0.0 0.0 0.0 0.0 0.0 0.0 0.0 0.0 0.0 0.0 0.0 0.0  
    0.0 0.0 0.0 0.0 0.0 0.0 0.0 0.0 0.0 0.0 0.0 0.0 0.0 0.0 0.0 0.0 0.0  
    0.0 0.0 0.0 0.0 0.0 0.0 0.0 0.0 0.0 0.0 0.0 0.0 0.0 0.0 0.0 0.0 0.0  
    0.0 0.0 0.0 
  WALPHA = 0.0 0.0 0.0 0.0 0.0 0.0 0.0 0.0 0.0 0.0 0.0 0.0 0.0 0.0 0.0  
    0.0 0.0 0.0 0.0 0.0 0.0 0.0 0.0 0.0 0.0 0.0 0.0 0.0 0.0 0.0 0.0 0.0  
    0.0 0.0 0.0 0.0 0.0 0.0 0.0 0.0 0.0 0.0 0.0 0.0 0.0 0.0 0.0 0.0 0.0  
    0.0 0.0 0.0 0.0 0.0 0.0 0.0 0.0 0.0 0.0 0.0 0.0 0.0 0.0 0.0 0.0 0.0  
    0.0 0.0 0.0 0.0 0.0 0.0 0.0 0.0 0.0 0.0 0.0 0.0 0.0 0.0 0.0 0.0 0.0  
    0.0 0.0 0.0 0.0 0.0 0.0 0.0 0.0 0.0 0.0 0.0 0.0 0.0 0.0 0.0 0.0 0.0  
    0.0 
  TALPHA = 0.0 0.0 0.0 0.0 0.0 0.0 0.0 0.0 0.0 0.0 0.0 0.0 0.0 0.0 0.0  
    0.0 0.0 0.0 0.0 0.0 0.0 0.0 0.0 0.0 0.0 0.0 0.0 0.0 0.0 0.0 0.0 0.0  
    0.0 0.0 0.0 0.0 0.0 0.0 0.0 0.0 0.0 0.0 0.0 0.0 0.0 0.0 0.0 0.0 0.0  
    0.0 0.0 0.0 0.0 0.0 0.0 0.0 0.0 0.0 0.0 0.0 0.0 0.0 0.0 0.0 0.0 0.0  
    0.0 0.0 0.0 0.0 0.0 0.0 0.0 0.0 0.0 0.0 0.0 0.0 0.0 0.0 0.0 0.0 0.0  
    0.0 0.0 0.0 0.0 0.0 0.0 0.0 0.0 0.0 0.0 0.0 0.0 0.0 0.0 0.0 0.0 0.0  
    0.0 
  CHIE = 0.0 0.0 0.0 0.0 0.0 0.0 0.0 0.0 0.0 0.0 0.0 0.0 0.0 0.0 0.0  
    0.0 0.0 0.0 0.0 0.0 0.0 0.0 0.0 0.0 0.0 0.0 0.0 0.0 0.0 0.0 0.0 0.0  
    0.0 0.0 0.0 0.0 0.0 0.0 0.0 0.0 0.0 0.0 0.0 0.0 0.0 0.0 0.0 0.0 0.0  
    0.0 0.0 0.0 0.0 0.0 0.0 0.0 0.0 0.0 0.0 0.0 0.0 0.0 0.0 0.0 0.0 0.0  
    0.0 0.0 0.0 0.0 0.0 0.0 0.0 0.0 0.0 0.0 0.0 0.0 0.0 0.0 0.0 0.0 0.0  
    0.0 0.0 0.0 0.0 0.0 0.0 0.0 0.0 0.0 0.0 0.0 0.0 0.0 0.0 0.0 0.0 0.0  
    0.0 
  CHII = 0.0 0.0 0.0 0.0 0.0 0.0 0.0 0.0 0.0 0.0 0.0 0.0 0.0 0.0 0.0  
    0.0 0.0 0.0 0.0 0.0 0.0 0.0 0.0 0.0 0.0 0.0 0.0 0.0 0.0 0.0 0.0 0.0  
    0.0 0.0 0.0 0.0 0.0 0.0 0.0 0.0 0.0 0.0 0.0 0.0 0.0 0.0 0.0 0.0 0.0  
    0.0 0.0 0.0 0.0 0.0 0.0 0.0 0.0 0.0 0.0 0.0 0.0 0.0 0.0 0.0 0.0 0.0  
    0.0 0.0 0.0 0.0 0.0 0.0 0.0 0.0 0.0 0.0 0.0 0.0 0.0 0.0 0.0 0.0 0.0  
    0.0 0.0 0.0 0.0 0.0 0.0 0.0 0.0 0.0 0.0 0.0 0.0 0.0 0.0 0.0 0.0 0.0  
    0.0 
  P_EQ = 0.0 0.0 0.0 0.0 0.0 0.0 0.0 0.0 0.0 0.0 0.0 0.0 0.0 0.0 0.0  
    0.0 0.0 0.0 0.0 0.0 0.0 0.0 0.0 0.0 0.0 0.0 0.0 0.0 0.0 0.0 0.0 0.0  
    0.0 0.0 0.0 0.0 0.0 0.0 0.0 0.0 0.0 0.0 0.0 0.0 0.0 0.0 0.0 0.0 0.0  
    0.0 0.0 0.0 0.0 0.0 0.0 0.0 0.0 0.0 0.0 0.0 0.0 0.0 0.0 0.0 0.0 0.0  
    0.0 0.0 0.0 0.0 0.0 0.0 0.0 0.0 0.0 0.0 0.0 0.0 0.0 0.0 0.0 0.0 0.0  
    0.0 0.0 0.0 0.0 0.0 0.0 0.0 0.0 0.0 0.0 0.0 0.0 0.0 0.0 0.0 0.0 0.0  
    0.0 
  J_TOT = 3715686.8812833047 3715686.8812833047 3714999.9331369423  
    3713261.871586399 3710799.617831505 3707622.8277460467  
    3703738.3983295974 3699147.709019245 3693850.7598150093  
    3687847.55071688 3681138.081724824 3673722.3528388557  
    3665600.3640590063 3656772.1153852856 3647237.6068176706  
    3636996.8383561075 3626049.8100006 3614396.521751289  
    3602036.973608083 3588971.165570934 3575199.0976398806  
    3560720.76981487 3545536.1820960743 3529645.3344833823  
    3513048.2269766484 3495744.8595761745 3477735.2322817757  
    3459019.3450934514 3439597.1980112954 3419468.7910350678  
    3398634.1241649133 3377093.1974010402 3354846.0107432366  
    3331892.5641914126 3308232.8577457555 3283866.891406312  
    3258794.6651729974 3233016.179045619 3206531.4330243184  
    3179340.4271090277 3151443.161299859 3122839.6355968774  
    3093529.850000147 3063513.8045097417 3032791.4991251277  
    3001362.9338462157 2969228.1086735786 2936387.0236077067  
    2902839.678647818 2868586.073793564 2833626.2090451075  
    2797960.0844031544 2761587.6998675377 2724509.0554377087  
    2686724.151114303 2648232.9868967324 2609035.5627855584  
    2569131.878780468 2528521.934881035 2487205.7310873563  
    2445183.26740017 2402454.5438194894 2359019.5603445456  
    2314878.3169754436 2270030.8137126504 2224477.0505569093  
    2178217.0275066607 2131250.7445621886 2083578.2017241505  
    2035199.3989918532 1986114.336365555 1936323.0138456244  
    1885825.431432015 1834621.5891239576 1782711.4869226322  
    1730095.1248266895 1676772.5028374384 1622743.6209545867  
    1568008.4791767763 1512567.077506035 1456419.4159410074  
    1399565.4944825678 1342005.3131301915 1283738.871882705  
    1224766.1707414095 1165087.2097075302 1104701.9887791367  
    1043610.5079568336 981812.7672398479 919308.7666301177  
    856098.5061276334 792181.9857300172 727559.2054370586  
    662230.165250763 596194.8651712012 529453.3051971772  
    462005.485330575 394403.17111057177 330508.72133504774  
    281357.44684466725 243440.11878891336 
  RHO = 0.0 0.01 0.02 0.03 0.04 0.05 0.06 0.07 0.08 0.09 0.1 0.11 0.12  
    0.13 0.14 0.15 0.16 0.17 0.18 0.19 0.2 0.21 0.22 0.23 0.24 0.25  
    0.26 0.27 0.28 0.29 0.3 0.31 0.32 0.33 0.34 0.35 0.36 0.37 0.38  
    0.39 0.4 0.41 0.42 0.43 0.44 0.45 0.46 0.47 0.48 0.49 0.5 0.51 0.52  
    0.53 0.54 0.55 0.56 0.57 0.58 0.59 0.6 0.61 0.62 0.63 0.64 0.65  
    0.66 0.67 0.68 0.69 0.7 0.71 0.72 0.73 0.74 0.75 0.76 0.77 0.78  
    0.79 0.8 0.81 0.82 0.83 0.84 0.85 0.86 0.87 0.88 0.89 0.9 0.91 0.92  
    0.93 0.94 0.95 0.96 0.97 0.98 0.99 1.0 
  MODEL_PROFILE_NE = 'ped' 
  MODEL_PROFILE_TE = 'ped' 
  MODEL_PROFILE_TI = 'ped' 
  MODEL_PROFILE_DENSITY_BEAM = 'parab' 
  MODEL_PROFILE_J_TOT = 'parab' 
  MODEL_PROFILE_OMEGA = 'parab' 
  MODEL_PROFILE_ZEFF = 'const' 
  MODEL_PROFILE_TBEAMI = 'const' 
  MODEL_PROFILE_DENSITY_ALPHA = 'zero' 
  MODEL_PROFILE_WALPHA = 'zero' 
  MODEL_PROFILE_WBEAM = 'derived' 
  J_TOT_AXIS = 1.0 
  J_TOT_SEP = 0.05 
  J_TOT_ALPHA = 2.0 
  J_TOT_BETA = 1.0 
  DENSITY_BEAM_AXIS = 0.0 
  DENSITY_BEAM_SEP = 0.0 
  DENSITY_BEAM_ALPHA = 1.5 
  DENSITY_BEAM_BETA = 1.5 
  TBEAMI_AXIS = 20.0 
  DENSITY_ION_0 = 13.7978528241394 13.7978528241394 13.7708772502999  
    13.74198125549645 13.7111900966627 13.67852902573785  
    13.6440232946611 13.60769816536055 13.5695788897754  
    13.5296907148504 13.488058902513648 13.4447087096988  
    13.39966537835615 13.35295417540825 13.30460034779985  
    13.254629152464599 13.2030658413417 13.1499356713648  
    13.095263894473101 13.03907576760025 12.98139654268545  
    12.92225147666235 12.86166582147015 12.79966482904805  
    12.73627376132415 12.67151786024875 12.6054223927444  
    12.538012605755851 12.469313756216751 12.39935110106075  
    12.3281498872326 12.255735371665951 12.18213281129445  
    12.1073674580573 12.031464568888149 11.9544493957262  
    11.87634719051065 11.7971832151696 11.71698271165335  
    11.635770946884449 11.55357316780765 11.470414626362151  
    11.38632058447605 11.3013162890941 11.215426997149951  
    11.128677960582799 11.04109443133185 10.95270166633075  
    10.86352491252425 10.77358942185155 10.68292044625185  
    10.59154322767545 10.499483013067099 10.40676503938265  
    10.31341454357795 10.219456742631051 10.12491684852555  
    10.029820058261697 9.934191528884151 9.83805639745975  
    9.7414397261386 9.644366517137401 9.5468616578005 9.44894988563875  
    9.35065571341275 9.2520033542161 9.153016571641901 9.05371850997145  
    8.9541314494462 8.854276406711747 8.75417266533955 8.6538370166705  
    8.553282765919398 8.45251829377335 8.351545053617299  
    8.25035474467535 8.14892539636195 8.0472158444202 7.94515808941335  
    7.8426466785241 7.7395240418494 7.63556041471145 7.530426577949599  
    7.423657398435349 7.314604072141449 7.2023736013968005  
    7.08575610566115 6.9631456395148 6.8324705001033 6.6911678303592  
    6.5362670263170495 6.3646829812507 6.1738429790484  
    5.962726338924799 5.733205590062798 5.4912124309604975  
    5.24689990421715 5.013093887288449 4.80223750695546  
    4.62319574715133 4.4795365690382 
  DENSITY_ION_1 = 13.7978528241394 13.7978528241394 13.7708772502999  
    13.74198125549645 13.7111900966627 13.67852902573785  
    13.6440232946611 13.60769816536055 13.5695788897754  
    13.5296907148504 13.488058902513648 13.4447087096988  
    13.39966537835615 13.35295417540825 13.30460034779985  
    13.254629152464599 13.2030658413417 13.1499356713648  
    13.095263894473101 13.03907576760025 12.98139654268545  
    12.92225147666235 12.86166582147015 12.79966482904805  
    12.73627376132415 12.67151786024875 12.6054223927444  
    12.538012605755851 12.469313756216751 12.39935110106075  
    12.3281498872326 12.255735371665951 12.18213281129445  
    12.1073674580573 12.031464568888149 11.9544493957262  
    11.87634719051065 11.7971832151696 11.71698271165335  
    11.635770946884449 11.55357316780765 11.470414626362151  
    11.38632058447605 11.3013162890941 11.215426997149951  
    11.128677960582799 11.04109443133185 10.95270166633075  
    10.86352491252425 10.77358942185155 10.68292044625185  
    10.59154322767545 10.499483013067099 10.40676503938265  
    10.31341454357795 10.219456742631051 10.12491684852555  
    10.029820058261697 9.934191528884151 9.83805639745975  
    9.7414397261386 9.644366517137401 9.5468616578005 9.44894988563875  
    9.35065571341275 9.2520033542161 9.153016571641901 9.05371850997145  
    8.9541314494462 8.854276406711747 8.75417266533955 8.6538370166705  
    8.553282765919398 8.45251829377335 8.351545053617299  
    8.25035474467535 8.14892539636195 8.0472158444202 7.94515808941335  
    7.8426466785241 7.7395240418494 7.63556041471145 7.530426577949599  
    7.423657398435349 7.314604072141449 7.2023736013968005  
    7.08575610566115 6.9631456395148 6.8324705001033 6.6911678303592  
    6.5362670263170495 6.3646829812507 6.1738429790484  
    5.962726338924799 5.733205590062798 5.4912124309604975  
    5.24689990421715 5.013093887288449 4.80223750695546  
    4.62319574715133 4.4795365690382 
  DENSITY_IMP_0 = 0.0004143955638 0.0004143955638 0.0004135853973  
    0.00041271755415 0.0004117927929 0.00041081187195 0.0004097755497  
    0.00040868458485 0.00040753973580000003 0.0004063417608  
    0.00040509141855 0.0004037894676 0.00040243666605000003  
    0.00040103377274999997 0.00039958154595000003 0.0003980807442  
    0.0003965321259 0.0003949364496 0.00039329447370000005  
    0.00039160695675 0.00038987465715 0.00038809833345 0.00038627874405  
    0.00038441664735 0.00038251280205 0.00038056796625 0.0003785828988  
    0.00037655835795 0.00037449510225 0.00037239389025 0.0003702554802  
    0.00036808063065 0.00036587010015 0.0003636246471 0.00036134503005  
    0.00035903200740000006 0.00035668633755 0.0003543087792  
    0.00035190009045 0.00034946103015 0.00034699235655000004  
    0.00034449482805 0.00034196920335 0.0003394162407 0.00033683669865  
    0.0003342313356 0.00033160090995 0.00032894618025000003  
    0.00032626790475 0.00032356684185000004 0.00032084374995  
    0.00031809938715 0.0003153345117 0.00031254988155  
    0.00030974625465000005 0.00030692438835000003 0.00030408503985  
    0.0003012289658999999 0.00029835692205000005 0.00029546966325000003  
    0.00029256794219999997 0.0002896525098 0.0002867241135  
    0.00028378349625000004 0.00028083139425 0.0002778685347  
    0.0002748956313 0.00027191337915 0.0002689224474  
    0.0002659234672499999 0.00026291701785 0.0002599036035  
    0.0002568836238 0.00025385733045 0.00025082476709999997  
    0.00024778568445000003 0.00024473942265 0.00024168474540000004  
    0.00023861961045 0.0002355408507 0.0002324437338 0.00022932135915  
    0.00022616383919999997 0.00022295720444999998 0.00021968196915  
    0.0002163113136 0.00021280890105 0.00020912649960000003  
    0.0002052018891 0.0002009580984 0.00019630591035 0.0001911526689  
    0.0001854211068 0.0001790805696 0.00017218729559999993  
    0.00016491943349999992 0.00015758191305 0.00015055993815  
    0.00014422721742 0.00013884999591 0.0001345354314 
  DENSITY_TH = 27.5961200438426 27.5961200438426 27.5421680859971  
    27.484375228547048 27.4227919861183 27.357468863347652  
    27.288456364871898 27.21580501530595 27.1395653192866  
    27.0597877714616 26.976522896445847 26.8898212088652  
    26.79973319337835 26.70630938458925 26.60960027714565  
    26.5096563856734 26.406528214809303 26.300266279179198  
    26.1909210834199 26.07854314215725 25.96318296002805  
    25.84489105165815 25.723717921684347 25.59971407474345  
    25.47293003545035 25.34341628846375 25.2112233683876  
    25.07640176986965 24.939002007535752 24.79907459601175  
    24.6566700299454 24.511838823962552 24.36463149268905  
    24.2150985407617 24.063290482806348 23.9092578234598  
    23.75305106735885 23.5947207391184 23.43431732339715  
    23.27189135479905 23.107493327971852 22.94117374755235  
    22.77298313815545 22.6029719944289 22.431190830998553  
    22.257690152501198 22.082520463573648 21.90573227884175  
    21.72737609295325 21.54750241054495 21.366161736253652  
    21.18340455473805 20.9992813606459 20.81384262864685  
    20.62713883341055 20.439220409650453 20.25013778209095  
    20.059941345489293 19.86868141469035 19.67640826458275  
    19.4831720202194 19.2890226867846 19.0940100397145  
    18.898183554773752 18.70159225821975 18.5042845769669  
    18.306308038915102 18.10770893332205 17.9085318213398  
    17.708818736890745 17.508608247696948 17.3079339369445  
    17.106822415462595 16.90529044487715 16.703340932001698  
    16.50095727503515 16.29809553214655 16.094673373585803  
    15.89055479843715 15.6855288978989 15.4792805274326  
    15.27135015078205 15.061079319738397 14.847537754075148  
    14.629427826252048 14.404963514107202 14.17172502022335  
    13.9265004055292 13.6651462020957 13.3825366188168  
    13.07273035854445 12.729557115170302 12.3478713792036  
    11.925631758419199 11.466583367421196 10.982589781354495  
    10.49395739034735 10.02633833451505 9.60461924112834  
    9.24653034429857 8.9592076735078 
  NI = 27.5957056482788 27.5957056482788 27.5417545005998  
    27.4839625109929 27.4223801933254 27.3570580514757 27.2880465893222  
    27.2153963307211 27.1391577795508 27.0593814297008  
    26.976117805027297 26.8894174193976 26.7993307567123  
    26.7059083508165 26.6092006955997 26.509258304929197  
    26.4061316826834 26.2998713427296 26.190527788946202  
    26.0781515352005 25.9627930853709 25.8445029533247 25.7233316429403  
    25.5993296580961 25.4725475226483 25.3430357204975 25.2108447854888  
    25.076025211511702 24.938627512433502 24.7987022021215  
    24.6562997744652 24.511470743331902 24.3642656225889  
    24.2147349161146 24.062929137776297 23.9088987914524  
    23.7526943810213 23.5943664303392 23.4339654233067  
    23.271541893768898 23.1071463356153 22.940829252724303  
    22.7726411689521 22.6026325781882 22.430853994299902  
    22.257355921165598 22.0821888626637 21.9054033326615  
    21.7270498250485 21.5471788437031 21.3658408925037 21.1830864553509  
    20.998966026134198 20.8135300787653 20.6268290871559  
    20.438913485262102 20.2498336970511 20.059640116523394  
    19.868383057768302 19.6761127949195 19.4828794522772  
    19.288733034274802 19.093723315601 18.8978997712775  
    18.7013114268255 18.5040067084322 18.306033143283802  
    18.1074370199429 17.9082628988924 17.708552813423495  
    17.5083453306791 17.307674033341 17.106565531838797  
    16.9050365875467 16.703090107234598 16.5007094893507  
    16.2978507927239 16.0944316888404 15.8903161788267 15.6852933570482  
    15.4790480836988 15.2711208294229 15.060853155899197  
    14.847314796870698 14.629208144282899 14.404747202793601  
    14.1715122113223 13.9262912790296 13.6649410002066 13.3823356607184  
    13.072534052634099 12.7293659625014 12.3476859580968  
    11.925452677849599 11.466411180125595 10.982424861920995  
    10.4937998084343 10.026187774576899 9.60447501391092  
    9.24639149430266 8.9590731380764 
  NZ = 0.0004143955638 0.0004143955638 0.0004135853973 0.00041271755415  
    0.0004117927929 0.00041081187195 0.0004097755497 0.00040868458485  
    0.00040753973580000003 0.0004063417608 0.00040509141855  
    0.0004037894676 0.00040243666605000003 0.00040103377274999997  
    0.00039958154595000003 0.0003980807442 0.0003965321259  
    0.0003949364496 0.00039329447370000005 0.00039160695675  
    0.00038987465715 0.00038809833345 0.00038627874405 0.00038441664735  
    0.00038251280205 0.00038056796625 0.0003785828988 0.00037655835795  
    0.00037449510225 0.00037239389025 0.0003702554802 0.00036808063065  
    0.00036587010015 0.0003636246471 0.00036134503005  
    0.00035903200740000006 0.00035668633755 0.0003543087792  
    0.00035190009045 0.00034946103015 0.00034699235655000004  
    0.00034449482805 0.00034196920335 0.0003394162407 0.00033683669865  
    0.0003342313356 0.00033160090995 0.00032894618025000003  
    0.00032626790475 0.00032356684185000004 0.00032084374995  
    0.00031809938715 0.0003153345117 0.00031254988155  
    0.00030974625465000005 0.00030692438835000003 0.00030408503985  
    0.0003012289658999999 0.00029835692205000005 0.00029546966325000003  
    0.00029256794219999997 0.0002896525098 0.0002867241135  
    0.00028378349625000004 0.00028083139425 0.0002778685347  
    0.0002748956313 0.00027191337915 0.0002689224474  
    0.0002659234672499999 0.00026291701785 0.0002599036035  
    0.0002568836238 0.00025385733045 0.00025082476709999997  
    0.00024778568445000003 0.00024473942265 0.00024168474540000004  
    0.00023861961045 0.0002355408507 0.0002324437338 0.00022932135915  
    0.00022616383919999997 0.00022295720444999998 0.00021968196915  
    0.0002163113136 0.00021280890105 0.00020912649960000003  
    0.0002052018891 0.0002009580984 0.00019630591035 0.0001911526689  
    0.0001854211068 0.0001790805696 0.00017218729559999993  
    0.00016491943349999992 0.00015758191305 0.00015055993815  
    0.00014422721742 0.00013884999591 0.0001345354314 
  DENSITY_HE = 2.5304076443752193 2.5304076443752193 2.5112302629475414  
    2.490468377466823 2.468148450277079 2.444297035181377  
    2.418940885647451 2.392107064256153 2.3638230406242675  
    2.334116794867808 2.303016941527248 2.2705528192385733  
    2.2367546120164024 2.2016534679055635 2.1652816067691862  
    2.1276724602646473 2.0888607834287813 2.0488828103344634  
    2.0077763796786834 1.9655810952492012 1.9223384749898256  
    1.8780921191928561 1.8328878723077513 1.786774004358855  
    1.7398013889233832 1.6920236740489958 1.6434974812105905  
    1.5942825720972311 1.544442028707841 1.4940424251427946  
    1.4431539785361733 1.3918506896049037 1.3402104637069616  
    1.2883151956620016 1.2362508224169162 1.1841073385057137  
    1.1319787543970647 1.079962996052801 1.0281617399543777  
    0.9766801644074358 0.9256266218127025 0.8751122065460749  
    0.8252502200960872 0.7761555352600822 0.7279438329218217  
    0.6807307301510026 0.6346307873480852 0.5897564156296558  
    0.5462166768162193 0.5041160036340837 0.46355286236341364  
    0.42461837851891127 0.3873949666285412 0.35195499591694646  
    0.31835953883209805 0.2866572422948681 0.2568833712811236  
    0.2290590628605122 0.20319083025325563 0.17927034946047068  
    0.15727454659877269 0.1371659996320106 0.1188936482420455  
    0.10239379853700309 0.08759139211120581 0.07440149991862247  
    0.06273098993452286 0.05248031311158545 0.04354534683713811  
    0.03581923522269462 0.02919417182876751 0.023563071936926805  
    0.018821094954672962 0.014866984361896884 0.011604204990351339  
    0.008941867248899749 0.00679543784983019 0.005087243895916409  
    0.0037467836897029333 0.0027108610924940846 0.0019235625139784772  
    0.0013360960799087525 0.0009065118870166813 0.000599321392978188  
    0.0003850330395635122 0.00023962074642417178 0.0001439421823791158  
    8.312458926674855e-05 4.593715388414423e-05 2.416998972579947e-05  
    1.204014392397818e-05 5.64401122977062e-06 2.472810023990529e-06  
    1.0032253450268786e-06 3.6937930941495797e-07 1.158194680295639e-07  
    2.485386776086867e-08 1.918833918747082e-09 1.883119249961668e-11  
    4.89562503516686e-14 8.866121813691982e-16 
  _NZ_0 = 0.0004143955638 0.0004143955638 0.0004135853973  
    0.00041271755415 0.0004117927929 0.00041081187195 0.0004097755497  
    0.00040868458485 0.00040753973580000003 0.0004063417608  
    0.00040509141855 0.0004037894676 0.00040243666605000003  
    0.00040103377274999997 0.00039958154595000003 0.0003980807442  
    0.0003965321259 0.0003949364496 0.00039329447370000005  
    0.00039160695675 0.00038987465715 0.00038809833345 0.00038627874405  
    0.00038441664735 0.00038251280205 0.00038056796625 0.0003785828988  
    0.00037655835795 0.00037449510225 0.00037239389025 0.0003702554802  
    0.00036808063065 0.00036587010015 0.0003636246471 0.00036134503005  
    0.00035903200740000006 0.00035668633755 0.0003543087792  
    0.00035190009045 0.00034946103015 0.00034699235655000004  
    0.00034449482805 0.00034196920335 0.0003394162407 0.00033683669865  
    0.0003342313356 0.00033160090995 0.00032894618025000003  
    0.00032626790475 0.00032356684185000004 0.00032084374995  
    0.00031809938715 0.0003153345117 0.00031254988155  
    0.00030974625465000005 0.00030692438835000003 0.00030408503985  
    0.0003012289658999999 0.00029835692205000005 0.00029546966325000003  
    0.00029256794219999997 0.0002896525098 0.0002867241135  
    0.00028378349625000004 0.00028083139425 0.0002778685347  
    0.0002748956313 0.00027191337915 0.0002689224474  
    0.0002659234672499999 0.00026291701785 0.0002599036035  
    0.0002568836238 0.00025385733045 0.00025082476709999997  
    0.00024778568445000003 0.00024473942265 0.00024168474540000004  
    0.00023861961045 0.0002355408507 0.0002324437338 0.00022932135915  
    0.00022616383919999997 0.00022295720444999998 0.00021968196915  
    0.0002163113136 0.00021280890105 0.00020912649960000003  
    0.0002052018891 0.0002009580984 0.00019630591035 0.0001911526689  
    0.0001854211068 0.0001790805696 0.00017218729559999993  
    0.00016491943349999992 0.00015758191305 0.00015055993815  
    0.00014422721742 0.00013884999591 0.0001345354314 
  PNBE = 0.0 
  PNBI = 0.0 
  PRFE = 0.0 
  PRFI = 0.0 
  PFUSE = 45.64518792270025 
  PFUSI = 15.086371490055312 
  PEI = 2.198252932510716 
  PRAD = -7.817503679751807 
  AREA = 240.7096814 
/


