 19-Aug-25 07/09/2014
     1               1
  0.300000000E+01
*   3.000             1               0 MAR   3   2 CLC    40   41
  0.000000000E+00 0.170000000E+03 0.200000000E+01 0.679320679E+06
  0.679320679E+06 0.172165574E+03 0.813575082E+00 0.413963431E+02
  0.134427798E+01-0.372694178E+00-0.308527882E+00 0.775258284E+07
  0.176539493E+03 0.182887499E+01 0.230619263E+01 0.107140227E+01
  0.539489608E+00 0.860246840E+00 0.100000000E+11 0.106139099E+02
  0.100000000E+11 0.100000000E+11 0.200951881E+01-0.122458356E+01
  0.768725867E+02 0.107395678E+03 0.527119222E+02
  0.000000000E+00 0.000000000E+00 0.000000000E+00
  0.826117064E+02 0.796090013E+02
  0.000000000E+00 0.000000000E+00
  0.164016290E+01 0.278302650E+00 0.202730062E+01 0.924925679E+00
  0.766532752E+00 0.220262424E+01-0.500000000E+02-0.500000000E+02
 -0.500000000E+02 0.303455957E+00 0.705894642E+04 0.193337262E+06
  0.755054123E-04 0.128946084E+01 0.963752738E+00 0.652638902E-02
  0.127900140E+01 0.172727040E+03 0.000000000E+00 0.000000000E+00
 -0.999000000E+03-0.999000000E+03-0.999000000E+03-0.999000000E+03
 -0.100000000E+03-0.500000000E+02 0.194557116E+01 0.191593799E+01
  0.748457699E+01 0.397790516E+02 0.100000000E+03 0.106139099E+02
  0.177458770E+03 0.205032685E+01 0.466882007E+00 0.000000000E+00
  0.100623177E+01 0.199833136E+01 0.360603971E+06 0.000000000E+00
  0.000000000E+00 0.000000000E+00 0.856094725E+00 0.100000000E+02
    44   60   18    6
  0.174902022E+00 0.137481044E+00 0.188635433E+00 0.153087140E+00
  0.679342145E-01-0.194952609E-01 0.546055845E+00-0.696859658E-01
 -0.475376461E+00 0.244493985E+00 0.142917909E+00 0.176826430E-01
 -0.424120969E-01-0.705822942E-01-0.868012147E-01 0.559112619E+00
 -0.777065132E-01-0.174809808E-02 0.217670982E+00 0.157125496E+00
  0.165289107E+00 0.169077897E+00 0.102566661E+00 0.215856001E-01
 -0.337839747E+00 0.404791532E+00 0.434176660E+00 0.267253038E-01
  0.780063692E-01 0.202952634E+00 0.829887066E-01-0.106077952E-01
 -0.478147406E-01-0.622445884E-01 0.110045442E+00 0.481643818E+00
  0.470776290E+00-0.457053591E-01 0.254340844E-01-0.263057928E-01
  0.488471153E-02 0.189351806E-01 0.670142883E-01 0.130026339E+00
  0.108526312E+00 0.242863314E+00 0.236016708E+00-0.155560318E+00
 -0.259967982E+00-0.400123039E-01 0.292900130E+00 0.644758333E+00
  0.296490202E+00-0.159163600E+00-0.335313128E+00-0.879667456E-01
  0.235447184E+00 0.320501892E+00 0.254202765E+00-0.389067548E-01
  0.123470518E+00 0.257787108E+00 0.185359211E+00 0.202435386E+00
  0.211026674E+00 0.201953826E+00 0.267004270E+00-0.104499068E+00
 -0.314801423E+00-0.288499153E+00-0.617421695E-01 0.299989436E+00
  0.359050509E+00 0.271482957E+00 0.397378630E+00 0.772889007E+00
  0.308933205E+00 0.418226545E-01-0.195908151E+00-0.271272811E+00
 -0.697364298E-01 0.892788554E-01 0.319157369E+00 0.251939410E+00
  0.360965040E+00 0.107722575E+00-0.604374618E-01-0.251247404E+00
 -0.307261506E+00-0.105166731E+00 0.263496757E+00 0.202943812E+00
  0.210025476E+00 0.202729403E+00 0.182261584E+00 0.254790738E+00
  0.125356988E+00-0.352745901E-01 0.111279197E+00 0.242747865E+00
  0.238261425E+00-0.140977196E+00-0.265307760E+00-0.380444793E-01
  0.259060646E+05-0.527991661E+05 0.257057552E+06 0.246629188E+06
  0.105834797E+06-0.314354201E+06 0.621293572E+06-0.457502577E+05
 -0.781180486E+06 0.344722745E+06 0.854056698E+05-0.121778292E+06
 -0.117949533E+06-0.105547558E+06-0.412995789E+06 0.564773189E+06
 -0.126848389E+06-0.146821720E+06
  0.000000000E+00 0.000000000E+00 0.000000000E+00 0.000000000E+00
  0.000000000E+00 0.000000000E+00
  0.000000000E+00 0.000000000E+00 0.000000000E+00 0.000000000E+00
  0.000000000E+00 0.000000000E+00 0.000000000E+00 0.000000000E+00
  0.000000000E+00 0.000000000E+00 0.555472019E+02 0.000000000E+00
  0.237387162E+00 0.771991881E+00 0.400000006E+02-0.143424773E+00
 -0.115211136E+01 0.000000000E+00 0.999000000E+03 0.191289497E+01
 -0.100000000E+02 0.963752738E+00 0.000000000E+00 0.402944195E-01
 -0.100000000E+02 0.000000000E+00 0.219562134E+01 0.000000000E+00
  0.135501968E+00 0.253524360E+01 0.130769231E+01 0.213344859E+01
  0.337777849E+02 0.316506605E+01-0.890000000E+02-0.890000000E+02
 -0.890000000E+02-0.890000000E+02-0.890000000E+02-0.890000000E+02
 -0.890000000E+02-0.890000000E+02-0.890000000E+02-0.890000000E+02
 -0.890000000E+02-0.890000000E+02-0.890000000E+02-0.890000000E+02
 -0.890000000E+02 0.000000000E+00 0.707095157E+00 0.947066635E+00
  0.141385914E+03 0.184937500E+03 0.000000000E+00 0.823414354E+00
  0.100000000E+01 0.000000000E+00 0.000000000E+00 0.000000000E+00
                                            EQG
