&INEFIT
  IP = 10000000.0 
  R0 = 4.55 
  B0 = 11.0 
  NRHO = 101 
  RHO = 0.0 0.01 0.02 0.03 0.04 0.05 0.06 0.07 0.08 0.09 0.1 0.11 0.12  
    0.13 0.14 0.15 0.16 0.17 0.18 0.19 0.2 0.21 0.22 0.23 0.24 0.25  
    0.26 0.27 0.28 0.29 0.3 0.31 0.32 0.33 0.34 0.35000000000000003  
    0.36 0.37 0.38 0.39 0.4 0.41000000000000003 0.42 0.43 0.44 0.45  
    0.46 0.47000000000000003 0.48 0.49 0.5 0.51 0.52 0.53 0.54 0.55  
    0.56 0.5700000000000001 0.58 0.59 0.6 0.61 0.62 0.63 0.64 0.65 0.66  
    0.67 0.68 0.6900000000000001 0.7000000000000001 0.71 0.72 0.73 0.74  
    0.75 0.76 0.77 0.78 0.79 0.8 0.81 0.8200000000000001  
    0.8300000000000001 0.84 0.85 0.86 0.87 0.88 0.89 0.9 0.91 0.92 0.93  
    0.9400000000000001 0.9500000000000001 0.96 0.97 0.98 0.99 1.0 
  PRESS = 1640073.9524987442 1637676.003659321 1630299.8446967797  
    1619981.8128936721 1608944.9030438038 1597209.2774443945  
    1584795.3288870868 1571723.6595422963 1558015.0598792061  
    1543690.488208165 1528771.0499900933 1513277.9774926603  
    1497232.610890516 1480656.3785819102 1463570.7780648884  
    1445997.3577695272 1427957.6982235715 1409473.3944754337  
    1390566.0389229544 1371257.2034366243 1351568.4227187962  
    1331521.1781538508 1311136.8815526937 1290436.8594432941  
    1269442.3375479125 1248174.4256351606 1226654.1028042308  
    1204902.2035410013 1182939.4041968093 1160786.2084726146  
    1138462.934160305 1115989.701424135 1093386.4196444126  
    1070672.774998842 1047868.219529027 1024991.9596357153  
    1002062.9449167438 979099.8575859426 956121.1027126153  
    933144.7984330087 910188.766004594 887270.5214687461  
    864407.2667553775 841615.8810745715 818912.9136904867  
    796314.5761313115 773836.7350310109 751494.9053208957  
    729304.2436066187 707279.5423347843 685435.2238440131  
    663785.3344865736 642343.5392959989 621123.117307317  
    600136.9567015537 579397.5499178492 558916.9892092246  
    538706.9623431689 518778.7488133931 499143.21597381216  
    479810.81489072565 460791.576896671 442095.11056339345  
    423730.5983578077 405706.79371277406 388032.018487568  
    370714.1606664765 353760.6725867522 337178.56924384675  
    320974.4271866364 305154.3839822714 289724.1379995941  
    274688.9488634905 260053.63829264883 245822.59154838938  
    231999.75943821223 218588.66066222216 205592.384606969  
    193013.59431977657 180854.5293156777 169117.0076137235  
    157802.42556270957 146911.7527000699 136445.51641168763  
    126403.7656119743 116785.99203008709 107590.9672093747  
    98816.41306285044 90458.34549933308 82509.78126234747  
    74958.2173620505 67780.77740985528 60935.01287020032  
    54341.80227589292 47853.61279731085 41189.67063213404  
    33788.24153934321 24821.29209264662 14893.007807738155  
    7059.980498783938 4203.222186063894 
  JPAR = 3059688.9143572175 3059547.4971916107 3058906.860398258  
    3057542.951509318 3055517.3920996687 3052902.8785386984  
    3049704.5222611898 3045924.3110537045 3041562.5288912226  
    3036619.175773746 3031094.2517012735 3024987.7566738045  
    3018299.690691327 3011030.053753851 3003178.8458613795  
    2994746.0670139114 2985731.7172114477 2976135.7964539817  
    2965958.304741507 2955199.24207406 2943858.608451648  
    2931936.4038742147 2919432.628341733 2906347.2818542845  
    2892680.3644118607 2878431.876014403 2863601.816661993  
    2848190.1863546367 2832196.985092207 2815622.2128747054  
    2798465.8697022186 2780727.9555747793 2762408.4704923644  
    2743507.4144549314 2724024.787462541 2703960.589515199  
    2683314.8206127705 2662087.4807553086 2640278.5699429912  
    2617888.0881755855 2594916.0354529214 2571362.4117753375  
    2547227.217143037 2522510.4515559254 2497212.1150136525  
    2471332.2075161035 2444870.7290637307 2417827.6796565247  
    2390203.059294038 2361996.8679764313 2333209.105704041  
    2303839.7724766997 2273888.868294359 2243356.3931571427  
    2212242.3470648876 2180546.730017609 2148269.54201534  
    2115410.783057898 2081970.453145333 2047948.552277829  
    2013345.0804553167 1978160.0376779293 1942393.4239459136  
    1906045.239258786 1869115.4836163379 1831604.1570190843  
    1793511.2594669622 1754836.7909594527 1715580.7514968428  
    1675743.1410798281 1635323.9597077891 1594323.2073800985  
    1552740.8840977212 1510576.9898606583 1467831.5246681524  
    1424504.488520685 1380595.8814182524 1336105.7033606714  
    1291033.9543484314 1245380.6343815068 1199145.7434594624  
    1152329.2815819925 1104931.24874952 1056951.644962639  
    1008390.4702206979 959247.724522955 909523.4078700704  
    859217.5202629361 808330.0617010699 756861.0321836749  
    704810.4317110764 652178.2602836204 598964.5179011213  
    545169.204563654 490792.3202714354 435833.865024114  
    380407.4268991013 325535.2985913287 275193.06279987266  
    233996.9389788084 216072.74040390967 
  NLIM = 5 
  RLIM = 5.8 3.3 3.3 5.8 5.8 
  ZLIM = 1.6878788924654637 1.6878788924654637 -1.6878788924654637  
    -1.6878788924654637 1.6878788924654637 
  NBDRY = 15 
  RBDRY = 5.75 5.717889612279765 5.599231274196216 5.333894952548324  
    4.862048988436734 4.215741544340384 3.606248672667517  
    3.3499999999999996 3.606248672667517 4.215741544340384  
    4.862048988436735 5.333894952548324 5.599231274196216  
    5.717889612279765 5.75 
  ZBDRY = 0.0 0.7289246817174976 1.3134768905462901 1.6378788924654637  
    1.6378788924654637 1.3134768905462901 0.7289246817174978  
    2.0574066225675533e-16 -0.7289246817174975 -1.31347689054629  
    -1.6378788924654637 -1.6378788924654637 -1.3134768905462901  
    -0.728924681717498 -4.1148132451351065e-16 
/

