&IN1
  ICONVR = 3 
  MXITER = -1 
  NXITER = 51 
  ERROR = 0.0001 
  RELAX = 0.5 
  IOUT = 4 
  ICURRT = 2 
  KPPFNC = 6 
  KPPCUR = 3 
  KFFFNC = 6 
  KFFCUR = 3 
  ISHOT = 1 
  ITIME = 3 
  ITIMEU = 0 
  ITEK = 0 
  ITRACE = 1 
  PLASMA = 10000000.0 
  BTOR = 11.0 
  RCENTR = 4.55 
  RZERO = 4.55 
  LIMITR = 5 
  XLIM = 5.8 3.3 3.3 5.8 5.8 
  YLIM = 1.6878788924654637 1.6878788924654637 -1.6878788924654637  
    -1.6878788924654637 1.6878788924654637 
  NBDRY = 15 
  RBDRY = 5.75 5.717889612279765 5.599231274196216 5.333894952548324  
    4.862048988436734 4.215741544340384 3.606248672667517  
    3.3499999999999996 3.606248672667517 4.215741544340384  
    4.862048988436735 5.333894952548324 5.599231274196216  
    5.717889612279765 5.75 
  ZBDRY = 0.0 0.7289246817174976 1.3134768905462901 1.6378788924654637  
    1.6378788924654637 1.3134768905462901 0.7289246817174978  
    2.0574066225675533e-16 -0.7289246817174975 -1.31347689054629  
    -1.6378788924654637 -1.6378788924654637 -1.3134768905462901  
    -0.728924681717498 -4.1148132451351065e-16 
  IERCHK = 0 
  NEXTRA = 0 
  SCRAPE = 0.01 
  PSIBRY = 0.0 
  CFCOIL = -10.0 
  ENP = 1.0 
  EMP = 1.0 
  FCURBD = 0 
  PCURBD = 0 
  FCZERO = 1.0 1.0 1.0 1.0 1.0 1.0 1.0 1.0 1.0 1.0 1.0 1.0 1.0 1.0 1.0  
    1.0 
  FCSUM = 1.0 1.0 1.0 1.0 1.0 1.0 1.0 1.0 1.0 1.0 1.0 1.0 1.0 1.0 1.0  
    1.0 
  IFREF = 2 
  PRBDRY = 4203.222186063894 
  KBETAPR = 1 
  FWTBDRY = 1.0 1.0 1.0 1.0 1.0 1.0 1.0 1.0 1.0 1.0 1.0 1.0 1.0 1.0 1.0 
  FWTBDRY(2) = 10.0 
  FWTBDRY(3) = 10.0 
  FWTBDRY(4) = 10.0 
  FWTBDRY(5) = 10.0 
  FWTBDRY(9) = 10.0 
  FWTBDRY(10) = 10.0 
  FWTBDRY(11) = 10.0 
  FWTBDRY(12) = 10.0 
/

&PROFILE_EXT
  NPSI_EXT = 257 
  PSIN_EXT = 0.0 0.00390625 0.0078125 0.01171875 0.015625 0.01953125  
    0.0234375 0.02734375 0.03125 0.03515625 0.0390625 0.04296875  
    0.046875 0.05078125 0.0546875 0.05859375 0.0625 0.06640625  
    0.0703125 0.07421875 0.078125 0.08203125 0.0859375 0.08984375  
    0.09375 0.09765625 0.1015625 0.10546875 0.109375 0.11328125  
    0.1171875 0.12109375 0.125 0.12890625 0.1328125 0.13671875 0.140625  
    0.14453125 0.1484375 0.15234375 0.15625 0.16015625 0.1640625  
    0.16796875 0.171875 0.17578125 0.1796875 0.18359375 0.1875  
    0.19140625 0.1953125 0.19921875 0.203125 0.20703125 0.2109375  
    0.21484375 0.21875 0.22265625 0.2265625 0.23046875 0.234375  
    0.23828125 0.2421875 0.24609375 0.25 0.25390625 0.2578125  
    0.26171875 0.265625 0.26953125 0.2734375 0.27734375 0.28125  
    0.28515625 0.2890625 0.29296875 0.296875 0.30078125 0.3046875  
    0.30859375 0.3125 0.31640625 0.3203125 0.32421875 0.328125  
    0.33203125 0.3359375 0.33984375 0.34375 0.34765625 0.3515625  
    0.35546875 0.359375 0.36328125 0.3671875 0.37109375 0.375  
    0.37890625 0.3828125 0.38671875 0.390625 0.39453125 0.3984375  
    0.40234375 0.40625 0.41015625 0.4140625 0.41796875 0.421875  
    0.42578125 0.4296875 0.43359375 0.4375 0.44140625 0.4453125  
    0.44921875 0.453125 0.45703125 0.4609375 0.46484375 0.46875  
    0.47265625 0.4765625 0.48046875 0.484375 0.48828125 0.4921875  
    0.49609375 0.5 0.50390625 0.5078125 0.51171875 0.515625 0.51953125  
    0.5234375 0.52734375 0.53125 0.53515625 0.5390625 0.54296875  
    0.546875 0.55078125 0.5546875 0.55859375 0.5625 0.56640625  
    0.5703125 0.57421875 0.578125 0.58203125 0.5859375 0.58984375  
    0.59375 0.59765625 0.6015625 0.60546875 0.609375 0.61328125  
    0.6171875 0.62109375 0.625 0.62890625 0.6328125 0.63671875 0.640625  
    0.64453125 0.6484375 0.65234375 0.65625 0.66015625 0.6640625  
    0.66796875 0.671875 0.67578125 0.6796875 0.68359375 0.6875  
    0.69140625 0.6953125 0.69921875 0.703125 0.70703125 0.7109375  
    0.71484375 0.71875 0.72265625 0.7265625 0.73046875 0.734375  
    0.73828125 0.7421875 0.74609375 0.75 0.75390625 0.7578125  
    0.76171875 0.765625 0.76953125 0.7734375 0.77734375 0.78125  
    0.78515625 0.7890625 0.79296875 0.796875 0.80078125 0.8046875  
    0.80859375 0.8125 0.81640625 0.8203125 0.82421875 0.828125  
    0.83203125 0.8359375 0.83984375 0.84375 0.84765625 0.8515625  
    0.85546875 0.859375 0.86328125 0.8671875 0.87109375 0.875  
    0.87890625 0.8828125 0.88671875 0.890625 0.89453125 0.8984375  
    0.90234375 0.90625 0.91015625 0.9140625 0.91796875 0.921875  
    0.92578125 0.9296875 0.93359375 0.9375 0.94140625 0.9453125  
    0.94921875 0.953125 0.95703125 0.9609375 0.96484375 0.96875  
    0.97265625 0.9765625 0.98046875 0.984375 0.98828125 0.9921875  
    0.99609375 1.0 
  PPRIME_EXT = 650553.9734088839 642275.5268610925 634105.4060182418  
    626043.6108803311 618090.1414473607 610244.9977193307  
    602508.1796962409 594879.6873780915 587359.5207648824  
    579947.6798566137 572644.1646532852 565448.975154897  
    558362.1113614491 551383.5732729415 544513.3608893743  
    537751.4742107473 531097.9132370605 524552.6779683143  
    518115.7684045082 511787.1845456424 505566.926391717  
    499454.9939427318 493451.38719868707 487556.1061595825  
    481769.15082541824 476090.52119619434 470337.18166374404  
    464518.52802803577 458908.79170562315 453504.3805027258  
    448302.4629544242 443277.5313183086 438403.9031994172  
    433677.7726733647 429109.5935954784 424676.25973803666  
    420346.3390273289 416141.63294073223 412059.91605956625  
    408058.13574990234 404173.24888999225 400379.2702682975  
    396654.410325089 393038.3690427564 389474.83690311085  
    386005.0157513022 382596.19520453666 379256.9157105828  
    375986.50774730294 372770.4550913531 369621.3043829248  
    366522.1030638142 363480.41443187476 360490.694814139  
    357546.44998481905 354657.6530504858 351804.29656995786  
    349006.2776135497 346240.77915811853 343521.8959500503  
    340843.6094558325 338192.89910360967 335599.61900125386  
    333011.7048485816 330493.9174178835 327974.4102386199  
    325511.9931785362 323075.6594632069 320648.5457562711  
    318293.7604898345 315917.4569219977 313598.0045091731  
    311309.8212243515 309011.9219167104 306788.04568537726  
    304554.2775089379 302342.58964042255 300193.39804336533  
    298015.2153186826 295878.75008999894 293788.9087233712  
    291672.17143633607 289606.99197217874 287576.58060443716  
    285516.45050793287 283505.21584606875 281528.9500713145  
    279526.5027202376 277567.2754483269 275647.1090756494  
    273698.1180678953 271775.5014848085 269903.77829031425  
    268014.91545782215 266130.88591812656 264298.749694715  
    262466.05716221005 260619.1093489525 258817.12882192442  
    257041.69737713016 255241.93832550367 253456.82958569727  
    251719.11350932636 249981.03763104213 248225.92425648888  
    246502.78217125952 244812.3645765803 243109.15226367416  
    241403.54269473057 239734.19454674592 238082.60872315225  
    236416.0941203424 234757.84319514106 233133.6766340417  
    231518.31831005198 229889.75632098832 228273.24428407592  
    226687.5303189651 225108.26664754032 223517.58768740203  
    221937.03195337456 220384.6605296034 218841.34683928144  
    217288.03248767916 215738.91609960367 214215.28476811608  
    212706.55896514643 211189.9595907936 209669.9659567725  
    208171.05292034318 206693.67825609073 205212.7639359451  
    203721.92998389946 202244.91237671667 200793.81215414795  
    199346.23857117502 197886.31599043455 196430.93173598842  
    195000.1584140178 193581.1296858333 192153.8329703897  
    190723.3427321326 189307.87618428422 187909.72957681096  
    186514.31393448543 185114.01834399544 183713.4592898682  
    182328.03953926224 180959.3028043497 179589.4450943753  
    178210.53484829812 176837.5081221703 175485.0363739826  
    174140.4229069528 172788.7936644791 171434.70511133934  
    170091.1373842854 168761.77284962477 167437.08841133228  
    166108.9837056899 164776.94173958286 163454.47882172972  
    162149.0265729921 160845.6488469759 159533.96905078218  
    158222.56841084996 156925.1554524109 155638.14199493645  
    154350.1973087403 153059.1102248052 151767.47473837808  
    150486.03350569954 149217.2915410134 147948.00862314925  
    146670.93477377447 145395.69078522036 144134.75262895957  
    142881.08577438482 141623.69940788927 140363.291755686  
    139105.01632217848 137856.62916441594 136616.6166862014  
    135374.43899235845 134125.53878446738 132879.87408367702  
    131647.708935266 130419.89744095269 129186.05118801128  
    127949.30245672302 126718.4419094403 125496.64010473556  
    124277.49779708716 123054.69378764578 121827.66821955264  
    120606.28393284015 119396.004560831 118185.94724926345  
    116968.23499497405 115749.91842719063 114541.76306593133  
    113339.52115132613 112133.15796750231 110922.61127436989  
    109714.83643918886 108515.30432131415 107319.23403912481  
    106119.07676680532 104915.28789455577 103717.71847909529  
    102529.66188974617 101341.11464928772 100146.90182751042  
    98955.9623731583 97777.32120048782 96604.1594467257  
    95427.36612102504 94253.05837069987 93094.07058365109  
    91948.20594797577 90804.42587483225 89668.58608345228  
    88556.67835829317 87468.49789374458 86395.60016968654  
    85348.74833002884 84345.47174616251 83384.73816145668  
    82472.46261473042 81629.89860460852 80867.89873185247  
    80200.610935921 79658.63209559774 79261.59353642448  
    79025.2598059561 79027.90643831456 79332.77524304824  
    79940.05300721904 80963.17038808583 82553.91768462787  
    84699.54669771026 87635.70970953556 91881.26511684846  
    97704.22395141295 104897.88179959227 112468.20517553751  
    119845.99580042387 126888.92594723345 130966.32145580932  
    129851.43625138904 123511.25698834808 112540.46719643418  
    97559.80256326286 78363.1848617954 54713.43387422915  
    26266.351833305187 -6978.061261609197 
  FFPRIM_EXT = 0.43044294418702006 0.6197471799542036  
    0.8026999072285629 0.9822840012792752 1.158506083320107  
    1.3313734007119509 1.5008916220233217 1.6670691227052665  
    1.8299106323458179 1.989429658517539 2.1456246552478357  
    2.298502196459987 2.4480681232496804 2.5943284685128822  
    2.7372887196025553 2.8769546823344534 3.0133321100501087  
    3.1464270111183383 3.276244750090372 3.402789755912048  
    3.526068962952971 3.646086325195984 3.7628477432665726  
    3.8763574369471048 3.986621791953222 4.09363752525816  
    4.2025641072534885 4.31314019542498 4.417647314172568  
    4.516203814560715 4.608905121191471 4.6964717973432855  
    4.779629182078713 4.858490687867064 4.932766452309061  
    5.003108499931926 5.070404712780693 5.134047664171801  
    5.194100430791372 5.251774702708038 5.306037384194639  
    5.357616752436368 5.407130375272505 5.453465087994843  
    5.498198530785981 5.540183818655197 5.580334373890439  
    5.618417575265805 5.65444542170947 5.688832369756825  
    5.721225158235711 5.752102433389556 5.781249778260092  
    5.808826163471341 5.835009936715603 5.85952892524397  
    5.882938169603772 5.9046889128635 5.925409194455753  
    5.9447162086080585 5.962769407926848 5.979940643570657  
    5.995390837201445 6.010575348488876 6.02369226776077  
    6.03673632364975 6.048079285998417 6.058573949125055  
    6.068699444137838 6.076697693503169 6.0851742961091215  
    6.091960280131559 6.097754256997252 6.103701132753621  
    6.107478753860839 6.111407075434943 6.114610226118664  
    6.115962367577362 6.117997016867891 6.118762946070506  
    6.118112997096392 6.118084424970161 6.116515503841818  
    6.113862067725412 6.111910380739992 6.108492105177265  
    6.103980067089175 6.100066437808101 6.094843852491136  
    6.088418123923504 6.082661819385196 6.076060296671079  
    6.067930645842587 6.060143749352026 6.05210257413556  
    6.0425093791827305 6.032801512539055 6.02336023479916  
    6.012557334392861 6.0008932189954916 5.989768742453437  
    5.978117967801725 5.965034456590047 5.951825833706991  
    5.938957051810988 5.925085052295374 5.910179356012363  
    5.895487226028039 5.880731185414895 5.864851165749537  
    5.848345983046418 5.832111717107249 5.815519358047219  
    5.797858607274543 5.779814163519042 5.761990871314549  
    5.743704030583087 5.724436157873091 5.704845757901697  
    5.685424328085924 5.665589752126484 5.644843934676194  
    5.623700963386736 5.602682785791751 5.581407727423193  
    5.55929396656836 5.536622961069668 5.514013881170294  
    5.4913485609267685 5.467961868730354 5.443835610385846  
    5.419647984578347 5.395575572145637 5.370977143937411  
    5.345519962412274 5.319804354987771 5.294261999763625  
    5.268439486655229 5.2417915248324585 5.214660157061246  
    5.187586561821853 5.160435793044462 5.132713821029869  
    5.104355248088929 5.075752477254418 5.04711012419501  
    5.018303684185238 4.9889180065037415 4.958907772469719  
    4.928747563454623 4.898652231473937 4.868222924694259  
    4.83706290823237 4.805505778030309 4.773950596396532  
    4.74227744322909 4.710137329823093 4.677427529488444  
    4.6444002264727775 4.611270824627077 4.578053371537709  
    4.544386296282871 4.510066447713699 4.475487900705404  
    4.4409291494777206 4.406162472277817 4.370818415718539  
    4.334987830408508 4.298971737124129 4.262827840272902  
    4.226485509514909 4.1896581171284755 4.152275152273859  
    4.114682591323173 4.077073529029126 4.039194217866536  
    4.000710724109062 3.9618012834960115 3.922755434665839  
    3.883555547301662 3.8440644122534957 3.804072258115521  
    3.7636127823784085 3.7229623704336263 3.6822429268944576  
    3.641190840448834 3.5995280287375087 3.5574877029894516  
    3.515343891483471 3.4730153364945737 3.430267892621192  
    3.3870100890652424 3.343404716596405 3.299617603423801  
    3.2556639763544046 3.2112799940219565 3.1663114933907455  
    3.1210407655692247 3.0756768217431616 3.0300327619509453  
    2.9838159767234664 2.937130617559641 2.89023916916928  
    2.8431413930846823 2.7956489564530855 2.747610687132375  
    2.6991455690619635 2.650448324914082 2.601505540399422  
    2.5520533039872753 2.501993374925431 2.4515795066332764  
    2.400946791607026 2.3498596176341597 2.298071753698402  
    2.2457474703294444 2.193122046063448 2.1400351987934134  
    2.086142627264559 2.031486799038843 1.9763511819200108  
    1.9205809597528083 1.8637478496172541 1.8058426413096176  
    1.747079555020222 1.6871742493584376 1.6256584498766635  
    1.5625436307197242 1.4976662888352152 1.4304685641916406  
    1.3606590279731545 1.2878471825457212 1.2112220836009868  
    1.130274372888283 1.0445882975339429 0.9520932194471345  
    0.8511209506777544 0.7416669712802795 0.6207484524327556  
    0.4843814216831006 0.33293825769371566 0.16033266014483286  
    -0.04697826800440903 -0.2961271202591602 -0.5817091969799485  
    -0.8773643138530314 -1.1676493631010874 -1.4483320951366898  
    -1.6499824544813428 -1.7139945969278725 -1.6392155816519913  
    -1.4399721705093351 -1.1292734595881146 -0.6978669065221113  
    -0.13658796963556052 0.5790520159902438 1.4490530503585433 
/

