 &IN1
 ISHOT =            1,
 ITIME =            4,
 BETAP0 =   0.5000000000000000     ,
 RZERO =    1.700000000000000     ,
 QENP =   0.9499999880790710     ,
 ENP =   0.5000000000000000     ,
 EMP =    1.000000000000000     ,
 PLASMA =    679320.6793206813     ,
 COILS =   0.1861496080525714     ,
           0.1469987527635457     ,
           0.1769182131527953     ,
           0.1341982543012045     ,
           5.3289045490308981E-002,
          -7.2871112322439955E-003,
           0.5189721717347351     ,
          -7.0187412474558675E-002,
          -0.4187987660156543     ,
           0.2438330905155884     ,
           0.1529892812588479     ,
           3.3945194504367796E-002,
          -3.4307367261329415E-002,
          -7.2941647161059206E-002,
          -6.6185618168130664E-002,
           0.5364038969715862     ,
          -9.1687495344232484E-002,
          -3.7593397858155540E-002,
           0.2225505062342726     ,
           0.1680565767790149     ,
           0.1639620608244084     ,
           0.1537648189948011     ,
           8.7584566703301350E-002,
           1.2878882483012277E-002,
          -0.2946595516391640     ,
           0.3880686139706684     ,
           0.4160770606156241     ,
           3.4614764303450639E-002,
           8.4715013216034821E-002,
           0.2068960781933749     ,
           9.6096752090127621E-002,
           1.0001387605808375E-003,
          -4.5118783197036341E-002,
          -6.8223748360560985E-002,
           8.2190794077499768E-002,
           0.4559514864901951     ,
           0.4498215317875634     ,
          -2.8312902256213964E-002,
           3.9493180126027629E-002,
          -4.2028550287927388E-002,
          -2.0662388923952005E-002,
           8.1309125843694076E-003,
           4.9343109300347229E-002,
           0.1089801191835959     ,
 BTOR =    2.000000000000000     ,
 RCENTR =    1.700000000000000     ,
 ICURRT =            2,
 IERCHK =            0,
 KZEROJ =            0,
 RZEROJ =    0.000000000000000     ,
             0.000000000000000     ,
             0.000000000000000     ,
             0.000000000000000     ,
             0.000000000000000     ,
             0.000000000000000     ,
             0.000000000000000     ,
             0.000000000000000     ,
             0.000000000000000     ,
             0.000000000000000     ,
             0.000000000000000     ,
             0.000000000000000     ,
             0.000000000000000     ,
             0.000000000000000     ,
             0.000000000000000     ,
             0.000000000000000     ,
             0.000000000000000     ,
             0.000000000000000     ,
             0.000000000000000     ,
             0.000000000000000     ,
             0.000000000000000     ,
             0.000000000000000     ,
             0.000000000000000     ,
             0.000000000000000     ,
             0.000000000000000     ,
             0.000000000000000     ,
             0.000000000000000     ,
             0.000000000000000     ,
             0.000000000000000     ,
             0.000000000000000     ,
             0.000000000000000     ,
             0.000000000000000     ,
             0.000000000000000     ,
             0.000000000000000     ,
             0.000000000000000     ,
             0.000000000000000     ,
             0.000000000000000     ,
             0.000000000000000     ,
             0.000000000000000     ,
             0.000000000000000     ,
             0.000000000000000     ,
             0.000000000000000     ,
             0.000000000000000     ,
             0.000000000000000     ,
             0.000000000000000     ,
             0.000000000000000     ,
             0.000000000000000     ,
             0.000000000000000     ,
             0.000000000000000     ,
             0.000000000000000     ,
             0.000000000000000     ,
             0.000000000000000     ,
             0.000000000000000     ,
             0.000000000000000     ,
             0.000000000000000     ,
             0.000000000000000     ,
             0.000000000000000     ,
             0.000000000000000     ,
             0.000000000000000     ,
             0.000000000000000     ,
             0.000000000000000     ,
 FWTSI =    1.000000000000000     ,
            1.000000000000000     ,
            1.000000000000000     ,
            1.000000000000000     ,
            1.000000000000000     ,
            1.000000000000000     ,
            1.000000000000000     ,
            1.000000000000000     ,
            1.000000000000000     ,
            1.000000000000000     ,
            1.000000000000000     ,
            1.000000000000000     ,
            1.000000000000000     ,
            1.000000000000000     ,
            1.000000000000000     ,
            1.000000000000000     ,
            1.000000000000000     ,
            1.000000000000000     ,
            0.000000000000000     ,
            0.000000000000000     ,
            0.000000000000000     ,
            0.000000000000000     ,
            0.000000000000000     ,
            0.000000000000000     ,
            0.000000000000000     ,
            0.000000000000000     ,
            0.000000000000000     ,
            0.000000000000000     ,
            0.000000000000000     ,
            0.000000000000000     ,
            0.000000000000000     ,
            0.000000000000000     ,
            0.000000000000000     ,
            0.000000000000000     ,
            0.000000000000000     ,
            0.000000000000000     ,
            0.000000000000000     ,
            0.000000000000000     ,
            0.000000000000000     ,
            0.000000000000000     ,
            0.000000000000000     ,
            0.000000000000000     ,
            0.000000000000000     ,
            0.000000000000000     ,
 FWTCUR =    1.000000000000000     ,
 MXITER =            1,
 NXITER =           99,
 LIMITR =            5,
 XLIM =    2.167032967032967     ,
           1.232967032967033     ,
           1.232967032967033     ,
           2.167032967032967     ,
           2.167032967032967     ,
           2.167032967032967     ,
           0.000000000000000     ,
           0.000000000000000     ,
           0.000000000000000     ,
           0.000000000000000     ,
           0.000000000000000     ,
           0.000000000000000     ,
           0.000000000000000     ,
           0.000000000000000     ,
           0.000000000000000     ,
           0.000000000000000     ,
           0.000000000000000     ,
           0.000000000000000     ,
           0.000000000000000     ,
           0.000000000000000     ,
           0.000000000000000     ,
           0.000000000000000     ,
           0.000000000000000     ,
           0.000000000000000     ,
           0.000000000000000     ,
           0.000000000000000     ,
           0.000000000000000     ,
           0.000000000000000     ,
           0.000000000000000     ,
           0.000000000000000     ,
           0.000000000000000     ,
           0.000000000000000     ,
           0.000000000000000     ,
           0.000000000000000     ,
           0.000000000000000     ,
           0.000000000000000     ,
           0.000000000000000     ,
           0.000000000000000     ,
           0.000000000000000     ,
           0.000000000000000     ,
           0.000000000000000     ,
           0.000000000000000     ,
           0.000000000000000     ,
           0.000000000000000     ,
           0.000000000000000     ,
           0.000000000000000     ,
           0.000000000000000     ,
           0.000000000000000     ,
           0.000000000000000     ,
           0.000000000000000     ,
           0.000000000000000     ,
           0.000000000000000     ,
           0.000000000000000     ,
           0.000000000000000     ,
           0.000000000000000     ,
           0.000000000000000     ,
           0.000000000000000     ,
           0.000000000000000     ,
           0.000000000000000     ,
           0.000000000000000     ,
           0.000000000000000     ,
           0.000000000000000     ,
           0.000000000000000     ,
           0.000000000000000     ,
           0.000000000000000     ,
           0.000000000000000     ,
           0.000000000000000     ,
           0.000000000000000     ,
           0.000000000000000     ,
           0.000000000000000     ,
           0.000000000000000     ,
           0.000000000000000     ,
           0.000000000000000     ,
           0.000000000000000     ,
           0.000000000000000     ,
           0.000000000000000     ,
           0.000000000000000     ,
           0.000000000000000     ,
           0.000000000000000     ,
           0.000000000000000     ,
           0.000000000000000     ,
           0.000000000000000     ,
           0.000000000000000     ,
           0.000000000000000     ,
           0.000000000000000     ,
           0.000000000000000     ,
           0.000000000000000     ,
           0.000000000000000     ,
           0.000000000000000     ,
           0.000000000000000     ,
           0.000000000000000     ,
           0.000000000000000     ,
           0.000000000000000     ,
           0.000000000000000     ,
           0.000000000000000     ,
           0.000000000000000     ,
           0.000000000000000     ,
           0.000000000000000     ,
           0.000000000000000     ,
           0.000000000000000     ,
           0.000000000000000     ,
           0.000000000000000     ,
           0.000000000000000     ,
           0.000000000000000     ,
           0.000000000000000     ,
           0.000000000000000     ,
           0.000000000000000     ,
           0.000000000000000     ,
           0.000000000000000     ,
           0.000000000000000     ,
           0.000000000000000     ,
           0.000000000000000     ,
           0.000000000000000     ,
           0.000000000000000     ,
           0.000000000000000     ,
           0.000000000000000     ,
           0.000000000000000     ,
           0.000000000000000     ,
           0.000000000000000     ,
           0.000000000000000     ,
           0.000000000000000     ,
           0.000000000000000     ,
           0.000000000000000     ,
           0.000000000000000     ,
           0.000000000000000     ,
           0.000000000000000     ,
           0.000000000000000     ,
           0.000000000000000     ,
           0.000000000000000     ,
           0.000000000000000     ,
           0.000000000000000     ,
           0.000000000000000     ,
           0.000000000000000     ,
           0.000000000000000     ,
           0.000000000000000     ,
           0.000000000000000     ,
           0.000000000000000     ,
           0.000000000000000     ,
           0.000000000000000     ,
           0.000000000000000     ,
           0.000000000000000     ,
           0.000000000000000     ,
           0.000000000000000     ,
           0.000000000000000     ,
           0.000000000000000     ,
           0.000000000000000     ,
           0.000000000000000     ,
           0.000000000000000     ,
           0.000000000000000     ,
           0.000000000000000     ,
           0.000000000000000     ,
           0.000000000000000     ,
           0.000000000000000     ,
           0.000000000000000     ,
           0.000000000000000     ,
           0.000000000000000     ,
           0.000000000000000     ,
           0.000000000000000     ,
           0.000000000000000     ,
           0.000000000000000     ,
 YLIM =   0.6306360697123711     ,
          0.6306360697123711     ,
         -0.6306360697123711     ,
         -0.6306360697123711     ,
          0.6306360697123711     ,
          0.6306360697123711     ,
           0.000000000000000     ,
           0.000000000000000     ,
           0.000000000000000     ,
           0.000000000000000     ,
           0.000000000000000     ,
           0.000000000000000     ,
           0.000000000000000     ,
           0.000000000000000     ,
           0.000000000000000     ,
           0.000000000000000     ,
           0.000000000000000     ,
           0.000000000000000     ,
           0.000000000000000     ,
           0.000000000000000     ,
           0.000000000000000     ,
           0.000000000000000     ,
           0.000000000000000     ,
           0.000000000000000     ,
           0.000000000000000     ,
           0.000000000000000     ,
           0.000000000000000     ,
           0.000000000000000     ,
           0.000000000000000     ,
           0.000000000000000     ,
           0.000000000000000     ,
           0.000000000000000     ,
           0.000000000000000     ,
           0.000000000000000     ,
           0.000000000000000     ,
           0.000000000000000     ,
           0.000000000000000     ,
           0.000000000000000     ,
           0.000000000000000     ,
           0.000000000000000     ,
           0.000000000000000     ,
           0.000000000000000     ,
           0.000000000000000     ,
           0.000000000000000     ,
           0.000000000000000     ,
           0.000000000000000     ,
           0.000000000000000     ,
           0.000000000000000     ,
           0.000000000000000     ,
           0.000000000000000     ,
           0.000000000000000     ,
           0.000000000000000     ,
           0.000000000000000     ,
           0.000000000000000     ,
           0.000000000000000     ,
           0.000000000000000     ,
           0.000000000000000     ,
           0.000000000000000     ,
           0.000000000000000     ,
           0.000000000000000     ,
           0.000000000000000     ,
           0.000000000000000     ,
           0.000000000000000     ,
           0.000000000000000     ,
           0.000000000000000     ,
           0.000000000000000     ,
           0.000000000000000     ,
           0.000000000000000     ,
           0.000000000000000     ,
           0.000000000000000     ,
           0.000000000000000     ,
           0.000000000000000     ,
           0.000000000000000     ,
           0.000000000000000     ,
           0.000000000000000     ,
           0.000000000000000     ,
           0.000000000000000     ,
           0.000000000000000     ,
           0.000000000000000     ,
           0.000000000000000     ,
           0.000000000000000     ,
           0.000000000000000     ,
           0.000000000000000     ,
           0.000000000000000     ,
           0.000000000000000     ,
           0.000000000000000     ,
           0.000000000000000     ,
           0.000000000000000     ,
           0.000000000000000     ,
           0.000000000000000     ,
           0.000000000000000     ,
           0.000000000000000     ,
           0.000000000000000     ,
           0.000000000000000     ,
           0.000000000000000     ,
           0.000000000000000     ,
           0.000000000000000     ,
           0.000000000000000     ,
           0.000000000000000     ,
           0.000000000000000     ,
           0.000000000000000     ,
           0.000000000000000     ,
           0.000000000000000     ,
           0.000000000000000     ,
           0.000000000000000     ,
           0.000000000000000     ,
           0.000000000000000     ,
           0.000000000000000     ,
           0.000000000000000     ,
           0.000000000000000     ,
           0.000000000000000     ,
           0.000000000000000     ,
           0.000000000000000     ,
           0.000000000000000     ,
           0.000000000000000     ,
           0.000000000000000     ,
           0.000000000000000     ,
           0.000000000000000     ,
           0.000000000000000     ,
           0.000000000000000     ,
           0.000000000000000     ,
           0.000000000000000     ,
           0.000000000000000     ,
           0.000000000000000     ,
           0.000000000000000     ,
           0.000000000000000     ,
           0.000000000000000     ,
           0.000000000000000     ,
           0.000000000000000     ,
           0.000000000000000     ,
           0.000000000000000     ,
           0.000000000000000     ,
           0.000000000000000     ,
           0.000000000000000     ,
           0.000000000000000     ,
           0.000000000000000     ,
           0.000000000000000     ,
           0.000000000000000     ,
           0.000000000000000     ,
           0.000000000000000     ,
           0.000000000000000     ,
           0.000000000000000     ,
           0.000000000000000     ,
           0.000000000000000     ,
           0.000000000000000     ,
           0.000000000000000     ,
           0.000000000000000     ,
           0.000000000000000     ,
           0.000000000000000     ,
           0.000000000000000     ,
           0.000000000000000     ,
           0.000000000000000     ,
           0.000000000000000     ,
           0.000000000000000     ,
           0.000000000000000     ,
           0.000000000000000     ,
           0.000000000000000     ,
           0.000000000000000     ,
           0.000000000000000     ,
           0.000000000000000     ,
 ERROR =   9.9999997473787516E-005,
 ICONVR =            3,
 IBUNMN =            3,
 BRSP =    54279.44616699219     ,
          -19821.98925781250     ,
           225653.5472412109     ,
           206445.8442382813     ,
           80169.89904785156     ,
          -299938.1803665161     ,
           573786.6062088013     ,
          -56682.97174072266     ,
          -698797.3380737305     ,
           316811.9509277344     ,
           102087.6584472656     ,
          -85248.52893066406     ,
          -102078.1282958984     ,
          -105117.5742187500     ,
          -387604.8042449951     ,
           539820.9786834717     ,
          -137868.5747070313     ,
          -181141.0871276855     ,
           0.000000000000000     ,
           0.000000000000000     ,
           0.000000000000000     ,
           0.000000000000000     ,
           0.000000000000000     ,
           0.000000000000000     ,
           0.000000000000000     ,
           0.000000000000000     ,
           0.000000000000000     ,
           0.000000000000000     ,
           0.000000000000000     ,
           0.000000000000000     ,
           0.000000000000000     ,
           0.000000000000000     ,
           0.000000000000000     ,
           0.000000000000000     ,
           0.000000000000000     ,
           0.000000000000000     ,
           0.000000000000000     ,
           0.000000000000000     ,
           0.000000000000000     ,
           0.000000000000000     ,
           0.000000000000000     ,
           0.000000000000000     ,
           0.000000000000000     ,
           0.000000000000000     ,
           0.000000000000000     ,
           0.000000000000000     ,
           0.000000000000000     ,
           0.000000000000000     ,
           0.000000000000000     ,
           0.000000000000000     ,
           0.000000000000000     ,
           0.000000000000000     ,
           0.000000000000000     ,
           0.000000000000000     ,
           0.000000000000000     ,
           0.000000000000000     ,
           0.000000000000000     ,
           0.000000000000000     ,
           0.000000000000000     ,
           0.000000000000000     ,
           0.000000000000000     ,
           0.000000000000000     ,
           0.000000000000000     ,
           0.000000000000000     ,
           0.000000000000000     ,
           0.000000000000000     ,
           0.000000000000000     ,
           0.000000000000000     ,
           0.000000000000000     ,
           0.000000000000000     ,
           0.000000000000000     ,
           0.000000000000000     ,
           0.000000000000000     ,
           0.000000000000000     ,
           0.000000000000000     ,
           0.000000000000000     ,
           0.000000000000000     ,
           0.000000000000000     ,
           0.000000000000000     ,
           0.000000000000000     ,
           0.000000000000000     ,
           0.000000000000000     ,
           0.000000000000000     ,
           0.000000000000000     ,
           0.000000000000000     ,
           0.000000000000000     ,
           0.000000000000000     ,
           0.000000000000000     ,
           0.000000000000000     ,
           0.000000000000000     ,
           0.000000000000000     ,
           0.000000000000000     ,
           0.000000000000000     ,
           0.000000000000000     ,
           0.000000000000000     ,
           0.000000000000000     ,
           0.000000000000000     ,
           0.000000000000000     ,
           0.000000000000000     ,
           0.000000000000000     ,
           0.000000000000000     ,
           0.000000000000000     ,
           0.000000000000000     ,
           0.000000000000000     ,
           0.000000000000000     ,
           0.000000000000000     ,
           0.000000000000000     ,
           0.000000000000000     ,
           0.000000000000000     ,
           0.000000000000000     ,
           0.000000000000000     ,
           0.000000000000000     ,
           0.000000000000000     ,
           0.000000000000000     ,
           0.000000000000000     ,
           0.000000000000000     ,
           0.000000000000000     ,
           0.000000000000000     ,
           0.000000000000000     ,
           0.000000000000000     ,
           0.000000000000000     ,
           0.000000000000000     ,
           0.000000000000000     ,
           0.000000000000000     ,
           0.000000000000000     ,
           0.000000000000000     ,
           0.000000000000000     ,
           0.000000000000000     ,
           0.000000000000000     ,
           0.000000000000000     ,
           0.000000000000000     ,
           0.000000000000000     ,
           0.000000000000000     ,
           0.000000000000000     ,
           0.000000000000000     ,
           0.000000000000000     ,
           0.000000000000000     ,
           0.000000000000000     ,
           0.000000000000000     ,
           0.000000000000000     ,
           0.000000000000000     ,
           0.000000000000000     ,
           0.000000000000000     ,
           0.000000000000000     ,
           0.000000000000000     ,
           0.000000000000000     ,
           0.000000000000000     ,
           0.000000000000000     ,
           0.000000000000000     ,
           0.000000000000000     ,
           0.000000000000000     ,
           0.000000000000000     ,
           0.000000000000000     ,
           0.000000000000000     ,
           0.000000000000000     ,
           0.000000000000000     ,
           0.000000000000000     ,
           0.000000000000000     ,
           0.000000000000000     ,
           0.000000000000000     ,
           0.000000000000000     ,
           0.000000000000000     ,
           0.000000000000000     ,
           0.000000000000000     ,
           0.000000000000000     ,
           0.000000000000000     ,
           0.000000000000000     ,
           0.000000000000000     ,
           0.000000000000000     ,
           0.000000000000000     ,
           0.000000000000000     ,
           0.000000000000000     ,
           0.000000000000000     ,
           0.000000000000000     ,
           0.000000000000000     ,
           0.000000000000000     ,
           0.000000000000000     ,
           0.000000000000000     ,
           0.000000000000000     ,
           0.000000000000000     ,
           0.000000000000000     ,
           0.000000000000000     ,
           0.000000000000000     ,
           0.000000000000000     ,
           0.000000000000000     ,
           0.000000000000000     ,
           0.000000000000000     ,
           0.000000000000000     ,
           0.000000000000000     ,
           0.000000000000000     ,
           0.000000000000000     ,
           0.000000000000000     ,
           0.000000000000000     ,
           0.000000000000000     ,
           0.000000000000000     ,
           0.000000000000000     ,
           0.000000000000000     ,
           0.000000000000000     ,
           0.000000000000000     ,
           0.000000000000000     ,
           0.000000000000000     ,
           0.000000000000000     ,
           0.000000000000000     ,
           0.000000000000000     ,
           0.000000000000000     ,
           0.000000000000000     ,
           0.000000000000000     ,
           0.000000000000000     ,
           0.000000000000000     ,
           0.000000000000000     ,
           0.000000000000000     ,
           0.000000000000000     ,
           0.000000000000000     ,
           0.000000000000000     ,
           0.000000000000000     ,
           0.000000000000000     ,
           0.000000000000000     ,
           0.000000000000000     ,
           0.000000000000000     ,
           0.000000000000000     ,
           0.000000000000000     ,
           0.000000000000000     ,
           0.000000000000000     ,
           0.000000000000000     ,
           0.000000000000000     ,
           0.000000000000000     ,
           0.000000000000000     ,
           0.000000000000000     ,
           0.000000000000000     ,
           0.000000000000000     ,
           0.000000000000000     ,
           0.000000000000000     ,
           0.000000000000000     ,
           0.000000000000000     ,
           0.000000000000000     ,
           0.000000000000000     ,
           0.000000000000000     ,
           0.000000000000000     ,
           0.000000000000000     ,
           0.000000000000000     ,
           0.000000000000000     ,
           0.000000000000000     ,
           0.000000000000000     ,
           0.000000000000000     ,
           0.000000000000000     ,
           0.000000000000000     ,
           0.000000000000000     ,
           0.000000000000000     ,
           0.000000000000000     ,
           0.000000000000000     ,
           0.000000000000000     ,
           0.000000000000000     ,
           0.000000000000000     ,
           0.000000000000000     ,
           0.000000000000000     ,
           0.000000000000000     ,
           0.000000000000000     ,
           0.000000000000000     ,
           0.000000000000000     ,
           0.000000000000000     ,
           0.000000000000000     ,
           0.000000000000000     ,
           0.000000000000000     ,
           0.000000000000000     ,
           0.000000000000000     ,
           0.000000000000000     ,
           0.000000000000000     ,
           0.000000000000000     ,
           0.000000000000000     ,
           0.000000000000000     ,
           0.000000000000000     ,
           0.000000000000000     ,
           0.000000000000000     ,
           0.000000000000000     ,
           0.000000000000000     ,
           0.000000000000000     ,
           0.000000000000000     ,
           0.000000000000000     ,
           0.000000000000000     ,
           0.000000000000000     ,
           0.000000000000000     ,
           0.000000000000000     ,
           0.000000000000000     ,
           0.000000000000000     ,
           0.000000000000000     ,
           0.000000000000000     ,
           0.000000000000000     ,
           0.000000000000000     ,
           0.000000000000000     ,
           0.000000000000000     ,
           0.000000000000000     ,
           0.000000000000000     ,
           0.000000000000000     ,
           0.000000000000000     ,
           0.000000000000000     ,
           0.000000000000000     ,
           0.000000000000000     ,
           0.000000000000000     ,
           0.000000000000000     ,
           0.000000000000000     ,
           0.000000000000000     ,
           0.000000000000000     ,
           0.000000000000000     ,
           0.000000000000000     ,
           0.000000000000000     ,
           0.000000000000000     ,
           0.000000000000000     ,
           0.000000000000000     ,
           0.000000000000000     ,
           0.000000000000000     ,
           0.000000000000000     ,
           0.000000000000000     ,
           0.000000000000000     ,
           0.000000000000000     ,
           0.000000000000000     ,
           0.000000000000000     ,
           0.000000000000000     ,
           0.000000000000000     ,
           0.000000000000000     ,
           0.000000000000000     ,
           0.000000000000000     ,
           0.000000000000000     ,
           0.000000000000000     ,
           0.000000000000000     ,
           0.000000000000000     ,
           0.000000000000000     ,
           0.000000000000000     ,
           0.000000000000000     ,
           0.000000000000000     ,
           0.000000000000000     ,
           0.000000000000000     ,
           0.000000000000000     ,
           0.000000000000000     ,
           0.000000000000000     ,
           0.000000000000000     ,
           0.000000000000000     ,
           0.000000000000000     ,
           0.000000000000000     ,
           0.000000000000000     ,
           0.000000000000000     ,
           0.000000000000000     ,
           0.000000000000000     ,
           0.000000000000000     ,
           0.000000000000000     ,
           0.000000000000000     ,
           0.000000000000000     ,
           0.000000000000000     ,
           0.000000000000000     ,
           0.000000000000000     ,
           0.000000000000000     ,
           0.000000000000000     ,
           0.000000000000000     ,
           0.000000000000000     ,
           0.000000000000000     ,
           0.000000000000000     ,
           0.000000000000000     ,
           0.000000000000000     ,
           0.000000000000000     ,
           0.000000000000000     ,
           0.000000000000000     ,
           0.000000000000000     ,
           0.000000000000000     ,
           0.000000000000000     ,
           0.000000000000000     ,
           0.000000000000000     ,
           0.000000000000000     ,
           0.000000000000000     ,
           0.000000000000000     ,
           0.000000000000000     ,
           0.000000000000000     ,
           0.000000000000000     ,
           0.000000000000000     ,
           0.000000000000000     ,
           0.000000000000000     ,
           0.000000000000000     ,
           0.000000000000000     ,
           0.000000000000000     ,
           0.000000000000000     ,
           0.000000000000000     ,
           0.000000000000000     ,
           0.000000000000000     ,
           0.000000000000000     ,
           0.000000000000000     ,
           0.000000000000000     ,
           0.000000000000000     ,
           0.000000000000000     ,
           0.000000000000000     ,
           0.000000000000000     ,
           0.000000000000000     ,
           0.000000000000000     ,
           0.000000000000000     ,
           0.000000000000000     ,
           0.000000000000000     ,
           0.000000000000000     ,
           0.000000000000000     ,
           0.000000000000000     ,
           0.000000000000000     ,
           0.000000000000000     ,
           0.000000000000000     ,
           0.000000000000000     ,
           0.000000000000000     ,
           0.000000000000000     ,
           0.000000000000000     ,
           0.000000000000000     ,
           0.000000000000000     ,
           0.000000000000000     ,
           0.000000000000000     ,
           0.000000000000000     ,
           0.000000000000000     ,
           0.000000000000000     ,
           0.000000000000000     ,
           0.000000000000000     ,
           0.000000000000000     ,
           0.000000000000000     ,
           0.000000000000000     ,
           0.000000000000000     ,
           0.000000000000000     ,
           0.000000000000000     ,
           0.000000000000000     ,
           0.000000000000000     ,
           0.000000000000000     ,
           0.000000000000000     ,
           0.000000000000000     ,
           0.000000000000000     ,
           0.000000000000000     ,
           0.000000000000000     ,
           0.000000000000000     ,
           0.000000000000000     ,
           0.000000000000000     ,
           0.000000000000000     ,
           0.000000000000000     ,
           0.000000000000000     ,
           0.000000000000000     ,
           0.000000000000000     ,
           0.000000000000000     ,
           0.000000000000000     ,
           0.000000000000000     ,
           0.000000000000000     ,
           0.000000000000000     ,
           0.000000000000000     ,
           0.000000000000000     ,
           0.000000000000000     ,
           0.000000000000000     ,
           0.000000000000000     ,
           0.000000000000000     ,
           0.000000000000000     ,
           0.000000000000000     ,
           0.000000000000000     ,
           0.000000000000000     ,
           0.000000000000000     ,
           0.000000000000000     ,
           0.000000000000000     ,
           0.000000000000000     ,
           0.000000000000000     ,
           0.000000000000000     ,
           0.000000000000000     ,
           0.000000000000000     ,
           0.000000000000000     ,
           0.000000000000000     ,
           0.000000000000000     ,
           0.000000000000000     ,
           0.000000000000000     ,
           0.000000000000000     ,
           0.000000000000000     ,
           0.000000000000000     ,
           0.000000000000000     ,
           0.000000000000000     ,
           0.000000000000000     ,
           0.000000000000000     ,
           0.000000000000000     ,
           0.000000000000000     ,
           0.000000000000000     ,
           0.000000000000000     ,
           0.000000000000000     ,
           0.000000000000000     ,
           0.000000000000000     ,
           0.000000000000000     ,
           0.000000000000000     ,
           0.000000000000000     ,
           0.000000000000000     ,
           0.000000000000000     ,
           0.000000000000000     ,
           0.000000000000000     ,
           0.000000000000000     ,
           0.000000000000000     ,
           0.000000000000000     ,
           0.000000000000000     ,
           0.000000000000000     ,
           0.000000000000000     ,
           0.000000000000000     ,
           0.000000000000000     ,
           0.000000000000000     ,
           0.000000000000000     ,
           0.000000000000000     ,
           0.000000000000000     ,
           0.000000000000000     ,
           0.000000000000000     ,
           0.000000000000000     ,
           0.000000000000000     ,
           0.000000000000000     ,
           0.000000000000000     ,
           0.000000000000000     ,
           0.000000000000000     ,
           0.000000000000000     ,
           0.000000000000000     ,
           0.000000000000000     ,
           0.000000000000000     ,
           0.000000000000000     ,
           0.000000000000000     ,
           0.000000000000000     ,
           0.000000000000000     ,
           0.000000000000000     ,
           0.000000000000000     ,
           0.000000000000000     ,
           0.000000000000000     ,
           0.000000000000000     ,
           0.000000000000000     ,
           0.000000000000000     ,
           0.000000000000000     ,
           0.000000000000000     ,
           0.000000000000000     ,
           0.000000000000000     ,
           0.000000000000000     ,
           0.000000000000000     ,
           0.000000000000000     ,
           0.000000000000000     ,
           0.000000000000000     ,
           0.000000000000000     ,
           0.000000000000000     ,
           0.000000000000000     ,
           0.000000000000000     ,
           0.000000000000000     ,
           0.000000000000000     ,
           0.000000000000000     ,
           0.000000000000000     ,
           0.000000000000000     ,
           0.000000000000000     ,
           0.000000000000000     ,
           0.000000000000000     ,
           0.000000000000000     ,
           0.000000000000000     ,
           0.000000000000000     ,
           0.000000000000000     ,
           0.000000000000000     ,
           0.000000000000000     ,
           0.000000000000000     ,
           0.000000000000000     ,
           0.000000000000000     ,
           0.000000000000000     ,
           0.000000000000000     ,
           0.000000000000000     ,
           0.000000000000000     ,
           0.000000000000000     ,
           0.000000000000000     ,
           0.000000000000000     ,
           0.000000000000000     ,
           0.000000000000000     ,
           0.000000000000000     ,
           0.000000000000000     ,
           0.000000000000000     ,
           0.000000000000000     ,
           0.000000000000000     ,
           0.000000000000000     ,
           0.000000000000000     ,
           0.000000000000000     ,
           0.000000000000000     ,
           0.000000000000000     ,
           0.000000000000000     ,
           0.000000000000000     ,
           0.000000000000000     ,
           0.000000000000000     ,
           0.000000000000000     ,
           0.000000000000000     ,
           0.000000000000000     ,
           0.000000000000000     ,
           0.000000000000000     ,
           0.000000000000000     ,
           0.000000000000000     ,
           0.000000000000000     ,
           0.000000000000000     ,
           0.000000000000000     ,
           0.000000000000000     ,
           0.000000000000000     ,
           0.000000000000000     ,
           0.000000000000000     ,
           0.000000000000000     ,
           0.000000000000000     ,
           0.000000000000000     ,
           0.000000000000000     ,
           0.000000000000000     ,
           0.000000000000000     ,
           0.000000000000000     ,
           0.000000000000000     ,
           0.000000000000000     ,
           0.000000000000000     ,
           0.000000000000000     ,
           0.000000000000000     ,
           0.000000000000000     ,
           0.000000000000000     ,
           0.000000000000000     ,
           0.000000000000000     ,
           0.000000000000000     ,
           0.000000000000000     ,
           0.000000000000000     ,
           0.000000000000000     ,
           0.000000000000000     ,
           0.000000000000000     ,
           0.000000000000000     ,
           0.000000000000000     ,
           0.000000000000000     ,
           0.000000000000000     ,
 KFFCUR =            0,
 KPPCUR =            0,
 PCURBD =    0.000000000000000     ,
 FCURBD =    0.000000000000000     ,
 VBIT =    10.00000000000000     
 /
 &BASIS
 KPPFNC =            6,
 KPPKNT =            0,
 PPKNT =    0.000000000000000     ,
            0.000000000000000     ,
            0.000000000000000     ,
            0.000000000000000     ,
            0.000000000000000     ,
            0.000000000000000     ,
            0.000000000000000     ,
            0.000000000000000     ,
            0.000000000000000     ,
            0.000000000000000     ,
            0.000000000000000     ,
            0.000000000000000     ,
            0.000000000000000     ,
            0.000000000000000     ,
            0.000000000000000     ,
            0.000000000000000     ,
            0.000000000000000     ,
            0.000000000000000     ,
            0.000000000000000     ,
            0.000000000000000     ,
            0.000000000000000     ,
            0.000000000000000     ,
            0.000000000000000     ,
            0.000000000000000     ,
            0.000000000000000     ,
            0.000000000000000     ,
            0.000000000000000     ,
            0.000000000000000     ,
            0.000000000000000     ,
            0.000000000000000     ,
            0.000000000000000     ,
            0.000000000000000     ,
            0.000000000000000     ,
            0.000000000000000     ,
            0.000000000000000     ,
            0.000000000000000     ,
            0.000000000000000     ,
            0.000000000000000     ,
            0.000000000000000     ,
            0.000000000000000     ,
            0.000000000000000     ,
            0.000000000000000     ,
            0.000000000000000     ,
            0.000000000000000     ,
            0.000000000000000     ,
            0.000000000000000     ,
            0.000000000000000     ,
            0.000000000000000     ,
            0.000000000000000     ,
            0.000000000000000     ,
            0.000000000000000     ,
            0.000000000000000     ,
            0.000000000000000     ,
            0.000000000000000     ,
            0.000000000000000     ,
            0.000000000000000     ,
            0.000000000000000     ,
            0.000000000000000     ,
            0.000000000000000     ,
            0.000000000000000     ,
            0.000000000000000     ,
            0.000000000000000     ,
            0.000000000000000     ,
            0.000000000000000     ,
 PPTENS =    0.000000000000000     ,
 KFFFNC =            6,
 KFFKNT =            0,
 FFKNT =    0.000000000000000     ,
            0.000000000000000     ,
            0.000000000000000     ,
            0.000000000000000     ,
            0.000000000000000     ,
            0.000000000000000     ,
            0.000000000000000     ,
            0.000000000000000     ,
            0.000000000000000     ,
            0.000000000000000     ,
            0.000000000000000     ,
            0.000000000000000     ,
            0.000000000000000     ,
            0.000000000000000     ,
            0.000000000000000     ,
            0.000000000000000     ,
            0.000000000000000     ,
            0.000000000000000     ,
            0.000000000000000     ,
            0.000000000000000     ,
            0.000000000000000     ,
            0.000000000000000     ,
            0.000000000000000     ,
            0.000000000000000     ,
            0.000000000000000     ,
            0.000000000000000     ,
            0.000000000000000     ,
            0.000000000000000     ,
            0.000000000000000     ,
            0.000000000000000     ,
            0.000000000000000     ,
            0.000000000000000     ,
            0.000000000000000     ,
            0.000000000000000     ,
            0.000000000000000     ,
            0.000000000000000     ,
            0.000000000000000     ,
            0.000000000000000     ,
            0.000000000000000     ,
            0.000000000000000     ,
            0.000000000000000     ,
            0.000000000000000     ,
            0.000000000000000     ,
            0.000000000000000     ,
            0.000000000000000     ,
            0.000000000000000     ,
            0.000000000000000     ,
            0.000000000000000     ,
            0.000000000000000     ,
            0.000000000000000     ,
            0.000000000000000     ,
            0.000000000000000     ,
            0.000000000000000     ,
            0.000000000000000     ,
            0.000000000000000     ,
            0.000000000000000     ,
            0.000000000000000     ,
            0.000000000000000     ,
            0.000000000000000     ,
            0.000000000000000     ,
            0.000000000000000     ,
            0.000000000000000     ,
            0.000000000000000     ,
            0.000000000000000     ,
 FFTENS =    0.000000000000000     ,
 KWWFNC =            0,
 KWWKNT =            0,
 WWKNT =    0.000000000000000     ,
            0.000000000000000     ,
            0.000000000000000     ,
            0.000000000000000     ,
            0.000000000000000     ,
            0.000000000000000     ,
            0.000000000000000     ,
            0.000000000000000     ,
            0.000000000000000     ,
            0.000000000000000     ,
            0.000000000000000     ,
            0.000000000000000     ,
            0.000000000000000     ,
            0.000000000000000     ,
            0.000000000000000     ,
            0.000000000000000     ,
            0.000000000000000     ,
            0.000000000000000     ,
            0.000000000000000     ,
            0.000000000000000     ,
            0.000000000000000     ,
            0.000000000000000     ,
            0.000000000000000     ,
            0.000000000000000     ,
            0.000000000000000     ,
            0.000000000000000     ,
            0.000000000000000     ,
            0.000000000000000     ,
            0.000000000000000     ,
            0.000000000000000     ,
            0.000000000000000     ,
            0.000000000000000     ,
            0.000000000000000     ,
            0.000000000000000     ,
            0.000000000000000     ,
            0.000000000000000     ,
            0.000000000000000     ,
            0.000000000000000     ,
            0.000000000000000     ,
            0.000000000000000     ,
            0.000000000000000     ,
            0.000000000000000     ,
            0.000000000000000     ,
            0.000000000000000     ,
            0.000000000000000     ,
            0.000000000000000     ,
            0.000000000000000     ,
            0.000000000000000     ,
            0.000000000000000     ,
            0.000000000000000     ,
            0.000000000000000     ,
            0.000000000000000     ,
            0.000000000000000     ,
            0.000000000000000     ,
            0.000000000000000     ,
            0.000000000000000     ,
            0.000000000000000     ,
            0.000000000000000     ,
            0.000000000000000     ,
            0.000000000000000     ,
            0.000000000000000     ,
            0.000000000000000     ,
            0.000000000000000     ,
            0.000000000000000     ,
 WWTENS =    0.000000000000000     ,
 PPBDRY =    0.000000000000000     ,
             0.000000000000000     ,
             0.000000000000000     ,
             0.000000000000000     ,
             0.000000000000000     ,
             0.000000000000000     ,
             0.000000000000000     ,
             0.000000000000000     ,
             0.000000000000000     ,
             0.000000000000000     ,
             0.000000000000000     ,
             0.000000000000000     ,
             0.000000000000000     ,
             0.000000000000000     ,
             0.000000000000000     ,
             0.000000000000000     ,
             0.000000000000000     ,
             0.000000000000000     ,
             0.000000000000000     ,
             0.000000000000000     ,
             0.000000000000000     ,
             0.000000000000000     ,
             0.000000000000000     ,
             0.000000000000000     ,
             0.000000000000000     ,
             0.000000000000000     ,
             0.000000000000000     ,
             0.000000000000000     ,
             0.000000000000000     ,
             0.000000000000000     ,
             0.000000000000000     ,
             0.000000000000000     ,
             0.000000000000000     ,
             0.000000000000000     ,
             0.000000000000000     ,
             0.000000000000000     ,
             0.000000000000000     ,
             0.000000000000000     ,
             0.000000000000000     ,
             0.000000000000000     ,
             0.000000000000000     ,
             0.000000000000000     ,
             0.000000000000000     ,
             0.000000000000000     ,
             0.000000000000000     ,
             0.000000000000000     ,
             0.000000000000000     ,
             0.000000000000000     ,
             0.000000000000000     ,
             0.000000000000000     ,
             0.000000000000000     ,
             0.000000000000000     ,
             0.000000000000000     ,
             0.000000000000000     ,
             0.000000000000000     ,
             0.000000000000000     ,
             0.000000000000000     ,
             0.000000000000000     ,
             0.000000000000000     ,
             0.000000000000000     ,
             0.000000000000000     ,
             0.000000000000000     ,
             0.000000000000000     ,
             0.000000000000000     ,
 PP2BDRY =    0.000000000000000     ,
              0.000000000000000     ,
              0.000000000000000     ,
              0.000000000000000     ,
              0.000000000000000     ,
              0.000000000000000     ,
              0.000000000000000     ,
              0.000000000000000     ,
              0.000000000000000     ,
              0.000000000000000     ,
              0.000000000000000     ,
              0.000000000000000     ,
              0.000000000000000     ,
              0.000000000000000     ,
              0.000000000000000     ,
              0.000000000000000     ,
              0.000000000000000     ,
              0.000000000000000     ,
              0.000000000000000     ,
              0.000000000000000     ,
              0.000000000000000     ,
              0.000000000000000     ,
              0.000000000000000     ,
              0.000000000000000     ,
              0.000000000000000     ,
              0.000000000000000     ,
              0.000000000000000     ,
              0.000000000000000     ,
              0.000000000000000     ,
              0.000000000000000     ,
              0.000000000000000     ,
              0.000000000000000     ,
              0.000000000000000     ,
              0.000000000000000     ,
              0.000000000000000     ,
              0.000000000000000     ,
              0.000000000000000     ,
              0.000000000000000     ,
              0.000000000000000     ,
              0.000000000000000     ,
              0.000000000000000     ,
              0.000000000000000     ,
              0.000000000000000     ,
              0.000000000000000     ,
              0.000000000000000     ,
              0.000000000000000     ,
              0.000000000000000     ,
              0.000000000000000     ,
              0.000000000000000     ,
              0.000000000000000     ,
              0.000000000000000     ,
              0.000000000000000     ,
              0.000000000000000     ,
              0.000000000000000     ,
              0.000000000000000     ,
              0.000000000000000     ,
              0.000000000000000     ,
              0.000000000000000     ,
              0.000000000000000     ,
              0.000000000000000     ,
              0.000000000000000     ,
              0.000000000000000     ,
              0.000000000000000     ,
              0.000000000000000     ,
 KPPBDRY =            0,
                      0,
                      0,
                      0,
                      0,
                      0,
                      0,
                      0,
                      0,
                      0,
                      0,
                      0,
                      0,
                      0,
                      0,
                      0,
                      0,
                      0,
                      0,
                      0,
                      0,
                      0,
                      0,
                      0,
                      0,
                      0,
                      0,
                      0,
                      0,
                      0,
                      0,
                      0,
                      0,
                      0,
                      0,
                      0,
                      0,
                      0,
                      0,
                      0,
                      0,
                      0,
                      0,
                      0,
                      0,
                      0,
                      0,
                      0,
                      0,
                      0,
                      0,
                      0,
                      0,
                      0,
                      0,
                      0,
                      0,
                      0,
                      0,
                      0,
                      0,
                      0,
                      0,
                      0,
 KPP2BDRY =            0,
                       0,
                       0,
                       0,
                       0,
                       0,
                       0,
                       0,
                       0,
                       0,
                       0,
                       0,
                       0,
                       0,
                       0,
                       0,
                       0,
                       0,
                       0,
                       0,
                       0,
                       0,
                       0,
                       0,
                       0,
                       0,
                       0,
                       0,
                       0,
                       0,
                       0,
                       0,
                       0,
                       0,
                       0,
                       0,
                       0,
                       0,
                       0,
                       0,
                       0,
                       0,
                       0,
                       0,
                       0,
                       0,
                       0,
                       0,
                       0,
                       0,
                       0,
                       0,
                       0,
                       0,
                       0,
                       0,
                       0,
                       0,
                       0,
                       0,
                       0,
                       0,
                       0,
                       0,
 FFBDRY =    0.000000000000000     ,
             0.000000000000000     ,
             0.000000000000000     ,
             0.000000000000000     ,
             0.000000000000000     ,
             0.000000000000000     ,
             0.000000000000000     ,
             0.000000000000000     ,
             0.000000000000000     ,
             0.000000000000000     ,
             0.000000000000000     ,
             0.000000000000000     ,
             0.000000000000000     ,
             0.000000000000000     ,
             0.000000000000000     ,
             0.000000000000000     ,
             0.000000000000000     ,
             0.000000000000000     ,
             0.000000000000000     ,
             0.000000000000000     ,
             0.000000000000000     ,
             0.000000000000000     ,
             0.000000000000000     ,
             0.000000000000000     ,
             0.000000000000000     ,
             0.000000000000000     ,
             0.000000000000000     ,
             0.000000000000000     ,
             0.000000000000000     ,
             0.000000000000000     ,
             0.000000000000000     ,
             0.000000000000000     ,
             0.000000000000000     ,
             0.000000000000000     ,
             0.000000000000000     ,
             0.000000000000000     ,
             0.000000000000000     ,
             0.000000000000000     ,
             0.000000000000000     ,
             0.000000000000000     ,
             0.000000000000000     ,
             0.000000000000000     ,
             0.000000000000000     ,
             0.000000000000000     ,
             0.000000000000000     ,
             0.000000000000000     ,
             0.000000000000000     ,
             0.000000000000000     ,
             0.000000000000000     ,
             0.000000000000000     ,
             0.000000000000000     ,
             0.000000000000000     ,
             0.000000000000000     ,
             0.000000000000000     ,
             0.000000000000000     ,
             0.000000000000000     ,
             0.000000000000000     ,
             0.000000000000000     ,
             0.000000000000000     ,
             0.000000000000000     ,
             0.000000000000000     ,
             0.000000000000000     ,
             0.000000000000000     ,
             0.000000000000000     ,
 FF2BDRY =    0.000000000000000     ,
              0.000000000000000     ,
              0.000000000000000     ,
              0.000000000000000     ,
              0.000000000000000     ,
              0.000000000000000     ,
              0.000000000000000     ,
              0.000000000000000     ,
              0.000000000000000     ,
              0.000000000000000     ,
              0.000000000000000     ,
              0.000000000000000     ,
              0.000000000000000     ,
              0.000000000000000     ,
              0.000000000000000     ,
              0.000000000000000     ,
              0.000000000000000     ,
              0.000000000000000     ,
              0.000000000000000     ,
              0.000000000000000     ,
              0.000000000000000     ,
              0.000000000000000     ,
              0.000000000000000     ,
              0.000000000000000     ,
              0.000000000000000     ,
              0.000000000000000     ,
              0.000000000000000     ,
              0.000000000000000     ,
              0.000000000000000     ,
              0.000000000000000     ,
              0.000000000000000     ,
              0.000000000000000     ,
              0.000000000000000     ,
              0.000000000000000     ,
              0.000000000000000     ,
              0.000000000000000     ,
              0.000000000000000     ,
              0.000000000000000     ,
              0.000000000000000     ,
              0.000000000000000     ,
              0.000000000000000     ,
              0.000000000000000     ,
              0.000000000000000     ,
              0.000000000000000     ,
              0.000000000000000     ,
              0.000000000000000     ,
              0.000000000000000     ,
              0.000000000000000     ,
              0.000000000000000     ,
              0.000000000000000     ,
              0.000000000000000     ,
              0.000000000000000     ,
              0.000000000000000     ,
              0.000000000000000     ,
              0.000000000000000     ,
              0.000000000000000     ,
              0.000000000000000     ,
              0.000000000000000     ,
              0.000000000000000     ,
              0.000000000000000     ,
              0.000000000000000     ,
              0.000000000000000     ,
              0.000000000000000     ,
              0.000000000000000     ,
 KFFBDRY =            0,
                      0,
                      0,
                      0,
                      0,
                      0,
                      0,
                      0,
                      0,
                      0,
                      0,
                      0,
                      0,
                      0,
                      0,
                      0,
                      0,
                      0,
                      0,
                      0,
                      0,
                      0,
                      0,
                      0,
                      0,
                      0,
                      0,
                      0,
                      0,
                      0,
                      0,
                      0,
                      0,
                      0,
                      0,
                      0,
                      0,
                      0,
                      0,
                      0,
                      0,
                      0,
                      0,
                      0,
                      0,
                      0,
                      0,
                      0,
                      0,
                      0,
                      0,
                      0,
                      0,
                      0,
                      0,
                      0,
                      0,
                      0,
                      0,
                      0,
                      0,
                      0,
                      0,
                      0,
 KFF2BDRY =            0,
                       0,
                       0,
                       0,
                       0,
                       0,
                       0,
                       0,
                       0,
                       0,
                       0,
                       0,
                       0,
                       0,
                       0,
                       0,
                       0,
                       0,
                       0,
                       0,
                       0,
                       0,
                       0,
                       0,
                       0,
                       0,
                       0,
                       0,
                       0,
                       0,
                       0,
                       0,
                       0,
                       0,
                       0,
                       0,
                       0,
                       0,
                       0,
                       0,
                       0,
                       0,
                       0,
                       0,
                       0,
                       0,
                       0,
                       0,
                       0,
                       0,
                       0,
                       0,
                       0,
                       0,
                       0,
                       0,
                       0,
                       0,
                       0,
                       0,
                       0,
                       0,
                       0,
                       0,
 WWBDRY =    0.000000000000000     ,
             0.000000000000000     ,
             0.000000000000000     ,
             0.000000000000000     ,
             0.000000000000000     ,
             0.000000000000000     ,
             0.000000000000000     ,
             0.000000000000000     ,
             0.000000000000000     ,
             0.000000000000000     ,
             0.000000000000000     ,
             0.000000000000000     ,
             0.000000000000000     ,
             0.000000000000000     ,
             0.000000000000000     ,
             0.000000000000000     ,
             0.000000000000000     ,
             0.000000000000000     ,
             0.000000000000000     ,
             0.000000000000000     ,
             0.000000000000000     ,
             0.000000000000000     ,
             0.000000000000000     ,
             0.000000000000000     ,
             0.000000000000000     ,
             0.000000000000000     ,
             0.000000000000000     ,
             0.000000000000000     ,
             0.000000000000000     ,
             0.000000000000000     ,
             0.000000000000000     ,
             0.000000000000000     ,
             0.000000000000000     ,
             0.000000000000000     ,
             0.000000000000000     ,
             0.000000000000000     ,
             0.000000000000000     ,
             0.000000000000000     ,
             0.000000000000000     ,
             0.000000000000000     ,
             0.000000000000000     ,
             0.000000000000000     ,
             0.000000000000000     ,
             0.000000000000000     ,
             0.000000000000000     ,
             0.000000000000000     ,
             0.000000000000000     ,
             0.000000000000000     ,
             0.000000000000000     ,
             0.000000000000000     ,
             0.000000000000000     ,
             0.000000000000000     ,
             0.000000000000000     ,
             0.000000000000000     ,
             0.000000000000000     ,
             0.000000000000000     ,
             0.000000000000000     ,
             0.000000000000000     ,
             0.000000000000000     ,
             0.000000000000000     ,
             0.000000000000000     ,
             0.000000000000000     ,
             0.000000000000000     ,
             0.000000000000000     ,
 WW2BDRY =    0.000000000000000     ,
              0.000000000000000     ,
              0.000000000000000     ,
              0.000000000000000     ,
              0.000000000000000     ,
              0.000000000000000     ,
              0.000000000000000     ,
              0.000000000000000     ,
              0.000000000000000     ,
              0.000000000000000     ,
              0.000000000000000     ,
              0.000000000000000     ,
              0.000000000000000     ,
              0.000000000000000     ,
              0.000000000000000     ,
              0.000000000000000     ,
              0.000000000000000     ,
              0.000000000000000     ,
              0.000000000000000     ,
              0.000000000000000     ,
              0.000000000000000     ,
              0.000000000000000     ,
              0.000000000000000     ,
              0.000000000000000     ,
              0.000000000000000     ,
              0.000000000000000     ,
              0.000000000000000     ,
              0.000000000000000     ,
              0.000000000000000     ,
              0.000000000000000     ,
              0.000000000000000     ,
              0.000000000000000     ,
              0.000000000000000     ,
              0.000000000000000     ,
              0.000000000000000     ,
              0.000000000000000     ,
              0.000000000000000     ,
              0.000000000000000     ,
              0.000000000000000     ,
              0.000000000000000     ,
              0.000000000000000     ,
              0.000000000000000     ,
              0.000000000000000     ,
              0.000000000000000     ,
              0.000000000000000     ,
              0.000000000000000     ,
              0.000000000000000     ,
              0.000000000000000     ,
              0.000000000000000     ,
              0.000000000000000     ,
              0.000000000000000     ,
              0.000000000000000     ,
              0.000000000000000     ,
              0.000000000000000     ,
              0.000000000000000     ,
              0.000000000000000     ,
              0.000000000000000     ,
              0.000000000000000     ,
              0.000000000000000     ,
              0.000000000000000     ,
              0.000000000000000     ,
              0.000000000000000     ,
              0.000000000000000     ,
              0.000000000000000     ,
 KWWBDRY =            0,
                      0,
                      0,
                      0,
                      0,
                      0,
                      0,
                      0,
                      0,
                      0,
                      0,
                      0,
                      0,
                      0,
                      0,
                      0,
                      0,
                      0,
                      0,
                      0,
                      0,
                      0,
                      0,
                      0,
                      0,
                      0,
                      0,
                      0,
                      0,
                      0,
                      0,
                      0,
                      0,
                      0,
                      0,
                      0,
                      0,
                      0,
                      0,
                      0,
                      0,
                      0,
                      0,
                      0,
                      0,
                      0,
                      0,
                      0,
                      0,
                      0,
                      0,
                      0,
                      0,
                      0,
                      0,
                      0,
                      0,
                      0,
                      0,
                      0,
                      0,
                      0,
                      0,
                      0,
 KWW2BDRY =            0,
                       0,
                       0,
                       0,
                       0,
                       0,
                       0,
                       0,
                       0,
                       0,
                       0,
                       0,
                       0,
                       0,
                       0,
                       0,
                       0,
                       0,
                       0,
                       0,
                       0,
                       0,
                       0,
                       0,
                       0,
                       0,
                       0,
                       0,
                       0,
                       0,
                       0,
                       0,
                       0,
                       0,
                       0,
                       0,
                       0,
                       0,
                       0,
                       0,
                       0,
                       0,
                       0,
                       0,
                       0,
                       0,
                       0,
                       0,
                       0,
                       0,
                       0,
                       0,
                       0,
                       0,
                       0,
                       0,
                       0,
                       0,
                       0,
                       0,
                       0,
                       0,
                       0,
                       0,
 KEEFNC =            0,
 KEEKNT =            0,
 EEKNT =    0.000000000000000     ,
            0.000000000000000     ,
            0.000000000000000     ,
            0.000000000000000     ,
            0.000000000000000     ,
            0.000000000000000     ,
            0.000000000000000     ,
            0.000000000000000     ,
            0.000000000000000     ,
            0.000000000000000     ,
            0.000000000000000     ,
            0.000000000000000     ,
            0.000000000000000     ,
            0.000000000000000     ,
            0.000000000000000     ,
            0.000000000000000     ,
            0.000000000000000     ,
            0.000000000000000     ,
            0.000000000000000     ,
            0.000000000000000     ,
            0.000000000000000     ,
            0.000000000000000     ,
            0.000000000000000     ,
            0.000000000000000     ,
            0.000000000000000     ,
            0.000000000000000     ,
            0.000000000000000     ,
            0.000000000000000     ,
            0.000000000000000     ,
            0.000000000000000     ,
            0.000000000000000     ,
            0.000000000000000     ,
 EETENS =    5.000000000000000     ,
 EEBDRY =    0.000000000000000     ,
             0.000000000000000     ,
             0.000000000000000     ,
             0.000000000000000     ,
             0.000000000000000     ,
             0.000000000000000     ,
             0.000000000000000     ,
             0.000000000000000     ,
             0.000000000000000     ,
             0.000000000000000     ,
             0.000000000000000     ,
             0.000000000000000     ,
             0.000000000000000     ,
             0.000000000000000     ,
             0.000000000000000     ,
             0.000000000000000     ,
             0.000000000000000     ,
             0.000000000000000     ,
             0.000000000000000     ,
             0.000000000000000     ,
             0.000000000000000     ,
             0.000000000000000     ,
             0.000000000000000     ,
             0.000000000000000     ,
             0.000000000000000     ,
             0.000000000000000     ,
             0.000000000000000     ,
             0.000000000000000     ,
             0.000000000000000     ,
             0.000000000000000     ,
             0.000000000000000     ,
             0.000000000000000     ,
 EE2BDRY =    0.000000000000000     ,
              0.000000000000000     ,
              0.000000000000000     ,
              0.000000000000000     ,
              0.000000000000000     ,
              0.000000000000000     ,
              0.000000000000000     ,
              0.000000000000000     ,
              0.000000000000000     ,
              0.000000000000000     ,
              0.000000000000000     ,
              0.000000000000000     ,
              0.000000000000000     ,
              0.000000000000000     ,
              0.000000000000000     ,
              0.000000000000000     ,
              0.000000000000000     ,
              0.000000000000000     ,
              0.000000000000000     ,
              0.000000000000000     ,
              0.000000000000000     ,
              0.000000000000000     ,
              0.000000000000000     ,
              0.000000000000000     ,
              0.000000000000000     ,
              0.000000000000000     ,
              0.000000000000000     ,
              0.000000000000000     ,
              0.000000000000000     ,
              0.000000000000000     ,
              0.000000000000000     ,
              0.000000000000000     ,
 KEEBDRY =            0,
                      0,
                      0,
                      0,
                      0,
                      0,
                      0,
                      0,
                      0,
                      0,
                      0,
                      0,
                      0,
                      0,
                      0,
                      0,
                      0,
                      0,
                      0,
                      0,
                      0,
                      0,
                      0,
                      0,
                      0,
                      0,
                      0,
                      0,
                      0,
                      0,
                      0,
                      0,
 KEE2BDRY =            0,
                       0,
                       0,
                       0,
                       0,
                       0,
                       0,
                       0,
                       0,
                       0,
                       0,
                       0,
                       0,
                       0,
                       0,
                       0,
                       0,
                       0,
                       0,
                       0,
                       0,
                       0,
                       0,
                       0,
                       0,
                       0,
                       0,
                       0,
                       0,
                       0,
                       0,
                       0
 /
 &INWANT
 PSIWANT =    1.000000000000000     ,
 VZEROJ =    0.000000000000000     ,
             0.000000000000000     ,
             0.000000000000000     ,
             0.000000000000000     ,
             0.000000000000000     ,
             0.000000000000000     ,
             0.000000000000000     ,
             0.000000000000000     ,
             0.000000000000000     ,
             0.000000000000000     ,
             0.000000000000000     ,
             0.000000000000000     ,
             0.000000000000000     ,
             0.000000000000000     ,
             0.000000000000000     ,
             0.000000000000000     ,
             0.000000000000000     ,
             0.000000000000000     ,
             0.000000000000000     ,
             0.000000000000000     ,
             0.000000000000000     ,
             0.000000000000000     ,
             0.000000000000000     ,
             0.000000000000000     ,
             0.000000000000000     ,
             0.000000000000000     ,
             0.000000000000000     ,
             0.000000000000000     ,
             0.000000000000000     ,
             0.000000000000000     ,
             0.000000000000000     ,
             0.000000000000000     ,
             0.000000000000000     ,
             0.000000000000000     ,
             0.000000000000000     ,
             0.000000000000000     ,
             0.000000000000000     ,
             0.000000000000000     ,
             0.000000000000000     ,
             0.000000000000000     ,
             0.000000000000000     ,
             0.000000000000000     ,
             0.000000000000000     ,
             0.000000000000000     ,
             0.000000000000000     ,
             0.000000000000000     ,
             0.000000000000000     ,
             0.000000000000000     ,
             0.000000000000000     ,
             0.000000000000000     ,
             0.000000000000000     ,
             0.000000000000000     ,
             0.000000000000000     ,
             0.000000000000000     ,
             0.000000000000000     ,
             0.000000000000000     ,
             0.000000000000000     ,
             0.000000000000000     ,
             0.000000000000000     ,
             0.000000000000000     ,
             0.000000000000000     
 /
