&INSTATE
  DENSITY_MODEL = 1 
  MODEL_SHAPE = 0 
  NBDRY = 15 
  USE_INPED = 0 
  R0 = 4.55 
  A0 = 1.2 
  KAPPA = 1.4 
  DELTA = -0.5 
  B0 = 11.0 
  IP = 10.0 
  N_ION = 2 
  Z_ION = 1 1 
  A_ION = 2 3 
  F_ION = 0.5 0.5 
  N_IMP = 1 
  Z_IMP = 74 
  A_IMP = 184 
  F_IMP = 1.5e-05 
  N_MIN = 0 
  Z_MIN = 1 
  A_MIN = 1 
  N_BEAM = 1 
  Z_BEAM = 1 
  A_BEAM = 2 
  N_FUSION = 1 
  Z_FUSION = 2 
  A_FUSION = 4 
  NRHO = 101 
  NE_AXIS = 27.6 
  NE_PED = 15.0 
  NE_SEP = 9.0 
  NE_ALPHA = 1.5 
  NE_BETA = 1.1 
  NE_FIT = 1 
  NE_XMID = 0.95 
  NE_XWID = 0.1 
  TE_AXIS = 18.8 
  TE_PED = 3.0 
  TE_SEP = 0.08 
  TE_ALPHA = 1.5 
  TE_BETA = 1.5 
  TE_FIT = 1 
  TE_XMID = 0.95 
  TE_XWID = 0.1 
  TI_AXIS = 19.0 
  TI_PED = 3.0 
  TI_SEP = 0.08 
  TI_ALPHA = 1.5 
  TI_BETA = 1.5 
  TI_FIT = 1 
  TI_XMID = 0.95 
  TI_XWID = 0.1 
  ZEFF_AXIS = 2.0 
  OMEGA_AXIS = 5000.0 
  OMEGA_SEP = 0.0 
  OMEGA_ALPHA = 1.5 
  OMEGA_BETA = 1.5 
  JPAR_AXIS = 1.0 
  JPAR_SEP = 0.05 
  JPAR_ALPHA = 2.0 
  JPAR_BETA = 1.0 
  NBEAM_AXIS = 0.0 
  NBEAM_SEP = 0.0 
  NBEAM_ALPHA = 1.5 
  NBEAM_BETA = 1.5 
  TBEAMI = 20.0 20.0 20.0 20.0 20.0 20.0 20.0 20.0 20.0 20.0 20.0 20.0  
    20.0 20.0 20.0 20.0 20.0 20.0 20.0 20.0 20.0 20.0 20.0 20.0 20.0  
    20.0 20.0 20.0 20.0 20.0 20.0 20.0 20.0 20.0 20.0 20.0 20.0 20.0  
    20.0 20.0 20.0 20.0 20.0 20.0 20.0 20.0 20.0 20.0 20.0 20.0 20.0  
    20.0 20.0 20.0 20.0 20.0 20.0 20.0 20.0 20.0 20.0 20.0 20.0 20.0  
    20.0 20.0 20.0 20.0 20.0 20.0 20.0 20.0 20.0 20.0 20.0 20.0 20.0  
    20.0 20.0 20.0 20.0 20.0 20.0 20.0 20.0 20.0 20.0 20.0 20.0 20.0  
    20.0 20.0 20.0 20.0 20.0 20.0 20.0 20.0 20.0 20.0 20.0 
  BETAN_PED = -1.0 
  XMID = 0.95 
  XWID = 0.1 
  PRESSURE_MODEL = 'full' 
  H98_TARGET = 0.8 
  BETAN_TARGET = 1.25 
  BETAN_BEAM_TARGET = 0.0 
  CURRENT_MODEL = 'broad' 
  RHO_JBDRY = 0.85 
  RHO_JPEAK = 0.65 
  JAXIS = 0.6 
  JAXIS_PRIME = 1.0 
  JBDRY_PRIME = -1.0 
  RBDRY = 5.75 5.717889612279765 5.599231274196216 5.333894952548324  
    4.862048988436734 4.215741544340384 3.606248672667517  
    3.3499999999999996 3.606248672667517 4.215741544340384  
    4.862048988436735 5.333894952548324 5.599231274196216  
    5.717889612279765 5.75 
  ZBDRY = 0.0 0.7289246817174976 1.3134768905462901 1.6378788924654637  
    1.6378788924654637 1.3134768905462901 0.7289246817174978  
    2.0574066225675533e-16 -0.7289246817174975 -1.31347689054629  
    -1.6378788924654637 -1.6378788924654637 -1.3134768905462901  
    -0.728924681717498 0.0 
  NLIM = 5 
  RLIM = 6.0 3.5 3.5 6.0 6.0 
  ZLIM = 1.93 1.93 -1.93 -1.93 1.93 
  NE = 27.62176359 27.62176359 27.57674537 27.52851427 27.4771126  
    27.42258269 27.36496686 27.30430746 27.24064679 27.17402719  
    27.10449098 27.03208049 26.95683804 26.87880597 26.7980266  
    26.71454225 26.62839525 26.53962793 26.44828261 26.35440163  
    26.2580273 26.15920195 26.05796791 25.95436751 25.84844307  
    25.74023692 25.62979138 25.51714879 25.40235146 25.28544173  
    25.16646191 25.04545435 24.92246135 24.79752526 24.67068839  
    24.54199307 24.41148163 24.2791964 24.1451797 24.00947385  
    23.87212119 23.73316404 23.59264472 23.45060556 23.30708889  
    23.16213703 23.01579231 22.86809704 22.71909356 22.56882418  
    22.41733121 22.26465698 22.11084378 21.95593392 21.79996968  
    21.64299333 21.48504709 21.32617319 21.16641374 21.00581082  
    20.84440635 20.68224211 20.51935958 20.35579991 20.1916037  
    20.02681076 19.8614598 19.69558788 19.52922971 19.362416599999996  
    19.195174899999998 19.02752384 18.85947234 18.69101441 18.52212253  
    18.35273814 18.18275789 18.0120139 17.84024545 17.6670585  
    17.49186796 17.313816 17.131657239999996 16.943599789999997  
    16.74708906 16.53852313 16.31289665 16.06339444 15.78101026  
    15.45436934 15.07009919 14.6142896 14.07565691 13.4506322  
    12.74932429999999 11.999374269999992 11.24379207 10.53130038  
    9.903025429 9.382648669 8.97449758 
  TE = 19.04970477530626 19.042763264852432 19.021953906281407  
    18.987322162703382 18.93894362204644 18.876923722157315  
    18.80139736790407 18.712528442226944 18.610509213617682  
    18.495559643025814 18.36792659368867 18.227882947857896  
    18.075726634845324 17.911779575232643 17.736386546480162  
    17.54991397552706 17.35274866429752 17.145296454311744  
    16.927980836846775 16.701241515298122 16.46553292655825  
    16.221322728351886 15.969090259549851 15.70932498052364  
    15.442524900601617 15.169194999645853 14.889845650686711  
    14.604991050431632 14.315147664306672 14.020832692495706  
    13.722562563214872 13.424141857601606 13.128872586226914  
    12.836515854641146 12.546832768394658 12.259584433037796  
    11.975122426796899 11.694247898052318 11.417396307585426  
    11.145003116177591 10.877503784610191 10.61557985026823  
    10.359702094315633 10.10998984320216 9.866562423377562  
    9.629539161291596 9.398982527920733 9.174745976077872  
    8.956635304967408 8.744456313793732 8.538014801761236  
    8.337138023606443 8.14160850374975 7.951164945921369  
    7.7655460538515095 7.584490531270382 7.407772413576625  
    7.235151089931065 7.066343294707201 6.901065762278528  
    6.7390352270185465 6.579856331412481 6.423324221609838  
    6.269441387480538 6.118210318894498 5.969633505721639  
    5.824090460908409 5.6818807121901385 5.542886771620067  
    5.406991151251426 5.274076363137458 5.1437709015858655  
    5.015573216887017 4.889170755068141 4.76425096215647  
    4.640501284179232 4.517561832740766 4.395229940753042  
    4.273428886204745 4.1520819470845565 4.031112401381158  
    3.910086944977693 3.789419607069533 3.6703046656137066  
    3.5539363985672416 3.441509083887167 3.3391745330587868  
    3.248855396699985 3.165402211466657 3.083665514014697 2.998495841  
    2.799295055 2.560756611 2.272795997 1.9328587159999957  
    1.5531213329999956 1.162840606 0.7999584562 0.4954026054  
    0.2622133495 0.09634936345 
  TI = 19.486126440253976 19.47718268712911 19.450376050271522  
    19.405780284288845 19.34351793777408 19.263759792207907  
    19.166724081463908 19.05267549690906 18.92192398444726  
    18.774823341157273 18.611769620417586 18.43319935557914  
    18.23958761333403 18.031445888925376 17.809319856243267  
    17.573786986647697 17.325454051045867 17.064954520323955  
    16.79294587968925 16.510106872814507 16.21713469189238  
    15.914742129802784 15.603654710572007 15.284607814160735  
    14.958343811362688 14.625609224230029 14.287151926971328  
    13.943718401698629 13.596051062738743 13.244885662477618  
    12.890948790883664 12.542321381859638 12.206123679450185  
    11.881632918450586 11.568126333656135 11.264881159862107  
    10.97181466381258 10.689201823564257 10.416856440881379  
    10.15459231752817 9.902223255268867 9.65964270303251  
    9.426594165786408 9.202666529352193 8.987448679551495  
    8.780529502205942 8.581370888935089 8.389431186913503  
    8.204293965295356 8.025542793234804 7.8527612398860125  
    7.685516327826396 7.523401093123681 7.366038125167507  
    7.2130500133475115 7.0640593470533295 6.918688245707779  
    6.776588927632619 6.637429130565908 6.500876592245698  
    6.366599050410042 6.234058445042242 6.102983844084778  
    5.97344367721448 5.84550637410817 5.719240364442676  
    5.595248856287221 5.474010390188538 5.355406394539716  
    5.23931829773385 5.125627528164028 5.0138529023195675  
    4.903429578386932 4.794113497304937 4.6856606000124  
    4.577826827448137 4.4705041810175965 4.363667734875051  
    4.257198039082555 4.15097564370216 4.044881098795917  
    3.938613329295402 3.832040990246182 3.7252992268813023  
    3.6185231844338084 3.5118480081367465 3.406661691015969  
    3.3036428503019404 3.201862567534627 3.100391924253992 2.998302002  
    2.798947523 2.560534357 2.272854523 1.9331508849999959  
    1.5534183209999957 1.162904269 0.7997470585 0.4951085049  
    0.2621159174 0.09665506234 
  OMEGA = 4992.501875 4992.501875 4978.801804 4961.079526 4940.12016  
    4916.382264 4890.178959 4861.74318 4831.258024 4798.873089  
    4764.714177 4728.889466 4691.493659 4652.610886 4612.316799  
    4570.680145 4527.763951 4483.626454 4438.321832 4391.900796  
    4344.411068 4295.897774 4246.403778 4195.969955 4144.635428  
    4092.437767 4039.413164 3985.596584 3931.021896 3875.721988  
    3819.72887 3763.073767 3705.787199 3647.899055 3589.43866  
    3530.4348369999993 3470.91596 3410.910006 3350.444605 3289.54708  
    3228.244492 3166.5636739999995 3104.531273 3042.173783 2979.517575  
    2916.588934 2853.414088 2790.0192379999994 2726.430588 2662.674375  
    2598.776897 2534.764544 2470.663824 2406.501396 2342.304099  
    2278.098979 2213.913327 2149.774706999999 2085.710992 2021.750397  
    1957.921519 1894.253376 1830.775447 1767.517715 1704.510722  
    1641.785608 1579.374179 1517.308956 1455.623246 1394.3512129999992  
    1333.5279519999992 1273.18958 1213.373329 1154.117653 1095.462349  
    1037.448686 980.1195629 923.5196753 867.6957162 812.6966008  
    758.5737302 705.3812976 653.1766491999995 602.0207127999994  
    551.9785103 503.1197796 455.5197357 409.2600162 364.4298727  
    321.1276991 279.4630303 239.55922 201.557126 165.620359  
    131.94307479999966 100.76217029999968 72.37775876 47.19105135  
    25.78549737 9.151104569 -1.161737373e-12 
  ZEFF = 1.08103 1.08103 1.08103 1.08103 1.08103 1.0810300000000002  
    1.0810300000000002 1.08103 1.08103 1.08103 1.08103  
    1.0810300000000002 1.08103 1.08103 1.0810300000000002 1.08103  
    1.08103 1.0810300000000002 1.08103 1.08103 1.08103 1.08103 1.08103  
    1.08103 1.08103 1.08103 1.08103 1.08103 1.0810300000000002  
    1.0810300000000002 1.08103 1.08103 1.0810300000000002 1.08103  
    1.0810300000000002 1.08103 1.08103 1.08103 1.08103 1.08103  
    1.0810300000000002 1.0810300000000002 1.0810300000000002 1.08103  
    1.08103 1.08103 1.08103 1.08103 1.08103 1.08103 1.0810300000000002  
    1.08103 1.08103 1.0810300000000002 1.0810300000000002 1.08103  
    1.0810300000000002 1.08103 1.08103 1.08103 1.08103  
    1.0810300000000002 1.08103 1.08103 1.08103 1.0810300000000002  
    1.08103 1.08103 1.0810300000000002 1.08103 1.08103  
    1.0810300000000002 1.08103 1.08103 1.08103 1.0810300000000002  
    1.08103 1.08103 1.08103 1.08103 1.0810300000000002 1.08103 1.08103  
    1.0810300000000002 1.08103 1.0810300000000002 1.08103  
    1.0810300000000002 1.0810300000000002 1.08103 1.0810300000000002  
    1.08103 1.08103 1.08103 1.08103 1.0810300000000002 1.08103 1.08103  
    1.0810300000000002 1.0810300000000002 1.08103 
  J_OH = 0.0 0.0 0.0 0.0 0.0 0.0 0.0 0.0 0.0 0.0 0.0 0.0 0.0 0.0 0.0  
    0.0 0.0 0.0 0.0 0.0 0.0 0.0 0.0 0.0 0.0 0.0 0.0 0.0 0.0 0.0 0.0 0.0  
    0.0 0.0 0.0 0.0 0.0 0.0 0.0 0.0 0.0 0.0 0.0 0.0 0.0 0.0 0.0 0.0 0.0  
    0.0 0.0 0.0 0.0 0.0 0.0 0.0 0.0 0.0 0.0 0.0 0.0 0.0 0.0 0.0 0.0 0.0  
    0.0 0.0 0.0 0.0 0.0 0.0 0.0 0.0 0.0 0.0 0.0 0.0 0.0 0.0 0.0 0.0 0.0  
    0.0 0.0 0.0 0.0 0.0 0.0 0.0 0.0 0.0 0.0 0.0 0.0 0.0 0.0 0.0 0.0 0.0  
    0.0 
  J_BS = 143400.71897776003 215101.07846664003 325266.0310282487  
    387525.537275397 428292.53069096175 458618.58160387236  
    483192.12607169437 504256.61647112865 522991.32621618494  
    540067.7866222085 555884.115340566 570641.8838602059  
    584408.1678103938 597193.0283915082 608973.3944797473  
    619712.5313541403 629409.9904802061 638099.0726281638  
    645804.4114317762 652539.8807094345 658320.3885758851  
    663152.8881117734 667036.974391932 669976.1700323299  
    671977.6724164813 673048.5188901826 673197.8434114358  
    672439.2488426757 670790.75362667 668274.4269319945  
    661629.4328249205 648141.1944480307 631922.8767503649  
    616515.1540294318 601890.7780444218 587598.2575064802  
    572908.1507657529 557817.044697235 542618.0961829646  
    527322.6148587195 511812.57365743327 496103.5377202994  
    480532.41228950094 465296.27057865553 450394.30173811776  
    435878.0001666881 421887.9914028024 408500.1428970123  
    395695.55103093723 383462.2115246099 371783.080857288  
    360654.36166311096 350088.5937663805 340084.6840302062  
    330629.9149393777 321698.0163652226 313262.62894147995  
    305325.0079844949 297886.9886084664 290936.9300900182  
    284551.0068122011 278673.3389896787 273010.12200600904  
    267405.1759309774 261858.21312126573 256113.62596630905  
    249978.4689643697 243802.2488358441 237870.38343460322  
    232180.23598636943 226900.089110267 222260.38299610972  
    218180.75651882554 214519.74065322345 211278.84680102454  
    208450.9111983519 205960.6995195385 203730.9197759631  
    201770.44088721796 200126.43009135823 199028.571018769  
    198394.73252503164 197685.23143669838 196751.8826608629  
    195841.733799979 193289.13578857394 189199.88112409296  
    188559.23300766715 194622.51234925436 207614.3795268566  
    281737.63458688726 372371.4927254952 422234.384172569  
    465396.5853193438 484989.23196418135 464989.62900091085  
    400315.367783042 302488.2567242656 196325.63607978093  
    102462.66443070784 17669.384104980953 
  J_NB = 0.0 0.0 0.0 0.0 0.0 0.0 0.0 0.0 0.0 0.0 0.0 0.0 0.0 0.0 0.0  
    0.0 0.0 0.0 0.0 0.0 0.0 0.0 0.0 0.0 0.0 0.0 0.0 0.0 0.0 0.0 0.0 0.0  
    0.0 0.0 0.0 0.0 0.0 0.0 0.0 0.0 0.0 0.0 0.0 0.0 0.0 0.0 0.0 0.0 0.0  
    0.0 0.0 0.0 0.0 0.0 0.0 0.0 0.0 0.0 0.0 0.0 0.0 0.0 0.0 0.0 0.0 0.0  
    0.0 0.0 0.0 0.0 0.0 0.0 0.0 0.0 0.0 0.0 0.0 0.0 0.0 0.0 0.0 0.0 0.0  
    0.0 0.0 0.0 0.0 0.0 0.0 0.0 0.0 0.0 0.0 0.0 0.0 0.0 0.0 0.0 0.0 0.0  
    0.0 
  J_EC = 0.0 0.0 0.0 0.0 0.0 0.0 0.0 0.0 0.0 0.0 0.0 0.0 0.0 0.0 0.0  
    0.0 0.0 0.0 0.0 0.0 0.0 0.0 0.0 0.0 0.0 0.0 0.0 0.0 0.0 0.0 0.0 0.0  
    0.0 0.0 0.0 0.0 0.0 0.0 0.0 0.0 0.0 0.0 0.0 0.0 0.0 0.0 0.0 0.0 0.0  
    0.0 0.0 0.0 0.0 0.0 0.0 0.0 0.0 0.0 0.0 0.0 0.0 0.0 0.0 0.0 0.0 0.0  
    0.0 0.0 0.0 0.0 0.0 0.0 0.0 0.0 0.0 0.0 0.0 0.0 0.0 0.0 0.0 0.0 0.0  
    0.0 0.0 0.0 0.0 0.0 0.0 0.0 0.0 0.0 0.0 0.0 0.0 0.0 0.0 0.0 0.0 0.0  
    0.0 
  J_IC = 0.0 0.0 0.0 0.0 0.0 0.0 0.0 0.0 0.0 0.0 0.0 0.0 0.0 0.0 0.0  
    0.0 0.0 0.0 0.0 0.0 0.0 0.0 0.0 0.0 0.0 0.0 0.0 0.0 0.0 0.0 0.0 0.0  
    0.0 0.0 0.0 0.0 0.0 0.0 0.0 0.0 0.0 0.0 0.0 0.0 0.0 0.0 0.0 0.0 0.0  
    0.0 0.0 0.0 0.0 0.0 0.0 0.0 0.0 0.0 0.0 0.0 0.0 0.0 0.0 0.0 0.0 0.0  
    0.0 0.0 0.0 0.0 0.0 0.0 0.0 0.0 0.0 0.0 0.0 0.0 0.0 0.0 0.0 0.0 0.0  
    0.0 0.0 0.0 0.0 0.0 0.0 0.0 0.0 0.0 0.0 0.0 0.0 0.0 0.0 0.0 0.0 0.0  
    0.0 
  J_LH = 0.0 0.0 0.0 0.0 0.0 0.0 0.0 0.0 0.0 0.0 0.0 0.0 0.0 0.0 0.0  
    0.0 0.0 0.0 0.0 0.0 0.0 0.0 0.0 0.0 0.0 0.0 0.0 0.0 0.0 0.0 0.0 0.0  
    0.0 0.0 0.0 0.0 0.0 0.0 0.0 0.0 0.0 0.0 0.0 0.0 0.0 0.0 0.0 0.0 0.0  
    0.0 0.0 0.0 0.0 0.0 0.0 0.0 0.0 0.0 0.0 0.0 0.0 0.0 0.0 0.0 0.0 0.0  
    0.0 0.0 0.0 0.0 0.0 0.0 0.0 0.0 0.0 0.0 0.0 0.0 0.0 0.0 0.0 0.0 0.0  
    0.0 0.0 0.0 0.0 0.0 0.0 0.0 0.0 0.0 0.0 0.0 0.0 0.0 0.0 0.0 0.0 0.0  
    0.0 
  PE_NB = 0.0 0.0 0.0 0.0 0.0 0.0 0.0 0.0 0.0 0.0 0.0 0.0 0.0 0.0 0.0  
    0.0 0.0 0.0 0.0 0.0 0.0 0.0 0.0 0.0 0.0 0.0 0.0 0.0 0.0 0.0 0.0 0.0  
    0.0 0.0 0.0 0.0 0.0 0.0 0.0 0.0 0.0 0.0 0.0 0.0 0.0 0.0 0.0 0.0 0.0  
    0.0 0.0 0.0 0.0 0.0 0.0 0.0 0.0 0.0 0.0 0.0 0.0 0.0 0.0 0.0 0.0 0.0  
    0.0 0.0 0.0 0.0 0.0 0.0 0.0 0.0 0.0 0.0 0.0 0.0 0.0 0.0 0.0 0.0 0.0  
    0.0 0.0 0.0 0.0 0.0 0.0 0.0 0.0 0.0 0.0 0.0 0.0 0.0 0.0 0.0 0.0 0.0  
    0.0 
  PE_EC = 0.0 0.0 0.0 0.0 0.0 0.0 0.0 0.0 0.0 0.0 0.0 0.0 0.0 0.0 0.0  
    0.0 0.0 0.0 0.0 0.0 0.0 0.0 0.0 0.0 0.0 0.0 0.0 0.0 0.0 0.0 0.0 0.0  
    0.0 0.0 0.0 0.0 0.0 0.0 0.0 0.0 0.0 0.0 0.0 0.0 0.0 0.0 0.0 0.0 0.0  
    0.0 0.0 0.0 0.0 0.0 0.0 0.0 0.0 0.0 0.0 0.0 0.0 0.0 0.0 0.0 0.0 0.0  
    0.0 0.0 0.0 0.0 0.0 0.0 0.0 0.0 0.0 0.0 0.0 0.0 0.0 0.0 0.0 0.0 0.0  
    0.0 0.0 0.0 0.0 0.0 0.0 0.0 0.0 0.0 0.0 0.0 0.0 0.0 0.0 0.0 0.0 0.0  
    0.0 
  PE_IC = 0.0 0.0 0.0 0.0 0.0 0.0 0.0 0.0 0.0 0.0 0.0 0.0 0.0 0.0 0.0  
    0.0 0.0 0.0 0.0 0.0 0.0 0.0 0.0 0.0 0.0 0.0 0.0 0.0 0.0 0.0 0.0 0.0  
    0.0 0.0 0.0 0.0 0.0 0.0 0.0 0.0 0.0 0.0 0.0 0.0 0.0 0.0 0.0 0.0 0.0  
    0.0 0.0 0.0 0.0 0.0 0.0 0.0 0.0 0.0 0.0 0.0 0.0 0.0 0.0 0.0 0.0 0.0  
    0.0 0.0 0.0 0.0 0.0 0.0 0.0 0.0 0.0 0.0 0.0 0.0 0.0 0.0 0.0 0.0 0.0  
    0.0 0.0 0.0 0.0 0.0 0.0 0.0 0.0 0.0 0.0 0.0 0.0 0.0 0.0 0.0 0.0 0.0  
    0.0 
  PE_LH = 0.0 0.0 0.0 0.0 0.0 0.0 0.0 0.0 0.0 0.0 0.0 0.0 0.0 0.0 0.0  
    0.0 0.0 0.0 0.0 0.0 0.0 0.0 0.0 0.0 0.0 0.0 0.0 0.0 0.0 0.0 0.0 0.0  
    0.0 0.0 0.0 0.0 0.0 0.0 0.0 0.0 0.0 0.0 0.0 0.0 0.0 0.0 0.0 0.0 0.0  
    0.0 0.0 0.0 0.0 0.0 0.0 0.0 0.0 0.0 0.0 0.0 0.0 0.0 0.0 0.0 0.0 0.0  
    0.0 0.0 0.0 0.0 0.0 0.0 0.0 0.0 0.0 0.0 0.0 0.0 0.0 0.0 0.0 0.0 0.0  
    0.0 0.0 0.0 0.0 0.0 0.0 0.0 0.0 0.0 0.0 0.0 0.0 0.0 0.0 0.0 0.0 0.0  
    0.0 
  PE_FUS = 2312780.8264217796 2312708.1590536605 2306319.289200544  
    2299501.190085929 2292344.6542984294 2284946.5889479206  
    2277027.3605541834 2266717.7655709875 2251622.9850812424  
    2229110.7679722663 2196160.4791381736 2152651.498574995  
    2101952.002030809 2046180.1940820501 1987987.8098117842  
    1930637.0335238653 1874875.8081793718 1818881.7250199383  
    1762485.175076132 1705463.8700247905 1647543.5545919468  
    1588766.2724722784 1529533.3708165402 1470087.2659219438  
    1410689.712133886 1351618.6643006718 1293160.5870893619  
    1235502.481101725 1178771.316711132 1123077.9918284968  
    1068516.9618123656 1015174.4486838032 963141.3856436942  
    912496.4342260518 863304.263912235 815615.7615885355  
    769537.0622888916 725193.4347104682 682643.7508824783  
    641932.539518494 603089.9837595 566139.533195558 531072.567001199  
    497852.0294408775 466430.7535082263 436753.0172487587  
    408741.0195099481 382314.23795575893 357404.2447449062  
    333939.48561609926 311846.5092197782 291049.6215944141  
    271475.90949223266 253055.81990309228 235720.9981093465  
    219404.90408546673 204041.6191453186 189572.17052102817  
    175943.72434649518 163105.8054773844 151010.50645266485  
    139600.285995161 128840.16919756033 118716.49616771494  
    109213.58662908542 100313.93864653734 92025.82097018373  
    84343.3496637753 77227.80281846013 70642.17889594626  
    64551.2399391891 58907.10671093195 53664.202451308025  
    48793.892204731485 44269.859581515644 40067.97747703991  
    36170.270157940606 32561.722590848185 29224.920637796647  
    26143.344879452394 23301.302433179648 20680.368653285637  
    18266.73303744671 16051.544031703752 14025.155857601081  
    12177.268802890962 10511.496342616423 9018.327231204796  
    7671.666030717407 6451.179316310554 5342.646921458763  
    3765.7655579375237 2379.89912013064 1275.0684484034646  
    534.9395517889154 157.58125371154654 28.052695954610098  
    2.41438958886132 0.06719054226844551 0.00022644667616269858  
    1.7342655192135838e-09 
  PE_IONIZATION = 0.0 0.0 0.0 0.0 0.0 0.0 0.0 0.0 0.0 0.0 0.0 0.0 0.0  
    0.0 0.0 0.0 0.0 0.0 0.0 0.0 0.0 0.0 0.0 0.0 0.0 0.0 0.0 0.0 0.0 0.0  
    0.0 0.0 0.0 0.0 0.0 0.0 0.0 0.0 0.0 0.0 0.0 0.0 0.0 0.0 0.0 0.0 0.0  
    0.0 0.0 0.0 0.0 0.0 0.0 0.0 0.0 0.0 0.0 0.0 0.0 0.0 0.0 0.0 0.0 0.0  
    0.0 0.0 0.0 0.0 0.0 0.0 0.0 0.0 0.0 0.0 0.0 0.0 0.0 0.0 0.0 0.0 0.0  
    0.0 0.0 0.0 0.0 0.0 0.0 0.0 0.0 0.0 0.0 0.0 0.0 0.0 0.0 0.0 0.0 0.0  
    0.0 0.0 0.0 
  P_RAD = 0.0 0.0 0.0 0.0 0.0 0.0 0.0 0.0 0.0 0.0 0.0 0.0 0.0 0.0 0.0  
    0.0 0.0 0.0 0.0 0.0 0.0 0.0 0.0 0.0 0.0 0.0 0.0 0.0 0.0 0.0 0.0 0.0  
    0.0 0.0 0.0 0.0 0.0 0.0 0.0 0.0 0.0 0.0 0.0 0.0 0.0 0.0 0.0 0.0 0.0  
    0.0 0.0 0.0 0.0 0.0 0.0 0.0 0.0 0.0 0.0 0.0 0.0 0.0 0.0 0.0 0.0 0.0  
    0.0 0.0 0.0 0.0 0.0 0.0 0.0 0.0 0.0 0.0 0.0 0.0 0.0 0.0 0.0 0.0 0.0  
    0.0 0.0 0.0 0.0 0.0 0.0 0.0 0.0 0.0 0.0 0.0 0.0 0.0 0.0 0.0 0.0 0.0  
    0.0 
  PI_NB = 0.0 0.0 0.0 0.0 0.0 0.0 0.0 0.0 0.0 0.0 0.0 0.0 0.0 0.0 0.0  
    0.0 0.0 0.0 0.0 0.0 0.0 0.0 0.0 0.0 0.0 0.0 0.0 0.0 0.0 0.0 0.0 0.0  
    0.0 0.0 0.0 0.0 0.0 0.0 0.0 0.0 0.0 0.0 0.0 0.0 0.0 0.0 0.0 0.0 0.0  
    0.0 0.0 0.0 0.0 0.0 0.0 0.0 0.0 0.0 0.0 0.0 0.0 0.0 0.0 0.0 0.0 0.0  
    0.0 0.0 0.0 0.0 0.0 0.0 0.0 0.0 0.0 0.0 0.0 0.0 0.0 0.0 0.0 0.0 0.0  
    0.0 0.0 0.0 0.0 0.0 0.0 0.0 0.0 0.0 0.0 0.0 0.0 0.0 0.0 0.0 0.0 0.0  
    0.0 
  PI_IC = 0.0 0.0 0.0 0.0 0.0 0.0 0.0 0.0 0.0 0.0 0.0 0.0 0.0 0.0 0.0  
    0.0 0.0 0.0 0.0 0.0 0.0 0.0 0.0 0.0 0.0 0.0 0.0 0.0 0.0 0.0 0.0 0.0  
    0.0 0.0 0.0 0.0 0.0 0.0 0.0 0.0 0.0 0.0 0.0 0.0 0.0 0.0 0.0 0.0 0.0  
    0.0 0.0 0.0 0.0 0.0 0.0 0.0 0.0 0.0 0.0 0.0 0.0 0.0 0.0 0.0 0.0 0.0  
    0.0 0.0 0.0 0.0 0.0 0.0 0.0 0.0 0.0 0.0 0.0 0.0 0.0 0.0 0.0 0.0 0.0  
    0.0 0.0 0.0 0.0 0.0 0.0 0.0 0.0 0.0 0.0 0.0 0.0 0.0 0.0 0.0 0.0 0.0  
    0.0 
  PI_LH = 0.0 0.0 0.0 0.0 0.0 0.0 0.0 0.0 0.0 0.0 0.0 0.0 0.0 0.0 0.0  
    0.0 0.0 0.0 0.0 0.0 0.0 0.0 0.0 0.0 0.0 0.0 0.0 0.0 0.0 0.0 0.0 0.0  
    0.0 0.0 0.0 0.0 0.0 0.0 0.0 0.0 0.0 0.0 0.0 0.0 0.0 0.0 0.0 0.0 0.0  
    0.0 0.0 0.0 0.0 0.0 0.0 0.0 0.0 0.0 0.0 0.0 0.0 0.0 0.0 0.0 0.0 0.0  
    0.0 0.0 0.0 0.0 0.0 0.0 0.0 0.0 0.0 0.0 0.0 0.0 0.0 0.0 0.0 0.0 0.0  
    0.0 0.0 0.0 0.0 0.0 0.0 0.0 0.0 0.0 0.0 0.0 0.0 0.0 0.0 0.0 0.0 0.0  
    0.0 
  PI_FUS = 1197070.9612030142 1195157.8557559326 1186708.4375304878  
    1175137.383928926 1160994.074129383 1144826.1585450042  
    1127001.4205472446 1107164.8186811027 1084763.572288891  
    1059191.752131898 1029725.6470217278 996643.7655208367  
    961299.8518872892 924542.8046782349 887401.7215724201  
    851112.6166279153 815839.3544527682 780804.4659474877  
    745971.7839692871 711289.0744825123 676689.5572326338  
    642327.0645788469 608496.7475909451 575333.3080697651  
    542969.1971827254 511532.7818515942 481143.86207860423  
    451851.5029347983 423668.8929793659 396602.81406810984  
    370653.82381247636 345806.7894636369 322053.3976578229  
    299395.2798133419 277828.0744656086 257341.78931920743  
    237951.05559806954 219678.34813337773 202515.57709482842  
    186447.19637658377 171450.81007201775 157503.31152208132  
    144567.50535541648 132593.41497380796 121529.41868498082  
    111323.01636104203 101917.28567555883 93254.80516653488  
    85283.32533568032 77952.51060060677 71214.21624242139  
    65022.56269556411 59334.40796026453 54109.43664545302  
    49309.952016216055 44900.86942121682 40849.45450841425  
    37126.26803718723 33704.70117317072 30560.209056020412  
    27670.221897459214 25011.53256125594 22567.047219319462  
    20324.803987445495 18272.91626512922 16399.640116673323  
    14698.63548023101 13160.982700727343 11772.108339882478  
    10518.58304704465 9388.058378747033 8366.781444772678  
    7442.170619628044 6605.1646851931355 5847.636031311194  
    5162.29942767046 4543.095886303942 3984.8719125183065  
    3482.5746944066705 3031.519911216133 2627.3638301446554  
    2265.502869144595 1942.5792347959823 1656.1486032723408  
    1403.555485580192 1182.01407143389 991.4050138008363  
    828.5147834103908 687.3154835264415 563.4562542176385  
    454.02392504074675 299.7420584822176 174.06295436154605  
    83.29949374808061 30.0001656735385 7.199448096245192  
    0.9786903979878813 0.05956053591169666 0.0010660806446752822  
    2.008078471633084e-06 6.222953728101684e-12 
  PI_IONIZATION = 0.0 0.0 0.0 0.0 0.0 0.0 0.0 0.0 0.0 0.0 0.0 0.0 0.0  
    0.0 0.0 0.0 0.0 0.0 0.0 0.0 0.0 0.0 0.0 0.0 0.0 0.0 0.0 0.0 0.0 0.0  
    0.0 0.0 0.0 0.0 0.0 0.0 0.0 0.0 0.0 0.0 0.0 0.0 0.0 0.0 0.0 0.0 0.0  
    0.0 0.0 0.0 0.0 0.0 0.0 0.0 0.0 0.0 0.0 0.0 0.0 0.0 0.0 0.0 0.0 0.0  
    0.0 0.0 0.0 0.0 0.0 0.0 0.0 0.0 0.0 0.0 0.0 0.0 0.0 0.0 0.0 0.0 0.0  
    0.0 0.0 0.0 0.0 0.0 0.0 0.0 0.0 0.0 0.0 0.0 0.0 0.0 0.0 0.0 0.0 0.0  
    0.0 0.0 0.0 
  PI_CX = 0.0 0.0 0.0 0.0 0.0 0.0 0.0 0.0 0.0 0.0 0.0 0.0 0.0 0.0 0.0  
    0.0 0.0 0.0 0.0 0.0 0.0 0.0 0.0 0.0 0.0 0.0 0.0 0.0 0.0 0.0 0.0 0.0  
    0.0 0.0 0.0 0.0 0.0 0.0 0.0 0.0 0.0 0.0 0.0 0.0 0.0 0.0 0.0 0.0 0.0  
    0.0 0.0 0.0 0.0 0.0 0.0 0.0 0.0 0.0 0.0 0.0 0.0 0.0 0.0 0.0 0.0 0.0  
    0.0 0.0 0.0 0.0 0.0 0.0 0.0 0.0 0.0 0.0 0.0 0.0 0.0 0.0 0.0 0.0 0.0  
    0.0 0.0 0.0 0.0 0.0 0.0 0.0 0.0 0.0 0.0 0.0 0.0 0.0 0.0 0.0 0.0 0.0  
    0.0 
  P_OHM = 0.0 0.0 0.0 0.0 0.0 0.0 0.0 0.0 0.0 0.0 0.0 0.0 0.0 0.0 0.0  
    0.0 0.0 0.0 0.0 0.0 0.0 0.0 0.0 0.0 0.0 0.0 0.0 0.0 0.0 0.0 0.0 0.0  
    0.0 0.0 0.0 0.0 0.0 0.0 0.0 0.0 0.0 0.0 0.0 0.0 0.0 0.0 0.0 0.0 0.0  
    0.0 0.0 0.0 0.0 0.0 0.0 0.0 0.0 0.0 0.0 0.0 0.0 0.0 0.0 0.0 0.0 0.0  
    0.0 0.0 0.0 0.0 0.0 0.0 0.0 0.0 0.0 0.0 0.0 0.0 0.0 0.0 0.0 0.0 0.0  
    0.0 0.0 0.0 0.0 0.0 0.0 0.0 0.0 0.0 0.0 0.0 0.0 0.0 0.0 0.0 0.0 0.0  
    0.0 
  P_EI = 0.0 0.0 0.0 0.0 0.0 0.0 0.0 0.0 0.0 0.0 0.0 0.0 0.0 0.0 0.0  
    0.0 0.0 0.0 0.0 0.0 0.0 0.0 0.0 0.0 0.0 0.0 0.0 0.0 0.0 0.0 0.0 0.0  
    0.0 0.0 0.0 0.0 0.0 0.0 0.0 0.0 0.0 0.0 0.0 0.0 0.0 0.0 0.0 0.0 0.0  
    0.0 0.0 0.0 0.0 0.0 0.0 0.0 0.0 0.0 0.0 0.0 0.0 0.0 0.0 0.0 0.0 0.0  
    0.0 0.0 0.0 0.0 0.0 0.0 0.0 0.0 0.0 0.0 0.0 0.0 0.0 0.0 0.0 0.0 0.0  
    0.0 0.0 0.0 0.0 0.0 0.0 0.0 0.0 0.0 0.0 0.0 0.0 0.0 0.0 0.0 0.0 0.0  
    0.0 
  TORQUE_NB = 0.0 0.0 0.0 0.0 0.0 0.0 0.0 0.0 0.0 0.0 0.0 0.0 0.0 0.0  
    0.0 0.0 0.0 0.0 0.0 0.0 0.0 0.0 0.0 0.0 0.0 0.0 0.0 0.0 0.0 0.0 0.0  
    0.0 0.0 0.0 0.0 0.0 0.0 0.0 0.0 0.0 0.0 0.0 0.0 0.0 0.0 0.0 0.0 0.0  
    0.0 0.0 0.0 0.0 0.0 0.0 0.0 0.0 0.0 0.0 0.0 0.0 0.0 0.0 0.0 0.0 0.0  
    0.0 0.0 0.0 0.0 0.0 0.0 0.0 0.0 0.0 0.0 0.0 0.0 0.0 0.0 0.0 0.0 0.0  
    0.0 0.0 0.0 0.0 0.0 0.0 0.0 0.0 0.0 0.0 0.0 0.0 0.0 0.0 0.0 0.0 0.0  
    0.0 0.0 
  TORQUE_IN = 0.0 0.0 0.0 0.0 0.0 0.0 0.0 0.0 0.0 0.0 0.0 0.0 0.0 0.0  
    0.0 0.0 0.0 0.0 0.0 0.0 0.0 0.0 0.0 0.0 0.0 0.0 0.0 0.0 0.0 0.0 0.0  
    0.0 0.0 0.0 0.0 0.0 0.0 0.0 0.0 0.0 0.0 0.0 0.0 0.0 0.0 0.0 0.0 0.0  
    0.0 0.0 0.0 0.0 0.0 0.0 0.0 0.0 0.0 0.0 0.0 0.0 0.0 0.0 0.0 0.0 0.0  
    0.0 0.0 0.0 0.0 0.0 0.0 0.0 0.0 0.0 0.0 0.0 0.0 0.0 0.0 0.0 0.0 0.0  
    0.0 0.0 0.0 0.0 0.0 0.0 0.0 0.0 0.0 0.0 0.0 0.0 0.0 0.0 0.0 0.0 0.0  
    0.0 0.0 
  SE_NB = 0.0 0.0 0.0 0.0 0.0 0.0 0.0 0.0 0.0 0.0 0.0 0.0 0.0 0.0 0.0  
    0.0 0.0 0.0 0.0 0.0 0.0 0.0 0.0 0.0 0.0 0.0 0.0 0.0 0.0 0.0 0.0 0.0  
    0.0 0.0 0.0 0.0 0.0 0.0 0.0 0.0 0.0 0.0 0.0 0.0 0.0 0.0 0.0 0.0 0.0  
    0.0 0.0 0.0 0.0 0.0 0.0 0.0 0.0 0.0 0.0 0.0 0.0 0.0 0.0 0.0 0.0 0.0  
    0.0 0.0 0.0 0.0 0.0 0.0 0.0 0.0 0.0 0.0 0.0 0.0 0.0 0.0 0.0 0.0 0.0  
    0.0 0.0 0.0 0.0 0.0 0.0 0.0 0.0 0.0 0.0 0.0 0.0 0.0 0.0 0.0 0.0 0.0  
    0.0 
  SE_IONIZATION = 0.0 0.0 0.0 0.0 0.0 0.0 0.0 0.0 0.0 0.0 0.0 0.0 0.0  
    0.0 0.0 0.0 0.0 0.0 0.0 0.0 0.0 0.0 0.0 0.0 0.0 0.0 0.0 0.0 0.0 0.0  
    0.0 0.0 0.0 0.0 0.0 0.0 0.0 0.0 0.0 0.0 0.0 0.0 0.0 0.0 0.0 0.0 0.0  
    0.0 0.0 0.0 0.0 0.0 0.0 0.0 0.0 0.0 0.0 0.0 0.0 0.0 0.0 0.0 0.0 0.0  
    0.0 0.0 0.0 0.0 0.0 0.0 0.0 0.0 0.0 0.0 0.0 0.0 0.0 0.0 0.0 0.0 0.0  
    0.0 0.0 0.0 0.0 0.0 0.0 0.0 0.0 0.0 0.0 0.0 0.0 0.0 0.0 0.0 0.0 0.0  
    0.0 0.0 0.0 
  SI_NB = 0.0 0.0 0.0 0.0 0.0 0.0 0.0 0.0 0.0 0.0 0.0 0.0 0.0 0.0 0.0  
    0.0 0.0 0.0 0.0 0.0 0.0 0.0 0.0 0.0 0.0 0.0 0.0 0.0 0.0 0.0 0.0 0.0  
    0.0 0.0 0.0 0.0 0.0 0.0 0.0 0.0 0.0 0.0 0.0 0.0 0.0 0.0 0.0 0.0 0.0  
    0.0 0.0 0.0 0.0 0.0 0.0 0.0 0.0 0.0 0.0 0.0 0.0 0.0 0.0 0.0 0.0 0.0  
    0.0 0.0 0.0 0.0 0.0 0.0 0.0 0.0 0.0 0.0 0.0 0.0 0.0 0.0 0.0 0.0 0.0  
    0.0 0.0 0.0 0.0 0.0 0.0 0.0 0.0 0.0 0.0 0.0 0.0 0.0 0.0 0.0 0.0 0.0  
    0.0 
  SI_IONIZATION = 0.0 0.0 0.0 0.0 0.0 0.0 0.0 0.0 0.0 0.0 0.0 0.0 0.0  
    0.0 0.0 0.0 0.0 0.0 0.0 0.0 0.0 0.0 0.0 0.0 0.0 0.0 0.0 0.0 0.0 0.0  
    0.0 0.0 0.0 0.0 0.0 0.0 0.0 0.0 0.0 0.0 0.0 0.0 0.0 0.0 0.0 0.0 0.0  
    0.0 0.0 0.0 0.0 0.0 0.0 0.0 0.0 0.0 0.0 0.0 0.0 0.0 0.0 0.0 0.0 0.0  
    0.0 0.0 0.0 0.0 0.0 0.0 0.0 0.0 0.0 0.0 0.0 0.0 0.0 0.0 0.0 0.0 0.0  
    0.0 0.0 0.0 0.0 0.0 0.0 0.0 0.0 0.0 0.0 0.0 0.0 0.0 0.0 0.0 0.0 0.0  
    0.0 0.0 0.0 
  SE_PELLET = 0.0 0.0 0.0 0.0 0.0 0.0 0.0 0.0 0.0 0.0 0.0 0.0 0.0 0.0  
    0.0 0.0 0.0 0.0 0.0 0.0 0.0 0.0 0.0 0.0 0.0 0.0 0.0 0.0 0.0 0.0 0.0  
    0.0 0.0 0.0 0.0 0.0 0.0 0.0 0.0 0.0 0.0 0.0 0.0 0.0 0.0 0.0 0.0 0.0  
    0.0 0.0 0.0 0.0 0.0 0.0 0.0 0.0 0.0 0.0 0.0 0.0 0.0 0.0 0.0 0.0 0.0  
    0.0 0.0 0.0 0.0 0.0 0.0 0.0 0.0 0.0 0.0 0.0 0.0 0.0 0.0 0.0 0.0 0.0  
    0.0 0.0 0.0 0.0 0.0 0.0 0.0 0.0 0.0 0.0 0.0 0.0 0.0 0.0 0.0 0.0 0.0  
    0.0 0.0 
  Q = 0.0 0.0 0.0 0.0 0.0 0.0 0.0 0.0 0.0 0.0 0.0 0.0 0.0 0.0 0.0 0.0  
    0.0 0.0 0.0 0.0 0.0 0.0 0.0 0.0 0.0 0.0 0.0 0.0 0.0 0.0 0.0 0.0 0.0  
    0.0 0.0 0.0 0.0 0.0 0.0 0.0 0.0 0.0 0.0 0.0 0.0 0.0 0.0 0.0 0.0 0.0  
    0.0 0.0 0.0 0.0 0.0 0.0 0.0 0.0 0.0 0.0 0.0 0.0 0.0 0.0 0.0 0.0 0.0  
    0.0 0.0 0.0 0.0 0.0 0.0 0.0 0.0 0.0 0.0 0.0 0.0 0.0 0.0 0.0 0.0 0.0  
    0.0 0.0 0.0 0.0 0.0 0.0 0.0 0.0 0.0 0.0 0.0 0.0 0.0 0.0 0.0 0.0 0.0 
  PSIPOL = 0.0 0.0008976913759562418 0.003590450654457246  
    0.008077310707338683 0.014356653229011588 0.022426174450326117  
    0.03228286827723377 0.04392299646452925 0.05734211879603807  
    0.07253498759049208 0.08949566563201283 0.10821760324583529  
    0.12869376481606445 0.1509160526748922 0.1748768658587316  
    0.20056629158458786 0.22797902164450912 0.2570995143713328  
    0.28792058985446767 0.32042459912220544 0.35460449228979374  
    0.3904470236503356 0.4279351435933704 0.4670573853984926  
    0.5078004253911514 0.550149220548328 0.5940863309851923  
    0.6395959142821519 0.686661763830904 0.7352668632910887  
    0.785393500018104 0.8370233547189784 0.8901376762783253  
    0.9447171981975209 1.0007419070275867 1.0581910201163944  
    1.1170451177570935 1.1772835264007306 1.238883759489938  
    1.3018219187862847 1.3660740640081308 1.4316212172187452  
    1.4984371788826623 1.566493909882833 1.6357724273714207  
    1.7062434729969131 1.7778797097322252 1.8506592042746464  
    1.924548012449354 1.9995258279890902 2.075556540450667  
    2.1526189507456768 2.2306761156337767 2.3097046352853443  
    2.389669168576832 2.47054000781864 2.5522886702171728  
    2.634876888209979 2.7182768661504357 2.8024550407510107  
    2.8873735770607523 2.9730018390254895 3.0593061145512066  
    3.146246423601448 3.2337887121112514 3.3218985961237713  
    3.4105385615843407 3.4996680951997234 3.589250617543234  
    3.6792488473242138 3.76962456344491 3.860335747407012  
    3.951341798306563 4.042602920277658 4.134078611682488  
    4.225727732989694 4.317507184853729 4.409372404190366  
    4.501280443183033 4.593187706330855 4.68504999874572  
    4.7768225696121505 4.868458028359141 4.959909078842976  
    5.051129278486122 5.142071429316457 5.232687318818525  
    5.322926412308952 5.412735328973969 5.502062342168002  
    5.59085481634385 5.679060440978859 5.7666226996693135  
    5.853488699044947 5.939608414645774 6.024929111133845  
    6.10938915062302 6.192931561486942 6.275494951167186  
    6.3569916930428265 6.4373042613138685 
  PSI = 0.0 0.00013945144419397397 0.0005577568666490881  
    0.0012547660292959472 0.002230227537214679 0.003483783512471241  
    0.005014966974800841 0.006823197208261905 0.008907784449563118  
    0.011267913500128316 0.013902662045951912 0.016811012630890906  
    0.019991872310506226 0.023443983156404335 0.02716616440047512  
    0.03115687614611086 0.03541529379224621 0.039939003025912315  
    0.04472688848727843 0.049776208505143124 0.05508586791847837  
    0.06065380907918193 0.06647738342354317 0.0725548096592789  
    0.07888401802643832 0.08546267167369238 0.09228806141034226  
    0.09935772620317451 0.10666914844425185 0.1142196847381918  
    0.12200658352255722 0.13002699899540557 0.13827801827354455  
    0.14675664841181546 0.15545978043040845 0.16438418585801243  
    0.17352684794940887 0.18288455518186808 0.19245381439172163  
    0.20223091311837105 0.21221213237003528 0.222394524028067  
    0.2327740181379632 0.24334625897628584 0.2541082976614742  
    0.2650555890686865 0.27618388654031956 0.28748978285778937  
    0.29896800497923787 0.3106153984371375 0.3224263536716907  
    0.3343975775204887 0.34652333105325217 0.3587999792344643  
    0.3712220320139249 0.38378487446457865 0.39648408194026313  
    0.40931370978450454 0.4222694400956635 0.4353460590006388  
    0.4485376890467863 0.46183957109069335 0.47524646814298555  
    0.4887521695237211 0.5023513851202099 0.5160387735728627  
    0.5298085072785176 0.5436542927187091 0.5575704474796194  
    0.5715511801167016 0.5855905531915189 0.5996820393602319  
    0.6138193314945292 0.6279962475243563 0.6422064957418547  
    0.6564436853458925 0.6707011210889254 0.6849718803396133  
    0.699249291389609 0.7135265819163524 0.7277968864857556  
    0.7420532533034551 0.756288320503508 0.7704947408887346  
    0.7846652998587913 0.7987926654669183 0.8128693481625989  
    0.8268874976592345 0.84083882153944 0.8547152843518101  
    0.8685087094520437 0.8822109706866256 0.8958132885414263  
    0.9093074463207425 0.9226856729983874 0.9359397764281137  
    0.9490601815015156 0.9620380379881175 0.9748638088898323  
    0.9875238818904841 1.0 
  DENSITY_BEAM = 0.0 0.0 0.0 0.0 0.0 0.0 0.0 0.0 0.0 0.0 0.0 0.0 0.0  
    0.0 0.0 0.0 0.0 0.0 0.0 0.0 0.0 0.0 0.0 0.0 0.0 0.0 0.0 0.0 0.0 0.0  
    0.0 0.0 0.0 0.0 0.0 0.0 0.0 0.0 0.0 0.0 0.0 0.0 0.0 0.0 0.0 0.0 0.0  
    0.0 0.0 0.0 0.0 0.0 0.0 0.0 0.0 0.0 0.0 0.0 0.0 0.0 0.0 0.0 0.0 0.0  
    0.0 0.0 0.0 0.0 0.0 0.0 0.0 0.0 0.0 0.0 0.0 0.0 0.0 0.0 0.0 0.0 0.0  
    0.0 0.0 0.0 0.0 0.0 0.0 0.0 0.0 0.0 0.0 0.0 0.0 0.0 0.0 0.0 0.0 0.0  
    0.0 0.0 0.0 
  WBEAM = 0.0 0.0 0.0 0.0 0.0 0.0 0.0 0.0 0.0 0.0 0.0 0.0 0.0 0.0 0.0  
    0.0 0.0 0.0 0.0 0.0 0.0 0.0 0.0 0.0 0.0 0.0 0.0 0.0 0.0 0.0 0.0 0.0  
    0.0 0.0 0.0 0.0 0.0 0.0 0.0 0.0 0.0 0.0 0.0 0.0 0.0 0.0 0.0 0.0 0.0  
    0.0 0.0 0.0 0.0 0.0 0.0 0.0 0.0 0.0 0.0 0.0 0.0 0.0 0.0 0.0 0.0 0.0  
    0.0 0.0 0.0 0.0 0.0 0.0 0.0 0.0 0.0 0.0 0.0 0.0 0.0 0.0 0.0 0.0 0.0  
    0.0 0.0 0.0 0.0 0.0 0.0 0.0 0.0 0.0 0.0 0.0 0.0 0.0 0.0 0.0 0.0 0.0  
    0.0 
  TBEAM = 0.0 0.0 0.0 0.0 0.0 0.0 0.0 0.0 0.0 0.0 0.0 0.0 0.0 0.0 0.0  
    0.0 0.0 0.0 0.0 0.0 0.0 0.0 0.0 0.0 0.0 0.0 0.0 0.0 0.0 0.0 0.0 0.0  
    0.0 0.0 0.0 0.0 0.0 0.0 0.0 0.0 0.0 0.0 0.0 0.0 0.0 0.0 0.0 0.0 0.0  
    0.0 0.0 0.0 0.0 0.0 0.0 0.0 0.0 0.0 0.0 0.0 0.0 0.0 0.0 0.0 0.0 0.0  
    0.0 0.0 0.0 0.0 0.0 0.0 0.0 0.0 0.0 0.0 0.0 0.0 0.0 0.0 0.0 0.0 0.0  
    0.0 0.0 0.0 0.0 0.0 0.0 0.0 0.0 0.0 0.0 0.0 0.0 0.0 0.0 0.0 0.0 0.0  
    0.0 
  DENSITY_ALPHA = 0.0 0.0 0.0 0.0 0.0 0.0 0.0 0.0 0.0 0.0 0.0 0.0 0.0  
    0.0 0.0 0.0 0.0 0.0 0.0 0.0 0.0 0.0 0.0 0.0 0.0 0.0 0.0 0.0 0.0 0.0  
    0.0 0.0 0.0 0.0 0.0 0.0 0.0 0.0 0.0 0.0 0.0 0.0 0.0 0.0 0.0 0.0 0.0  
    0.0 0.0 0.0 0.0 0.0 0.0 0.0 0.0 0.0 0.0 0.0 0.0 0.0 0.0 0.0 0.0 0.0  
    0.0 0.0 0.0 0.0 0.0 0.0 0.0 0.0 0.0 0.0 0.0 0.0 0.0 0.0 0.0 0.0 0.0  
    0.0 0.0 0.0 0.0 0.0 0.0 0.0 0.0 0.0 0.0 0.0 0.0 0.0 0.0 0.0 0.0 0.0  
    0.0 0.0 0.0 
  WALPHA = 0.0 0.0 0.0 0.0 0.0 0.0 0.0 0.0 0.0 0.0 0.0 0.0 0.0 0.0 0.0  
    0.0 0.0 0.0 0.0 0.0 0.0 0.0 0.0 0.0 0.0 0.0 0.0 0.0 0.0 0.0 0.0 0.0  
    0.0 0.0 0.0 0.0 0.0 0.0 0.0 0.0 0.0 0.0 0.0 0.0 0.0 0.0 0.0 0.0 0.0  
    0.0 0.0 0.0 0.0 0.0 0.0 0.0 0.0 0.0 0.0 0.0 0.0 0.0 0.0 0.0 0.0 0.0  
    0.0 0.0 0.0 0.0 0.0 0.0 0.0 0.0 0.0 0.0 0.0 0.0 0.0 0.0 0.0 0.0 0.0  
    0.0 0.0 0.0 0.0 0.0 0.0 0.0 0.0 0.0 0.0 0.0 0.0 0.0 0.0 0.0 0.0 0.0  
    0.0 
  TALPHA = 0.0 0.0 0.0 0.0 0.0 0.0 0.0 0.0 0.0 0.0 0.0 0.0 0.0 0.0 0.0  
    0.0 0.0 0.0 0.0 0.0 0.0 0.0 0.0 0.0 0.0 0.0 0.0 0.0 0.0 0.0 0.0 0.0  
    0.0 0.0 0.0 0.0 0.0 0.0 0.0 0.0 0.0 0.0 0.0 0.0 0.0 0.0 0.0 0.0 0.0  
    0.0 0.0 0.0 0.0 0.0 0.0 0.0 0.0 0.0 0.0 0.0 0.0 0.0 0.0 0.0 0.0 0.0  
    0.0 0.0 0.0 0.0 0.0 0.0 0.0 0.0 0.0 0.0 0.0 0.0 0.0 0.0 0.0 0.0 0.0  
    0.0 0.0 0.0 0.0 0.0 0.0 0.0 0.0 0.0 0.0 0.0 0.0 0.0 0.0 0.0 0.0 0.0  
    0.0 
  CHIE = 0.0 0.0 0.0 0.0 0.0 0.0 0.0 0.0 0.0 0.0 0.0 0.0 0.0 0.0 0.0  
    0.0 0.0 0.0 0.0 0.0 0.0 0.0 0.0 0.0 0.0 0.0 0.0 0.0 0.0 0.0 0.0 0.0  
    0.0 0.0 0.0 0.0 0.0 0.0 0.0 0.0 0.0 0.0 0.0 0.0 0.0 0.0 0.0 0.0 0.0  
    0.0 0.0 0.0 0.0 0.0 0.0 0.0 0.0 0.0 0.0 0.0 0.0 0.0 0.0 0.0 0.0 0.0  
    0.0 0.0 0.0 0.0 0.0 0.0 0.0 0.0 0.0 0.0 0.0 0.0 0.0 0.0 0.0 0.0 0.0  
    0.0 0.0 0.0 0.0 0.0 0.0 0.0 0.0 0.0 0.0 0.0 0.0 0.0 0.0 0.0 0.0 0.0  
    0.0 
  CHII = 0.0 0.0 0.0 0.0 0.0 0.0 0.0 0.0 0.0 0.0 0.0 0.0 0.0 0.0 0.0  
    0.0 0.0 0.0 0.0 0.0 0.0 0.0 0.0 0.0 0.0 0.0 0.0 0.0 0.0 0.0 0.0 0.0  
    0.0 0.0 0.0 0.0 0.0 0.0 0.0 0.0 0.0 0.0 0.0 0.0 0.0 0.0 0.0 0.0 0.0  
    0.0 0.0 0.0 0.0 0.0 0.0 0.0 0.0 0.0 0.0 0.0 0.0 0.0 0.0 0.0 0.0 0.0  
    0.0 0.0 0.0 0.0 0.0 0.0 0.0 0.0 0.0 0.0 0.0 0.0 0.0 0.0 0.0 0.0 0.0  
    0.0 0.0 0.0 0.0 0.0 0.0 0.0 0.0 0.0 0.0 0.0 0.0 0.0 0.0 0.0 0.0 0.0  
    0.0 
  P_EQ = 0.0 0.0 0.0 0.0 0.0 0.0 0.0 0.0 0.0 0.0 0.0 0.0 0.0 0.0 0.0  
    0.0 0.0 0.0 0.0 0.0 0.0 0.0 0.0 0.0 0.0 0.0 0.0 0.0 0.0 0.0 0.0 0.0  
    0.0 0.0 0.0 0.0 0.0 0.0 0.0 0.0 0.0 0.0 0.0 0.0 0.0 0.0 0.0 0.0 0.0  
    0.0 0.0 0.0 0.0 0.0 0.0 0.0 0.0 0.0 0.0 0.0 0.0 0.0 0.0 0.0 0.0 0.0  
    0.0 0.0 0.0 0.0 0.0 0.0 0.0 0.0 0.0 0.0 0.0 0.0 0.0 0.0 0.0 0.0 0.0  
    0.0 0.0 0.0 0.0 0.0 0.0 0.0 0.0 0.0 0.0 0.0 0.0 0.0 0.0 0.0 0.0 0.0  
    0.0 
  J_TOT = 3683014.111950089 3683014.111950089 3682427.1818032474  
    3680857.3849839848 3678500.0595248826 3675382.639583611  
    3671540.656050843 3666990.8574296637 3661738.847918067  
    3655786.176212451 3649133.1329750186 3641779.7627689987  
    3633726.0716028954 3624972.059476702 3615517.72614009  
    3605363.071592973 3594508.096085792 3582952.79961861  
    3570697.1819409537 3557741.243303202 3544084.9839557237  
    3529728.4036481325 3514671.5021301825 3498914.2796521583  
    3482456.7362139556 3465298.8718157704 3447440.6864575013  
    3428882.1798886484 3409623.352359856 3389664.2038709875  
    3369004.734421971 3347644.944263278 3325584.833144388  
    3302824.400815031 3279363.647275457 3255202.5727757197  
    3230341.177315789 3204779.460645658 3178517.423265656  
    3151555.0651756697 3123892.3858755645 3095529.385615711  
    3066466.064395361 3036702.4219644624 3006238.458323208  
    2975074.1737218727 2943209.568411176 2910644.6421402963  
    2877379.3946585213 2843413.8262166614 2808747.937065427  
    2773381.7269540443 2737315.1956320303 2700548.343099797  
    2663081.1696076365 2624913.6754055102 2586045.860243746  
    2546477.7238709694 2506209.266287798 2465240.4877447053  
    2423571.388241207 2381201.967778065 2338132.226605382  
    2294362.1644720463 2249891.781127998 2204721.0765740173  
    2158850.0510602333 2112278.704837269 2065007.0376533812  
    2017035.049258074 1968362.7399037029 1918990.1095897462  
    1868917.1583151848 1818143.8860802497 1766670.2926352038  
    1714496.3782305291 1661622.1431159102 1608047.587041089  
    1553772.7097557457 1498797.5115103028 1443121.992303618  
    1386746.151887015 1329669.9905110754 1271893.508425801  
    1213416.7053808346 1154239.5811241567 1094362.1356574753  
    1033784.3691812041 972506.2818697579 910527.873596902  
    847849.1443153733 784470.2276128457 720393.6614376815  
    655642.1536723059 590338.0114482868 524934.8255341593  
    460704.9198657563 400246.42594418017 347900.273893726  
    310592.5791521848 282935.4030565946 
  RHO = 0.0 0.01 0.02 0.03 0.04 0.05 0.06 0.07 0.08 0.09 0.1 0.11 0.12  
    0.13 0.14 0.15 0.16 0.17 0.18 0.19 0.2 0.21 0.22 0.23 0.24 0.25  
    0.26 0.27 0.28 0.29 0.3 0.31 0.32 0.33 0.34 0.35 0.36 0.37 0.38  
    0.39 0.4 0.41 0.42 0.43 0.44 0.45 0.46 0.47 0.48 0.49 0.5 0.51 0.52  
    0.53 0.54 0.55 0.56 0.57 0.58 0.59 0.6 0.61 0.62 0.63 0.64 0.65  
    0.66 0.67 0.68 0.69 0.7 0.71 0.72 0.73 0.74 0.75 0.76 0.77 0.78  
    0.79 0.8 0.81 0.82 0.83 0.84 0.85 0.86 0.87 0.88 0.89 0.9 0.91 0.92  
    0.93 0.94 0.95 0.96 0.97 0.98 0.99 1.0 
  MODEL_PROFILE_NE = 'ped' 
  MODEL_PROFILE_TE = 'ped' 
  MODEL_PROFILE_TI = 'ped' 
  MODEL_PROFILE_DENSITY_BEAM = 'parab' 
  MODEL_PROFILE_J_TOT = 'parab' 
  MODEL_PROFILE_OMEGA = 'parab' 
  MODEL_PROFILE_ZEFF = 'const' 
  MODEL_PROFILE_TBEAMI = 'const' 
  MODEL_PROFILE_DENSITY_ALPHA = 'zero' 
  MODEL_PROFILE_WALPHA = 'zero' 
  MODEL_PROFILE_WBEAM = 'derived' 
  J_TOT_AXIS = 1.0 
  J_TOT_SEP = 0.05 
  J_TOT_ALPHA = 2.0 
  J_TOT_BETA = 1.0 
  DENSITY_BEAM_AXIS = 0.0 
  DENSITY_BEAM_SEP = 0.0 
  DENSITY_BEAM_ALPHA = 1.5 
  DENSITY_BEAM_BETA = 1.5 
  TBEAMI_AXIS = 20.0 
  DENSITY_ION_0 = 13.79555171620755 13.79555171620755 13.77306759131965  
    13.74897880958015 13.723306502507 13.69607181160705  
    13.6672958733927 13.6369998393597 13.60520483603155  
    13.57193200990955 13.537202497506101 13.50103744032805  
    13.4634579748878 13.424485247686649 13.384140395237  
    13.34244455405125 13.29941886563625 13.25508447149885  
    13.20946250815145 13.16257412209535 13.1144404448485  
    13.06508261791775 13.014521782809949 12.96277908103195  
    12.909875649096149 12.8558326285094 12.8006711557841  
    12.74441237742155 12.6870774249397 12.62868744483985  
    12.569263568639949 12.50882694783575 12.44739870895075  
    12.3850000034807 12.32165196294355 12.25737572884615  
    12.192192442695351 12.126123245998 12.0591892752665  
    11.99141166701325 11.92281156773955 11.8534101139578  
    11.7832284421804 11.7122876939142 11.640609010666049  
    11.56821352894835 11.49512239026795 11.421356726142799  
    11.3469376830742 11.2718863925801 11.19622398617845  
    11.1199716053761 11.0431503717021 10.9657814166744 10.8878858568276  
    10.80948480370185 10.73059934386505 10.651250568879549  
    10.5714595103743 10.4912471849949 10.41063452947575  
    10.329642410628951 10.2482915454331 10.166602486049952  
    10.084595509946501 10.0022905000282 9.919706789810999  
    9.8368628887266 9.75377613251095 9.670462158786998 9.5869341279305  
    9.5032016442688 9.4192691628513 9.33513369200245 9.25078148699585  
    9.1661833003323 9.08128751437105 8.9960102822855 8.91022138877525  
    8.8237240325325 8.7362259932822 8.647298832119999 8.556320550231797  
    8.462396197116549 8.3642498955717 8.260082684662851  
    8.147394667359249 8.0227820360858 7.8817466693057  
    7.7186074950162995 7.5266856899495505 7.299033869272  
    7.03001646541495 6.717850999128999 6.367586275013496  
    5.993027482280146 5.61565573040115 5.2598053182891  
    4.946016535386905 4.686116964488705 4.4822679438431 
  DENSITY_ION_1 = 13.79555171620755 13.79555171620755 13.77306759131965  
    13.74897880958015 13.723306502507 13.69607181160705  
    13.6672958733927 13.6369998393597 13.60520483603155  
    13.57193200990955 13.537202497506101 13.50103744032805  
    13.4634579748878 13.424485247686649 13.384140395237  
    13.34244455405125 13.29941886563625 13.25508447149885  
    13.20946250815145 13.16257412209535 13.1144404448485  
    13.06508261791775 13.014521782809949 12.96277908103195  
    12.909875649096149 12.8558326285094 12.8006711557841  
    12.74441237742155 12.6870774249397 12.62868744483985  
    12.569263568639949 12.50882694783575 12.44739870895075  
    12.3850000034807 12.32165196294355 12.25737572884615  
    12.192192442695351 12.126123245998 12.0591892752665  
    11.99141166701325 11.92281156773955 11.8534101139578  
    11.7832284421804 11.7122876939142 11.640609010666049  
    11.56821352894835 11.49512239026795 11.421356726142799  
    11.3469376830742 11.2718863925801 11.19622398617845  
    11.1199716053761 11.0431503717021 10.9657814166744 10.8878858568276  
    10.80948480370185 10.73059934386505 10.651250568879549  
    10.5714595103743 10.4912471849949 10.41063452947575  
    10.329642410628951 10.2482915454331 10.166602486049952  
    10.084595509946501 10.0022905000282 9.919706789810999  
    9.8368628887266 9.75377613251095 9.670462158786998 9.5869341279305  
    9.5032016442688 9.4192691628513 9.33513369200245 9.25078148699585  
    9.1661833003323 9.08128751437105 8.9960102822855 8.91022138877525  
    8.8237240325325 8.7362259932822 8.647298832119999 8.556320550231797  
    8.462396197116549 8.3642498955717 8.260082684662851  
    8.147394667359249 8.0227820360858 7.8817466693057  
    7.7186074950162995 7.5266856899495505 7.299033869272  
    7.03001646541495 6.717850999128999 6.367586275013496  
    5.993027482280146 5.61565573040115 5.2598053182891  
    4.946016535386905 4.686116964488705 4.4822679438431 
  DENSITY_IMP_0 = 0.00041432645385 0.00041432645385  
    0.00041365118055000004 0.00041292771405 0.000412156689  
    0.00041133874034999997 0.0004104745029 0.0004095646119  
    0.00040860970185 0.00040761040785 0.00040656736470000006  
    0.00040548120735 0.00040435257060000005 0.00040318208955  
    0.000401970399 0.00040071813375 0.00039942592875  
    0.00039809441895000006 0.00039672423915 0.00039531602445  
    0.0003938704095 0.00039238802925 0.00039086951864999997  
    0.00038931551265000003 0.00038772664605 0.0003861035538  
    0.00038444687070000004 0.00038275723185000004  
    0.00038103527189999997 0.00037928162595 0.00037749692865  
    0.00037568181525 0.00037383692025 0.0003719628789 0.00037006032585  
    0.00036812989605 0.00036617222445000004 0.000364187946  
    0.0003621776955 0.00036014210775 0.00035808181785  
    0.00035599746059999997 0.0003538896708 0.0003517590834  
    0.00034960633335 0.00034743205545 0.00034523688464999997  
    0.0003430214556 0.0003407864034 0.00033853236270000003  
    0.00033625996815 0.00033396985470000005 0.0003316626567  
    0.0003293390088 0.0003269995452 0.00032464489995 0.00032227570635  
    0.00031989259785 0.0003174962061 0.0003150871623 0.00031266609525  
    0.00031023363165000003 0.0003077903937 0.00030533699865  
    0.0003028740555 0.0003004021614 0.000297921897  
    0.00029543381820000005 0.00029293844565 0.00029043624899999996  
    0.0002879276235 0.0002854128576 0.0002828920851 0.00028036521615  
    0.00027783183795 0.0002752910721 0.00027274136835000003  
    0.0002701802085 0.00026760368175000003 0.0002650058775  
    0.0002623780194 0.00025970724 0.00025697485859999995  
    0.00025415399684999997 0.0002512063359 0.00024807784695  
    0.00024469344975 0.0002409509166 0.0002367151539 0.0002318155401  
    0.00022605148785000002 0.000219214344 0.00021113485365  
    0.000201759483 0.00019123986449999986 0.00017999061404999988  
    0.00016865688104999998 0.0001579695057 0.000148545381435  
    0.000140739730035 0.0001346174637 
  DENSITY_TH = 27.59151775886895 27.59151775886895 27.546548833819852  
    27.498370546874348 27.447025161703 27.39255496195445  
    27.3350022212883 27.2744092433313 27.21081828176495  
    27.144271630226953 27.0748115623769 27.002480361863448  
    26.927320302346203 26.849373677462847 26.768682760873002  
    26.68528982623625 26.59923715720125 26.510567037416653  
    26.41932174054205 26.32554356021515 26.2292747601065  
    26.13055762386475 26.029434435138548 25.92594747757655  
    25.820139024838348 25.7120513605726 25.6017267584389  
    25.48920751207495 25.3745358851513 25.25775417130565  
    25.138904634208547 25.01802957748675 24.89517125482175  
    24.7703719698403 24.64367398621295 24.515119587588348  
    24.38475105761515 24.252610679942002 24.1187407282285  
    23.983183476134247 23.845981217296952 23.707176225376198  
    23.5668107740316 23.424927146911802 23.28156762766545  
    23.13677448995215 22.99059001742055 22.843056473741196  
    22.6942161525518 22.5441113175229 22.392784232325052  
    22.240277180606903 22.086632406060897 21.9318921723576  
    21.7760987132004 21.61929425230365 21.46152096343645  
    21.30282103035695 21.1432365169547 20.9828094571521  
    20.82158172504675 20.659595054889554 20.496890881259898  
    20.333510309098553 20.169493893948502 20.0048814022178  
    19.839711501518998 19.6740212112714 19.50784520346755  
    19.341214753822996 19.1741561834845 19.006688701395202  
    18.8388212177877 18.67054774922105 18.501840805829648  
    18.3326418917367 18.16284777011045 17.9922907447795  
    17.82071038123225 17.647713070942498 17.4727143645838  
    17.29485737148 17.112898075322196 16.925046548229947  
    16.7287509974793 16.520413447172654 16.29503402816825  
    16.0458050230882 15.7637300537653 15.4374468055727  
    15.053597431386951 14.598286952888 14.06024406568355  
    13.435903757740999 12.735363789891492 11.986234955174343  
    11.231480117683349 10.5197686060839 9.892181616155245  
    9.372374668707446 8.9646705051499 
  NI = 27.5911034324151 27.5911034324151 27.5461351826393  
    27.4979576191603 27.446613005014 27.3921436232141 27.3345917467854  
    27.2739996787194 27.2104096720631 27.1438640198191  
    27.074404995012202 27.0020748806561 26.9269159497756  
    26.848970495373297 26.768280790474 26.6848891081025  
    26.5988377312725 26.5101689429977 26.4189250163029 26.3251482441907  
    26.228880889697 26.1301652358355 26.029043565619897  
    25.9255581620639 25.819751298192298 25.7116652570188  
    25.6013423115682 25.4888247548431 25.3741548498794 25.2573748896797  
    25.138527137279898 25.0176538956715 24.8947974179015  
    24.7700000069614 24.6433039258871 24.5147514576923  
    24.384384885390702 24.252246491996 24.118378550533 23.9828233340265  
    23.8456231354791 23.7068202279156 23.5664568843608 23.4245753878284  
    23.281218021332098 23.1364270578967 22.9902447805359  
    22.842713452285597 22.6938753661484 22.5437727851602  
    22.3924479723569 22.2399432107522 22.0863007434042 21.9315628333488  
    21.7757717136552 21.6189696074037 21.4611986877301  
    21.302501137759098 21.1429190207486 20.9824943699898  
    20.8212690589515 20.659284821257902 20.4965830908662  
    20.333204972099903 20.169191019893002 20.0045810000564  
    19.839413579621997 19.6737257774532 19.5075522650219  
    19.340924317573997 19.173868255861 19.0064032885376  
    18.8385383257026 18.6702673840049 18.5015629739917 18.3323666006646  
    18.1625750287421 17.992020564571 17.8204427775505 17.647448065065  
    17.4724519865644 17.294597664239998 17.112641100463595  
    16.924792394233098 16.7284997911434 16.520165369325703  
    16.294789334718498 16.0455640721716 15.7634933386114  
    15.437214990032599 15.053371379899101 14.598067738544  
    14.0600329308299 13.435701998257999 12.735172550026991  
    11.986054964560292 11.2313114608023 10.5196106365782  
    9.89203307077381 9.37223392897741 8.9645358876862 
  NZ = 0.00041432645385 0.00041432645385 0.00041365118055000004  
    0.00041292771405 0.000412156689 0.00041133874034999997  
    0.0004104745029 0.0004095646119 0.00040860970185 0.00040761040785  
    0.00040656736470000006 0.00040548120735 0.00040435257060000005  
    0.00040318208955 0.000401970399 0.00040071813375 0.00039942592875  
    0.00039809441895000006 0.00039672423915 0.00039531602445  
    0.0003938704095 0.00039238802925 0.00039086951864999997  
    0.00038931551265000003 0.00038772664605 0.0003861035538  
    0.00038444687070000004 0.00038275723185000004  
    0.00038103527189999997 0.00037928162595 0.00037749692865  
    0.00037568181525 0.00037383692025 0.0003719628789 0.00037006032585  
    0.00036812989605 0.00036617222445000004 0.000364187946  
    0.0003621776955 0.00036014210775 0.00035808181785  
    0.00035599746059999997 0.0003538896708 0.0003517590834  
    0.00034960633335 0.00034743205545 0.00034523688464999997  
    0.0003430214556 0.0003407864034 0.00033853236270000003  
    0.00033625996815 0.00033396985470000005 0.0003316626567  
    0.0003293390088 0.0003269995452 0.00032464489995 0.00032227570635  
    0.00031989259785 0.0003174962061 0.0003150871623 0.00031266609525  
    0.00031023363165000003 0.0003077903937 0.00030533699865  
    0.0003028740555 0.0003004021614 0.000297921897  
    0.00029543381820000005 0.00029293844565 0.00029043624899999996  
    0.0002879276235 0.0002854128576 0.0002828920851 0.00028036521615  
    0.00027783183795 0.0002752910721 0.00027274136835000003  
    0.0002701802085 0.00026760368175000003 0.0002650058775  
    0.0002623780194 0.00025970724 0.00025697485859999995  
    0.00025415399684999997 0.0002512063359 0.00024807784695  
    0.00024469344975 0.0002409509166 0.0002367151539 0.0002318155401  
    0.00022605148785000002 0.000219214344 0.00021113485365  
    0.000201759483 0.00019123986449999986 0.00017999061404999988  
    0.00016865688104999998 0.0001579695057 0.000148545381435  
    0.000140739730035 0.0001346174637 
  DENSITY_HE = 3.115977079584077 3.1142135602662107 3.101037892808207  
    3.084708965015257 3.065795341997168 3.0448695152471643  
    3.0220098685087975 2.9952412027502313 2.9619459653206466  
    2.919248628049173 2.863824296177946 2.7958168782554624  
    2.7194238522794576 2.63728013740061 2.5526528198929306  
    2.469533449597999 2.38872876862748 2.307928915677269  
    2.22695039258586 2.1455488253127895 2.0634209216157875  
    1.9807404780456404 1.8981261101014475 1.815912782058828  
    1.7344506696786757 1.6541007311254683 1.5752238829333738  
    1.4980299275914728 1.4226435123501115 1.3491693147946313  
    1.2776918709232532 1.2082744723461136 1.1409905691838704  
    1.075911488536596 1.0130908054745693 0.952564850552549  
    0.8944408337248144 0.8388498963989878 0.7858371118824521  
    0.73542819967232 0.687630062161688 0.6424429924030555  
    0.5998263040371359 0.559702720605044 0.521984529331304  
    0.4865756434847117 0.4533564497479695 0.42220447671295686  
    0.3930125826218384 0.3656725500531578 0.34007642311579955  
    0.31611626788130764 0.2936890478822576 0.2726972182466488  
    0.2530466241503449 0.23464704194007038 0.21741088399781908  
    0.2012596589871207 0.186122842373092 0.17193383479681917  
    0.1586300689187845 0.14613986068217616 0.13441698536557345  
    0.12343869404813577 0.11318051112041952 0.10361647056922466  
    0.09474828163060613 0.08656279931557948 0.07901270793283226  
    0.07205323510610531 0.06564213397298566 0.0597246883926547  
    0.05424926630302948 0.049182401589663784 0.044493515380343185  
    0.04015472027753841 0.036144678623764 0.03244548511279282  
    0.02903719393562765 0.02590098074295923 0.023019057341865674  
    0.020370979635113976 0.01794150588067388 0.0157206077763652  
    0.013697364451757848 0.011860158787730835 0.010212092815098495  
    0.008741869681479908 0.007420970802106384 0.006227481862102535  
    0.005146192157758798 0.0036092929833271854 0.0022673668985193417  
    0.0012059374486430622 0.0005015444934858433 0.00014628968555379233  
    2.577360294087179e-05 2.196333562476045e-06 6.059714392144957e-08  
    2.0281849665689958e-10 1.5451779766882864e-15 
  _NZ_0 = 0.0025136735347439172 0.0025136735347439172  
    0.002509576725073291 0.0025051875324995955 0.00250050980737536  
    0.0024955474018731783 0.0024903041672556126 0.0024847839575153252  
    0.0024789906220948088 0.0024729280140766935 0.0024665999847235396  
    0.0024600103862079423 0.0024531630697924634 0.0024460618885597304  
    0.002438710693772306 0.0024311133366927504 0.002423273669493659  
    0.0024151955443476266 0.002406882812517214 0.002398339327085051  
    0.0023895689384036637 0.002380575498645649 0.0023713628599835996  
    0.0023619348745901126 0.0023522953937277474 0.0023424482695691006  
    0.0023323973533767323 0.0023221464982332712 0.0023116995544912454  
    0.0023010603752332834 0.002290232810811913 0.002279220715219796  
    0.0022680279378994262 0.002256658332843467 0.0022451157504044445  
    0.002233404042754955 0.002221527062067593 0.0022094886605149525  
    0.0021972926893595963 0.002184942999864085 0.0021724434451110466  
    0.002159797876363043 0.002147010144882636 0.0021340841028424195  
    0.002121023602414989 0.002107832494862906 0.0020945146323587648  
    0.0020810738652550934 0.002067514046634521 0.002053839026849574  
    0.0020400526562527805 0.0020261587870167358 0.0020121612676738993  
    0.0019980639485767996 0.0019838706773478623 0.0019695853006994808  
    0.0019552116607938794 0.0019407536007033162 0.001926214952579645  
    0.0019115995458446188 0.0018969111953594509 0.001882153703244884  
    0.001867330844320649 0.001852446363375367 0.0018375039551458041  
    0.0018225072424760665 0.001807459748106555 0.001792364844622112  
    0.0017772256907496624 0.0017620451358046792 0.0017468255777259266  
    0.0017315687665081835 0.0017162755139014981 0.0017009452747956922  
    0.0016855755447780607 0.0016701609946913351 0.0016546922193373661  
    0.0016391539410706242 0.0016235224334928352 0.001607761837636616  
    0.0015918189083410034 0.0015756155801862682 0.0015590385193971611  
    0.0015419246579474323 0.001524041519541562 0.001505061317325942  
    0.0014845285475892998 0.0014618230059936803 0.0014361250943602123  
    0.001406399670301277 0.0013714297921796363 0.001329949584026661  
    0.0012809321947716498 0.0012240528406721604 0.0011602314593113024  
    0.0010919834802621338 0.0010232229547701564 0.000958383810845025  
    0.0009012086738656113 0.0008538526357384388 0.0008167095117212728 
  PNBE = 0.0 
  PNBI = 0.0 
  PRFE = 12.961972085399221 
  PRFI = 27.06320372560042 
  PFUSE = 43.87560999009717 
  PFUSI = 14.9055284045353 
  PEI = -11.161318441955942 
  PRAD = -12.407065313412478 
  AREA = 241.8221221 
/




