&INSTATE
  DENSITY_MODEL = 1 
  MODEL_SHAPE = 0 
  NBDRY = 15 
  USE_INPED = 0 
  R0 = 4.55 
  A0 = 1.2 
  KAPPA = 1.4 
  DELTA = -0.5 
  B0 = 11.0 
  IP = 10.0 
  N_ION = 2 
  Z_ION = 1 1 
  A_ION = 2 3 
  F_ION = 0.5 0.5 
  N_IMP = 1 
  Z_IMP = 36 
  A_IMP = 84 
  F_IMP = 0.0011 
  N_MIN = 0 
  Z_MIN = 1 
  A_MIN = 1 
  N_BEAM = 1 
  Z_BEAM = 1 
  A_BEAM = 2 
  N_FUSION = 1 
  Z_FUSION = 2 
  A_FUSION = 4 
  NRHO = 101 
  NE_AXIS = 27.6 
  NE_PED = 14.424 
  NE_SEP = 9.0 
  NE_ALPHA = 1.5 
  NE_BETA = 1.1 
  NE_FIT = 1 
  NE_XMID = 0.95 
  NE_XWID = 0.1 
  TE_AXIS = 18.8 
  TE_PED = 3.7455 
  TE_SEP = 0.08 
  TE_ALPHA = 1.5 
  TE_BETA = 1.5 
  TE_FIT = 1 
  TE_XMID = 0.95 
  TE_XWID = 0.1 
  TI_AXIS = 19.0 
  TI_PED = 3.7455 
  TI_SEP = 0.08 
  TI_ALPHA = 1.5 
  TI_BETA = 1.5 
  TI_FIT = 1 
  TI_XMID = 0.95 
  TI_XWID = 0.1 
  ZEFF_AXIS = 2.26 
  OMEGA_AXIS = 5000.0 
  OMEGA_SEP = 0.0 
  OMEGA_ALPHA = 1.5 
  OMEGA_BETA = 1.5 
  JPAR_AXIS = 1.0 
  JPAR_SEP = 0.05 
  JPAR_ALPHA = 2.0 
  JPAR_BETA = 1.0 
  NBEAM_AXIS = 0.0 
  NBEAM_SEP = 0.0 
  NBEAM_ALPHA = 1.5 
  NBEAM_BETA = 1.5 
  TBEAMI = 20.0 20.0 20.0 20.0 20.0 20.0 20.0 20.0 20.0 20.0 20.0 20.0  
    20.0 20.0 20.0 20.0 20.0 20.0 20.0 20.0 20.0 20.0 20.0 20.0 20.0  
    20.0 20.0 20.0 20.0 20.0 20.0 20.0 20.0 20.0 20.0 20.0 20.0 20.0  
    20.0 20.0 20.0 20.0 20.0 20.0 20.0 20.0 20.0 20.0 20.0 20.0 20.0  
    20.0 20.0 20.0 20.0 20.0 20.0 20.0 20.0 20.0 20.0 20.0 20.0 20.0  
    20.0 20.0 20.0 20.0 20.0 20.0 20.0 20.0 20.0 20.0 20.0 20.0 20.0  
    20.0 20.0 20.0 20.0 20.0 20.0 20.0 20.0 20.0 20.0 20.0 20.0 20.0  
    20.0 20.0 20.0 20.0 20.0 20.0 20.0 20.0 20.0 20.0 20.0 
  BETAN_PED = -1.0 
  XMID = 0.95 
  XWID = 0.1 
  PRESSURE_MODEL = 'full' 
  H98_TARGET = 0.8 
  BETAN_TARGET = 1.25 
  BETAN_BEAM_TARGET = 0.0 
  CURRENT_MODEL = 'broad' 
  RHO_JBDRY = 0.85 
  RHO_JPEAK = 0.65 
  JAXIS = 0.6 
  JAXIS_PRIME = 1.0 
  JBDRY_PRIME = -1.0 
  RBDRY = 5.75 5.717889612279765 5.599231274196216 5.333894952548324  
    4.862048988436734 4.215741544340384 3.606248672667517  
    3.3499999999999996 3.606248672667517 4.215741544340384  
    4.862048988436735 5.333894952548324 5.599231274196216  
    5.717889612279765 5.75 
  ZBDRY = 0.0 0.7289246817174976 1.3134768905462901 1.6378788924654637  
    1.6378788924654637 1.3134768905462901 0.7289246817174978  
    2.0574066225675533e-16 -0.7289246817174975 -1.31347689054629  
    -1.6378788924654637 -1.6378788924654637 -1.3134768905462901  
    -0.728924681717498 0.0 
  NLIM = 5 
  RLIM = 6.0 3.5 3.5 6.0 6.0 
  ZLIM = 1.93 1.93 -1.93 -1.93 1.93 
  NE = 27.62306735 27.62306735 27.57546442 27.52446609 27.47011707  
    27.41246207 27.3515458 27.28741298 27.22010832 27.14967653  
    27.07616232 26.99961042 26.92006552 26.83757235 26.75217561  
    26.66392003 26.5728503 26.47901115 26.38244728 26.28320342  
    26.18132427 26.07685454 25.96983895 25.86032222 25.74834904  
    25.63396415 25.51721224 25.39813803 25.27678624 25.15320158  
    25.02742875 24.89951248 24.76949748 24.63742845 24.50335012  
    24.36730718 24.22934437 24.08950638 23.94783794 23.80438375  
    23.65918852 23.51229698 23.36375383 23.21360378 23.06189155  
    22.90866184 22.75395937 22.59782885 22.44031499 22.28146248  
    22.12131604 21.95992037 21.79732015 21.63356007 21.4686848  
    21.302739 21.13576729 20.967814259999997 20.79892444 20.62914227  
    20.4585121 20.28707809 20.11488415 19.94197386 19.76839027  
    19.59417572 19.41937148 19.2440173 19.06815074 18.891806199999998  
    18.71501356 18.53779614 18.36016787 18.18212917 18.00366107  
    17.82471671 17.64520933 17.46499491 17.28384757 17.10142452  
    16.91721648 16.73047789 16.540129599999997 16.344624839999998  
    16.14176854 15.92848087 15.70050384 15.45206898 15.17558875  
    14.86151692 14.49865645 14.07535272 13.58207892 13.0156276  
    12.384132909999993 11.710562209999994 11.03138998 10.38887851  
    9.81973103 9.346060347 8.972965753 
  TE = 18.448989587148624 18.441352158949723 18.41845883936334  
    18.380366444953232 18.327169408889535 18.25899939088154  
    18.176024734245413 18.078449773240482 17.966513994663  
    17.840491058511965 17.700687683331946 17.547442402586718  
    17.38112419912002 17.202131025410733 17.010888217924833  
    16.80784681440173 16.59348178338459 16.368290175709987  
    16.13278920800972 15.887514288544764 15.633016995887347  
    15.36986302109132 15.098630084043547 14.81990583467049  
    14.534285749585887 14.242371034609258 13.944766543362975  
    13.642078721870972 13.334913588737908 13.023874760087454  
    12.709561527986558 12.397317855066474 12.092127817209567  
    11.794046510669176 11.503129031698638 11.21943047655129  
    10.94253581371535 10.671840325454482 10.407114578685192  
    10.148129140323991 9.894654577287387 9.646996793255777  
    9.405579739941217 9.170351056307688 8.941258381319178  
    8.718249353939667 8.501146642252689 8.289708103668362  
    8.083784161140553 7.8832252376231375 7.687881756069984  
    7.497504726840231 7.311853008663235 7.130788797048201  
    6.954174287504332 6.7818716755408355 6.613593268579006  
    6.4490802031729615 6.288237918531134 6.130971853861958  
    5.977187448373864 5.826808159164029 5.67982026074734  
    5.536223418458791 5.396017297633381 5.259201563606108  
    5.125782055761095 4.99564757812434 4.8686222429936405  
    4.744530162666804 4.62319544944163 4.504257434007834  
    4.387335034872406 4.27222174605906 4.158711061591516  
    4.046596475493487 3.93569026762477 3.825852458607443  
    3.7169481536086444 3.6088424577955136 3.5014004763351894  
    3.394401269468224 3.2876566052771357 3.181080650692012  
    3.0745875726429444 2.968091538060022 2.8614860241254227  
    2.7548209887343305 2.648245319886343 2.541907905581059  
    2.4359576338180764 2.3313821753536494 2.2285670033024316  
    2.126757709201619 2.0251998845884085 1.9231391209999946 1.438300093  
    0.9885116223 0.607818884 0.3107984791 0.09381087106 
  TI = 21.314476341101052 21.303177149515587 21.269315501501282  
    21.212998986964784 21.134406289429393 21.033786241478385  
    20.911456512177512 20.76780193616639 20.60327249671861  
    20.418380977563928 20.213700300620086 19.989860568975047  
    19.747545836473087 19.48749062707278 19.210476228745964  
    18.917326788061484 18.608905232735445 18.286109050323088  
    17.949865951871033 17.601129449740274 17.240874378950096  
    16.870092391283947 16.48978745104582 16.10097136076756  
    15.704659344354342 15.301865714129361 14.893599647014023  
    14.480861093673012 14.064636842881631 13.645896761655258  
    13.225590229837064 12.81576225718792 12.427036438497803  
    12.058212631041808 11.708090692095032 11.375470478932572  
    11.058310416622488 10.754692867385916 10.463603594227555  
    10.184028360152109 9.91495292816428 9.655865490238327  
    9.406559215367839 9.166477332086526 8.935063068928082  
    8.711759654426219 8.496169949045797 8.288039068835232  
    8.087023625703539 7.892780231559739 7.704965498312845  
    7.523001926026158 7.34624960241227 7.174271520854146  
    7.006630674734751 6.842890057437049 6.682602774359542  
    6.525529184322783 6.371543160842807 6.220518577435652  
    6.072329307617356 5.926915697505287 5.784356681631826  
    5.64473401613554 5.508129457154992 5.374624760828746  
    5.244424077782504 5.117518500874701 4.993670199592996  
    4.87264134342505 4.754194101858518 4.637862506155289  
    4.523161261550216 4.409823548490407 4.297582547422972  
    4.186171438795019 4.075446652198174 3.9653539239903735  
    3.855760394768191 3.746533205128206 3.6375394956669913  
    3.528715499608429 3.419911053681274 3.310863703739416  
    3.2013109956367467 3.090990475227155 2.979192231824  
    2.865380924692169 2.749555954612851 2.631716722367233  
    2.511862628736503 2.3921388056032247 2.2741850505826764  
    2.157242763055115 2.040553342400802 1.9233581879999946 1.438325931  
    0.9883266268 0.6075777711 0.3107215441 0.09406899116 
  OMEGA = 4992.501875 4992.501875 4978.801804 4961.079526 4940.12016  
    4916.382264 4890.178959 4861.74318 4831.258024 4798.873089  
    4764.714177 4728.889466 4691.493659 4652.610886 4612.316799  
    4570.680145 4527.763951 4483.626454 4438.321832 4391.900796  
    4344.411068 4295.897774 4246.403778 4195.969955 4144.635428  
    4092.437767 4039.413164 3985.596584 3931.021896 3875.721988  
    3819.72887 3763.073767 3705.787199 3647.899055 3589.43866  
    3530.4348369999993 3470.91596 3410.910006 3350.444605 3289.54708  
    3228.244492 3166.5636739999995 3104.531273 3042.173783 2979.517575  
    2916.588934 2853.414088 2790.0192379999994 2726.430588 2662.674375  
    2598.776897 2534.764544 2470.663824 2406.501396 2342.304099  
    2278.098979 2213.913327 2149.7747069999996 2085.710992 2021.750397  
    1957.921519 1894.253376 1830.775447 1767.517715 1704.510722  
    1641.785608 1579.374179 1517.308956 1455.623246 1394.3512129999992  
    1333.5279519999992 1273.18958 1213.373329 1154.117653 1095.462349  
    1037.448686 980.1195629 923.5196753 867.6957162 812.6966008  
    758.5737302 705.3812976 653.1766491999995 602.0207127999994  
    551.9785103 503.1197796 455.5197357 409.2600162 364.4298727  
    321.1276991 279.4630303 239.55922 201.557126 165.620359  
    131.94307479999964 100.76217029999968 72.37775876 47.19105135  
    25.78549737 9.151104569 1.630695579e-12 
  ZEFF = 2.386 2.386 2.3859999999999997 2.386 2.386 2.386 2.386 2.386  
    2.386 2.386 2.386 2.386 2.386 2.3860000000000006 2.386 2.386 2.386  
    2.386 2.386 2.386 2.386 2.386 2.386 2.386 2.386 2.386 2.386 2.386  
    2.3859999999999997 2.386 2.386 2.386 2.386 2.386 2.386 2.386 2.386  
    2.386 2.3859999999999997 2.386 2.386 2.386 2.3859999999999997 2.386  
    2.386 2.3860000000000006 2.386 2.386 2.386 2.386 2.386 2.386 2.386  
    2.386 2.386 2.386 2.386 2.386 2.386 2.3859999999999997 2.386 2.386  
    2.386 2.386 2.386 2.386 2.3859999999999997 2.3859999999999997 2.386  
    2.386 2.3860000000000006 2.3860000000000006 2.386 2.386 2.386 2.386  
    2.386 2.386 2.386 2.3860000000000006 2.386 2.386 2.3859999999999997  
    2.386 2.386 2.386 2.386 2.386 2.386 2.386 2.386 2.3859999999999997  
    2.386 2.386 2.3860000000000006 2.386 2.386 2.386 2.386 2.386  
    2.3860000000000006 
  J_OH = 0.0 0.0 0.0 0.0 0.0 0.0 0.0 0.0 0.0 0.0 0.0 0.0 0.0 0.0 0.0  
    0.0 0.0 0.0 0.0 0.0 0.0 0.0 0.0 0.0 0.0 0.0 0.0 0.0 0.0 0.0 0.0 0.0  
    0.0 0.0 0.0 0.0 0.0 0.0 0.0 0.0 0.0 0.0 0.0 0.0 0.0 0.0 0.0 0.0 0.0  
    0.0 0.0 0.0 0.0 0.0 0.0 0.0 0.0 0.0 0.0 0.0 0.0 0.0 0.0 0.0 0.0 0.0  
    0.0 0.0 0.0 0.0 0.0 0.0 0.0 0.0 0.0 0.0 0.0 0.0 0.0 0.0 0.0 0.0 0.0  
    0.0 0.0 0.0 0.0 0.0 0.0 0.0 0.0 0.0 0.0 0.0 0.0 0.0 0.0 0.0 0.0 0.0  
    0.0 
  J_BS = 147183.8948335559 220775.84225033387 335420.75089255406  
    402116.5082400355 446103.0635217357 478867.87785679795  
    505361.70508656866 527957.6657215519 547886.0866961903  
    565825.9633484695 582180.4267386311 597204.9011189048  
    611048.2047552654 623778.4099257515 635418.5021737322  
    645971.7329660391 655437.8948507571 663817.375710329  
    671104.7216279372 677287.6145825471 682357.3492782699  
    686318.2517970426 689187.2758795345 690988.1395017497  
    691745.2264974412 691480.5608494856 690212.4340930292  
    687954.3695927473 684719.8276243213 680528.489612072  
    670905.1107977135 651928.3159383801 628947.8690082751  
    606743.0152302628 585303.1508530189 565002.071539011  
    546270.9168746116 528794.2793693641 512195.51351586025  
    496456.55115953984 481222.1534280977 466037.6657033098  
    451079.5779705768 436628.5376866855 422677.3336362078  
    409241.8879698706 396336.45856618526 383927.60269302165  
    371982.75640864985 360493.2625832082 349536.26755345834  
    339195.69462754426 329387.0514326979 320019.2403357773  
    311083.7588446845 302632.84663629497 294665.85968551016  
    287035.1523361257 279648.12138760556 272500.43967747083  
    265568.4458039895 258779.2732311559 252075.7931395453  
    245452.19899447498 238908.49093545086 232419.35881729182  
    226042.62280643545 219926.4313279276 214132.97546161746  
    208656.938032531 203602.0524516883 199080.8592560337  
    194993.28796603126 191232.56327360522 187799.06609106084  
    184666.39493534813 181779.2747425404 179131.44146471575  
    176757.3854952905 174687.77110894822 172982.10974040302  
    171720.69773678653 170974.212111747 170835.4906671198  
    171443.27399815712 173060.52270287822 175893.29287055184  
    179939.53180912876 185263.31849665224 191960.9388628809  
    199239.87062009753 206224.86933929217 212883.27597631497  
    218104.83432335712 219484.59035652736 370788.09892037296  
    476191.8150228286 369783.53566893894 248326.33468749077  
    134232.5234956234 29110.415135637195 
  J_NB = 0.0 0.0 0.0 0.0 0.0 0.0 0.0 0.0 0.0 0.0 0.0 0.0 0.0 0.0 0.0  
    0.0 0.0 0.0 0.0 0.0 0.0 0.0 0.0 0.0 0.0 0.0 0.0 0.0 0.0 0.0 0.0 0.0  
    0.0 0.0 0.0 0.0 0.0 0.0 0.0 0.0 0.0 0.0 0.0 0.0 0.0 0.0 0.0 0.0 0.0  
    0.0 0.0 0.0 0.0 0.0 0.0 0.0 0.0 0.0 0.0 0.0 0.0 0.0 0.0 0.0 0.0 0.0  
    0.0 0.0 0.0 0.0 0.0 0.0 0.0 0.0 0.0 0.0 0.0 0.0 0.0 0.0 0.0 0.0 0.0  
    0.0 0.0 0.0 0.0 0.0 0.0 0.0 0.0 0.0 0.0 0.0 0.0 0.0 0.0 0.0 0.0 0.0  
    0.0 
  J_EC = 0.0 0.0 0.0 0.0 0.0 0.0 0.0 0.0 0.0 0.0 0.0 0.0 0.0 0.0 0.0  
    0.0 0.0 0.0 0.0 0.0 0.0 0.0 0.0 0.0 0.0 0.0 0.0 0.0 0.0 0.0 0.0 0.0  
    0.0 0.0 0.0 0.0 0.0 0.0 0.0 0.0 0.0 0.0 0.0 0.0 0.0 0.0 0.0 0.0 0.0  
    0.0 0.0 0.0 0.0 0.0 0.0 0.0 0.0 0.0 0.0 0.0 0.0 0.0 0.0 0.0 0.0 0.0  
    0.0 0.0 0.0 0.0 0.0 0.0 0.0 0.0 0.0 0.0 0.0 0.0 0.0 0.0 0.0 0.0 0.0  
    0.0 0.0 0.0 0.0 0.0 0.0 0.0 0.0 0.0 0.0 0.0 0.0 0.0 0.0 0.0 0.0 0.0  
    0.0 
  J_IC = 0.0 0.0 0.0 0.0 0.0 0.0 0.0 0.0 0.0 0.0 0.0 0.0 0.0 0.0 0.0  
    0.0 0.0 0.0 0.0 0.0 0.0 0.0 0.0 0.0 0.0 0.0 0.0 0.0 0.0 0.0 0.0 0.0  
    0.0 0.0 0.0 0.0 0.0 0.0 0.0 0.0 0.0 0.0 0.0 0.0 0.0 0.0 0.0 0.0 0.0  
    0.0 0.0 0.0 0.0 0.0 0.0 0.0 0.0 0.0 0.0 0.0 0.0 0.0 0.0 0.0 0.0 0.0  
    0.0 0.0 0.0 0.0 0.0 0.0 0.0 0.0 0.0 0.0 0.0 0.0 0.0 0.0 0.0 0.0 0.0  
    0.0 0.0 0.0 0.0 0.0 0.0 0.0 0.0 0.0 0.0 0.0 0.0 0.0 0.0 0.0 0.0 0.0  
    0.0 
  J_LH = 0.0 0.0 0.0 0.0 0.0 0.0 0.0 0.0 0.0 0.0 0.0 0.0 0.0 0.0 0.0  
    0.0 0.0 0.0 0.0 0.0 0.0 0.0 0.0 0.0 0.0 0.0 0.0 0.0 0.0 0.0 0.0 0.0  
    0.0 0.0 0.0 0.0 0.0 0.0 0.0 0.0 0.0 0.0 0.0 0.0 0.0 0.0 0.0 0.0 0.0  
    0.0 0.0 0.0 0.0 0.0 0.0 0.0 0.0 0.0 0.0 0.0 0.0 0.0 0.0 0.0 0.0 0.0  
    0.0 0.0 0.0 0.0 0.0 0.0 0.0 0.0 0.0 0.0 0.0 0.0 0.0 0.0 0.0 0.0 0.0  
    0.0 0.0 0.0 0.0 0.0 0.0 0.0 0.0 0.0 0.0 0.0 0.0 0.0 0.0 0.0 0.0 0.0  
    0.0 
  PE_NB = 0.0 0.0 0.0 0.0 0.0 0.0 0.0 0.0 0.0 0.0 0.0 0.0 0.0 0.0 0.0  
    0.0 0.0 0.0 0.0 0.0 0.0 0.0 0.0 0.0 0.0 0.0 0.0 0.0 0.0 0.0 0.0 0.0  
    0.0 0.0 0.0 0.0 0.0 0.0 0.0 0.0 0.0 0.0 0.0 0.0 0.0 0.0 0.0 0.0 0.0  
    0.0 0.0 0.0 0.0 0.0 0.0 0.0 0.0 0.0 0.0 0.0 0.0 0.0 0.0 0.0 0.0 0.0  
    0.0 0.0 0.0 0.0 0.0 0.0 0.0 0.0 0.0 0.0 0.0 0.0 0.0 0.0 0.0 0.0 0.0  
    0.0 0.0 0.0 0.0 0.0 0.0 0.0 0.0 0.0 0.0 0.0 0.0 0.0 0.0 0.0 0.0 0.0  
    0.0 
  PE_EC = 0.0 0.0 0.0 0.0 0.0 0.0 0.0 0.0 0.0 0.0 0.0 0.0 0.0 0.0 0.0  
    0.0 0.0 0.0 0.0 0.0 0.0 0.0 0.0 0.0 0.0 0.0 0.0 0.0 0.0 0.0 0.0 0.0  
    0.0 0.0 0.0 0.0 0.0 0.0 0.0 0.0 0.0 0.0 0.0 0.0 0.0 0.0 0.0 0.0 0.0  
    0.0 0.0 0.0 0.0 0.0 0.0 0.0 0.0 0.0 0.0 0.0 0.0 0.0 0.0 0.0 0.0 0.0  
    0.0 0.0 0.0 0.0 0.0 0.0 0.0 0.0 0.0 0.0 0.0 0.0 0.0 0.0 0.0 0.0 0.0  
    0.0 0.0 0.0 0.0 0.0 0.0 0.0 0.0 0.0 0.0 0.0 0.0 0.0 0.0 0.0 0.0 0.0  
    0.0 
  PE_IC = 0.0 0.0 0.0 0.0 0.0 0.0 0.0 0.0 0.0 0.0 0.0 0.0 0.0 0.0 0.0  
    0.0 0.0 0.0 0.0 0.0 0.0 0.0 0.0 0.0 0.0 0.0 0.0 0.0 0.0 0.0 0.0 0.0  
    0.0 0.0 0.0 0.0 0.0 0.0 0.0 0.0 0.0 0.0 0.0 0.0 0.0 0.0 0.0 0.0 0.0  
    0.0 0.0 0.0 0.0 0.0 0.0 0.0 0.0 0.0 0.0 0.0 0.0 0.0 0.0 0.0 0.0 0.0  
    0.0 0.0 0.0 0.0 0.0 0.0 0.0 0.0 0.0 0.0 0.0 0.0 0.0 0.0 0.0 0.0 0.0  
    0.0 0.0 0.0 0.0 0.0 0.0 0.0 0.0 0.0 0.0 0.0 0.0 0.0 0.0 0.0 0.0 0.0  
    0.0 
  PE_LH = 0.0 0.0 0.0 0.0 0.0 0.0 0.0 0.0 0.0 0.0 0.0 0.0 0.0 0.0 0.0  
    0.0 0.0 0.0 0.0 0.0 0.0 0.0 0.0 0.0 0.0 0.0 0.0 0.0 0.0 0.0 0.0 0.0  
    0.0 0.0 0.0 0.0 0.0 0.0 0.0 0.0 0.0 0.0 0.0 0.0 0.0 0.0 0.0 0.0 0.0  
    0.0 0.0 0.0 0.0 0.0 0.0 0.0 0.0 0.0 0.0 0.0 0.0 0.0 0.0 0.0 0.0 0.0  
    0.0 0.0 0.0 0.0 0.0 0.0 0.0 0.0 0.0 0.0 0.0 0.0 0.0 0.0 0.0 0.0 0.0  
    0.0 0.0 0.0 0.0 0.0 0.0 0.0 0.0 0.0 0.0 0.0 0.0 0.0 0.0 0.0 0.0 0.0  
    0.0 
  PE_FUS = 1954104.0723083213 1954155.4917667955 1948699.3099399058  
    1943043.5000707435 1937248.1270823414 1931372.0693834121  
    1925323.6467208606 1918403.9103314707 1909738.546636685  
    1898407.2205470896 1883415.1497693183 1862568.5511090925  
    1834930.5545553965 1801334.1006365549 1762712.129544543  
    1720178.8615133981 1674530.417359292 1626063.4853685207  
    1575413.33931527 1523347.5895064832 1470771.6502601686  
    1418036.4971268945 1364812.5938182152 1311073.4795797337  
    1256775.3803078025 1201858.8477384078 1146194.7743887475  
    1090024.519236795 1033867.688641265 978281.8438742912  
    923851.0492980615 871205.0753050818 820635.1436827946  
    772204.7489479439 725946.0872177691 681862.1651837936  
    639833.6572253302 599737.2557146483 561536.3522716255  
    525178.7548928009 490599.49174582685 457775.6815758285  
    426706.27196576097 397343.76380960504 369632.2243557933  
    343509.00340970006 318923.92273761786 295833.82916850783  
    274179.1180897093 253896.5617526669 234920.46277554508  
    217161.73683169286 200531.72693472923 184965.03382880488  
    170397.90597847654 156768.76307734958 144022.25791847863  
    132117.53018062707 121016.30349213454 110680.12741181267  
    101070.66391284083 92151.06812079517 83890.64196494661  
    76259.62867820142 69227.3541258849 62762.53586311094  
    56838.521133386705 51420.3240615608 46466.247724010114  
    41937.67217302025 37798.941761576876 34011.33394469256  
    30540.029357006093 27359.219015174484 24445.422471575766  
    21777.321562952522 19337.81027822148 17112.352319796602  
    15085.769526912243 13243.848735269958 11573.278448534598  
    10062.388763536677 8699.089367776269 7471.079433576779  
    6367.300970673923 5377.84392592439 4491.054577912185  
    3698.7764524256463 2997.155307983293 2382.445490329804  
    1851.132102924759 1405.5894844146094 1042.4392555126467  
    751.7093650558684 525.0337961638611 354.33592956392494  
    71.1689300644342 7.283768702999439 0.249341743525521  
    0.0009085872138561793 9.523989106178932e-10 
  PE_IONIZATION = 0.0 0.0 0.0 0.0 0.0 0.0 0.0 0.0 0.0 0.0 0.0 0.0 0.0  
    0.0 0.0 0.0 0.0 0.0 0.0 0.0 0.0 0.0 0.0 0.0 0.0 0.0 0.0 0.0 0.0 0.0  
    0.0 0.0 0.0 0.0 0.0 0.0 0.0 0.0 0.0 0.0 0.0 0.0 0.0 0.0 0.0 0.0 0.0  
    0.0 0.0 0.0 0.0 0.0 0.0 0.0 0.0 0.0 0.0 0.0 0.0 0.0 0.0 0.0 0.0 0.0  
    0.0 0.0 0.0 0.0 0.0 0.0 0.0 0.0 0.0 0.0 0.0 0.0 0.0 0.0 0.0 0.0 0.0  
    0.0 0.0 0.0 0.0 0.0 0.0 0.0 0.0 0.0 0.0 0.0 0.0 0.0 0.0 0.0 0.0 0.0  
    0.0 0.0 0.0 
  P_RAD = 0.0 0.0 0.0 0.0 0.0 0.0 0.0 0.0 0.0 0.0 0.0 0.0 0.0 0.0 0.0  
    0.0 0.0 0.0 0.0 0.0 0.0 0.0 0.0 0.0 0.0 0.0 0.0 0.0 0.0 0.0 0.0 0.0  
    0.0 0.0 0.0 0.0 0.0 0.0 0.0 0.0 0.0 0.0 0.0 0.0 0.0 0.0 0.0 0.0 0.0  
    0.0 0.0 0.0 0.0 0.0 0.0 0.0 0.0 0.0 0.0 0.0 0.0 0.0 0.0 0.0 0.0 0.0  
    0.0 0.0 0.0 0.0 0.0 0.0 0.0 0.0 0.0 0.0 0.0 0.0 0.0 0.0 0.0 0.0 0.0  
    0.0 0.0 0.0 0.0 0.0 0.0 0.0 0.0 0.0 0.0 0.0 0.0 0.0 0.0 0.0 0.0 0.0  
    0.0 
  PI_NB = 0.0 0.0 0.0 0.0 0.0 0.0 0.0 0.0 0.0 0.0 0.0 0.0 0.0 0.0 0.0  
    0.0 0.0 0.0 0.0 0.0 0.0 0.0 0.0 0.0 0.0 0.0 0.0 0.0 0.0 0.0 0.0 0.0  
    0.0 0.0 0.0 0.0 0.0 0.0 0.0 0.0 0.0 0.0 0.0 0.0 0.0 0.0 0.0 0.0 0.0  
    0.0 0.0 0.0 0.0 0.0 0.0 0.0 0.0 0.0 0.0 0.0 0.0 0.0 0.0 0.0 0.0 0.0  
    0.0 0.0 0.0 0.0 0.0 0.0 0.0 0.0 0.0 0.0 0.0 0.0 0.0 0.0 0.0 0.0 0.0  
    0.0 0.0 0.0 0.0 0.0 0.0 0.0 0.0 0.0 0.0 0.0 0.0 0.0 0.0 0.0 0.0 0.0  
    0.0 
  PI_IC = 0.0 0.0 0.0 0.0 0.0 0.0 0.0 0.0 0.0 0.0 0.0 0.0 0.0 0.0 0.0  
    0.0 0.0 0.0 0.0 0.0 0.0 0.0 0.0 0.0 0.0 0.0 0.0 0.0 0.0 0.0 0.0 0.0  
    0.0 0.0 0.0 0.0 0.0 0.0 0.0 0.0 0.0 0.0 0.0 0.0 0.0 0.0 0.0 0.0 0.0  
    0.0 0.0 0.0 0.0 0.0 0.0 0.0 0.0 0.0 0.0 0.0 0.0 0.0 0.0 0.0 0.0 0.0  
    0.0 0.0 0.0 0.0 0.0 0.0 0.0 0.0 0.0 0.0 0.0 0.0 0.0 0.0 0.0 0.0 0.0  
    0.0 0.0 0.0 0.0 0.0 0.0 0.0 0.0 0.0 0.0 0.0 0.0 0.0 0.0 0.0 0.0 0.0  
    0.0 
  PI_LH = 0.0 0.0 0.0 0.0 0.0 0.0 0.0 0.0 0.0 0.0 0.0 0.0 0.0 0.0 0.0  
    0.0 0.0 0.0 0.0 0.0 0.0 0.0 0.0 0.0 0.0 0.0 0.0 0.0 0.0 0.0 0.0 0.0  
    0.0 0.0 0.0 0.0 0.0 0.0 0.0 0.0 0.0 0.0 0.0 0.0 0.0 0.0 0.0 0.0 0.0  
    0.0 0.0 0.0 0.0 0.0 0.0 0.0 0.0 0.0 0.0 0.0 0.0 0.0 0.0 0.0 0.0 0.0  
    0.0 0.0 0.0 0.0 0.0 0.0 0.0 0.0 0.0 0.0 0.0 0.0 0.0 0.0 0.0 0.0 0.0  
    0.0 0.0 0.0 0.0 0.0 0.0 0.0 0.0 0.0 0.0 0.0 0.0 0.0 0.0 0.0 0.0 0.0  
    0.0 
  PI_FUS = 899482.5455271445 898778.3424064617 894202.2885159785  
    888134.2061571407 880631.9130715205 871752.8787173631  
    861508.7863979569 849730.5162575998 836205.7285909723  
    820721.0137299652 803054.8353108915 782705.638912105  
    759677.4717206841 734489.6441854653 707677.7509075257  
    679817.956179228 651334.9760458225 622396.3192639999  
    593258.4936517625 564211.7400006229 535579.244755363  
    507509.7275856433 479922.827366242 452816.9503895368  
    426186.04943492345 400020.52071741415 374309.08286180586  
    349158.4601219333 324736.0109106235 301208.6931651379  
    278738.6789993934 257503.80878429287 237567.27139139848  
    218904.39615585742 201480.36827009034 185251.686703837  
    170136.4138241434 156052.67934318387 142949.19163366608  
    130772.46564482218 119467.87484092948 108998.37786218377  
    99332.85584432443 90424.7295538774 82227.18098296857  
    74693.73985452674 67781.52344986549 61450.516927383636  
    55659.92785573051 50370.26778780585 45543.599409647366  
    41138.9951339889 37118.23273445167 33450.203627502044  
    30105.805702800393 27057.945244051793 24281.7191713219  
    21756.190187128923 19462.42209271996 17382.45235383563  
    15499.305645056593 13797.149595281428 12262.044884410047  
    10880.977590193987 9641.47767499736 8531.65916555494  
    7540.921798836777 6658.023092881721 5871.510340858102  
    5171.099215234838 4547.572239661146 3991.838417044583  
    3495.938399285018 3053.6508462339043 2659.4354158550577  
    2308.3607289069414 1996.2756776313886 1719.5770720945686  
    1474.8201685957497 1258.8677398715843 1068.8627204666504  
    902.2535382595979 756.6262264386427 629.7269933870617  
    519.5472103608455 424.296803029176 342.1644290867361  
    271.742592543957 212.01766585295945 162.01454086718633  
    120.80618255226197 87.8959198179599 62.367310232791205  
    42.94268281204793 28.56810241574296 18.30890918147049  
    2.804696304449474 0.20273277255173963 0.004432597376122971  
    8.740885427528164e-06 3.102535683050292e-12 
  PI_IONIZATION = 0.0 0.0 0.0 0.0 0.0 0.0 0.0 0.0 0.0 0.0 0.0 0.0 0.0  
    0.0 0.0 0.0 0.0 0.0 0.0 0.0 0.0 0.0 0.0 0.0 0.0 0.0 0.0 0.0 0.0 0.0  
    0.0 0.0 0.0 0.0 0.0 0.0 0.0 0.0 0.0 0.0 0.0 0.0 0.0 0.0 0.0 0.0 0.0  
    0.0 0.0 0.0 0.0 0.0 0.0 0.0 0.0 0.0 0.0 0.0 0.0 0.0 0.0 0.0 0.0 0.0  
    0.0 0.0 0.0 0.0 0.0 0.0 0.0 0.0 0.0 0.0 0.0 0.0 0.0 0.0 0.0 0.0 0.0  
    0.0 0.0 0.0 0.0 0.0 0.0 0.0 0.0 0.0 0.0 0.0 0.0 0.0 0.0 0.0 0.0 0.0  
    0.0 0.0 0.0 
  PI_CX = 0.0 0.0 0.0 0.0 0.0 0.0 0.0 0.0 0.0 0.0 0.0 0.0 0.0 0.0 0.0  
    0.0 0.0 0.0 0.0 0.0 0.0 0.0 0.0 0.0 0.0 0.0 0.0 0.0 0.0 0.0 0.0 0.0  
    0.0 0.0 0.0 0.0 0.0 0.0 0.0 0.0 0.0 0.0 0.0 0.0 0.0 0.0 0.0 0.0 0.0  
    0.0 0.0 0.0 0.0 0.0 0.0 0.0 0.0 0.0 0.0 0.0 0.0 0.0 0.0 0.0 0.0 0.0  
    0.0 0.0 0.0 0.0 0.0 0.0 0.0 0.0 0.0 0.0 0.0 0.0 0.0 0.0 0.0 0.0 0.0  
    0.0 0.0 0.0 0.0 0.0 0.0 0.0 0.0 0.0 0.0 0.0 0.0 0.0 0.0 0.0 0.0 0.0  
    0.0 
  P_OHM = 0.0 0.0 0.0 0.0 0.0 0.0 0.0 0.0 0.0 0.0 0.0 0.0 0.0 0.0 0.0  
    0.0 0.0 0.0 0.0 0.0 0.0 0.0 0.0 0.0 0.0 0.0 0.0 0.0 0.0 0.0 0.0 0.0  
    0.0 0.0 0.0 0.0 0.0 0.0 0.0 0.0 0.0 0.0 0.0 0.0 0.0 0.0 0.0 0.0 0.0  
    0.0 0.0 0.0 0.0 0.0 0.0 0.0 0.0 0.0 0.0 0.0 0.0 0.0 0.0 0.0 0.0 0.0  
    0.0 0.0 0.0 0.0 0.0 0.0 0.0 0.0 0.0 0.0 0.0 0.0 0.0 0.0 0.0 0.0 0.0  
    0.0 0.0 0.0 0.0 0.0 0.0 0.0 0.0 0.0 0.0 0.0 0.0 0.0 0.0 0.0 0.0 0.0  
    0.0 
  P_EI = 0.0 0.0 0.0 0.0 0.0 0.0 0.0 0.0 0.0 0.0 0.0 0.0 0.0 0.0 0.0  
    0.0 0.0 0.0 0.0 0.0 0.0 0.0 0.0 0.0 0.0 0.0 0.0 0.0 0.0 0.0 0.0 0.0  
    0.0 0.0 0.0 0.0 0.0 0.0 0.0 0.0 0.0 0.0 0.0 0.0 0.0 0.0 0.0 0.0 0.0  
    0.0 0.0 0.0 0.0 0.0 0.0 0.0 0.0 0.0 0.0 0.0 0.0 0.0 0.0 0.0 0.0 0.0  
    0.0 0.0 0.0 0.0 0.0 0.0 0.0 0.0 0.0 0.0 0.0 0.0 0.0 0.0 0.0 0.0 0.0  
    0.0 0.0 0.0 0.0 0.0 0.0 0.0 0.0 0.0 0.0 0.0 0.0 0.0 0.0 0.0 0.0 0.0  
    0.0 
  TORQUE_NB = 0.0 0.0 0.0 0.0 0.0 0.0 0.0 0.0 0.0 0.0 0.0 0.0 0.0 0.0  
    0.0 0.0 0.0 0.0 0.0 0.0 0.0 0.0 0.0 0.0 0.0 0.0 0.0 0.0 0.0 0.0 0.0  
    0.0 0.0 0.0 0.0 0.0 0.0 0.0 0.0 0.0 0.0 0.0 0.0 0.0 0.0 0.0 0.0 0.0  
    0.0 0.0 0.0 0.0 0.0 0.0 0.0 0.0 0.0 0.0 0.0 0.0 0.0 0.0 0.0 0.0 0.0  
    0.0 0.0 0.0 0.0 0.0 0.0 0.0 0.0 0.0 0.0 0.0 0.0 0.0 0.0 0.0 0.0 0.0  
    0.0 0.0 0.0 0.0 0.0 0.0 0.0 0.0 0.0 0.0 0.0 0.0 0.0 0.0 0.0 0.0 0.0  
    0.0 0.0 
  TORQUE_IN = 0.0 0.0 0.0 0.0 0.0 0.0 0.0 0.0 0.0 0.0 0.0 0.0 0.0 0.0  
    0.0 0.0 0.0 0.0 0.0 0.0 0.0 0.0 0.0 0.0 0.0 0.0 0.0 0.0 0.0 0.0 0.0  
    0.0 0.0 0.0 0.0 0.0 0.0 0.0 0.0 0.0 0.0 0.0 0.0 0.0 0.0 0.0 0.0 0.0  
    0.0 0.0 0.0 0.0 0.0 0.0 0.0 0.0 0.0 0.0 0.0 0.0 0.0 0.0 0.0 0.0 0.0  
    0.0 0.0 0.0 0.0 0.0 0.0 0.0 0.0 0.0 0.0 0.0 0.0 0.0 0.0 0.0 0.0 0.0  
    0.0 0.0 0.0 0.0 0.0 0.0 0.0 0.0 0.0 0.0 0.0 0.0 0.0 0.0 0.0 0.0 0.0  
    0.0 0.0 
  SE_NB = 0.0 0.0 0.0 0.0 0.0 0.0 0.0 0.0 0.0 0.0 0.0 0.0 0.0 0.0 0.0  
    0.0 0.0 0.0 0.0 0.0 0.0 0.0 0.0 0.0 0.0 0.0 0.0 0.0 0.0 0.0 0.0 0.0  
    0.0 0.0 0.0 0.0 0.0 0.0 0.0 0.0 0.0 0.0 0.0 0.0 0.0 0.0 0.0 0.0 0.0  
    0.0 0.0 0.0 0.0 0.0 0.0 0.0 0.0 0.0 0.0 0.0 0.0 0.0 0.0 0.0 0.0 0.0  
    0.0 0.0 0.0 0.0 0.0 0.0 0.0 0.0 0.0 0.0 0.0 0.0 0.0 0.0 0.0 0.0 0.0  
    0.0 0.0 0.0 0.0 0.0 0.0 0.0 0.0 0.0 0.0 0.0 0.0 0.0 0.0 0.0 0.0 0.0  
    0.0 
  SE_IONIZATION = 0.0 0.0 0.0 0.0 0.0 0.0 0.0 0.0 0.0 0.0 0.0 0.0 0.0  
    0.0 0.0 0.0 0.0 0.0 0.0 0.0 0.0 0.0 0.0 0.0 0.0 0.0 0.0 0.0 0.0 0.0  
    0.0 0.0 0.0 0.0 0.0 0.0 0.0 0.0 0.0 0.0 0.0 0.0 0.0 0.0 0.0 0.0 0.0  
    0.0 0.0 0.0 0.0 0.0 0.0 0.0 0.0 0.0 0.0 0.0 0.0 0.0 0.0 0.0 0.0 0.0  
    0.0 0.0 0.0 0.0 0.0 0.0 0.0 0.0 0.0 0.0 0.0 0.0 0.0 0.0 0.0 0.0 0.0  
    0.0 0.0 0.0 0.0 0.0 0.0 0.0 0.0 0.0 0.0 0.0 0.0 0.0 0.0 0.0 0.0 0.0  
    0.0 0.0 0.0 
  SI_NB = 0.0 0.0 0.0 0.0 0.0 0.0 0.0 0.0 0.0 0.0 0.0 0.0 0.0 0.0 0.0  
    0.0 0.0 0.0 0.0 0.0 0.0 0.0 0.0 0.0 0.0 0.0 0.0 0.0 0.0 0.0 0.0 0.0  
    0.0 0.0 0.0 0.0 0.0 0.0 0.0 0.0 0.0 0.0 0.0 0.0 0.0 0.0 0.0 0.0 0.0  
    0.0 0.0 0.0 0.0 0.0 0.0 0.0 0.0 0.0 0.0 0.0 0.0 0.0 0.0 0.0 0.0 0.0  
    0.0 0.0 0.0 0.0 0.0 0.0 0.0 0.0 0.0 0.0 0.0 0.0 0.0 0.0 0.0 0.0 0.0  
    0.0 0.0 0.0 0.0 0.0 0.0 0.0 0.0 0.0 0.0 0.0 0.0 0.0 0.0 0.0 0.0 0.0  
    0.0 
  SI_IONIZATION = 0.0 0.0 0.0 0.0 0.0 0.0 0.0 0.0 0.0 0.0 0.0 0.0 0.0  
    0.0 0.0 0.0 0.0 0.0 0.0 0.0 0.0 0.0 0.0 0.0 0.0 0.0 0.0 0.0 0.0 0.0  
    0.0 0.0 0.0 0.0 0.0 0.0 0.0 0.0 0.0 0.0 0.0 0.0 0.0 0.0 0.0 0.0 0.0  
    0.0 0.0 0.0 0.0 0.0 0.0 0.0 0.0 0.0 0.0 0.0 0.0 0.0 0.0 0.0 0.0 0.0  
    0.0 0.0 0.0 0.0 0.0 0.0 0.0 0.0 0.0 0.0 0.0 0.0 0.0 0.0 0.0 0.0 0.0  
    0.0 0.0 0.0 0.0 0.0 0.0 0.0 0.0 0.0 0.0 0.0 0.0 0.0 0.0 0.0 0.0 0.0  
    0.0 0.0 0.0 
  SE_PELLET = 0.0 0.0 0.0 0.0 0.0 0.0 0.0 0.0 0.0 0.0 0.0 0.0 0.0 0.0  
    0.0 0.0 0.0 0.0 0.0 0.0 0.0 0.0 0.0 0.0 0.0 0.0 0.0 0.0 0.0 0.0 0.0  
    0.0 0.0 0.0 0.0 0.0 0.0 0.0 0.0 0.0 0.0 0.0 0.0 0.0 0.0 0.0 0.0 0.0  
    0.0 0.0 0.0 0.0 0.0 0.0 0.0 0.0 0.0 0.0 0.0 0.0 0.0 0.0 0.0 0.0 0.0  
    0.0 0.0 0.0 0.0 0.0 0.0 0.0 0.0 0.0 0.0 0.0 0.0 0.0 0.0 0.0 0.0 0.0  
    0.0 0.0 0.0 0.0 0.0 0.0 0.0 0.0 0.0 0.0 0.0 0.0 0.0 0.0 0.0 0.0 0.0  
    0.0 0.0 
  Q = 0.0 0.0 0.0 0.0 0.0 0.0 0.0 0.0 0.0 0.0 0.0 0.0 0.0 0.0 0.0 0.0  
    0.0 0.0 0.0 0.0 0.0 0.0 0.0 0.0 0.0 0.0 0.0 0.0 0.0 0.0 0.0 0.0 0.0  
    0.0 0.0 0.0 0.0 0.0 0.0 0.0 0.0 0.0 0.0 0.0 0.0 0.0 0.0 0.0 0.0 0.0  
    0.0 0.0 0.0 0.0 0.0 0.0 0.0 0.0 0.0 0.0 0.0 0.0 0.0 0.0 0.0 0.0 0.0  
    0.0 0.0 0.0 0.0 0.0 0.0 0.0 0.0 0.0 0.0 0.0 0.0 0.0 0.0 0.0 0.0 0.0  
    0.0 0.0 0.0 0.0 0.0 0.0 0.0 0.0 0.0 0.0 0.0 0.0 0.0 0.0 0.0 0.0 0.0 
  PSIPOL = 0.0 0.0 0.0 0.0 0.0 0.0 0.0 0.0 0.0 0.0 0.0 0.0 0.0 0.0 0.0  
    0.0 0.0 0.0 0.0 0.0 0.0 0.0 0.0 0.0 0.0 0.0 0.0 0.0 0.0 0.0 0.0 0.0  
    0.0 0.0 0.0 0.0 0.0 0.0 0.0 0.0 0.0 0.0 0.0 0.0 0.0 0.0 0.0 0.0 0.0  
    0.0 0.0 0.0 0.0 0.0 0.0 0.0 0.0 0.0 0.0 0.0 0.0 0.0 0.0 0.0 0.0 0.0  
    0.0 0.0 0.0 0.0 0.0 0.0 0.0 0.0 0.0 0.0 0.0 0.0 0.0 0.0 0.0 0.0 0.0  
    0.0 0.0 0.0 0.0 0.0 0.0 0.0 0.0 0.0 0.0 0.0 0.0 0.0 0.0 0.0 0.0 0.0  
    0.0 
  PSI = 0.0 0.0 0.0 0.0 0.0 0.0 0.0 0.0 0.0 0.0 0.0 0.0 0.0 0.0 0.0 0.0  
    0.0 0.0 0.0 0.0 0.0 0.0 0.0 0.0 0.0 0.0 0.0 0.0 0.0 0.0 0.0 0.0 0.0  
    0.0 0.0 0.0 0.0 0.0 0.0 0.0 0.0 0.0 0.0 0.0 0.0 0.0 0.0 0.0 0.0 0.0  
    0.0 0.0 0.0 0.0 0.0 0.0 0.0 0.0 0.0 0.0 0.0 0.0 0.0 0.0 0.0 0.0 0.0  
    0.0 0.0 0.0 0.0 0.0 0.0 0.0 0.0 0.0 0.0 0.0 0.0 0.0 0.0 0.0 0.0 0.0  
    0.0 0.0 0.0 0.0 0.0 0.0 0.0 0.0 0.0 0.0 0.0 0.0 0.0 0.0 0.0 0.0 0.0 
  DENSITY_BEAM = 0.0 0.0 0.0 0.0 0.0 0.0 0.0 0.0 0.0 0.0 0.0 0.0 0.0  
    0.0 0.0 0.0 0.0 0.0 0.0 0.0 0.0 0.0 0.0 0.0 0.0 0.0 0.0 0.0 0.0 0.0  
    0.0 0.0 0.0 0.0 0.0 0.0 0.0 0.0 0.0 0.0 0.0 0.0 0.0 0.0 0.0 0.0 0.0  
    0.0 0.0 0.0 0.0 0.0 0.0 0.0 0.0 0.0 0.0 0.0 0.0 0.0 0.0 0.0 0.0 0.0  
    0.0 0.0 0.0 0.0 0.0 0.0 0.0 0.0 0.0 0.0 0.0 0.0 0.0 0.0 0.0 0.0 0.0  
    0.0 0.0 0.0 0.0 0.0 0.0 0.0 0.0 0.0 0.0 0.0 0.0 0.0 0.0 0.0 0.0 0.0  
    0.0 0.0 0.0 
  WBEAM = 0.0 0.0 0.0 0.0 0.0 0.0 0.0 0.0 0.0 0.0 0.0 0.0 0.0 0.0 0.0  
    0.0 0.0 0.0 0.0 0.0 0.0 0.0 0.0 0.0 0.0 0.0 0.0 0.0 0.0 0.0 0.0 0.0  
    0.0 0.0 0.0 0.0 0.0 0.0 0.0 0.0 0.0 0.0 0.0 0.0 0.0 0.0 0.0 0.0 0.0  
    0.0 0.0 0.0 0.0 0.0 0.0 0.0 0.0 0.0 0.0 0.0 0.0 0.0 0.0 0.0 0.0 0.0  
    0.0 0.0 0.0 0.0 0.0 0.0 0.0 0.0 0.0 0.0 0.0 0.0 0.0 0.0 0.0 0.0 0.0  
    0.0 0.0 0.0 0.0 0.0 0.0 0.0 0.0 0.0 0.0 0.0 0.0 0.0 0.0 0.0 0.0 0.0  
    0.0 
  TBEAM = 0.0 0.0 0.0 0.0 0.0 0.0 0.0 0.0 0.0 0.0 0.0 0.0 0.0 0.0 0.0  
    0.0 0.0 0.0 0.0 0.0 0.0 0.0 0.0 0.0 0.0 0.0 0.0 0.0 0.0 0.0 0.0 0.0  
    0.0 0.0 0.0 0.0 0.0 0.0 0.0 0.0 0.0 0.0 0.0 0.0 0.0 0.0 0.0 0.0 0.0  
    0.0 0.0 0.0 0.0 0.0 0.0 0.0 0.0 0.0 0.0 0.0 0.0 0.0 0.0 0.0 0.0 0.0  
    0.0 0.0 0.0 0.0 0.0 0.0 0.0 0.0 0.0 0.0 0.0 0.0 0.0 0.0 0.0 0.0 0.0  
    0.0 0.0 0.0 0.0 0.0 0.0 0.0 0.0 0.0 0.0 0.0 0.0 0.0 0.0 0.0 0.0 0.0  
    0.0 
  DENSITY_ALPHA = 0.0 0.0 0.0 0.0 0.0 0.0 0.0 0.0 0.0 0.0 0.0 0.0 0.0  
    0.0 0.0 0.0 0.0 0.0 0.0 0.0 0.0 0.0 0.0 0.0 0.0 0.0 0.0 0.0 0.0 0.0  
    0.0 0.0 0.0 0.0 0.0 0.0 0.0 0.0 0.0 0.0 0.0 0.0 0.0 0.0 0.0 0.0 0.0  
    0.0 0.0 0.0 0.0 0.0 0.0 0.0 0.0 0.0 0.0 0.0 0.0 0.0 0.0 0.0 0.0 0.0  
    0.0 0.0 0.0 0.0 0.0 0.0 0.0 0.0 0.0 0.0 0.0 0.0 0.0 0.0 0.0 0.0 0.0  
    0.0 0.0 0.0 0.0 0.0 0.0 0.0 0.0 0.0 0.0 0.0 0.0 0.0 0.0 0.0 0.0 0.0  
    0.0 0.0 0.0 
  WALPHA = 0.0 0.0 0.0 0.0 0.0 0.0 0.0 0.0 0.0 0.0 0.0 0.0 0.0 0.0 0.0  
    0.0 0.0 0.0 0.0 0.0 0.0 0.0 0.0 0.0 0.0 0.0 0.0 0.0 0.0 0.0 0.0 0.0  
    0.0 0.0 0.0 0.0 0.0 0.0 0.0 0.0 0.0 0.0 0.0 0.0 0.0 0.0 0.0 0.0 0.0  
    0.0 0.0 0.0 0.0 0.0 0.0 0.0 0.0 0.0 0.0 0.0 0.0 0.0 0.0 0.0 0.0 0.0  
    0.0 0.0 0.0 0.0 0.0 0.0 0.0 0.0 0.0 0.0 0.0 0.0 0.0 0.0 0.0 0.0 0.0  
    0.0 0.0 0.0 0.0 0.0 0.0 0.0 0.0 0.0 0.0 0.0 0.0 0.0 0.0 0.0 0.0 0.0  
    0.0 
  TALPHA = 0.0 0.0 0.0 0.0 0.0 0.0 0.0 0.0 0.0 0.0 0.0 0.0 0.0 0.0 0.0  
    0.0 0.0 0.0 0.0 0.0 0.0 0.0 0.0 0.0 0.0 0.0 0.0 0.0 0.0 0.0 0.0 0.0  
    0.0 0.0 0.0 0.0 0.0 0.0 0.0 0.0 0.0 0.0 0.0 0.0 0.0 0.0 0.0 0.0 0.0  
    0.0 0.0 0.0 0.0 0.0 0.0 0.0 0.0 0.0 0.0 0.0 0.0 0.0 0.0 0.0 0.0 0.0  
    0.0 0.0 0.0 0.0 0.0 0.0 0.0 0.0 0.0 0.0 0.0 0.0 0.0 0.0 0.0 0.0 0.0  
    0.0 0.0 0.0 0.0 0.0 0.0 0.0 0.0 0.0 0.0 0.0 0.0 0.0 0.0 0.0 0.0 0.0  
    0.0 
  CHIE = 0.0 0.0 0.0 0.0 0.0 0.0 0.0 0.0 0.0 0.0 0.0 0.0 0.0 0.0 0.0  
    0.0 0.0 0.0 0.0 0.0 0.0 0.0 0.0 0.0 0.0 0.0 0.0 0.0 0.0 0.0 0.0 0.0  
    0.0 0.0 0.0 0.0 0.0 0.0 0.0 0.0 0.0 0.0 0.0 0.0 0.0 0.0 0.0 0.0 0.0  
    0.0 0.0 0.0 0.0 0.0 0.0 0.0 0.0 0.0 0.0 0.0 0.0 0.0 0.0 0.0 0.0 0.0  
    0.0 0.0 0.0 0.0 0.0 0.0 0.0 0.0 0.0 0.0 0.0 0.0 0.0 0.0 0.0 0.0 0.0  
    0.0 0.0 0.0 0.0 0.0 0.0 0.0 0.0 0.0 0.0 0.0 0.0 0.0 0.0 0.0 0.0 0.0  
    0.0 
  CHII = 0.0 0.0 0.0 0.0 0.0 0.0 0.0 0.0 0.0 0.0 0.0 0.0 0.0 0.0 0.0  
    0.0 0.0 0.0 0.0 0.0 0.0 0.0 0.0 0.0 0.0 0.0 0.0 0.0 0.0 0.0 0.0 0.0  
    0.0 0.0 0.0 0.0 0.0 0.0 0.0 0.0 0.0 0.0 0.0 0.0 0.0 0.0 0.0 0.0 0.0  
    0.0 0.0 0.0 0.0 0.0 0.0 0.0 0.0 0.0 0.0 0.0 0.0 0.0 0.0 0.0 0.0 0.0  
    0.0 0.0 0.0 0.0 0.0 0.0 0.0 0.0 0.0 0.0 0.0 0.0 0.0 0.0 0.0 0.0 0.0  
    0.0 0.0 0.0 0.0 0.0 0.0 0.0 0.0 0.0 0.0 0.0 0.0 0.0 0.0 0.0 0.0 0.0  
    0.0 
  P_EQ = 0.0 0.0 0.0 0.0 0.0 0.0 0.0 0.0 0.0 0.0 0.0 0.0 0.0 0.0 0.0  
    0.0 0.0 0.0 0.0 0.0 0.0 0.0 0.0 0.0 0.0 0.0 0.0 0.0 0.0 0.0 0.0 0.0  
    0.0 0.0 0.0 0.0 0.0 0.0 0.0 0.0 0.0 0.0 0.0 0.0 0.0 0.0 0.0 0.0 0.0  
    0.0 0.0 0.0 0.0 0.0 0.0 0.0 0.0 0.0 0.0 0.0 0.0 0.0 0.0 0.0 0.0 0.0  
    0.0 0.0 0.0 0.0 0.0 0.0 0.0 0.0 0.0 0.0 0.0 0.0 0.0 0.0 0.0 0.0 0.0  
    0.0 0.0 0.0 0.0 0.0 0.0 0.0 0.0 0.0 0.0 0.0 0.0 0.0 0.0 0.0 0.0 0.0  
    0.0 
  J_TOT = 3694020.3919018726 3694020.3919018726 3693499.187395787  
    3692083.191299444 3689902.8823577873 3686947.3790657273  
    3683229.5064741955 3678761.5455213417 3673554.563085844  
    3667618.3702091016 3660960.913439376 3653588.2448117444  
    3645504.695463953 3636713.184092024 3627215.566183058  
    3617012.9549792795 3606105.980901043 3594494.981173193  
    3582180.1266596243 3569161.4984143465 3555439.132961775  
    3541013.046312519 3525883.2442204794 3510049.72893725  
    3493512.501713415 3476271.5625491245 3458326.911194302  
    3439678.54789891 3420326.472913197 3400270.6859872155  
    3379511.187120672 3358047.9765635934 3335881.05431651  
    3313010.4203790873 3289436.07450095 3265158.0166824474  
    3240176.2471737927 3214490.7657246096 3188101.5723348334  
    3161008.667505144 3133212.0512351035 3104711.7230249713  
    3075507.682623617 3045599.930031533 3014988.4654999017  
    2983673.2895275047 2951654.4021151597 2918931.802762397  
    2885505.4912186605 2851375.4677343047 2816541.7328099716  
    2781004.286446064 2744763.1281412495 2707818.2576455045  
    2670169.675209988 2631817.381083838 2592761.375017551  
    2553001.6570104295 2512538.2275622278 2471371.0864250907  
    2429500.233347426 2386925.668578686 2343647.391870449  
    2299665.403221533 2254979.702631646 2209590.290101179  
    2163497.1661304 2116700.330720103 2069199.7833689272  
    2020995.5238271279 1972087.5523457765 1922475.8691731733  
    1872160.4743100754 1821141.3677578853 1769418.5495146723  
    1716992.0200809615 1663861.7812096984 1610027.8394027238  
    1555490.216425327 1500248.977322957 1444304.3064663524  
    1387656.6979350161 1330307.399812405 1272259.3835783664  
    1213519.3271853507 1154101.4153425 1094034.146049037  
    1033371.7066340236 972211.6527907577 910720.3100398842  
    849166.2148255166 787959.8022731491 727694.4915369278  
    669181.003806055 613463.7983595877 561806.9027692969  
    515651.95557914575 476483.1291913639 445758.9921867429  
    425456.4302260629 410986.48953585175 
  RHO = 0.0 0.01 0.02 0.03 0.04 0.05 0.06 0.07 0.08 0.09 0.1 0.11 0.12  
    0.13 0.14 0.15 0.16 0.17 0.18 0.19 0.2 0.21 0.22 0.23 0.24 0.25  
    0.26 0.27 0.28 0.29 0.3 0.31 0.32 0.33 0.34 0.35 0.36 0.37 0.38  
    0.39 0.4 0.41 0.42 0.43 0.44 0.45 0.46 0.47 0.48 0.49 0.5 0.51 0.52  
    0.53 0.54 0.55 0.56 0.57 0.58 0.59 0.6 0.61 0.62 0.63 0.64 0.65  
    0.66 0.67 0.68 0.69 0.7 0.71 0.72 0.73 0.74 0.75 0.76 0.77 0.78  
    0.79 0.8 0.81 0.82 0.83 0.84 0.85 0.86 0.87 0.88 0.89 0.9 0.91 0.92  
    0.93 0.94 0.95 0.96 0.97 0.98 0.99 1.0 
  MODEL_PROFILE_NE = 'ped' 
  MODEL_PROFILE_TE = 'ped' 
  MODEL_PROFILE_TI = 'ped' 
  MODEL_PROFILE_DENSITY_BEAM = 'parab' 
  MODEL_PROFILE_J_TOT = 'parab' 
  MODEL_PROFILE_OMEGA = 'parab' 
  MODEL_PROFILE_ZEFF = 'const' 
  MODEL_PROFILE_TBEAMI = 'const' 
  MODEL_PROFILE_DENSITY_ALPHA = 'zero' 
  MODEL_PROFILE_WALPHA = 'zero' 
  MODEL_PROFILE_WBEAM = 'derived' 
  J_TOT_AXIS = 1.0 
  J_TOT_SEP = 0.05 
  J_TOT_ALPHA = 2.0 
  J_TOT_BETA = 1.0 
  DENSITY_BEAM_AXIS = 0.0 
  DENSITY_BEAM_SEP = 0.0 
  DENSITY_BEAM_ALPHA = 1.5 
  DENSITY_BEAM_BETA = 1.5 
  TBEAMI_AXIS = 20.0 
  DENSITY_ION_0 = 13.26459694147 13.26459694147 13.241738014484  
    13.217248616418 13.191150217014 13.163464286014 13.134212293160001  
    13.103415712996 13.071096015264 13.037274669706001  
    13.001973146064001 12.965212923684 12.927015462704 12.88740224247  
    12.846394727922 12.804014398406 12.760282714059999 12.71522115423  
    12.668851183856 12.621194282284 12.572271914454001 12.522105550108  
    12.47071666379 12.418126730044 12.364357209008 12.309429584830001  
    12.253365317647999 12.196185882005999 12.137912752447999  
    12.078567398716 12.018171285749998 11.956745892895999  
    11.894312689896 11.830893141690002 11.766508727624  
    11.701180907836001 11.634931166474 11.567780963676 11.499751778788  
    11.430865076749999 11.361142327304 11.290605009796 11.219274589166  
    11.147172535155999 11.07432032231 11.000739415568 10.926451289474  
    10.851477413769999 10.775839258198001 10.699558282896  
    10.622655962408 10.545153761674 10.46707313603 10.388435545614001  
    10.30926244096 10.2295752678 10.149395452658 10.068744407651998  
    9.987643516088 9.906114118053999 9.82417751042 9.741854898818001  
    9.659167368830001 9.576135847572 9.492781007654001 9.409123180744  
    9.325182184695999 9.24097710746 9.156525985348 9.07184533724  
    8.986949511512 8.901849706428 8.816552611174 8.731058427434  
    8.645358045814 8.559428964142 8.473229520266 8.386690555782002  
    8.299703603113999 8.212104054504 8.123647353696 8.033975482778  
    7.942570233919998 7.848688848167999 7.751277252908 7.648856513774  
    7.539381943967999 7.420083524196 7.28731771775 7.136500424984  
    6.96225482729 6.758984376143999 6.522114297384 6.25010437352  
    5.946860623381997 5.623411973241997 5.297273468396 4.988739460502  
    4.715434840606 4.4879781786294 4.3088181545906 
  DENSITY_ION_1 = 13.26459694147 13.26459694147 13.241738014484  
    13.217248616418 13.191150217014 13.163464286014 13.134212293160001  
    13.103415712996 13.071096015264 13.037274669706001  
    13.001973146064001 12.965212923684 12.927015462704 12.88740224247  
    12.846394727922 12.804014398406 12.760282714059999 12.71522115423  
    12.668851183856 12.621194282284 12.572271914454001 12.522105550108  
    12.47071666379 12.418126730044 12.364357209008 12.309429584830001  
    12.253365317647999 12.196185882005999 12.137912752447999  
    12.078567398716 12.018171285749998 11.956745892895999  
    11.894312689896 11.830893141690002 11.766508727624  
    11.701180907836001 11.634931166474 11.567780963676 11.499751778788  
    11.430865076749999 11.361142327304 11.290605009796 11.219274589166  
    11.147172535155999 11.07432032231 11.000739415568 10.926451289474  
    10.851477413769999 10.775839258198001 10.699558282896  
    10.622655962408 10.545153761674 10.46707313603 10.388435545614001  
    10.30926244096 10.2295752678 10.149395452658 10.068744407651998  
    9.987643516088 9.906114118053999 9.82417751042 9.741854898818001  
    9.659167368830001 9.576135847572 9.492781007654001 9.409123180744  
    9.325182184695999 9.24097710746 9.156525985348 9.07184533724  
    8.986949511512 8.901849706428 8.816552611174 8.731058427434  
    8.645358045814 8.559428964142 8.473229520266 8.386690555782002  
    8.299703603113999 8.212104054504 8.123647353696 8.033975482778  
    7.942570233919998 7.848688848167999 7.751277252908 7.648856513774  
    7.539381943967999 7.420083524196 7.28731771775 7.136500424984  
    6.96225482729 6.758984376143999 6.522114297384 6.25010437352  
    5.946860623381997 5.623411973241997 5.297273468396 4.988739460502  
    4.715434840606 4.4879781786294 4.3088181545906 
  DENSITY_IMP_0 = 0.030385374085 0.030385374085 0.030333010862  
    0.030276912699000003 0.030217128777000002 0.030153708277  
    0.03008670038 0.030016154278 0.029942119152000003  
    0.029864644183000003 0.029783778552000005 0.029699571462000002  
    0.029612072072000003 0.029521329585 0.029427393171  
    0.029330312033000003 0.02923013533 0.029126912265000002  
    0.029020692008000004 0.028911523762000003 0.028799456697000004  
    0.028684539994000002 0.028566822845000003 0.028446354442000003  
    0.028323183944 0.028197360565000003 0.028068933464000002  
    0.027937951833 0.027804464864 0.027668521738000003 0.027530171625  
    0.027389463728 0.027246447228 0.027101171295000004  
    0.026953685132000003 0.026804037898000004 0.026652278807000003  
    0.026498457018 0.026342621734 0.026184822125 0.026025107372000002  
    0.025863526678 0.025700129213 0.025534964158000002 0.025368080705  
    0.025199528024000002 0.025029355307 0.024857611735  
    0.024684346489000003 0.024509608728 0.024333447644 0.024155912407  
    0.023977052165000002 0.023796916077 0.02361555328 0.0234330129  
    0.023249344019 0.023064595686 0.022878816884 0.022692056497  
    0.02250436331 0.022315785899000004 0.022126372565000003  
    0.021936171246000002 0.021745229297000002 0.021553593292  
    0.021361308628 0.02116841903 0.020974965814 0.02078098682  
    0.020586514916000002 0.020391575754000003 0.020196184657000002  
    0.020000342087000002 0.019804027177 0.019607188381000003  
    0.019409730263 0.019211494401000003 0.019012232327 0.018811566972  
    0.018608938128 0.018403525679 0.018194142559999998  
    0.017979087323999998 0.017755945394 0.017521328957 0.017270554224  
    0.016997275878000002 0.016693147625 0.016347668612000002  
    0.015948522095 0.015482887992 0.014940286812000002 0.01431719036  
    0.013622546200999994 0.012881618430999994 0.012134528978  
    0.011427766361 0.010801704133 0.0102806663817 0.009870262328300001 
  DENSITY_TH = 26.559579257025 26.559579257025 26.51380903983  
    26.464774145535003 26.412517562805 26.357082280304997  
    26.298511286700002 26.236847580270002 26.17213414968  
    26.104413983595002 26.033730070680004 25.96012541883 25.88364299748  
    25.804325814524997 25.722216849015002 25.637359108845  
    25.549795563449997 25.459569220725 25.36672305972 25.27130008833  
    25.173343285605004 25.07289564021 24.970000150425 24.86469981453  
    24.75703760196 24.647056530225 24.534799568759997  
    24.420309715844997 24.30362996976 24.18480331917 24.063872743124996  
    23.940881249519997 23.815871827019997 23.688887454675005  
    23.55997114038 23.42916585357 23.296514611755 23.16206038437  
    23.025846179309998 22.887914975624998 22.74830976198  
    22.607073546269998 22.464249307545 22.319880034469996  
    22.174008725325 22.02667835916 21.877931934255002 21.727812439275  
    21.576362862885002 21.42362617452 21.26964537246 21.114463435755  
    20.958123324225003 20.800668007305003 20.642140435199998  
    20.4825835485 20.322040249335 20.160553410989998 19.998165849059998  
    19.834920292605 19.67085938415 19.506025583535003  
    19.340461110225004 19.174207866390002 19.007307244605002  
    18.839799954780002 18.671725678019996 18.50312263395 18.33402693651  
    18.1644716613 17.99448553794 17.824090988610003 17.653301407005  
    17.482117196955 17.310520118804998 17.138465116665 16.965868770795  
    16.792592605965 16.618419438554998 16.44301967598 16.26590364552  
    16.086354491235 15.903334610399996 15.715356783659999  
    15.520310451210001 15.315234356505 15.096034442159999  
    14.85716432427 14.591328583125 14.289348518579999 13.940458176675  
    13.53345164028 13.05916888158 12.5145259374 11.907343792964994  
    11.259705564914995 10.60668146577 9.988906687365 9.441671385345  
    8.9862370236405 8.627506571509501 
  NI = 26.52919388294 26.52919388294 26.483476028968 26.434497232836  
    26.382300434028 26.326928572028 26.268424586320002 26.206831425992  
    26.142192030528 26.074549339412002 26.003946292128003  
    25.930425847368 25.854030925408 25.77480448494 25.692789455844  
    25.608028796812 25.520565428119998 25.43044230846 25.337702367712  
    25.242388564568 25.144543828908002 25.044211100216 24.94143332758  
    24.836253460088 24.728714418016 24.618859169660002  
    24.506730635295998 24.392371764011997 24.275825504895998  
    24.157134797432 24.036342571499997 23.913491785791997  
    23.788625379792 23.661786283380003 23.533017455248  
    23.402361815672002 23.269862332948 23.135561927352 22.999503557576  
    22.861730153499998 22.722284654608 22.581210019592 22.438549178332  
    22.294345070311998 22.14864064462 22.001478831136 21.852902578948  
    21.702954827539997 21.551678516396002 21.399116565792  
    21.245311924816 21.090307523348 20.93414627206 20.776871091228003  
    20.61852488192 20.4591505356 20.298790905316 20.137488815303996  
    19.975287032176 19.812228236107998 19.64835502084  
    19.483709797636003 19.318334737660003 19.152271695144  
    18.985562015308002 18.818246361488 18.650364369391998  
    18.48195421492 18.313051970696 18.14369067448 17.973899023024  
    17.803699412856 17.633105222348 17.462116854868 17.290716091628  
    17.118857928284 16.946459040532 16.773381111564003  
    16.599407206227998 16.424208109008 16.247294707392 16.067950965556  
    15.885140467839996 15.697377696335998 15.502554505816  
    15.297713027548 15.078763887935999 14.840167048392 14.5746354355  
    14.273000849968 13.92450965458 13.517968752287999 13.044228594768  
    12.50020874704 11.893721246763993 11.246823946483994  
    10.594546936792 9.977478921004 9.430869681212 8.9759563572588  
    8.6176363091812 
  NZ = 0.030385374085 0.030385374085 0.030333010862  
    0.030276912699000003 0.030217128777000002 0.030153708277  
    0.03008670038 0.030016154278 0.029942119152000003  
    0.029864644183000003 0.029783778552000005 0.029699571462000002  
    0.029612072072000003 0.029521329585 0.029427393171  
    0.029330312033000003 0.02923013533 0.029126912265000002  
    0.029020692008000004 0.028911523762000003 0.028799456697000004  
    0.028684539994000002 0.028566822845000003 0.028446354442000003  
    0.028323183944 0.028197360565000003 0.028068933464000002  
    0.027937951833 0.027804464864 0.027668521738000003 0.027530171625  
    0.027389463728 0.027246447228 0.027101171295000004  
    0.026953685132000003 0.026804037898000004 0.026652278807000003  
    0.026498457018 0.026342621734 0.026184822125 0.026025107372000002  
    0.025863526678 0.025700129213 0.025534964158000002 0.025368080705  
    0.025199528024000002 0.025029355307 0.024857611735  
    0.024684346489000003 0.024509608728 0.024333447644 0.024155912407  
    0.023977052165000002 0.023796916077 0.02361555328 0.0234330129  
    0.023249344019 0.023064595686 0.022878816884 0.022692056497  
    0.02250436331 0.022315785899000004 0.022126372565000003  
    0.021936171246000002 0.021745229297000002 0.021553593292  
    0.021361308628 0.02116841903 0.020974965814 0.02078098682  
    0.020586514916000002 0.020391575754000003 0.020196184657000002  
    0.020000342087000002 0.019804027177 0.019607188381000003  
    0.019409730263 0.019211494401000003 0.019012232327 0.018811566972  
    0.018608938128 0.018403525679 0.018194142559999998  
    0.017979087323999998 0.017755945394 0.017521328957 0.017270554224  
    0.016997275878000002 0.016693147625 0.016347668612000002  
    0.015948522095 0.015482887992 0.014940286812000002 0.01431719036  
    0.013622546200999994 0.012881618430999994 0.012134528978  
    0.011427766361 0.010801704133 0.0102806663817 0.009870262328300001 
  DENSITY_HE = 2.533280426371465 2.5327008460576748 2.523794441312279  
    2.51338615783119 2.5015806684936543 2.4884812836702785  
    2.4740169861764407 2.4574170617525164 2.4377167338626475  
    2.4139094320250063 2.3849152953145647 2.3483413089667424  
    2.303359382671692 2.2511702844361468 2.1930779937814893  
    2.1305834100645624 2.0647704891905843 1.9960513588612172  
    1.9252177381184243 1.85320875520693 1.7811151018041236  
    1.7093803334281823 1.637640493359021 1.5658706329775458  
    1.4940264831691534 1.4220467056984512 1.3498066417648866  
    1.277615282272163 1.206082451604599 1.1358513054180779  
    1.0675842729092546 1.0019982605862727 0.939407850470096  
    0.8798474737485728 0.823314777400818 0.7697737905484827  
    0.719045828619244 0.6709487371794093 0.6254044762787209  
    0.5823192276672615 0.5415868171746839 0.5031540497843476  
    0.4669923675244687 0.43301825605921046 0.4011405037485832  
    0.37126224543161757 0.34330087836176726 0.31718257413745926  
    0.2928182040431242 0.27011658453502535 0.2489857195589336  
    0.22931018752814997 0.21097736303843842 0.19390159568695947  
    0.17800047281294185 0.1631952871267079 0.1494148149491403  
    0.13660420434964884 0.12471266081352218 0.11369010029329377  
    0.10348741554119839 0.0940578364616396 0.08536173185220652  
    0.07736113245762931 0.07001773797083732 0.0632932268497983  
    0.057154529563882076 0.05156060861453964 0.04646428136782423  
    0.04182213375609567 0.03759433016058683 0.033738424285043006  
    0.030216439378623255 0.026999940625511913 0.024063164842259323  
    0.021382808958569918 0.018940001952861867 0.016718640477413966  
    0.014702191938288369 0.012875253380910709 0.011223470993247891  
    0.009734219494799327 0.008394622490989611 0.007191758854214272  
    0.0061140284390819345 0.005151044215823349 0.004290852248377128  
    0.0035249619000205083 0.002849051635766806 0.0022589305071895782  
    0.0017506550958250344 0.0013258924099880836 0.0009808296146117113  
    0.0007054794158248616 0.0004914789499898739 0.00033082815939754553  
    6.567260863714817e-05 6.64639690656177e-06 2.2529682253341963e-07  
    8.143892926879506e-10 8.482789828666049e-16 
  _NZ_0 = 0.08499528924277347 0.08499528924277347 0.08484881655916857  
    0.08469189633903783 0.08452466615361234 0.0843472635741232  
    0.08415982617180152 0.08396249154864807 0.08375539727589394  
    0.08353868092477024 0.08331248006650806 0.08307693233387786  
    0.08283217523657138 0.08257834640735906 0.08231558338670233  
    0.08204402380737168 0.08176380517905879 0.08147506513453416  
    0.0811779412142592 0.08087257105100433 0.08055909218523102  
    0.08023764218817034 0.07990835866182307 0.07957137920819  
    0.07922684133696285 0.07887488271168176 0.07851564084203848  
    0.07814925333003378 0.07777585777766843 0.07739559175617355  
    0.07700859280601054 0.07661499855994985 0.07621494658922259  
    0.0758085744342902 0.07539601972792309 0.07497741997981303  
    0.07455291285350014 0.07412263585867618 0.07368672662811158  
    0.07324532270226777 0.07279856165237586 0.07234658111120629  
    0.0718895186192205 0.07142751174764955 0.07096069809849424  
    0.070489215212216 0.0700132006908156 0.06953279210552411  
    0.06904812702757268 0.068559342966653 0.06806657752476589  
    0.06756996824237273 0.06706965259839562 0.06656576810252628  
    0.06605845220291708 0.06554784231695077 0.06503407573893132  
    0.06451728967085367 0.06399762113009475 0.06347520685710432  
    0.06295018331540508 0.06242268638389584 0.06189285117223341  
    0.06136081177467527 0.06082670065468595 0.0602906480910828  
    0.05975278107032766 0.05921322190189123 0.05867208615668474  
    0.05812947968240106 0.0575854944188386 0.05704020212088683  
    0.05649364565070745 0.05594582630062692 0.05539668570056579  
    0.05484607966381212 0.05429374123263814 0.05373922726213882  
    0.05318184272682365 0.05262053287289467 0.052053730662182024  
    0.05147914203056007 0.05089344646820908 0.05029188461361877  
    0.04966770230704308 0.04901142301069016 0.04830994502636492  
    0.04754551895752402 0.046694798187777255 0.04572840927464097  
    0.04461189928638947 0.043309407332363416 0.04179161972479412  
    0.04004866724325695 0.038105578405520535 0.03603302303914638  
    0.033943231945236275 0.03196624482999291 0.030214996350906263  
    0.02875752690345885 0.027609526845024174 
  PNBE = 0.0 
  PNBI = 0.0 
  PRFE = 12.24011959261575 
  PRFI = 27.77814654662819 
  PFUSE = 35.98749179068161 
  PFUSI = 11.019964475718744 
  PEI = 9.889592683594469 
  PRAD = -36.38379959167055 
  AREA = 241.1758609 
/















