@R IP 1 []
  9.999999995e+06
@R BCENTR 1 []
  1.100000000e+01
@R RMAJOR 1 []
  4.550000000e+00
@R AMINOR 1 []
  1.106695610e+00
@R KAPPA 1 []
  1.340771558e+00
@R DELTA 1 []
 -3.107470076e-01
@I NRHO 1 []
              101
@R RHOB 1 []
  1.261112425e+00
@R RHO 101 []
  0.000000000e+00  1.000000000e-02  2.000000000e-02  3.000000000e-02
  4.000000000e-02  5.000000000e-02  6.000000000e-02  7.000000000e-02
  8.000000000e-02  9.000000000e-02  1.000000000e-01  1.100000000e-01
  1.200000000e-01  1.300000000e-01  1.400000000e-01  1.500000000e-01
  1.600000000e-01  1.700000000e-01  1.800000000e-01  1.900000000e-01
  2.000000000e-01  2.100000000e-01  2.200000000e-01  2.300000000e-01
  2.400000000e-01  2.500000000e-01  2.600000000e-01  2.700000000e-01
  2.800000000e-01  2.900000000e-01  3.000000000e-01  3.100000000e-01
  3.200000000e-01  3.300000000e-01  3.400000000e-01  3.500000000e-01
  3.600000000e-01  3.700000000e-01  3.800000000e-01  3.900000000e-01
  4.000000000e-01  4.100000000e-01  4.200000000e-01  4.300000000e-01
  4.400000000e-01  4.500000000e-01  4.600000000e-01  4.700000000e-01
  4.800000000e-01  4.900000000e-01  5.000000000e-01  5.100000000e-01
  5.200000000e-01  5.300000000e-01  5.400000000e-01  5.500000000e-01
  5.600000000e-01  5.700000000e-01  5.800000000e-01  5.900000000e-01
  6.000000000e-01  6.100000000e-01  6.200000000e-01  6.300000000e-01
  6.400000000e-01  6.500000000e-01  6.600000000e-01  6.700000000e-01
  6.800000000e-01  6.900000000e-01  7.000000000e-01  7.100000000e-01
  7.200000000e-01  7.300000000e-01  7.400000000e-01  7.500000000e-01
  7.600000000e-01  7.700000000e-01  7.800000000e-01  7.900000000e-01
  8.000000000e-01  8.100000000e-01  8.200000000e-01  8.300000000e-01
  8.400000000e-01  8.500000000e-01  8.600000000e-01  8.700000000e-01
  8.800000000e-01  8.900000000e-01  9.000000000e-01  9.100000000e-01
  9.200000000e-01  9.300000000e-01  9.400000000e-01  9.500000000e-01
  9.600000000e-01  9.700000000e-01  9.800000000e-01  9.900000000e-01
  1.000000000e+00
@R VOLP 101 []
  0.000000000e+00  2.437447285e+00  4.874571214e+00  7.311051524e+00
  9.746573062e+00  1.218082400e+01  1.461350281e+01  1.704432234e+01
  1.947300170e+01  2.189927612e+01  2.432290330e+01  2.674364961e+01
  2.916130057e+01  3.157567279e+01  3.398659670e+01  3.639391685e+01
  3.879751325e+01  4.119729431e+01  4.359317543e+01  4.598510741e+01
  4.837306364e+01  5.075703128e+01  5.313702313e+01  5.551309886e+01
  5.788536532e+01  6.025392410e+01  6.261883469e+01  6.498006963e+01
  6.733745861e+01  6.969089992e+01  7.204069705e+01  7.438748062e+01
  7.673187842e+01  7.907431560e+01  8.141496029e+01  8.375380081e+01
  8.609075457e+01  8.842575930e+01  9.075877495e+01  9.308977008e+01
  9.541874969e+01  9.774574105e+01  1.000707726e+02  1.023938473e+02
  1.047149251e+02  1.070339604e+02  1.093508966e+02  1.116656714e+02
  1.139782402e+02  1.162885404e+02  1.185964977e+02  1.209020298e+02
  1.232050291e+02  1.255053318e+02  1.278027768e+02  1.300971546e+02
  1.323882119e+02  1.346757321e+02  1.369595338e+02  1.392394923e+02
  1.415155372e+02  1.437876295e+02  1.460557605e+02  1.483199237e+02
  1.505800745e+02  1.528361427e+02  1.550880426e+02  1.573356710e+02
  1.595788959e+02  1.618175741e+02  1.640515513e+02  1.662806761e+02
  1.685047826e+02  1.707237319e+02  1.729374387e+02  1.751458227e+02
  1.773488280e+02  1.795464243e+02  1.817385869e+02  1.839253206e+02
  1.861066525e+02  1.882826696e+02  1.904535497e+02  1.926194289e+02
  1.947803497e+02  1.969363346e+02  1.990872235e+02  2.012324908e+02
  2.033710989e+02  2.055021957e+02  2.076270126e+02  2.097510707e+02
  2.118810145e+02  2.140149712e+02  2.161347249e+02  2.182038433e+02
  2.202088549e+02  2.221995335e+02  2.242718185e+02  2.265086853e+02
  2.289490104e+02
@R IPOL 101 []
  1.014238832e+00  1.014242098e+00  1.014251851e+00  1.014267970e+00
  1.014290246e+00  1.014318394e+00  1.014352048e+00  1.014390769e+00
  1.014434043e+00  1.014481290e+00  1.014531868e+00  1.014585078e+00
  1.014640163e+00  1.014696316e+00  1.014752684e+00  1.014808378e+00
  1.014862488e+00  1.014914056e+00  1.014962128e+00  1.015005723e+00
  1.015043875e+00  1.015075610e+00  1.015099964e+00  1.015116000e+00
  1.015122805e+00  1.015119495e+00  1.015105234e+00  1.015079428e+00
  1.015043058e+00  1.014997384e+00  1.014940993e+00  1.014870135e+00
  1.014781566e+00  1.014674401e+00  1.014549231e+00  1.014406857e+00
  1.014248164e+00  1.014074090e+00  1.013885502e+00  1.013683217e+00
  1.013467924e+00  1.013240133e+00  1.013000321e+00  1.012749100e+00
  1.012487127e+00  1.012215119e+00  1.011933755e+00  1.011643710e+00
  1.011345664e+00  1.011040225e+00  1.010728100e+00  1.010409942e+00
  1.010086553e+00  1.009758718e+00  1.009427262e+00  1.009093060e+00
  1.008757032e+00  1.008420049e+00  1.008082739e+00  1.007745645e+00
  1.007409268e+00  1.007073927e+00  1.006739902e+00  1.006407581e+00
  1.006077385e+00  1.005749748e+00  1.005425167e+00  1.005104218e+00
  1.004787495e+00  1.004475577e+00  1.004169063e+00  1.003868596e+00
  1.003574792e+00  1.003288208e+00  1.003009368e+00  1.002738769e+00
  1.002476884e+00  1.002224155e+00  1.001981009e+00  1.001747869e+00
  1.001525165e+00  1.001313326e+00  1.001112820e+00  1.000924133e+00
  1.000747804e+00  1.000584451e+00  1.000434808e+00  1.000299658e+00
  1.000179797e+00  1.000076054e+00  9.999890833e-01  9.999190448e-01
  9.998658196e-01  9.998281104e-01  9.998052984e-01  9.998226552e-01
  9.998931044e-01  9.999715736e-01  1.000020954e+00  1.000037449e+00
  1.000000000e+00
@R G11 101 []
  0.000000000e+00  2.442647290e+00  4.885579076e+00  7.328881168e+00
  9.773001689e+00  1.221828001e+01  1.466435743e+01  1.711084042e+01
  1.955844913e+01  2.200805349e+01  2.445947501e+01  2.691207530e+01
  2.936736141e+01  3.182250955e+01  3.428214103e+01  3.673474089e+01
  3.919385628e+01  4.165722266e+01  4.412309541e+01  4.659947423e+01
  4.906157098e+01  5.153650938e+01  5.401747561e+01  5.649233912e+01
  5.896715070e+01  6.144530509e+01  6.392867749e+01  6.641312221e+01
  6.889828388e+01  7.138522956e+01  7.387357576e+01  7.636269509e+01
  7.885226041e+01  8.134236463e+01  8.383327711e+01  8.632113928e+01
  8.880654945e+01  9.129429744e+01  9.378725814e+01  9.628525634e+01
  9.877524150e+01  1.012644781e+02  1.037710255e+02  1.062673768e+02
  1.087643095e+02  1.112760557e+02  1.137758958e+02  1.162912774e+02
  1.188025553e+02  1.213204972e+02  1.238427956e+02  1.263661965e+02
  1.289018513e+02  1.314308003e+02  1.339807135e+02  1.365221904e+02
  1.390764863e+02  1.416475121e+02  1.442071180e+02  1.467887756e+02
  1.493840828e+02  1.519709292e+02  1.545771748e+02  1.572023873e+02
  1.598275423e+02  1.624584393e+02  1.651106566e+02  1.677807661e+02
  1.704570591e+02  1.731424398e+02  1.758462868e+02  1.785749637e+02
  1.813195770e+02  1.840794375e+02  1.868562367e+02  1.896539643e+02
  1.924819608e+02  1.953373379e+02  1.982152334e+02  2.011197314e+02
  2.040505785e+02  2.070169934e+02  2.100261641e+02  2.130723698e+02
  2.161561691e+02  2.192806584e+02  2.224532402e+02  2.256918612e+02
  2.289961887e+02  2.323613379e+02  2.357877343e+02  2.392932324e+02
  2.428855988e+02  2.465546131e+02  2.503294036e+02  2.542834182e+02
  2.584220524e+02  2.626733482e+02  2.670477997e+02  2.715554239e+02
  2.762115729e+02
@R G22 101 []
  0.000000000e+00  1.246034674e-02  2.492225671e-02  3.738628470e-02
  4.985483685e-02  6.232975832e-02  7.480936116e-02  8.729180149e-02
  9.978088983e-02  1.122812409e-01  1.247921695e-01  1.373106023e-01
  1.498444430e-01  1.623795848e-01  1.749398816e-01  1.874668148e-01
  2.000298953e-01  2.126179363e-01  2.252223784e-01  2.378844424e-01
  2.504780556e-01  2.631420744e-01  2.758421212e-01  2.885168839e-01
  3.011980132e-01  3.139034198e-01  3.266429361e-01  3.393952021e-01
  3.521580183e-01  3.649370534e-01  3.777318228e-01  3.905411745e-01
  4.033652124e-01  4.162057471e-01  4.290645823e-01  4.419214963e-01
  4.547788534e-01  4.676607399e-01  4.805816368e-01  4.935404993e-01
  5.064704800e-01  5.194089437e-01  5.324486168e-01  5.454484247e-01
  5.584635774e-01  5.715670412e-01  5.846214837e-01  5.977678129e-01
  6.109050578e-01  6.240885370e-01  6.373062286e-01  6.505413412e-01
  6.638510766e-01  6.771374297e-01  6.905425591e-01  7.039144159e-01
  7.173619084e-01  7.309046990e-01  7.443971794e-01  7.580119647e-01
  7.717057926e-01  7.853645580e-01  7.991324334e-01  8.130074683e-01
  8.268912958e-01  8.408136799e-01  8.548549839e-01  8.689971294e-01
  8.831789352e-01  8.974147192e-01  9.117523097e-01  9.262239063e-01
  9.407823925e-01  9.554231955e-01  9.701542816e-01  9.849954261e-01
  9.999941034e-01  1.015134151e+00  1.030388959e+00  1.045778332e+00
  1.061299387e+00  1.076998617e+00  1.092912328e+00  1.109008928e+00
  1.125288221e+00  1.141762281e+00  1.158463430e+00  1.175476748e+00
  1.192790014e+00  1.210368855e+00  1.228218895e+00  1.246457080e+00
  1.265145867e+00  1.284201735e+00  1.303654516e+00  1.323708464e+00
  1.344343942e+00  1.365398688e+00  1.387340698e+00  1.410519740e+00
  1.435060063e+00
@R G33 101 []
  9.163045749e-01  9.163219154e-01  9.163738872e-01  9.164602595e-01
  9.165807617e-01  9.167353387e-01  9.169235992e-01  9.171448902e-01
  9.173988861e-01  9.176850280e-01  9.180024314e-01  9.183505260e-01
  9.187286198e-01  9.191356135e-01  9.195706195e-01  9.200328934e-01
  9.205212754e-01  9.210344995e-01  9.215716380e-01  9.221314680e-01
  9.227127575e-01  9.233144391e-01  9.239353550e-01  9.245739003e-01
  9.252281057e-01  9.258964995e-01  9.265785399e-01  9.272748990e-01
  9.279867653e-01  9.287138884e-01  9.294531270e-01  9.301999448e-01
  9.309503446e-01  9.317013667e-01  9.324520621e-01  9.332033330e-01
  9.339565979e-01  9.347127741e-01  9.354724380e-01  9.362359886e-01
  9.370034720e-01  9.377748212e-01  9.385499541e-01  9.393288621e-01
  9.401118305e-01  9.408990642e-01  9.416908244e-01  9.424873485e-01
  9.432886554e-01  9.440949265e-01  9.449062871e-01  9.457229129e-01
  9.465449800e-01  9.473730371e-01  9.482074833e-01  9.490489437e-01
  9.498982189e-01  9.507557866e-01  9.516220225e-01  9.524969390e-01
  9.533801869e-01  9.542713753e-01  9.551699590e-01  9.560752913e-01
  9.569869547e-01  9.579046777e-01  9.588282187e-01  9.597573544e-01
  9.606919986e-01  9.616321205e-01  9.625777065e-01  9.635286583e-01
  9.644849576e-01  9.654464606e-01  9.664127385e-01  9.673833568e-01
  9.683577673e-01  9.693353186e-01  9.703153542e-01  9.712970743e-01
  9.722795726e-01  9.732616557e-01  9.742416586e-01  9.752181579e-01
  9.761901858e-01  9.771568113e-01  9.781178983e-01  9.790750148e-01
  9.800320920e-01  9.809919639e-01  9.819476460e-01  9.828727710e-01
  9.837369848e-01  9.845513877e-01  9.854005721e-01  9.864229644e-01
  9.876608050e-01  9.889307362e-01  9.898450356e-01  9.900542889e-01
  9.894324906e-01
@R GRADRHO 101 []
  1.004943479e+00  9.971587277e-01  9.972085801e-01  9.972804893e-01
  9.973932853e-01  9.975428846e-01  9.977057459e-01  9.978709422e-01
  9.980602835e-01  9.982903632e-01  9.985493803e-01  9.988200851e-01
  9.991272962e-01  9.994215651e-01  9.997754115e-01  1.000021035e+00
  1.000353072e+00  1.000730635e+00  1.001127151e+00  1.001626128e+00
  1.001959879e+00  1.002415542e+00  1.002913117e+00  1.003340198e+00
  1.003757144e+00  1.004192095e+00  1.004656925e+00  1.005116552e+00
  1.005569133e+00  1.006023431e+00  1.006476225e+00  1.006921441e+00
  1.007354907e+00  1.007776374e+00  1.008187590e+00  1.008566086e+00
  1.008917438e+00  1.009269710e+00  1.009637790e+00  1.010019163e+00
  1.010345645e+00  1.010657109e+00  1.011041998e+00  1.011363733e+00
  1.011676409e+00  1.012045047e+00  1.012346824e+00  1.012705213e+00
  1.013032629e+00  1.013375667e+00  1.013723629e+00  1.014062935e+00
  1.014437770e+00  1.014772872e+00  1.015175129e+00  1.015531496e+00
  1.015922156e+00  1.016359253e+00  1.016740978e+00  1.017185863e+00
  1.017661565e+00  1.018091697e+00  1.018569527e+00  1.019090577e+00
  1.019591196e+00  1.020089544e+00  1.020632969e+00  1.021208059e+00
  1.021777232e+00  1.022348144e+00  1.022946808e+00  1.023588953e+00
  1.024246099e+00  1.024913961e+00  1.025594796e+00  1.026296746e+00
  1.027041361e+00  1.027816387e+00  1.028604791e+00  1.029412994e+00
  1.030235706e+00  1.031091080e+00  1.031990929e+00  1.032914491e+00
  1.033856154e+00  1.034815345e+00  1.035800360e+00  1.036844337e+00
  1.037939350e+00  1.039067222e+00  1.040217442e+00  1.041404028e+00
  1.042609441e+00  1.043797408e+00  1.045054545e+00  1.046614096e+00
  1.048514203e+00  1.050460106e+00  1.052143507e+00  1.053170042e+00
  1.053313478e+00
@R AREA 101 []
  0.000000000e+00  2.430705294e+00  4.861271770e+00  7.291624539e+00
  9.721625723e+00  1.215112354e+01  1.458003048e+01  1.700829398e+01
  1.943586213e+01  2.186260962e+01  2.428841742e+01  2.671320173e+01
  2.913690105e+01  3.155941413e+01  3.398075601e+01  3.640076760e+01
  3.881980243e+01  4.123724948e+01  4.365346096e+01  4.606788282e+01
  4.848084259e+01  5.089235579e+01  5.330211761e+01  5.571026722e+01
  5.811687691e+01  6.052196676e+01  6.292547209e+01  6.532738538e+01
  6.772774214e+01  7.012655801e+01  7.252384780e+01  7.491964839e+01
  7.731402063e+01  7.970704178e+01  8.209879107e+01  8.448936156e+01
  8.687889237e+01  8.926744683e+01  9.165505515e+01  9.404171172e+01
  9.642749579e+01  9.881258776e+01  1.011969265e+02  1.035804934e+02
  1.059635481e+02  1.083459600e+02  1.107278399e+02  1.131092969e+02
  1.154902225e+02  1.178708703e+02  1.202510664e+02  1.226310758e+02
  1.250107451e+02  1.273902744e+02  1.297696306e+02  1.321488307e+02
  1.345280522e+02  1.369071437e+02  1.392862668e+02  1.416654921e+02
  1.440447239e+02  1.464241119e+02  1.488037639e+02  1.511836146e+02
  1.535637764e+02  1.559443862e+02  1.583255277e+02  1.607072020e+02
  1.630895426e+02  1.654726889e+02  1.678567780e+02  1.702418697e+02
  1.726280753e+02  1.750155575e+02  1.774044876e+02  1.797950479e+02
  1.821873984e+02  1.845816939e+02  1.869781695e+02  1.893770823e+02
  1.917787138e+02  1.941833727e+02  1.965913402e+02  1.990029601e+02
  2.014186523e+02  2.038388844e+02  2.062641752e+02  2.086950427e+02
  2.111319910e+02  2.135756359e+02  2.160266774e+02  2.184859904e+02
  2.209546202e+02  2.234339131e+02  2.259251145e+02  2.284288314e+02
  2.309447771e+02  2.334733146e+02  2.360168919e+02  2.385812579e+02
  2.411758609e+02
@R A 101 []
  0.000000000e+00  1.129283962e-02  2.258538338e-02  3.387784387e-02
  4.517044223e-02  5.646288417e-02  6.775512228e-02  7.904758219e-02
  9.034026395e-02  1.016328509e-01  1.129253626e-01  1.242178078e-01
  1.355100208e-01  1.468018499e-01  1.580938174e-01  1.693853284e-01
  1.806781572e-01  1.919697648e-01  2.032618807e-01  2.145518536e-01
  2.258414011e-01  2.371306122e-01  2.484178356e-01  2.597037456e-01
  2.709886586e-01  2.822723575e-01  2.935542030e-01  3.048340084e-01
  3.161118353e-01  3.273875391e-01  3.386610300e-01  3.499322867e-01
  3.612011958e-01  3.724672666e-01  3.837300609e-01  3.949892706e-01
  4.062451077e-01  4.174974132e-01  4.287458315e-01  4.399899178e-01
  4.512295979e-01  4.624653254e-01  4.736964315e-01  4.849223788e-01
  4.961439765e-01  5.073602271e-01  5.185712218e-01  5.297770629e-01
  5.409768513e-01  5.521713537e-01  5.633593286e-01  5.745415776e-01
  5.857169333e-01  5.968859233e-01  6.080479385e-01  6.192026016e-01
  6.303503390e-01  6.414899872e-01  6.526218464e-01  6.637458207e-01
  6.748609780e-01  6.859674486e-01  6.970651106e-01  7.081530307e-01
  7.192310484e-01  7.302990322e-01  7.413565501e-01  7.524027883e-01
  7.634374690e-01  7.744602785e-01  7.854708673e-01  7.964684609e-01
  8.074524683e-01  8.184224749e-01  8.293780235e-01  8.403186470e-01
  8.512436618e-01  8.621522255e-01  8.730437581e-01  8.839176287e-01
  8.947731516e-01  9.056096101e-01  9.164260436e-01  9.272216547e-01
  9.379957773e-01  9.487476623e-01  9.594762975e-01  9.701802571e-01
  9.808580466e-01  9.915089841e-01  1.002132722e+00  1.012728679e+00
  1.023294396e+00  1.033828192e+00  1.044332900e+00  1.054812515e+00
  1.065269570e+00  1.075697456e+00  1.086086071e+00  1.096423200e+00
  1.106695610e+00
@R RTOR 101 []
  4.753258891e+00  4.753235415e+00  4.753164982e+00  4.753047811e+00
  4.752884220e+00  4.752674259e+00  4.752418114e+00  4.752116405e+00
  4.751769474e+00  4.751377645e+00  4.750941709e+00  4.750462283e+00
  4.749939843e+00  4.749375253e+00  4.748769352e+00  4.748122849e+00
  4.747436515e+00  4.746711567e+00  4.745948803e+00  4.745149316e+00
  4.744314115e+00  4.743444258e+00  4.742540829e+00  4.741604912e+00
  4.740637845e+00  4.739640912e+00  4.738615241e+00  4.737561727e+00
  4.736481010e+00  4.735373665e+00  4.734240726e+00  4.733083435e+00
  4.731902931e+00  4.730700786e+00  4.729478916e+00  4.728238984e+00
  4.726982074e+00  4.725709010e+00  4.724420431e+00  4.723116787e+00
  4.721798428e+00  4.720465641e+00  4.719118754e+00  4.717758028e+00
  4.716383488e+00  4.714995315e+00  4.713593521e+00  4.712178029e+00
  4.710748875e+00  4.709305873e+00  4.707849014e+00  4.706377999e+00
  4.704892800e+00  4.703393074e+00  4.701878600e+00  4.700349077e+00
  4.698803989e+00  4.697243028e+00  4.695665638e+00  4.694071311e+00
  4.692459675e+00  4.690830189e+00  4.689182362e+00  4.687515907e+00
  4.685830405e+00  4.684125406e+00  4.682400505e+00  4.680655347e+00
  4.678889473e+00  4.677102380e+00  4.675293524e+00  4.673462431e+00
  4.671608533e+00  4.669731167e+00  4.667829690e+00  4.665903429e+00
  4.663951697e+00  4.661973803e+00  4.659968953e+00  4.657936335e+00
  4.655875094e+00  4.653784320e+00  4.651663228e+00  4.649510991e+00
  4.647326647e+00  4.645109179e+00  4.642857291e+00  4.640569449e+00
  4.638243979e+00  4.635878507e+00  4.633470957e+00  4.631020801e+00
  4.628529055e+00  4.625996405e+00  4.623418228e+00  4.620782733e+00
  4.618077964e+00  4.615303292e+00  4.612462400e+00  4.609563671e+00
  4.606619645e+00
@R SHIFT 101 []
  2.032588909e-01  2.032354146e-01  2.031649818e-01  2.030478114e-01
  2.028842200e-01  2.026742586e-01  2.024181141e-01  2.021164050e-01
  2.017694741e-01  2.013776454e-01  2.009417094e-01  2.004622830e-01
  1.999398428e-01  1.993752526e-01  1.987693518e-01  1.981228493e-01
  1.974365155e-01  1.967115670e-01  1.959488029e-01  1.951493159e-01
  1.943141155e-01  1.934442579e-01  1.925408286e-01  1.916049116e-01
  1.906378453e-01  1.896409119e-01  1.886152407e-01  1.875617270e-01
  1.864810099e-01  1.853736655e-01  1.842407261e-01  1.830834348e-01
  1.819029308e-01  1.807007865e-01  1.794789162e-01  1.782389841e-01
  1.769820735e-01  1.757090100e-01  1.744204313e-01  1.731167869e-01
  1.717984279e-01  1.704656413e-01  1.691187540e-01  1.677580282e-01
  1.663834883e-01  1.649953147e-01  1.635935205e-01  1.621780290e-01
  1.607488750e-01  1.593058733e-01  1.578490135e-01  1.563779990e-01
  1.548927998e-01  1.533930738e-01  1.518786005e-01  1.503490767e-01
  1.488039895e-01  1.472430282e-01  1.456656377e-01  1.440713112e-01
  1.424596751e-01  1.408301892e-01  1.391823622e-01  1.375159068e-01
  1.358304049e-01  1.341254063e-01  1.324005045e-01  1.306553470e-01
  1.288894729e-01  1.271023796e-01  1.252935243e-01  1.234624314e-01
  1.216085326e-01  1.197311672e-01  1.178296905e-01  1.159034287e-01
  1.139516973e-01  1.119738026e-01  1.099689533e-01  1.079363352e-01
  1.058750938e-01  1.037843201e-01  1.016632281e-01  9.951099090e-02
  9.732664695e-02  9.510917926e-02  9.285729056e-02  9.056944853e-02
  8.824397940e-02  8.587850712e-02  8.347095733e-02  8.102080133e-02
  7.852905521e-02  7.599640458e-02  7.341822754e-02  7.078273303e-02
  6.807796423e-02  6.530329166e-02  6.246240014e-02  5.956367054e-02
  5.661964503e-02
@R ELONG 101 []
  1.285322025e+00  1.285321358e+00  1.285319359e+00  1.285302846e+00
  1.285248721e+00  1.285172674e+00  1.285086031e+00  1.284987895e+00
  1.284882133e+00  1.284767410e+00  1.284641860e+00  1.284506485e+00
  1.284365936e+00  1.284219821e+00  1.284065754e+00  1.283905859e+00
  1.283742220e+00  1.283575324e+00  1.283405675e+00  1.283235089e+00
  1.283063902e+00  1.282893808e+00  1.282727308e+00  1.282564405e+00
  1.282405724e+00  1.282253108e+00  1.282108529e+00  1.281972508e+00
  1.281845186e+00  1.281727355e+00  1.281619553e+00  1.281522660e+00
  1.281437693e+00  1.281367434e+00  1.281314224e+00  1.281279811e+00
  1.281264649e+00  1.281269069e+00  1.281293621e+00  1.281338476e+00
  1.281403919e+00  1.281489913e+00  1.281596393e+00  1.281723569e+00
  1.281871531e+00  1.282040305e+00  1.282229963e+00  1.282440620e+00
  1.282672262e+00  1.282925035e+00  1.283199024e+00  1.283494384e+00
  1.283811295e+00  1.284149835e+00  1.284510179e+00  1.284892480e+00
  1.285296844e+00  1.285723402e+00  1.286172343e+00  1.286643822e+00
  1.287138056e+00  1.287655525e+00  1.288196722e+00  1.288762132e+00
  1.289352388e+00  1.289968289e+00  1.290610677e+00  1.291280295e+00
  1.291978070e+00  1.292705016e+00  1.293462159e+00  1.294250546e+00
  1.295071297e+00  1.295925653e+00  1.296814966e+00  1.297740626e+00
  1.298704125e+00  1.299707165e+00  1.300751600e+00  1.301839427e+00
  1.302972815e+00  1.304154116e+00  1.305385897e+00  1.306670960e+00
  1.308012403e+00  1.309413735e+00  1.310878912e+00  1.312411653e+00
  1.314015539e+00  1.315693659e+00  1.317449185e+00  1.319288784e+00
  1.321223513e+00  1.323266346e+00  1.325424834e+00  1.327689634e+00
  1.330045298e+00  1.332489893e+00  1.335041299e+00  1.337769662e+00
  1.340771558e+00
@R TRIAG 101 []
  0.000000000e+00  3.146904321e-02  2.989302274e-02  2.831325426e-02
  2.673228948e-02  2.514412222e-02  2.354418390e-02  2.193485894e-02
  2.031419617e-02  1.868066293e-02  1.703544967e-02  1.537652465e-02
  1.370138520e-02  1.201079589e-02  1.030482238e-02  8.581307746e-03
  6.839025358e-03  5.078330132e-03  3.298073341e-03  1.497609140e-03
 -3.239072161e-04 -2.167329490e-03 -4.033606203e-03 -5.923272997e-03
 -7.835824868e-03 -9.771135803e-03 -1.172983999e-02 -1.371333364e-02
 -1.572354186e-02 -1.776202384e-02 -1.982887126e-02 -2.192365471e-02
 -2.404646489e-02 -2.619734080e-02 -2.837643733e-02 -3.058473696e-02
 -3.282475328e-02 -3.509879530e-02 -3.740622572e-02 -3.974618158e-02
 -4.211825591e-02 -4.452233032e-02 -4.695832799e-02 -4.942650943e-02
 -5.192759760e-02 -5.446221832e-02 -5.703130026e-02 -5.963548887e-02
 -6.227516421e-02 -6.495117252e-02 -6.766420611e-02 -7.041540090e-02
 -7.320531126e-02 -7.603508887e-02 -7.890576967e-02 -8.181865230e-02
 -8.477493510e-02 -8.777547137e-02 -9.082156238e-02 -9.391458211e-02
 -9.705586985e-02 -1.002473070e-01 -1.034909670e-01 -1.067886826e-01
 -1.101428025e-01 -1.135566173e-01 -1.170328410e-01 -1.205739596e-01
 -1.241828048e-01 -1.278623316e-01 -1.316153779e-01 -1.354449099e-01
 -1.393542816e-01 -1.433472367e-01 -1.474276040e-01 -1.515995166e-01
 -1.558674728e-01 -1.602363856e-01 -1.647112104e-01 -1.692969989e-01
 -1.739995270e-01 -1.788253026e-01 -1.837819444e-01 -1.888787515e-01
 -1.941257824e-01 -1.995344384e-01 -2.051165441e-01 -2.108773330e-01
 -2.168246855e-01 -2.229713689e-01 -2.293326437e-01 -2.359433778e-01
 -2.428407129e-01 -2.500555800e-01 -2.576121037e-01 -2.654879585e-01
 -2.736745524e-01 -2.821828674e-01 -2.910939983e-01 -3.005433609e-01
 -3.107470076e-01
@R PMHD 101 []
  1.697969378e+06  1.696955426e+06  1.693917889e+06  1.688869728e+06
  1.681832489e+06  1.672836243e+06  1.661919455e+06  1.649128828e+06
  1.634519014e+06  1.618152425e+06  1.600098720e+06  1.580434255e+06
  1.559241593e+06  1.536609507e+06  1.512630947e+06  1.487405381e+06
  1.461031014e+06  1.433620330e+06  1.405278226e+06  1.376122364e+06
  1.346261827e+06  1.315810386e+06  1.284886316e+06  1.253601874e+06
  1.222069245e+06  1.190399335e+06  1.158701590e+06  1.127063263e+06
  1.095428854e+06  1.063718465e+06  1.032097099e+06  1.000943586e+06
  9.705928719e+05  9.411645726e+05  9.126439291e+05  8.849977236e+05
  8.581844213e+05  8.321584462e+05  8.068819818e+05  7.823235143e+05
  7.584605185e+05  7.352867065e+05  7.128031300e+05  6.909983350e+05
  6.698507141e+05  6.493421320e+05  6.294528023e+05  6.101629490e+05
  5.914578777e+05  5.733217922e+05  5.557386213e+05  5.386884732e+05
  5.221455446e+05  5.060797992e+05  4.904603032e+05  4.752517314e+05
  4.604102294e+05  4.459032382e+05  4.317148183e+05  4.178379234e+05
  4.042731536e+05  3.910329778e+05  3.781342037e+05  3.655861491e+05
  3.533914382e+05  3.415506556e+05  3.300589458e+05  3.189044871e+05
  3.080714968e+05  2.975440597e+05  2.873042255e+05  2.773304728e+05
  2.676014862e+05  2.581002834e+05  2.488123014e+05  2.397238270e+05
  2.308233061e+05  2.221008177e+05  2.135457887e+05  2.051463762e+05
  1.968893301e+05  1.887589904e+05  1.807360859e+05  1.727964847e+05
  1.649097843e+05  1.570350548e+05  1.491183809e+05  1.410986401e+05
  1.329098690e+05  1.244786614e+05  1.157423491e+05  1.066778348e+05
  9.727778245e+04  8.763432792e+04  7.775092414e+04  6.511069735e+04
  4.836057988e+04  3.172616935e+04  1.864848171e+04  9.340613036e+03
  5.641483944e+03
@R QMHD 101 []
  9.698926664e-01  9.699536426e-01  9.701376319e-01  9.704477143e-01
  9.708886890e-01  9.714665737e-01  9.721879085e-01  9.730588679e-01
  9.740841909e-01  9.752659206e-01  9.766019926e-01  9.780848810e-01
  9.797079396e-01  9.814708707e-01  9.833739243e-01  9.854164860e-01
  9.875981143e-01  9.899176655e-01  9.923741858e-01  9.949643270e-01
  9.976891363e-01  1.000550917e+00  1.003546450e+00  1.006678850e+00
  1.009949764e+00  1.013353932e+00  1.016888377e+00  1.020553363e+00
  1.024355477e+00  1.028301954e+00  1.032396701e+00  1.036635380e+00
  1.041008117e+00  1.045513360e+00  1.050156849e+00  1.054945435e+00
  1.059884654e+00  1.064975323e+00  1.070220325e+00  1.075624412e+00
  1.081192262e+00  1.086928919e+00  1.092838545e+00  1.098925199e+00
  1.105195226e+00  1.111654006e+00  1.118306429e+00  1.125159268e+00
  1.132218318e+00  1.139490768e+00  1.146983039e+00  1.154702619e+00
  1.162656703e+00  1.170854201e+00  1.179303064e+00  1.188011795e+00
  1.196991312e+00  1.206250261e+00  1.215799125e+00  1.225649654e+00
  1.235812484e+00  1.246299548e+00  1.257123135e+00  1.268296232e+00
  1.279832993e+00  1.291748409e+00  1.304057756e+00  1.316777441e+00
  1.329924938e+00  1.343519107e+00  1.357580164e+00  1.372128585e+00
  1.387186937e+00  1.402779466e+00  1.418932068e+00  1.435672398e+00
  1.453028990e+00  1.471033123e+00  1.489719219e+00  1.509123669e+00
  1.529285456e+00  1.550246861e+00  1.572054775e+00  1.594760740e+00
  1.618420306e+00  1.643090271e+00  1.668826137e+00  1.695683670e+00
  1.723740108e+00  1.753110817e+00  1.783929424e+00  1.816304018e+00
  1.850282540e+00  1.885877088e+00  1.923157101e+00  1.962146688e+00
  2.002755436e+00  2.044733448e+00  2.088366401e+00  2.135333893e+00
  2.188059364e+00
@R ER 101 []
  0.000000000e+00  0.000000000e+00  0.000000000e+00  0.000000000e+00
  0.000000000e+00  0.000000000e+00  0.000000000e+00  0.000000000e+00
  0.000000000e+00  0.000000000e+00  0.000000000e+00  0.000000000e+00
  0.000000000e+00  0.000000000e+00  0.000000000e+00  0.000000000e+00
  0.000000000e+00  0.000000000e+00  0.000000000e+00  0.000000000e+00
  0.000000000e+00  0.000000000e+00  0.000000000e+00  0.000000000e+00
  0.000000000e+00  0.000000000e+00  0.000000000e+00  0.000000000e+00
  0.000000000e+00  0.000000000e+00  0.000000000e+00  0.000000000e+00
  0.000000000e+00  0.000000000e+00  0.000000000e+00  0.000000000e+00
  0.000000000e+00  0.000000000e+00  0.000000000e+00  0.000000000e+00
  0.000000000e+00  0.000000000e+00  0.000000000e+00  0.000000000e+00
  0.000000000e+00  0.000000000e+00  0.000000000e+00  0.000000000e+00
  0.000000000e+00  0.000000000e+00  0.000000000e+00  0.000000000e+00
  0.000000000e+00  0.000000000e+00  0.000000000e+00  0.000000000e+00
  0.000000000e+00  0.000000000e+00  0.000000000e+00  0.000000000e+00
  0.000000000e+00  0.000000000e+00  0.000000000e+00  0.000000000e+00
  0.000000000e+00  0.000000000e+00  0.000000000e+00  0.000000000e+00
  0.000000000e+00  0.000000000e+00  0.000000000e+00  0.000000000e+00
  0.000000000e+00  0.000000000e+00  0.000000000e+00  0.000000000e+00
  0.000000000e+00  0.000000000e+00  0.000000000e+00  0.000000000e+00
  0.000000000e+00  0.000000000e+00  0.000000000e+00  0.000000000e+00
  0.000000000e+00  0.000000000e+00  0.000000000e+00  0.000000000e+00
  0.000000000e+00  0.000000000e+00  0.000000000e+00  0.000000000e+00
  0.000000000e+00  0.000000000e+00  0.000000000e+00  0.000000000e+00
  0.000000000e+00  0.000000000e+00  0.000000000e+00  0.000000000e+00
  0.000000000e+00
@R NC1 101 []
  9.985000474e-01  9.386057846e-01  9.155427354e-01  8.986797197e-01
  8.849906949e-01  8.733101206e-01  8.630421902e-01  8.538338211e-01
  8.454567823e-01  8.377529271e-01  8.306071409e-01  8.239331850e-01
  8.176639542e-01  8.117458234e-01  8.061351101e-01  8.007974085e-01
  7.957019241e-01  7.908248199e-01  7.861439586e-01  7.816420302e-01
  7.773021991e-01  7.731101586e-01  7.690545350e-01  7.651236822e-01
  7.613066855e-01  7.575947625e-01  7.539815012e-01  7.504621390e-01
  7.470324335e-01  7.436867685e-01  7.404175048e-01  7.372170227e-01
  7.340775770e-01  7.309928374e-01  7.279600507e-01  7.249792369e-01
  7.220502794e-01  7.191717520e-01  7.163425198e-01  7.135611559e-01
  7.108256849e-01  7.081343472e-01  7.054855401e-01  7.028777883e-01
  7.003097603e-01  6.977802886e-01  6.952881299e-01  6.928322261e-01
  6.904113771e-01  6.880242977e-01  6.856702788e-01  6.833478937e-01
  6.810566297e-01  6.787956421e-01  6.765641230e-01  6.743617957e-01
  6.721879747e-01  6.700420709e-01  6.679234200e-01  6.658310445e-01
  6.637639000e-01  6.617208061e-01  6.597005825e-01  6.577023244e-01
  6.557251037e-01  6.537680056e-01  6.518304177e-01  6.499117746e-01
  6.480113826e-01  6.461288300e-01  6.442635510e-01  6.424150682e-01
  6.405830948e-01  6.387670161e-01  6.369662022e-01  6.351801194e-01
  6.334080762e-01  6.316495270e-01  6.299038531e-01  6.281703029e-01
  6.264482830e-01  6.247369971e-01  6.230356738e-01  6.213438216e-01
  6.196608361e-01  6.179860819e-01  6.163193418e-01  6.146609743e-01
  6.130135014e-01  6.113785936e-01  6.097514642e-01  6.081200184e-01
  6.064724219e-01  6.048236851e-01  6.032126147e-01  6.016853488e-01
  6.002256570e-01  5.987583732e-01  5.971687702e-01  5.953457274e-01
  5.932592141e-01
@R HFAC1 101 []
  1.000000000e+00  9.976263536e-01  9.952571627e-01  9.928924396e-01
  9.905321867e-01  9.881765682e-01  9.858255338e-01  9.834788697e-01
  9.811365626e-01  9.787985213e-01  9.764644960e-01  9.741343669e-01
  9.718079266e-01  9.694848281e-01  9.671646917e-01  9.648473779e-01
  9.625320378e-01  9.602187879e-01  9.579068776e-01  9.555964207e-01
  9.532865738e-01  9.509768849e-01  9.486672815e-01  9.463569192e-01
  9.440448089e-01  9.417304145e-01  9.394138644e-01  9.370957897e-01
  9.347768959e-01  9.324570151e-01  9.301345273e-01  9.278073334e-01
  9.254733556e-01  9.231310538e-01  9.207803125e-01  9.184222531e-01
  9.160580351e-01  9.136883051e-01  9.113136647e-01  9.089345562e-01
  9.065510350e-01  9.041630664e-01  9.017708128e-01  8.993744304e-01
  8.969739668e-01  8.945697601e-01  8.921619190e-01  8.897505909e-01
  8.873359460e-01  8.849178636e-01  8.824967274e-01  8.800723103e-01
  8.776450155e-01  8.752149516e-01  8.727823459e-01  8.703476388e-01
  8.679110316e-01  8.654728855e-01  8.630332450e-01  8.605919855e-01
  8.581489649e-01  8.557037794e-01  8.532559961e-01  8.508053958e-01
  8.483516810e-01  8.458945752e-01  8.434339696e-01  8.409698487e-01
  8.385020658e-01  8.360306106e-01  8.335554100e-01  8.310764483e-01
  8.285937883e-01  8.261072706e-01  8.236166277e-01  8.211216392e-01
  8.186220051e-01  8.161174791e-01  8.136077352e-01  8.110923293e-01
  8.085708602e-01  8.060427505e-01  8.035073256e-01  8.009641048e-01
  7.984126465e-01  7.958524998e-01  7.932836846e-01  7.907069630e-01
  7.881247963e-01  7.855386770e-01  7.829441255e-01  7.803278530e-01
  7.776766353e-01  7.750019433e-01  7.723454517e-01  7.697622935e-01
  7.672500793e-01  7.647236439e-01  7.620389550e-01  7.590666275e-01
  7.557661989e-01
@R HFAC2 101 []
  1.000000000e+00  9.952611503e-01  9.905480011e-01  9.858604330e-01
  9.811983075e-01  9.765618047e-01  9.719506786e-01  9.673643646e-01
  9.628026943e-01  9.582653487e-01  9.537517011e-01  9.492613819e-01
  9.447938532e-01  9.403483144e-01  9.359239125e-01  9.315202556e-01
  9.271356076e-01  9.227700754e-01  9.184221324e-01  9.140918855e-01
  9.097776503e-01  9.054784864e-01  9.011941705e-01  8.969230492e-01
  8.926632056e-01  8.884135840e-01  8.841743835e-01  8.799467490e-01
  8.757319540e-01  8.715296334e-01  8.673367330e-01  8.631493440e-01
  8.589636287e-01  8.547767758e-01  8.505886283e-01  8.464013026e-01
  8.422169670e-01  8.380368194e-01  8.338619663e-01  8.296932154e-01
  8.255306699e-01  8.213742820e-01  8.172243380e-01  8.130811101e-01
  8.089446982e-01  8.048156910e-01  8.006942778e-01  7.965807175e-01
  7.924752891e-01  7.883777818e-01  7.842888435e-01  7.802080750e-01
  7.761361538e-01  7.720732650e-01  7.680197742e-01  7.639764230e-01
  7.599435428e-01  7.559217069e-01  7.519109666e-01  7.479110747e-01
  7.439217360e-01  7.399422296e-01  7.359717923e-01  7.320100164e-01
  7.280563774e-01  7.241103877e-01  7.201718483e-01  7.162407124e-01
  7.123167162e-01  7.083998291e-01  7.044899164e-01  7.005869291e-01
  6.966909550e-01  6.928017117e-01  6.889187412e-01  6.850416710e-01
  6.811699890e-01  6.773032685e-01  6.734409621e-01  6.695823325e-01
  6.657267212e-01  6.618731909e-01  6.580206602e-01  6.541683844e-01
  6.503156798e-01  6.464618186e-01  6.426067963e-01  6.387517828e-01
  6.349007428e-01  6.310562067e-01  6.272111629e-01  6.233444061e-01
  6.194347320e-01  6.155005048e-01  6.116088872e-01  6.078486639e-01
  6.042151219e-01  6.005704735e-01  5.966826841e-01  5.923473674e-01
  5.875052819e-01
