  PS-state 101   5   1   1   1
   2   1
   3   1
  83  36
   2   1
   4   2
  Sqrt(Psi / Psilim)
 0.000000000E+00 0.118233315E-01 0.236456321E-01 0.354658178E-01 0.472828024E-01
 0.590954383E-01 0.709025299E-01 0.827028263E-01 0.944950702E-01 0.106277922E+00
 0.118050088E+00 0.129810367E+00 0.141557678E+00 0.153290735E+00 0.165008844E+00
 0.176710453E+00 0.188396360E+00 0.200062989E+00 0.211710901E+00 0.223336693E+00
 0.234941146E+00 0.246523133E+00 0.258080356E+00 0.269612574E+00 0.281119090E+00
 0.292598905E+00 0.304050553E+00 0.315473095E+00 0.326865684E+00 0.338227384E+00
 0.349557211E+00 0.360854173E+00 0.372117317E+00 0.383345709E+00 0.394538370E+00
 0.405694307E+00 0.416812879E+00 0.427893181E+00 0.438934125E+00 0.449934480E+00
 0.460893215E+00 0.471810075E+00 0.482683631E+00 0.493512422E+00 0.504296436E+00
 0.515033984E+00 0.525724056E+00 0.536366186E+00 0.546958463E+00 0.557500875E+00
 0.567991311E+00 0.578429746E+00 0.588814137E+00 0.599144208E+00 0.609418349E+00
 0.619635521E+00 0.629795087E+00 0.639895131E+00 0.649935085E+00 0.659913835E+00
 0.669829688E+00 0.679681901E+00 0.689469463E+00 0.699190657E+00 0.708844476E+00
 0.718429939E+00 0.727945790E+00 0.737390450E+00 0.746762816E+00 0.756061757E+00
 0.765286086E+00 0.774434274E+00 0.783504951E+00 0.792496882E+00 0.801408796E+00
 0.810239391E+00 0.818987217E+00 0.827650707E+00 0.836228494E+00 0.844719183E+00
 0.853121354E+00 0.861433558E+00 0.869654130E+00 0.877781426E+00 0.885813903E+00
 0.893749986E+00 0.901588074E+00 0.909326439E+00 0.916963161E+00 0.924496470E+00
 0.931924481E+00 0.939245230E+00 0.946456427E+00 0.953556211E+00 0.960543066E+00
 0.967415440E+00 0.974171455E+00 0.980810211E+00 0.987330830E+00 0.993729818E+00
 0.100000000E+01
       n_e
 0.276230673E+15 0.276068268E+15 0.275566424E+15 0.274946829E+15 0.274277558E+15
 0.273563974E+15 0.272806887E+15 0.272007127E+15 0.271165536E+15 0.270279124E+15
 0.269351264E+15 0.268384383E+15 0.267379362E+15 0.266337109E+15 0.265258465E+15
 0.264139832E+15 0.262986710E+15 0.261800267E+15 0.260581266E+15 0.259330886E+15
 0.258049874E+15 0.256735540E+15 0.255392668E+15 0.254022260E+15 0.252625227E+15
 0.251202517E+15 0.249755138E+15 0.248283055E+15 0.246786356E+15 0.245268000E+15
 0.243728935E+15 0.242170111E+15 0.240592468E+15 0.238996946E+15 0.237384486E+15
 0.235754866E+15 0.234109507E+15 0.232450117E+15 0.230777637E+15 0.229093024E+15
 0.227397203E+15 0.225690970E+15 0.223975298E+15 0.222251161E+15 0.220519295E+15
 0.218780657E+15 0.217035426E+15 0.215285243E+15 0.213531116E+15 0.211773729E+15
 0.210014107E+15 0.208252914E+15 0.206491144E+15 0.204729479E+15 0.202968817E+15
 0.201209942E+15 0.199453556E+15 0.197700562E+15 0.195951611E+15 0.194207426E+15
 0.192468801E+15 0.190736331E+15 0.189010618E+15 0.187292331E+15 0.185581951E+15
 0.183879862E+15 0.182186388E+15 0.180501763E+15 0.178825947E+15 0.177158662E+15
 0.175499331E+15 0.173846428E+15 0.172198138E+15 0.170552065E+15 0.168904544E+15
 0.167250619E+15 0.165583798E+15 0.163895803E+15 0.162176352E+15 0.160409677E+15
 0.158559414E+15 0.156612412E+15 0.154541353E+15 0.152317000E+15 0.149910050E+15
 0.147223954E+15 0.144211213E+15 0.140887287E+15 0.137246953E+15 0.133255334E+15
 0.128840955E+15 0.124228651E+15 0.119488390E+15 0.114686298E+15 0.110046671E+15
 0.105637997E+15 0.101545005E+15 0.980135511E+14 0.948421241E+14 0.921329035E+14
 0.915951305E+14
       t_e
 0.194368695E+02 0.194221900E+02 0.193733799E+02 0.193039746E+02 0.192182871E+02
 0.191180369E+02 0.190034911E+02 0.188749532E+02 0.187327614E+02 0.185760622E+02
 0.184060885E+02 0.182237781E+02 0.180295980E+02 0.178240433E+02 0.176076151E+02
 0.173795868E+02 0.171418793E+02 0.168951167E+02 0.166398512E+02 0.163767319E+02
 0.161063237E+02 0.158284714E+02 0.155446863E+02 0.152555955E+02 0.149618023E+02
 0.146639138E+02 0.143633627E+02 0.140629434E+02 0.137645369E+02 0.134683640E+02
 0.131746260E+02 0.128835175E+02 0.125952659E+02 0.123101391E+02 0.120284124E+02
 0.117506446E+02 0.114773116E+02 0.112086702E+02 0.109449896E+02 0.106865192E+02
 0.104334110E+02 0.101856826E+02 0.994334070E+01 0.970639090E+01 0.947475559E+01
 0.924828293E+01 0.902694998E+01 0.881030188E+01 0.859814457E+01 0.839011440E+01
 0.818588939E+01 0.798532649E+01 0.778843666E+01 0.759522853E+01 0.740583638E+01
 0.722043376E+01 0.703913016E+01 0.686201584E+01 0.668913933E+01 0.652049875E+01
 0.635602394E+01 0.619559417E+01 0.603909231E+01 0.588639206E+01 0.573730859E+01
 0.559164249E+01 0.544923677E+01 0.530996813E+01 0.517370624E+01 0.504031924E+01
 0.490968646E+01 0.478181913E+01 0.465657842E+01 0.453380287E+01 0.441336865E+01
 0.429513724E+01 0.417895090E+01 0.406461746E+01 0.395189207E+01 0.384045489E+01
 0.372962663E+01 0.361869752E+01 0.350685431E+01 0.339314556E+01 0.327653109E+01
 0.315407781E+01 0.302346691E+01 0.288415346E+01 0.273515910E+01 0.257434313E+01
 0.239712723E+01 0.221133478E+01 0.200450820E+01 0.173543703E+01 0.142168453E+01
 0.111310696E+01 0.832569797E+00 0.601282448E+00 0.399405429E+00 0.234948858E+00
 0.202304675E+00
n_i_01
 0.126722460E+15 0.126648523E+15 0.126420176E+15 0.126138513E+15 0.125834398E+15
 0.125510256E+15 0.125166973E+15 0.124805789E+15 0.124428085E+15 0.124033931E+15
 0.123624854E+15 0.123200829E+15 0.122760755E+15 0.122303628E+15 0.121829682E+15
 0.121337791E+15 0.120830384E+15 0.120307881E+15 0.119770516E+15 0.119218737E+15
 0.118652833E+15 0.118071508E+15 0.117476921E+15 0.116869461E+15 0.116249424E+15
 0.115617102E+15 0.114972836E+15 0.114316505E+15 0.113648055E+15 0.112968820E+15
 0.112279176E+15 0.111579531E+15 0.110870313E+15 0.110151951E+15 0.109424880E+15
 0.108688958E+15 0.107944854E+15 0.107193369E+15 0.106434924E+15 0.105669947E+15
 0.104898846E+15 0.104121996E+15 0.103339891E+15 0.102553041E+15 0.101761852E+15
 0.100966837E+15 0.100168116E+15 0.993665451E+14 0.985626406E+14 0.977567698E+14
 0.969494460E+14 0.961410053E+14 0.953319296E+14 0.945225559E+14 0.937133134E+14
 0.929045778E+14 0.920966882E+14 0.912900797E+14 0.904850703E+14 0.896820108E+14
 0.888812872E+14 0.880831946E+14 0.872880292E+14 0.864961189E+14 0.857077024E+14
 0.849229742E+14 0.841420965E+14 0.833651888E+14 0.825922427E+14 0.818231389E+14
 0.810576186E+14 0.802949791E+14 0.795343909E+14 0.787747563E+14 0.780143877E+14
 0.772510011E+14 0.764816027E+14 0.757023739E+14 0.749085690E+14 0.740929077E+14
 0.732385915E+14 0.723395566E+14 0.713831865E+14 0.703559786E+14 0.692443984E+14
 0.680038465E+14 0.666123843E+14 0.650771583E+14 0.633957569E+14 0.615520717E+14
 0.595130856E+14 0.573826618E+14 0.551931244E+14 0.529750261E+14 0.508319593E+14
 0.487955596E+14 0.469049595E+14 0.452737365E+14 0.438088135E+14 0.425573891E+14
 0.423089848E+14
t_i_01
 0.211736877E+02 0.211564373E+02 0.210978634E+02 0.210115893E+02 0.209020711E+02
 0.207718145E+02 0.206212698E+02 0.204509585E+02 0.202614695E+02 0.200517627E+02
 0.198237317E+02 0.195788515E+02 0.193179520E+02 0.190419119E+02 0.187516255E+02
 0.184464462E+02 0.181291319E+02 0.178007498E+02 0.174622686E+02 0.171147807E+02
 0.167592605E+02 0.163959574E+02 0.160268885E+02 0.156530648E+02 0.152754592E+02
 0.148950328E+02 0.145149997E+02 0.141425984E+02 0.137823960E+02 0.134336054E+02
 0.130958947E+02 0.127685678E+02 0.124508445E+02 0.121422380E+02 0.118423783E+02
 0.115514029E+02 0.112690133E+02 0.109947739E+02 0.107284661E+02 0.104699524E+02
 0.102192752E+02 0.997636133E+01 0.974087649E+01 0.951239808E+01 0.929046454E+01
 0.907462137E+01 0.886457636E+01 0.865950811E+01 0.845892325E+01 0.826221104E+01
 0.806890268E+01 0.787877502E+01 0.769176553E+01 0.750785371E+01 0.732726486E+01
 0.715031282E+01 0.697716827E+01 0.680793220E+01 0.664267322E+01 0.648141900E+01
 0.632411096E+01 0.617061054E+01 0.602077182E+01 0.587443712E+01 0.573138841E+01
 0.559140258E+01 0.545431559E+01 0.532000488E+01 0.518834780E+01 0.505924588E+01
 0.493263377E+01 0.480853961E+01 0.468683212E+01 0.456736024E+01 0.445001603E+01
 0.433466257E+01 0.422110481E+01 0.410908536E+01 0.399828706E+01 0.388830465E+01
 0.377819080E+01 0.366712059E+01 0.355419880E+01 0.343844965E+01 0.331884114E+01
 0.319223353E+01 0.305667780E+01 0.291216532E+01 0.275793045E+01 0.259198573E+01
 0.240972173E+01 0.221893383E+01 0.200765322E+01 0.173607027E+01 0.142169500E+01
 0.111299514E+01 0.832367802E+00 0.601100787E+00 0.399304587E+00 0.235007745E+00
 0.202395268E+00
n_i_02
 0.126722460E+15 0.126648523E+15 0.126420176E+15 0.126138513E+15 0.125834398E+15
 0.125510256E+15 0.125166973E+15 0.124805789E+15 0.124428085E+15 0.124033931E+15
 0.123624854E+15 0.123200829E+15 0.122760755E+15 0.122303628E+15 0.121829682E+15
 0.121337791E+15 0.120830384E+15 0.120307881E+15 0.119770516E+15 0.119218737E+15
 0.118652833E+15 0.118071508E+15 0.117476921E+15 0.116869461E+15 0.116249424E+15
 0.115617102E+15 0.114972836E+15 0.114316505E+15 0.113648055E+15 0.112968820E+15
 0.112279176E+15 0.111579531E+15 0.110870313E+15 0.110151951E+15 0.109424880E+15
 0.108688958E+15 0.107944854E+15 0.107193369E+15 0.106434924E+15 0.105669947E+15
 0.104898846E+15 0.104121996E+15 0.103339891E+15 0.102553041E+15 0.101761852E+15
 0.100966837E+15 0.100168116E+15 0.993665451E+14 0.985626406E+14 0.977567698E+14
 0.969494460E+14 0.961410053E+14 0.953319296E+14 0.945225559E+14 0.937133134E+14
 0.929045778E+14 0.920966882E+14 0.912900797E+14 0.904850703E+14 0.896820108E+14
 0.888812872E+14 0.880831946E+14 0.872880292E+14 0.864961189E+14 0.857077024E+14
 0.849229742E+14 0.841420965E+14 0.833651888E+14 0.825922427E+14 0.818231389E+14
 0.810576186E+14 0.802949791E+14 0.795343909E+14 0.787747563E+14 0.780143877E+14
 0.772510011E+14 0.764816027E+14 0.757023739E+14 0.749085690E+14 0.740929077E+14
 0.732385915E+14 0.723395566E+14 0.713831865E+14 0.703559786E+14 0.692443984E+14
 0.680038465E+14 0.666123843E+14 0.650771583E+14 0.633957569E+14 0.615520717E+14
 0.595130856E+14 0.573826618E+14 0.551931244E+14 0.529750261E+14 0.508319593E+14
 0.487955596E+14 0.469049595E+14 0.452737365E+14 0.438088135E+14 0.425573891E+14
 0.423089848E+14
t_i_02
 0.211736877E+02 0.211564373E+02 0.210978634E+02 0.210115893E+02 0.209020711E+02
 0.207718145E+02 0.206212698E+02 0.204509585E+02 0.202614695E+02 0.200517627E+02
 0.198237317E+02 0.195788515E+02 0.193179520E+02 0.190419119E+02 0.187516255E+02
 0.184464462E+02 0.181291319E+02 0.178007498E+02 0.174622686E+02 0.171147807E+02
 0.167592605E+02 0.163959574E+02 0.160268885E+02 0.156530648E+02 0.152754592E+02
 0.148950328E+02 0.145149997E+02 0.141425984E+02 0.137823960E+02 0.134336054E+02
 0.130958947E+02 0.127685678E+02 0.124508445E+02 0.121422380E+02 0.118423783E+02
 0.115514029E+02 0.112690133E+02 0.109947739E+02 0.107284661E+02 0.104699524E+02
 0.102192752E+02 0.997636133E+01 0.974087649E+01 0.951239808E+01 0.929046454E+01
 0.907462137E+01 0.886457636E+01 0.865950811E+01 0.845892325E+01 0.826221104E+01
 0.806890268E+01 0.787877502E+01 0.769176553E+01 0.750785371E+01 0.732726486E+01
 0.715031282E+01 0.697716827E+01 0.680793220E+01 0.664267322E+01 0.648141900E+01
 0.632411096E+01 0.617061054E+01 0.602077182E+01 0.587443712E+01 0.573138841E+01
 0.559140258E+01 0.545431559E+01 0.532000488E+01 0.518834780E+01 0.505924588E+01
 0.493263377E+01 0.480853961E+01 0.468683212E+01 0.456736024E+01 0.445001603E+01
 0.433466257E+01 0.422110481E+01 0.410908536E+01 0.399828706E+01 0.388830465E+01
 0.377819080E+01 0.366712059E+01 0.355419880E+01 0.343844965E+01 0.331884114E+01
 0.319223353E+01 0.305667780E+01 0.291216532E+01 0.275793045E+01 0.259198573E+01
 0.240972173E+01 0.221893383E+01 0.200765322E+01 0.173607027E+01 0.142169500E+01
 0.111299514E+01 0.832367802E+00 0.601100787E+00 0.399304587E+00 0.235007745E+00
 0.202395268E+00
n_i_03
 0.632937614E+12 0.632533970E+12 0.631279778E+12 0.629716770E+12 0.628021199E+12
 0.626207259E+12 0.624248368E+12 0.622098548E+12 0.619704576E+12 0.616979481E+12
 0.613932151E+12 0.610631273E+12 0.607162542E+12 0.603607034E+12 0.599975017E+12
 0.596229174E+12 0.592387280E+12 0.588458493E+12 0.584450932E+12 0.580372521E+12
 0.576228001E+12 0.572014561E+12 0.567745160E+12 0.563426046E+12 0.559066115E+12
 0.554675345E+12 0.550262949E+12 0.545834554E+12 0.541395707E+12 0.536954459E+12
 0.532516213E+12 0.528084693E+12 0.523662290E+12 0.519251232E+12 0.514853501E+12
 0.510470845E+12 0.506105542E+12 0.501760526E+12 0.497438594E+12 0.493142509E+12
 0.488875312E+12 0.484638294E+12 0.480430973E+12 0.476252160E+12 0.472099732E+12
 0.467971758E+12 0.463866472E+12 0.459782016E+12 0.455717624E+12 0.451671926E+12
 0.447644855E+12 0.443636207E+12 0.439646798E+12 0.435676878E+12 0.431727502E+12
 0.427799630E+12 0.423893872E+12 0.420011181E+12 0.416151961E+12 0.412316781E+12
 0.408506283E+12 0.404720616E+12 0.400959987E+12 0.397224823E+12 0.393515163E+12
 0.389830936E+12 0.386172085E+12 0.382538483E+12 0.378929481E+12 0.375343996E+12
 0.371780381E+12 0.368235283E+12 0.364704349E+12 0.361182025E+12 0.357660248E+12
 0.354128245E+12 0.350572003E+12 0.346973751E+12 0.343311488E+12 0.339551717E+12
 0.335617518E+12 0.331480513E+12 0.327082766E+12 0.322362306E+12 0.317257028E+12
 0.311562815E+12 0.305179012E+12 0.298138080E+12 0.290428858E+12 0.281977523E+12
 0.272632890E+12 0.262870207E+12 0.252837254E+12 0.242673507E+12 0.232854243E+12
 0.223524395E+12 0.214863488E+12 0.207391058E+12 0.200680477E+12 0.194947921E+12
 0.193810024E+12
t_i_03
 0.211736877E+02 0.211564373E+02 0.210978634E+02 0.210115893E+02 0.209020711E+02
 0.207718145E+02 0.206212698E+02 0.204509585E+02 0.202614695E+02 0.200517627E+02
 0.198237317E+02 0.195788515E+02 0.193179520E+02 0.190419119E+02 0.187516255E+02
 0.184464462E+02 0.181291319E+02 0.178007498E+02 0.174622686E+02 0.171147807E+02
 0.167592605E+02 0.163959574E+02 0.160268885E+02 0.156530648E+02 0.152754592E+02
 0.148950328E+02 0.145149997E+02 0.141425984E+02 0.137823960E+02 0.134336054E+02
 0.130958947E+02 0.127685678E+02 0.124508445E+02 0.121422380E+02 0.118423783E+02
 0.115514029E+02 0.112690133E+02 0.109947739E+02 0.107284661E+02 0.104699524E+02
 0.102192752E+02 0.997636133E+01 0.974087649E+01 0.951239808E+01 0.929046454E+01
 0.907462137E+01 0.886457636E+01 0.865950811E+01 0.845892325E+01 0.826221104E+01
 0.806890268E+01 0.787877502E+01 0.769176553E+01 0.750785371E+01 0.732726486E+01
 0.715031282E+01 0.697716827E+01 0.680793220E+01 0.664267322E+01 0.648141900E+01
 0.632411096E+01 0.617061054E+01 0.602077182E+01 0.587443712E+01 0.573138841E+01
 0.559140258E+01 0.545431559E+01 0.532000488E+01 0.518834780E+01 0.505924588E+01
 0.493263377E+01 0.480853961E+01 0.468683212E+01 0.456736024E+01 0.445001603E+01
 0.433466257E+01 0.422110481E+01 0.410908536E+01 0.399828706E+01 0.388830465E+01
 0.377819080E+01 0.366712059E+01 0.355419880E+01 0.343844965E+01 0.331884114E+01
 0.319223353E+01 0.305667780E+01 0.291216532E+01 0.275793045E+01 0.259198573E+01
 0.240972173E+01 0.221893383E+01 0.200765322E+01 0.173607027E+01 0.142169500E+01
 0.111299514E+01 0.832367802E+00 0.601100787E+00 0.399304587E+00 0.235007745E+00
 0.202395268E+00
n_i_04
 0.000000000E+00 0.000000000E+00 0.000000000E+00 0.000000000E+00 0.000000000E+00
 0.000000000E+00 0.000000000E+00 0.000000000E+00 0.000000000E+00 0.000000000E+00
 0.000000000E+00 0.000000000E+00 0.000000000E+00 0.000000000E+00 0.000000000E+00
 0.000000000E+00 0.000000000E+00 0.000000000E+00 0.000000000E+00 0.000000000E+00
 0.000000000E+00 0.000000000E+00 0.000000000E+00 0.000000000E+00 0.000000000E+00
 0.000000000E+00 0.000000000E+00 0.000000000E+00 0.000000000E+00 0.000000000E+00
 0.000000000E+00 0.000000000E+00 0.000000000E+00 0.000000000E+00 0.000000000E+00
 0.000000000E+00 0.000000000E+00 0.000000000E+00 0.000000000E+00 0.000000000E+00
 0.000000000E+00 0.000000000E+00 0.000000000E+00 0.000000000E+00 0.000000000E+00
 0.000000000E+00 0.000000000E+00 0.000000000E+00 0.000000000E+00 0.000000000E+00
 0.000000000E+00 0.000000000E+00 0.000000000E+00 0.000000000E+00 0.000000000E+00
 0.000000000E+00 0.000000000E+00 0.000000000E+00 0.000000000E+00 0.000000000E+00
 0.000000000E+00 0.000000000E+00 0.000000000E+00 0.000000000E+00 0.000000000E+00
 0.000000000E+00 0.000000000E+00 0.000000000E+00 0.000000000E+00 0.000000000E+00
 0.000000000E+00 0.000000000E+00 0.000000000E+00 0.000000000E+00 0.000000000E+00
 0.000000000E+00 0.000000000E+00 0.000000000E+00 0.000000000E+00 0.000000000E+00
 0.000000000E+00 0.000000000E+00 0.000000000E+00 0.000000000E+00 0.000000000E+00
 0.000000000E+00 0.000000000E+00 0.000000000E+00 0.000000000E+00 0.000000000E+00
 0.000000000E+00 0.000000000E+00 0.000000000E+00 0.000000000E+00 0.000000000E+00
 0.000000000E+00 0.000000000E+00 0.000000000E+00 0.000000000E+00 0.000000000E+00
 0.000000000E+00
t_i_04
 0.000000000E+00 0.000000000E+00 0.000000000E+00 0.000000000E+00 0.000000000E+00
 0.000000000E+00 0.000000000E+00 0.000000000E+00 0.000000000E+00 0.000000000E+00
 0.000000000E+00 0.000000000E+00 0.000000000E+00 0.000000000E+00 0.000000000E+00
 0.000000000E+00 0.000000000E+00 0.000000000E+00 0.000000000E+00 0.000000000E+00
 0.000000000E+00 0.000000000E+00 0.000000000E+00 0.000000000E+00 0.000000000E+00
 0.000000000E+00 0.000000000E+00 0.000000000E+00 0.000000000E+00 0.000000000E+00
 0.000000000E+00 0.000000000E+00 0.000000000E+00 0.000000000E+00 0.000000000E+00
 0.000000000E+00 0.000000000E+00 0.000000000E+00 0.000000000E+00 0.000000000E+00
 0.000000000E+00 0.000000000E+00 0.000000000E+00 0.000000000E+00 0.000000000E+00
 0.000000000E+00 0.000000000E+00 0.000000000E+00 0.000000000E+00 0.000000000E+00
 0.000000000E+00 0.000000000E+00 0.000000000E+00 0.000000000E+00 0.000000000E+00
 0.000000000E+00 0.000000000E+00 0.000000000E+00 0.000000000E+00 0.000000000E+00
 0.000000000E+00 0.000000000E+00 0.000000000E+00 0.000000000E+00 0.000000000E+00
 0.000000000E+00 0.000000000E+00 0.000000000E+00 0.000000000E+00 0.000000000E+00
 0.000000000E+00 0.000000000E+00 0.000000000E+00 0.000000000E+00 0.000000000E+00
 0.000000000E+00 0.000000000E+00 0.000000000E+00 0.000000000E+00 0.000000000E+00
 0.000000000E+00 0.000000000E+00 0.000000000E+00 0.000000000E+00 0.000000000E+00
 0.000000000E+00 0.000000000E+00 0.000000000E+00 0.000000000E+00 0.000000000E+00
 0.000000000E+00 0.000000000E+00 0.000000000E+00 0.000000000E+00 0.000000000E+00
 0.000000000E+00 0.000000000E+00 0.000000000E+00 0.000000000E+00 0.000000000E+00
 0.000000000E+00
n_i_05
 0.000000000E+00 0.000000000E+00 0.000000000E+00 0.000000000E+00 0.000000000E+00
 0.000000000E+00 0.000000000E+00 0.000000000E+00 0.000000000E+00 0.000000000E+00
 0.000000000E+00 0.000000000E+00 0.000000000E+00 0.000000000E+00 0.000000000E+00
 0.000000000E+00 0.000000000E+00 0.000000000E+00 0.000000000E+00 0.000000000E+00
 0.000000000E+00 0.000000000E+00 0.000000000E+00 0.000000000E+00 0.000000000E+00
 0.000000000E+00 0.000000000E+00 0.000000000E+00 0.000000000E+00 0.000000000E+00
 0.000000000E+00 0.000000000E+00 0.000000000E+00 0.000000000E+00 0.000000000E+00
 0.000000000E+00 0.000000000E+00 0.000000000E+00 0.000000000E+00 0.000000000E+00
 0.000000000E+00 0.000000000E+00 0.000000000E+00 0.000000000E+00 0.000000000E+00
 0.000000000E+00 0.000000000E+00 0.000000000E+00 0.000000000E+00 0.000000000E+00
 0.000000000E+00 0.000000000E+00 0.000000000E+00 0.000000000E+00 0.000000000E+00
 0.000000000E+00 0.000000000E+00 0.000000000E+00 0.000000000E+00 0.000000000E+00
 0.000000000E+00 0.000000000E+00 0.000000000E+00 0.000000000E+00 0.000000000E+00
 0.000000000E+00 0.000000000E+00 0.000000000E+00 0.000000000E+00 0.000000000E+00
 0.000000000E+00 0.000000000E+00 0.000000000E+00 0.000000000E+00 0.000000000E+00
 0.000000000E+00 0.000000000E+00 0.000000000E+00 0.000000000E+00 0.000000000E+00
 0.000000000E+00 0.000000000E+00 0.000000000E+00 0.000000000E+00 0.000000000E+00
 0.000000000E+00 0.000000000E+00 0.000000000E+00 0.000000000E+00 0.000000000E+00
 0.000000000E+00 0.000000000E+00 0.000000000E+00 0.000000000E+00 0.000000000E+00
 0.000000000E+00 0.000000000E+00 0.000000000E+00 0.000000000E+00 0.000000000E+00
 0.000000000E+00
t_i_05
 0.000000000E+00 0.000000000E+00 0.000000000E+00 0.000000000E+00 0.000000000E+00
 0.000000000E+00 0.000000000E+00 0.000000000E+00 0.000000000E+00 0.000000000E+00
 0.000000000E+00 0.000000000E+00 0.000000000E+00 0.000000000E+00 0.000000000E+00
 0.000000000E+00 0.000000000E+00 0.000000000E+00 0.000000000E+00 0.000000000E+00
 0.000000000E+00 0.000000000E+00 0.000000000E+00 0.000000000E+00 0.000000000E+00
 0.000000000E+00 0.000000000E+00 0.000000000E+00 0.000000000E+00 0.000000000E+00
 0.000000000E+00 0.000000000E+00 0.000000000E+00 0.000000000E+00 0.000000000E+00
 0.000000000E+00 0.000000000E+00 0.000000000E+00 0.000000000E+00 0.000000000E+00
 0.000000000E+00 0.000000000E+00 0.000000000E+00 0.000000000E+00 0.000000000E+00
 0.000000000E+00 0.000000000E+00 0.000000000E+00 0.000000000E+00 0.000000000E+00
 0.000000000E+00 0.000000000E+00 0.000000000E+00 0.000000000E+00 0.000000000E+00
 0.000000000E+00 0.000000000E+00 0.000000000E+00 0.000000000E+00 0.000000000E+00
 0.000000000E+00 0.000000000E+00 0.000000000E+00 0.000000000E+00 0.000000000E+00
 0.000000000E+00 0.000000000E+00 0.000000000E+00 0.000000000E+00 0.000000000E+00
 0.000000000E+00 0.000000000E+00 0.000000000E+00 0.000000000E+00 0.000000000E+00
 0.000000000E+00 0.000000000E+00 0.000000000E+00 0.000000000E+00 0.000000000E+00
 0.000000000E+00 0.000000000E+00 0.000000000E+00 0.000000000E+00 0.000000000E+00
 0.000000000E+00 0.000000000E+00 0.000000000E+00 0.000000000E+00 0.000000000E+00
 0.000000000E+00 0.000000000E+00 0.000000000E+00 0.000000000E+00 0.000000000E+00
 0.000000000E+00 0.000000000E+00 0.000000000E+00 0.000000000E+00 0.000000000E+00
 0.000000000E+00
