@R RHO 101 []
0.000000e+00 1.000000e-02 2.000000e-02 3.000000e-02 4.000000e-02 
5.000000e-02 6.000000e-02 7.000000e-02 8.000000e-02 9.000000e-02 
1.000000e-01 1.100000e-01 1.200000e-01 1.300000e-01 1.400000e-01 
1.500000e-01 1.600000e-01 1.700000e-01 1.800000e-01 1.900000e-01 
2.000000e-01 2.100000e-01 2.200000e-01 2.300000e-01 2.400000e-01 
2.500000e-01 2.600000e-01 2.700000e-01 2.800000e-01 2.900000e-01 
3.000000e-01 3.100000e-01 3.200000e-01 3.300000e-01 3.400000e-01 
3.500000e-01 3.600000e-01 3.700000e-01 3.800000e-01 3.900000e-01 
4.000000e-01 4.100000e-01 4.200000e-01 4.300000e-01 4.400000e-01 
4.500000e-01 4.600000e-01 4.700000e-01 4.800000e-01 4.900000e-01 
5.000000e-01 5.100000e-01 5.200000e-01 5.300000e-01 5.400000e-01 
5.500000e-01 5.600000e-01 5.700000e-01 5.800000e-01 5.900000e-01 
6.000000e-01 6.100000e-01 6.200000e-01 6.300000e-01 6.400000e-01 
6.500000e-01 6.600000e-01 6.700000e-01 6.800000e-01 6.900000e-01 
7.000000e-01 7.100000e-01 7.200000e-01 7.300000e-01 7.400000e-01 
7.500000e-01 7.600000e-01 7.700000e-01 7.800000e-01 7.900000e-01 
8.000000e-01 8.100000e-01 8.200000e-01 8.300000e-01 8.400000e-01 
8.500000e-01 8.600000e-01 8.700000e-01 8.800000e-01 8.900000e-01 
9.000000e-01 9.100000e-01 9.200000e-01 9.300000e-01 9.400000e-01 
9.500000e-01 9.600000e-01 9.700000e-01 9.800000e-01 9.900000e-01 
1.000000e+00 
@R ENE 101 []
2.762176e+01 2.762176e+01 2.757675e+01 2.752851e+01 2.747711e+01 
2.742258e+01 2.736497e+01 2.730431e+01 2.724065e+01 2.717403e+01 
2.710449e+01 2.703208e+01 2.695684e+01 2.687881e+01 2.679803e+01 
2.671454e+01 2.662840e+01 2.653963e+01 2.644828e+01 2.635440e+01 
2.625803e+01 2.615920e+01 2.605797e+01 2.595437e+01 2.584844e+01 
2.574024e+01 2.562979e+01 2.551715e+01 2.540235e+01 2.528544e+01 
2.516646e+01 2.504545e+01 2.492246e+01 2.479753e+01 2.467069e+01 
2.454199e+01 2.441148e+01 2.427920e+01 2.414518e+01 2.400947e+01 
2.387212e+01 2.373316e+01 2.359264e+01 2.345061e+01 2.330709e+01 
2.316214e+01 2.301579e+01 2.286810e+01 2.271909e+01 2.256882e+01 
2.241733e+01 2.226466e+01 2.211084e+01 2.195593e+01 2.179997e+01 
2.164299e+01 2.148505e+01 2.132617e+01 2.116641e+01 2.100581e+01 
2.084441e+01 2.068224e+01 2.051936e+01 2.035580e+01 2.019160e+01 
2.002681e+01 1.986146e+01 1.969559e+01 1.952923e+01 1.936242e+01 
1.919517e+01 1.902752e+01 1.885947e+01 1.869101e+01 1.852212e+01 
1.835274e+01 1.818276e+01 1.801201e+01 1.784025e+01 1.766706e+01 
1.749187e+01 1.731382e+01 1.713166e+01 1.694360e+01 1.674709e+01 
1.653852e+01 1.631290e+01 1.606339e+01 1.578101e+01 1.545437e+01 
1.507010e+01 1.461429e+01 1.407566e+01 1.345063e+01 1.274932e+01 
1.199937e+01 1.124379e+01 1.053130e+01 9.903025e+00 9.382649e+00 
8.974498e+00 
@R TE 101 []
1.879515e+01 1.879515e+01 1.871297e+01 1.862333e+01 1.852640e+01 
1.842235e+01 1.831134e+01 1.819353e+01 1.806909e+01 1.793819e+01 
1.780098e+01 1.765763e+01 1.750831e+01 1.735318e+01 1.719241e+01 
1.702616e+01 1.685459e+01 1.667787e+01 1.649616e+01 1.630963e+01 
1.611845e+01 1.592277e+01 1.572276e+01 1.551859e+01 1.531042e+01 
1.509842e+01 1.488274e+01 1.466356e+01 1.444104e+01 1.421534e+01 
1.398663e+01 1.375507e+01 1.352082e+01 1.328406e+01 1.304494e+01 
1.280364e+01 1.256030e+01 1.231511e+01 1.206822e+01 1.181980e+01 
1.157001e+01 1.131901e+01 1.106698e+01 1.081408e+01 1.056046e+01 
1.030630e+01 1.005176e+01 9.797006e+00 9.542198e+00 9.287503e+00 
9.033085e+00 8.779110e+00 8.525741e+00 8.273142e+00 8.021480e+00 
7.770917e+00 7.521618e+00 7.273749e+00 7.027472e+00 6.782954e+00 
6.540358e+00 6.299850e+00 6.061592e+00 5.825750e+00 5.592489e+00 
5.361973e+00 5.134366e+00 4.909833e+00 4.688538e+00 4.470646e+00 
4.256322e+00 4.045729e+00 3.839033e+00 3.636398e+00 3.437988e+00 
3.243968e+00 3.054502e+00 2.869755e+00 2.689892e+00 2.515076e+00 
2.345472e+00 2.181246e+00 2.022561e+00 1.869581e+00 1.722472e+00 
1.581398e+00 1.446522e+00 1.318010e+00 1.196024e+00 1.080723e+00 
9.722576e-01 8.707438e-01 7.762001e-01 6.883438e-01 6.059958e-01 
5.254539e-01 4.371929e-01 3.268965e-01 2.057170e-01 1.248147e-01 
9.312236e-02 
@R TI 101 []
1.899462e+01 1.899462e+01 1.891159e+01 1.882102e+01 1.872307e+01 
1.861791e+01 1.850571e+01 1.838662e+01 1.826083e+01 1.812849e+01 
1.798977e+01 1.784483e+01 1.769386e+01 1.753700e+01 1.737443e+01 
1.720631e+01 1.703282e+01 1.685411e+01 1.667036e+01 1.648172e+01 
1.628837e+01 1.609048e+01 1.588820e+01 1.568172e+01 1.547118e+01 
1.525676e+01 1.503863e+01 1.481695e+01 1.459189e+01 1.436361e+01 
1.413229e+01 1.389808e+01 1.366116e+01 1.342169e+01 1.317984e+01 
1.293577e+01 1.268966e+01 1.244166e+01 1.219194e+01 1.194068e+01 
1.168803e+01 1.143417e+01 1.117925e+01 1.092346e+01 1.066694e+01 
1.040988e+01 1.015243e+01 9.894764e+00 9.637048e+00 9.379447e+00 
9.122128e+00 8.865258e+00 8.609003e+00 8.353530e+00 8.099006e+00 
7.845596e+00 7.593468e+00 7.342787e+00 7.093721e+00 6.846436e+00 
6.601098e+00 6.357875e+00 6.116931e+00 5.878435e+00 5.642553e+00 
5.409450e+00 5.179294e+00 4.952252e+00 4.728488e+00 4.508172e+00 
4.291467e+00 4.078542e+00 3.869563e+00 3.664696e+00 3.464108e+00 
3.267965e+00 3.076434e+00 2.889681e+00 2.707873e+00 2.531177e+00 
2.359758e+00 2.193784e+00 2.033421e+00 1.878835e+00 1.730194e+00 
1.587663e+00 1.451408e+00 1.321597e+00 1.198394e+00 1.081962e+00 
9.724545e-01 8.699968e-01 7.746276e-01 6.861147e-01 6.034045e-01 
5.230747e-01 4.360083e-01 3.275105e-01 2.065210e-01 1.246968e-01 
9.282090e-02 
@R FP 102 []
4.007268e-13 4.007268e-13 1.115137e-02 3.345023e-02 6.688959e-02 
1.114564e-01 1.671319e-01 2.338952e-01 3.117235e-01 4.005884e-01 
5.004549e-01 6.112852e-01 7.330408e-01 8.656730e-01 1.009141e+00 
1.163382e+00 1.328375e+00 1.504047e+00 1.690324e+00 1.887128e+00 
2.094363e+00 2.312018e+00 2.539962e+00 2.778106e+00 3.026399e+00 
3.284759e+00 3.553078e+00 3.831247e+00 4.119179e+00 4.416773e+00 
4.723928e+00 5.040537e+00 5.366488e+00 5.701666e+00 6.045951e+00 
6.399214e+00 6.761339e+00 7.132217e+00 7.511711e+00 7.899675e+00 
8.295945e+00 8.700418e+00 9.112971e+00 9.533388e+00 9.961561e+00 
1.039735e+01 1.084055e+01 1.129105e+01 1.174864e+01 1.221319e+01 
1.268450e+01 1.316240e+01 1.364673e+01 1.413727e+01 1.463389e+01 
1.513634e+01 1.564447e+01 1.615808e+01 1.667692e+01 1.720087e+01 
1.772966e+01 1.826308e+01 1.880096e+01 1.934306e+01 1.988913e+01 
2.043897e+01 2.099238e+01 2.154909e+01 2.210886e+01 2.267146e+01 
2.323667e+01 2.380424e+01 2.437390e+01 2.494539e+01 2.551846e+01 
2.609287e+01 2.666836e+01 2.724465e+01 2.782144e+01 2.839848e+01 
2.897548e+01 2.955219e+01 3.012831e+01 3.070353e+01 3.127754e+01 
3.185007e+01 3.242082e+01 3.298948e+01 3.355572e+01 3.411919e+01 
3.467959e+01 3.523660e+01 3.578988e+01 3.633904e+01 3.688377e+01 
3.742371e+01 3.795846e+01 3.848756e+01 3.901064e+01 3.952715e+01 
4.003654e+01 4.028744e+01 
@R CURPAR 102 []
3.708869e+00 3.708869e+00 3.708869e+00 3.707498e+00 3.705399e+00 
3.702582e+00 3.699057e+00 3.694828e+00 3.689893e+00 3.684253e+00 
3.677909e+00 3.670859e+00 3.663104e+00 3.654645e+00 3.645480e+00 
3.635611e+00 3.625036e+00 3.613757e+00 3.601772e+00 3.589083e+00 
3.575689e+00 3.561589e+00 3.546785e+00 3.531276e+00 3.515062e+00 
3.498143e+00 3.480519e+00 3.462190e+00 3.443156e+00 3.423417e+00 
3.402973e+00 3.381824e+00 3.359970e+00 3.337411e+00 3.314147e+00 
3.290178e+00 3.265505e+00 3.240126e+00 3.214042e+00 3.187254e+00 
3.159760e+00 3.131561e+00 3.102658e+00 3.073049e+00 3.042736e+00 
3.011718e+00 2.979994e+00 2.947566e+00 2.914433e+00 2.880594e+00 
2.846051e+00 2.810803e+00 2.774850e+00 2.738192e+00 2.700828e+00 
2.662760e+00 2.623987e+00 2.584509e+00 2.544326e+00 2.503439e+00 
2.461846e+00 2.419548e+00 2.376545e+00 2.332837e+00 2.288424e+00 
2.243307e+00 2.197484e+00 2.150956e+00 2.103724e+00 2.055786e+00 
2.007144e+00 1.957796e+00 1.907744e+00 1.856987e+00 1.805524e+00 
1.753357e+00 1.700484e+00 1.646907e+00 1.592625e+00 1.537638e+00 
1.481946e+00 1.425549e+00 1.368446e+00 1.310639e+00 1.252127e+00 
1.192910e+00 1.132988e+00 1.072362e+00 1.011030e+00 9.489929e-01 
8.862511e-01 8.228043e-01 7.586526e-01 6.937959e-01 6.282342e-01 
5.619676e-01 4.949960e-01 4.273195e-01 3.600395e-01 2.997651e-01 
2.619173e-01 2.619173e-01 
