  3-Apr-25 07/09/2014
     1               1
  0.100000000E+01
*   1.000             1               0 MAR   3   2 CLC    40   41
  0.000000000E+00 0.170000000E+03 0.200000000E+01 0.679320679E+06
  0.679320679E+06 0.170950278E+03-0.341440578E+00 0.448473034E+02
  0.139852954E+01-0.489571738E+00-0.489571738E+00 0.927674651E+07
  0.177630206E+03 0.138240867E+01 0.306629431E+01 0.115217324E+01
  0.730151340E+00 0.870850494E+00 0.100000000E+11 0.909908871E+00
  0.100000000E+11 0.100000000E+11 0.254887102E+01-0.104043506E+01
  0.866931128E+02 0.125281965E+03 0.763722620E+02
  0.000000000E+00 0.000000000E+00 0.000000000E+00
  0.895047586E+02 0.862846049E+02
  0.000000000E+00 0.000000000E+00
  0.197691785E+01 0.249839761E+00 0.208582287E+01 0.128560529E+01
  0.774156618E+00 0.286998793E+01-0.500000000E+02-0.500000000E+02
 -0.500000000E+02 0.287183472E+00 0.844570810E+04 0.252338239E+06
  0.677794713E-04 0.132299721E+01 0.115749241E+01 0.408357088E-02
  0.129983016E+01 0.172665422E+03 0.000000000E+00 0.000000000E+00
 -0.999000000E+03-0.999000000E+03-0.999000000E+03-0.999000000E+03
 -0.100000000E+03-0.500000000E+02 0.193139066E+01 0.191243675E+01
  0.100000000E+03 0.379925251E+02 0.100000000E+03 0.909908871E+00
  0.177783657E+03 0.174478357E+01 0.447381052E+00 0.000000000E+00
  0.103283298E+01 0.162980256E+01 0.356944158E+06 0.000000000E+00
  0.000000000E+00 0.000000000E+00 0.910989278E+00 0.100000000E+02
    44   60   18    6
  0.188108076E+00 0.150085900E+00 0.178838698E+00 0.134244712E+00
  0.517358388E-01-0.135508696E-01 0.509946847E+00-0.734226290E-01
 -0.424523793E+00 0.244354381E+00 0.156654978E+00 0.391802344E-01
 -0.321806052E-01-0.750584798E-01-0.717742197E-01 0.529014759E+00
 -0.989033966E-01-0.549097899E-01 0.223394734E+00 0.170403968E+00
  0.166299975E+00 0.154534501E+00 0.868076111E-01 0.107719791E-01
 -0.299960534E+00 0.379785119E+00 0.408168884E+00 0.277199218E-01
  0.786525134E-01 0.208626206E+00 0.100387392E+00 0.439239853E-02
 -0.451709966E-01-0.719677313E-01 0.691392724E-01 0.447451763E+00
  0.442381549E+00-0.343268983E-01 0.341584392E-01-0.501897830E-01
 -0.332989806E-01 0.200877745E-02 0.402562156E-01 0.987626259E-01
  0.102053718E+00 0.206861053E+00 0.197966547E+00-0.126646606E+00
 -0.216252869E+00-0.879915318E-02 0.290826649E+00 0.594332014E+00
  0.269740031E+00-0.139519629E+00-0.297898486E+00-0.676822164E-01
  0.236824859E+00 0.313750914E+00 0.248462872E+00-0.203983152E-01
  0.957227246E-01 0.199243353E+00 0.140100933E+00 0.199916068E+00
  0.246136987E+00 0.240196361E+00 0.328259270E+00-0.897477145E-01
 -0.290715723E+00-0.268640377E+00-0.506331121E-01 0.292170703E+00
  0.346894401E+00 0.272517879E+00 0.378233426E+00 0.707973066E+00
  0.280941039E+00 0.419447526E-01-0.172855455E+00-0.238455827E+00
 -0.506665583E-01 0.987657090E-01 0.312458847E+00 0.246257618E+00
  0.348707095E+00 0.111008265E+00-0.492611841E-01-0.232321321E+00
 -0.283475073E+00-0.903670654E-01 0.323712837E+00 0.242440919E+00
  0.245105160E+00 0.200078263E+00 0.137081672E+00 0.196852695E+00
  0.979973825E-01-0.172793898E-01 0.104431928E+00 0.207011142E+00
  0.200083539E+00-0.114375125E+00-0.221608202E+00-0.655277291E-02
  0.586635562E+05-0.125150969E+05 0.229639663E+06 0.207108008E+06
  0.792419363E+05-0.302166074E+06 0.568143772E+06-0.587188598E+05
 -0.701686916E+06 0.313830741E+06 0.109370918E+06-0.723242013E+05
 -0.962112518E+05-0.105123560E+06-0.389170931E+06 0.538557212E+06
 -0.142647961E+06-0.197595411E+06
  0.000000000E+00 0.000000000E+00 0.000000000E+00 0.000000000E+00
  0.000000000E+00 0.000000000E+00
  0.000000000E+00 0.000000000E+00 0.000000000E+00 0.000000000E+00
  0.000000000E+00 0.000000000E+00 0.000000000E+00 0.000000000E+00
  0.000000000E+00 0.000000000E+00 0.623762045E+02 0.000000000E+00
  0.255417193E+00 0.157396471E+01 0.400000006E+02-0.176962804E+00
 -0.104564304E+01 0.000000000E+00 0.999000000E+03 0.191151232E+01
 -0.100000000E+02 0.115749241E+01 0.000000000E+00 0.407426054E-01
 -0.100000000E+02 0.000000000E+00 0.254246709E+01 0.000000000E+00
  0.126295196E+00 0.346021089E+01 0.126126090E+01 0.215630848E+01
  0.377224337E+02 0.288386084E+01-0.890000000E+02-0.890000000E+02
 -0.890000000E+02-0.890000000E+02-0.890000000E+02-0.890000000E+02
 -0.890000000E+02-0.890000000E+02-0.890000000E+02-0.890000000E+02
 -0.890000000E+02-0.890000000E+02-0.890000000E+02-0.890000000E+02
 -0.890000000E+02 0.000000000E+00 0.459590430E+00 0.790455296E+00
  0.147823662E+03 0.184937500E+03 0.000000000E+00 0.809567666E+00
  0.100000000E+01 0.000000000E+00 0.000000000E+00 0.000000000E+00
                                            EQG
