@R IP 1 []
  9.999999995e+06
@R BCENTR 1 []
  1.100000000e+01
@R RMAJOR 1 []
  4.550000000e+00
@R AMINOR 1 []
  1.108395691e+00
@R KAPPA 1 []
  1.345530552e+00
@R DELTA 1 []
 -3.154118401e-01
@I NRHO 1 []
              101
@R RHOB 1 []
  1.264055007e+00
@R RHO 101 []
  0.000000000e+00  1.000000000e-02  2.000000000e-02  3.000000000e-02
  4.000000000e-02  5.000000000e-02  6.000000000e-02  7.000000000e-02
  8.000000000e-02  9.000000000e-02  1.000000000e-01  1.100000000e-01
  1.200000000e-01  1.300000000e-01  1.400000000e-01  1.500000000e-01
  1.600000000e-01  1.700000000e-01  1.800000000e-01  1.900000000e-01
  2.000000000e-01  2.100000000e-01  2.200000000e-01  2.300000000e-01
  2.400000000e-01  2.500000000e-01  2.600000000e-01  2.700000000e-01
  2.800000000e-01  2.900000000e-01  3.000000000e-01  3.100000000e-01
  3.200000000e-01  3.300000000e-01  3.400000000e-01  3.500000000e-01
  3.600000000e-01  3.700000000e-01  3.800000000e-01  3.900000000e-01
  4.000000000e-01  4.100000000e-01  4.200000000e-01  4.300000000e-01
  4.400000000e-01  4.500000000e-01  4.600000000e-01  4.700000000e-01
  4.800000000e-01  4.900000000e-01  5.000000000e-01  5.100000000e-01
  5.200000000e-01  5.300000000e-01  5.400000000e-01  5.500000000e-01
  5.600000000e-01  5.700000000e-01  5.800000000e-01  5.900000000e-01
  6.000000000e-01  6.100000000e-01  6.200000000e-01  6.300000000e-01
  6.400000000e-01  6.500000000e-01  6.600000000e-01  6.700000000e-01
  6.800000000e-01  6.900000000e-01  7.000000000e-01  7.100000000e-01
  7.200000000e-01  7.300000000e-01  7.400000000e-01  7.500000000e-01
  7.600000000e-01  7.700000000e-01  7.800000000e-01  7.900000000e-01
  8.000000000e-01  8.100000000e-01  8.200000000e-01  8.300000000e-01
  8.400000000e-01  8.500000000e-01  8.600000000e-01  8.700000000e-01
  8.800000000e-01  8.900000000e-01  9.000000000e-01  9.100000000e-01
  9.200000000e-01  9.300000000e-01  9.400000000e-01  9.500000000e-01
  9.600000000e-01  9.700000000e-01  9.800000000e-01  9.900000000e-01
  1.000000000e+00
@R VOLP 101 []
  0.000000000e+00  2.455609767e+00  4.910930741e+00  7.365677908e+00
  9.819566424e+00  1.227231677e+01  1.472366029e+01  1.717333218e+01
  1.962107439e+01  2.206664615e+01  2.450981764e+01  2.695036493e+01
  2.938808617e+01  3.182279854e+01  3.425432230e+01  3.668249907e+01
  3.910719855e+01  4.152829889e+01  4.394568941e+01  4.635929872e+01
  4.876906037e+01  5.117491241e+01  5.357683471e+01  5.597482527e+01
  5.836888927e+01  6.075906255e+01  6.314538051e+01  6.552781281e+01
  6.790623755e+01  7.028057681e+01  7.265099089e+01  7.501783934e+01
  7.738148673e+01  7.974213783e+01  8.209980893e+01  8.445444664e+01
  8.680600726e+01  8.915449811e+01  9.149996927e+01  9.384249346e+01
  9.618216423e+01  9.851906607e+01  1.008532603e+02  1.031847884e+02
  1.055136667e+02  1.078398868e+02  1.101634203e+02  1.124842275e+02
  1.148022351e+02  1.171173483e+02  1.194294646e+02  1.217384722e+02
  1.240442553e+02  1.263466874e+02  1.286456499e+02  1.309410353e+02
  1.332326947e+02  1.355204946e+02  1.378043072e+02  1.400839770e+02
  1.423593521e+02  1.446302721e+02  1.468965804e+02  1.491581601e+02
  1.514149032e+02  1.536667200e+02  1.559135574e+02  1.581553485e+02
  1.603920068e+02  1.626234458e+02  1.648495599e+02  1.670702347e+02
  1.692853575e+02  1.714948239e+02  1.736985553e+02  1.758964735e+02
  1.780885364e+02  1.802747785e+02  1.824552481e+02  1.846299724e+02
  1.867989670e+02  1.889621912e+02  1.911195840e+02  1.932711277e+02
  1.954169383e+02  1.975577893e+02  1.996951309e+02  2.018297637e+02
  2.039596325e+02  2.060772633e+02  2.081683921e+02  2.102176789e+02
  2.122195425e+02  2.141785323e+02  2.161049243e+02  2.180102624e+02
  2.199114979e+02  2.218479281e+02  2.238919285e+02  2.261073462e+02
  2.285239847e+02
@R IPOL 101 []
  1.012193744e+00  1.012195936e+00  1.012202482e+00  1.012213288e+00
  1.012228204e+00  1.012247016e+00  1.012269455e+00  1.012295193e+00
  1.012323854e+00  1.012355006e+00  1.012388175e+00  1.012422841e+00
  1.012458446e+00  1.012494388e+00  1.012530035e+00  1.012564725e+00
  1.012597782e+00  1.012628496e+00  1.012656155e+00  1.012680030e+00
  1.012699398e+00  1.012713534e+00  1.012721722e+00  1.012723262e+00
  1.012717470e+00  1.012703685e+00  1.012681281e+00  1.012649783e+00
  1.012609593e+00  1.012561279e+00  1.012503880e+00  1.012435126e+00
  1.012353123e+00  1.012257509e+00  1.012148835e+00  1.012027663e+00
  1.011894375e+00  1.011749190e+00  1.011592272e+00  1.011423804e+00
  1.011243908e+00  1.011052659e+00  1.010850245e+00  1.010637028e+00
  1.010413444e+00  1.010179973e+00  1.009937132e+00  1.009685558e+00
  1.009425923e+00  1.009158904e+00  1.008885243e+00  1.008605621e+00
  1.008320783e+00  1.008031387e+00  1.007738093e+00  1.007441577e+00
  1.007142464e+00  1.006841425e+00  1.006539087e+00  1.006236063e+00
  1.005933011e+00  1.005630559e+00  1.005329283e+00  1.005029714e+00
  1.004732345e+00  1.004437632e+00  1.004145978e+00  1.003857818e+00
  1.003573626e+00  1.003293888e+00  1.003019107e+00  1.002749811e+00
  1.002486533e+00  1.002229780e+00  1.001980033e+00  1.001737766e+00
  1.001503444e+00  1.001277508e+00  1.001060375e+00  1.000852452e+00
  1.000654186e+00  1.000466027e+00  1.000288405e+00  1.000121726e+00
  9.999664830e-01  9.998232114e-01  9.996925770e-01  9.995759519e-01
  9.994754237e-01  9.993942070e-01  9.993454100e-01  9.993438729e-01
  9.993877869e-01  9.994689186e-01  9.995787672e-01  9.997022089e-01
  9.998205415e-01  9.999175100e-01  9.999848424e-01  1.000020015e+00
  1.000000000e+00
@R G11 101 []
  0.000000000e+00  2.455876956e+00  4.911888545e+00  7.368183409e+00
  9.825421902e+00  1.228366932e+01  1.474245176e+01  1.720169551e+01
  1.966205440e+01  2.212412889e+01  2.458795581e+01  2.705305537e+01
  2.952057923e+01  3.198769242e+01  3.445950403e+01  3.692376533e+01
  3.939483792e+01  4.187054216e+01  4.434813127e+01  4.683700293e+01
  4.931137998e+01  5.179834190e+01  5.429221937e+01  5.678032920e+01
  5.926903447e+01  6.176083498e+01  6.425825683e+01  6.675794408e+01
  6.925835511e+01  7.176077253e+01  7.426508228e+01  7.677141730e+01
  7.927941175e+01  8.178977729e+01  8.430112989e+01  8.681052787e+01
  8.932054734e+01  9.183385692e+01  9.435491036e+01  9.687804667e+01
  9.939293442e+01  1.019133727e+02  1.044474515e+02  1.069692976e+02
  1.094991859e+02  1.120367168e+02  1.145654336e+02  1.171107777e+02
  1.196503385e+02  1.221980263e+02  1.247506325e+02  1.273028016e+02
  1.298702330e+02  1.324295908e+02  1.350070214e+02  1.375852254e+02
  1.401659115e+02  1.427702103e+02  1.453627282e+02  1.479706822e+02
  1.505996280e+02  1.532215979e+02  1.558553585e+02  1.585119610e+02
  1.611762597e+02  1.638420187e+02  1.665253446e+02  1.692317432e+02
  1.719483261e+02  1.746749367e+02  1.774141887e+02  1.801781216e+02
  1.829657819e+02  1.857680824e+02  1.885890738e+02  1.914283201e+02
  1.942957223e+02  1.971957248e+02  2.001211215e+02  2.030730096e+02
  2.060537430e+02  2.090657086e+02  2.121220485e+02  2.152243727e+02
  2.183656133e+02  2.215497608e+02  2.247759379e+02  2.280628536e+02
  2.314205780e+02  2.348506441e+02  2.383708755e+02  2.420160700e+02
  2.458093774e+02  2.497329583e+02  2.537705410e+02  2.579533908e+02
  2.622724344e+02  2.666718108e+02  2.711866337e+02  2.758360309e+02
  2.806358669e+02
@R G22 101 []
  0.000000000e+00  1.248940297e-02  2.497960757e-02  3.747148767e-02
  4.996850999e-02  6.247113459e-02  7.497710214e-02  8.748616472e-02
  1.000017803e-01  1.125271897e-01  1.250627618e-01  1.376062105e-01
  1.501636186e-01  1.627208178e-01  1.753039892e-01  1.878510638e-01
  2.004354497e-01  2.130463008e-01  2.256699327e-01  2.383545505e-01
  2.509693318e-01  2.636523597e-01  2.763752140e-01  2.890738086e-01
  3.017809327e-01  3.145098139e-01  3.272737494e-01  3.400556981e-01
  3.528476623e-01  3.656563971e-01  3.784822475e-01  3.913271782e-01
  4.041905720e-01  4.170768914e-01  4.299791616e-01  4.428821166e-01
  4.557986846e-01  4.687425254e-01  4.817366218e-01  4.947524467e-01
  5.077377042e-01  5.207632151e-01  5.338705351e-01  5.469276481e-01
  5.600383641e-01  5.732006119e-01  5.863301969e-01  5.995572799e-01
  6.127669966e-01  6.260303627e-01  6.393307118e-01  6.526404079e-01
  6.660396997e-01  6.794086379e-01  6.928811614e-01  7.063683615e-01
  7.198786829e-01  7.335203636e-01  7.471113941e-01  7.607912673e-01
  7.745881891e-01  7.883579574e-01  8.021967245e-01  8.161611086e-01
  8.301728657e-01  8.441996558e-01  8.583243846e-01  8.725751781e-01
  8.868851847e-01  9.012531426e-01  9.156919331e-01  9.302629528e-01
  9.449604151e-01  9.597364884e-01  9.746111733e-01  9.895811325e-01
  1.004696469e+00  1.019979342e+00  1.035391507e+00  1.050937145e+00
  1.066626548e+00  1.082469441e+00  1.098530800e+00  1.114815999e+00
  1.131286063e+00  1.147962813e+00  1.164845895e+00  1.182031420e+00
  1.199553837e+00  1.217372941e+00  1.235508116e+00  1.254069757e+00
  1.273144555e+00  1.292653022e+00  1.312553282e+00  1.333045578e+00
  1.354143561e+00  1.375720881e+00  1.398256842e+00  1.422045601e+00
  1.447170705e+00
@R G33 101 []
  9.134936915e-01  9.135097045e-01  9.135575169e-01  9.136368403e-01
  9.137478157e-01  9.138902608e-01  9.140636457e-01  9.142677516e-01
  9.145023780e-01  9.147669187e-01  9.150608253e-01  9.153837676e-01
  9.157350566e-01  9.161138835e-01  9.165197927e-01  9.169521157e-01
  9.174098763e-01  9.178923323e-01  9.183988331e-01  9.189282526e-01
  9.194797357e-01  9.200526474e-01  9.206458716e-01  9.212582931e-01
  9.218889671e-01  9.225367182e-01  9.232006204e-01  9.238807633e-01
  9.245777382e-01  9.252912854e-01  9.260194808e-01  9.267594958e-01
  9.275086922e-01  9.282654040e-01  9.290294857e-01  9.298015085e-01
  9.305819943e-01  9.313709889e-01  9.321681336e-01  9.329728474e-01
  9.337844441e-01  9.346024210e-01  9.354264249e-01  9.362561394e-01
  9.370913982e-01  9.379321936e-01  9.387786132e-01  9.396306840e-01
  9.404886243e-01  9.413527581e-01  9.422233361e-01  9.431006663e-01
  9.439849604e-01  9.448765302e-01  9.457755575e-01  9.466820780e-01
  9.475964273e-01  9.485187248e-01  9.494490488e-01  9.503876350e-01
  9.513346036e-01  9.522901158e-01  9.532543105e-01  9.542270786e-01
  9.552082695e-01  9.561976377e-01  9.571947511e-01  9.581992363e-01
  9.592107974e-01  9.602291185e-01  9.612539746e-01  9.622851501e-01
  9.633224047e-01  9.643654599e-01  9.654139127e-01  9.664673580e-01
  9.675252040e-01  9.685864754e-01  9.696501718e-01  9.707154355e-01
  9.717814555e-01  9.728477159e-01  9.739138301e-01  9.749792139e-01
  9.760425358e-01  9.770992049e-01  9.781413413e-01  9.791637986e-01
  9.801745873e-01  9.812060272e-01  9.823114502e-01  9.835451663e-01
  9.849303549e-01  9.864494253e-01  9.880599021e-01  9.897217690e-01
  9.913758788e-01  9.928629173e-01  9.938739969e-01  9.941431768e-01
  9.935856687e-01
@R GRADRHO 101 []
  1.004115439e+00  9.959697847e-01  9.960019515e-01  9.960583467e-01
  9.961652359e-01  9.963018623e-01  9.964433489e-01  9.965898508e-01
  9.967606266e-01  9.969663616e-01  9.972003217e-01  9.974477826e-01
  9.977275963e-01  9.979910739e-01  9.983172927e-01  9.985295282e-01
  9.988327118e-01  9.991856873e-01  9.995504298e-01  1.000026442e+00
  1.000336012e+00  1.000764412e+00  1.001243846e+00  1.001656517e+00
  1.002064242e+00  1.002487552e+00  1.002944362e+00  1.003405805e+00
  1.003860477e+00  1.004318513e+00  1.004778129e+00  1.005238153e+00
  1.005694996e+00  1.006152955e+00  1.006603270e+00  1.007029019e+00
  1.007446426e+00  1.007870377e+00  1.008323524e+00  1.008773599e+00
  1.009167970e+00  1.009578481e+00  1.010042328e+00  1.010433045e+00
  1.010848784e+00  1.011285595e+00  1.011669052e+00  1.012112167e+00
  1.012516131e+00  1.012940722e+00  1.013371470e+00  1.013786518e+00
  1.014247832e+00  1.014663115e+00  1.015133034e+00  1.015590484e+00
  1.016042061e+00  1.016562978e+00  1.017025479e+00  1.017525822e+00
  1.018080410e+00  1.018593141e+00  1.019127011e+00  1.019715878e+00
  1.020308339e+00  1.020883935e+00  1.021491935e+00  1.022146361e+00
  1.022805505e+00  1.023467399e+00  1.024138167e+00  1.024850175e+00
  1.025597253e+00  1.026350938e+00  1.027119927e+00  1.027900124e+00
  1.028714610e+00  1.029570605e+00  1.030444606e+00  1.031334948e+00
  1.032242750e+00  1.033168689e+00  1.034139288e+00  1.035151714e+00
  1.036181914e+00  1.037230968e+00  1.038285950e+00  1.039378619e+00
  1.040524297e+00  1.041729126e+00  1.043053072e+00  1.044598920e+00
  1.046413594e+00  1.048427291e+00  1.050561919e+00  1.052830030e+00
  1.055146565e+00  1.057261616e+00  1.058971777e+00  1.059984561e+00
  1.060124126e+00
@R AREA 101 []
  0.000000000e+00  2.445809567e+00  4.891516382e+00  7.337068562e+00
  9.782313472e+00  1.222709922e+01  1.467136255e+01  1.711506683e+01
  1.955816144e+01  2.200053137e+01  2.444206772e+01  2.688268884e+01
  2.932233915e+01  3.176092867e+01  3.419847518e+01  3.663481906e+01
  3.907033002e+01  4.150436537e+01  4.393729788e+01  4.636856274e+01
  4.879846970e+01  5.122705141e+01  5.365398232e+01  5.607938093e+01
  5.850330876e+01  6.092577192e+01  6.334671067e+01  6.576608294e+01
  6.818391376e+01  7.060021088e+01  7.301498100e+01  7.542824419e+01
  7.784003367e+01  8.025038961e+01  8.265934553e+01  8.506698096e+01
  8.747337701e+01  8.987856143e+01  9.228253777e+01  9.468527961e+01
  9.708692129e+01  9.948757555e+01  1.018871649e+02  1.042857327e+02
  1.066834995e+02  1.090803042e+02  1.114763637e+02  1.138716691e+02
  1.162662198e+02  1.186601851e+02  1.210534680e+02  1.234462560e+02
  1.258384872e+02  1.282302483e+02  1.306216441e+02  1.330125752e+02
  1.354032789e+02  1.377936346e+02  1.401837455e+02  1.425737649e+02
  1.449635889e+02  1.473533283e+02  1.497431275e+02  1.521329587e+02
  1.545228633e+02  1.569129778e+02  1.593034241e+02  1.616942060e+02
  1.640854135e+02  1.664771901e+02  1.688696803e+02  1.712630062e+02
  1.736572341e+02  1.760525278e+02  1.784490684e+02  1.808470485e+02
  1.832466713e+02  1.856480940e+02  1.880515409e+02  1.904572854e+02
  1.928656265e+02  1.952768919e+02  1.976914185e+02  2.001095205e+02
  2.025316182e+02  2.049581968e+02  2.073898268e+02  2.098271560e+02
  2.122707878e+02  2.147213486e+02  2.171792835e+02  2.196447388e+02
  2.221175313e+02  2.245976252e+02  2.270853715e+02  2.295814950e+02
  2.320870084e+02  2.346040066e+02  2.371364880e+02  2.396912464e+02
  2.422780362e+02
@R A 101 []
  0.000000000e+00  1.130539966e-02  2.261061816e-02  3.391582133e-02
  4.522096953e-02  5.652582609e-02  6.783061866e-02  7.913547864e-02
  9.044024915e-02  1.017448917e-01  1.130493753e-01  1.243535040e-01
  1.356572669e-01  1.469606218e-01  1.582638853e-01  1.695665053e-01
  1.808705058e-01  1.921730255e-01  2.034758537e-01  2.147765540e-01
  2.260767016e-01  2.373764166e-01  2.486741432e-01  2.599705366e-01
  2.712658354e-01  2.825598027e-01  2.938520258e-01  3.051422260e-01
  3.164305638e-01  3.277171466e-01  3.390019229e-01  3.502844042e-01
  3.615641412e-01  3.728410330e-01  3.841149354e-01  3.953858251e-01
  4.066537001e-01  4.179183644e-01  4.291794445e-01  4.404363920e-01
  4.516894814e-01  4.629388583e-01  4.741837204e-01  4.854238114e-01
  4.966597186e-01  5.078902467e-01  5.191159406e-01  5.303362916e-01
  5.415508789e-01  5.527600294e-01  5.639628218e-01  5.751597230e-01
  5.863499847e-01  5.975335469e-01  6.087104460e-01  6.198797454e-01
  6.310420765e-01  6.421963742e-01  6.533425976e-01  6.644809508e-01
  6.756103874e-01  6.867308214e-01  6.978423545e-01  7.089442318e-01
  7.200359603e-01  7.311174487e-01  7.421885130e-01  7.532483613e-01
  7.642965214e-01  7.753326972e-01  7.863565841e-01  7.973676922e-01
  8.083651868e-01  8.193486332e-01  8.303175897e-01  8.412715692e-01
  8.522100334e-01  8.631321223e-01  8.740371997e-01  8.849246915e-01
  8.957939538e-01  9.066442930e-01  9.174748466e-01  9.282844957e-01
  9.390724423e-01  9.498379526e-01  9.605804186e-01  9.712990733e-01
  9.819927808e-01  9.926614893e-01  1.003304275e+00  1.013920716e+00
  1.024512665e+00  1.035083225e+00  1.045635348e+00  1.056170408e+00
  1.066688514e+00  1.077182808e+00  1.087641833e+00  1.098051830e+00
  1.108395691e+00
@R RTOR 101 []
  4.760566327e+00  4.760544288e+00  4.760478398e+00  4.760369135e+00
  4.760216288e+00  4.760019804e+00  4.759780287e+00  4.759498031e+00
  4.759173091e+00  4.758805886e+00  4.758396970e+00  4.757946683e+00
  4.757455470e+00  4.756924051e+00  4.756352931e+00  4.755742602e+00
  4.755093756e+00  4.754407260e+00  4.753683547e+00  4.752923605e+00
  4.752128202e+00  4.751297991e+00  4.750433860e+00  4.749536697e+00
  4.748607266e+00  4.747646410e+00  4.746655183e+00  4.745634495e+00
  4.744584857e+00  4.743506728e+00  4.742400717e+00  4.741267721e+00
  4.740108671e+00  4.738924775e+00  4.737717189e+00  4.736486893e+00
  4.735234660e+00  4.733961069e+00  4.732666628e+00  4.731351811e+00
  4.730017092e+00  4.728662944e+00  4.727289860e+00  4.725898248e+00
  4.724488424e+00  4.723060812e+00  4.721615547e+00  4.720152886e+00
  4.718672985e+00  4.717175855e+00  4.715661605e+00  4.714130098e+00
  4.712581330e+00  4.711015136e+00  4.709431292e+00  4.707829727e+00
  4.706210073e+00  4.704572159e+00  4.702915678e+00  4.701240245e+00
  4.699545624e+00  4.697831410e+00  4.696097141e+00  4.694342477e+00
  4.692567003e+00  4.690770218e+00  4.688951683e+00  4.687111033e+00
  4.685247812e+00  4.683361533e+00  4.681451697e+00  4.679517802e+00
  4.677559365e+00  4.675575783e+00  4.673566450e+00  4.671530715e+00
  4.669467873e+00  4.667377291e+00  4.665258304e+00  4.663110177e+00
  4.660932142e+00  4.658723318e+00  4.656482743e+00  4.654209427e+00
  4.651902201e+00  4.649559985e+00  4.647182043e+00  4.644767680e+00
  4.642316109e+00  4.639825025e+00  4.637290186e+00  4.634706070e+00
  4.632064658e+00  4.629357114e+00  4.626576077e+00  4.623716536e+00
  4.620774150e+00  4.617752402e+00  4.614659887e+00  4.611510040e+00
  4.608317921e+00
@R SHIFT 101 []
  2.105663274e-01  2.105442884e-01  2.104783977e-01  2.103691351e-01
  2.102162875e-01  2.100198039e-01  2.097802871e-01  2.094980307e-01
  2.091730908e-01  2.088058859e-01  2.083969704e-01  2.079466827e-01
  2.074554701e-01  2.069240508e-01  2.063529312e-01  2.057426016e-01
  2.050937560e-01  2.044072602e-01  2.036835469e-01  2.029236053e-01
  2.021282022e-01  2.012979914e-01  2.004338603e-01  1.995366975e-01
  1.986072662e-01  1.976464098e-01  1.966551831e-01  1.956344954e-01
  1.945848569e-01  1.935067276e-01  1.924007170e-01  1.912677209e-01
  1.901086709e-01  1.889247751e-01  1.877171887e-01  1.864868931e-01
  1.852346597e-01  1.839610692e-01  1.826666279e-01  1.813518106e-01
  1.800170924e-01  1.786629437e-01  1.772898599e-01  1.758982484e-01
  1.744884243e-01  1.730608115e-01  1.716155473e-01  1.701528856e-01
  1.686729854e-01  1.671758546e-01  1.656616052e-01  1.641300975e-01
  1.625813298e-01  1.610151362e-01  1.594312924e-01  1.578297273e-01
  1.562100732e-01  1.545721588e-01  1.529156784e-01  1.512402448e-01
  1.495456242e-01  1.478314103e-01  1.460971413e-01  1.443424773e-01
  1.425670030e-01  1.407702176e-01  1.389516829e-01  1.371110327e-01
  1.352478122e-01  1.333615327e-01  1.314516968e-01  1.295178017e-01
  1.275593646e-01  1.255757833e-01  1.235664505e-01  1.215307155e-01
  1.194678729e-01  1.173772909e-01  1.152583037e-01  1.131101773e-01
  1.109321417e-01  1.087233182e-01  1.064827427e-01  1.042094273e-01
  1.019022011e-01  9.955998453e-02  9.718204347e-02  9.476768007e-02
  9.231610890e-02  8.982502546e-02  8.729018556e-02  8.470606957e-02
  8.206465846e-02  7.935711359e-02  7.657607704e-02  7.371653574e-02
  7.077415016e-02  6.775240165e-02  6.465988660e-02  6.151003969e-02
  5.831792120e-02
@R ELONG 101 []
  1.293018818e+00  1.293020756e+00  1.293026569e+00  1.293021304e+00
  1.292986129e+00  1.292930349e+00  1.292861374e+00  1.292786905e+00
  1.292711014e+00  1.292626963e+00  1.292533377e+00  1.292433793e+00
  1.292330756e+00  1.292222435e+00  1.292108220e+00  1.291989588e+00
  1.291867130e+00  1.291742485e+00  1.291616120e+00  1.291488076e+00
  1.291359057e+00  1.291231161e+00  1.291105582e+00  1.290981898e+00
  1.290861069e+00  1.290745060e+00  1.290635131e+00  1.290531568e+00
  1.290434075e+00  1.290342478e+00  1.290257489e+00  1.290181639e+00
  1.290116864e+00  1.290063962e+00  1.290023581e+00  1.289996690e+00
  1.289983934e+00  1.289985670e+00  1.290002546e+00  1.290035244e+00
  1.290084210e+00  1.290149708e+00  1.290232245e+00  1.290332358e+00
  1.290450557e+00  1.290587232e+00  1.290742765e+00  1.290917572e+00
  1.291111862e+00  1.291326001e+00  1.291560248e+00  1.291814775e+00
  1.292089835e+00  1.292385693e+00  1.292702596e+00  1.293040751e+00
  1.293400479e+00  1.293782037e+00  1.294185789e+00  1.294612052e+00
  1.295061204e+00  1.295533729e+00  1.296030010e+00  1.296550534e+00
  1.297095879e+00  1.297666737e+00  1.298263761e+00  1.298887678e+00
  1.299539387e+00  1.300219905e+00  1.300930221e+00  1.301671384e+00
  1.302444569e+00  1.303251023e+00  1.304092095e+00  1.304969221e+00
  1.305883981e+00  1.306838155e+00  1.307833633e+00  1.308872482e+00
  1.309956967e+00  1.311089458e+00  1.312272480e+00  1.313508697e+00
  1.314800971e+00  1.316152557e+00  1.317567655e+00  1.319051190e+00
  1.320608494e+00  1.322244213e+00  1.323960441e+00  1.325754794e+00
  1.327621570e+00  1.329554356e+00  1.331548141e+00  1.333601605e+00
  1.335713315e+00  1.337894353e+00  1.340194199e+00  1.342702482e+00
  1.345530552e+00
@R TRIAG 101 []
  0.000000000e+00  3.193249680e-02  3.030012250e-02  2.867303241e-02
  2.703639909e-02  2.538886311e-02  2.373577832e-02  2.207451324e-02
  2.040098613e-02  1.871623877e-02  1.702065514e-02  1.531168080e-02
  1.358822647e-02  1.185123113e-02  1.009976323e-02  8.331808849e-03
  6.547025229e-03  4.745024187e-03  2.924078551e-03  1.084374030e-03
 -7.748108883e-04 -2.654831552e-03 -4.556195822e-03 -6.479107574e-03
 -8.424346868e-03 -1.039244178e-02 -1.238328438e-02 -1.439736899e-02
 -1.643629887e-02 -1.850148972e-02 -2.059385534e-02 -2.271348471e-02
 -2.486050663e-02 -2.703479026e-02 -2.923666115e-02 -3.146702797e-02
 -3.372737843e-02 -3.601902937e-02 -3.834214994e-02 -4.069688981e-02
 -4.308352455e-02 -4.550245426e-02 -4.795407613e-02 -5.043905802e-02
 -5.295827914e-02 -5.551259080e-02 -5.810318695e-02 -6.073046315e-02
 -6.339494761e-02 -6.609759610e-02 -6.883929553e-02 -7.162099422e-02
 -7.444340061e-02 -7.730745648e-02 -8.021442085e-02 -8.316533088e-02
 -8.616149560e-02 -8.920408837e-02 -9.229452776e-02 -9.543459180e-02
 -9.862564202e-02 -1.018693367e-01 -1.051676283e-01 -1.085223558e-01
 -1.119358855e-01 -1.154115209e-01 -1.189518033e-01 -1.225591745e-01
 -1.262364090e-01 -1.299864010e-01 -1.338121155e-01 -1.377168285e-01
 -1.417039959e-01 -1.457773921e-01 -1.499408243e-01 -1.541985287e-01
 -1.585552231e-01 -1.630159094e-01 -1.675856729e-01 -1.722701967e-01
 -1.770757383e-01 -1.820093349e-01 -1.870785987e-01 -1.922918586e-01
 -1.976589193e-01 -2.031909469e-01 -2.088988959e-01 -2.147923147e-01
 -2.208846406e-01 -2.271915654e-01 -2.337291279e-01 -2.405115879e-01
 -2.475530036e-01 -2.548656111e-01 -2.624396628e-01 -2.702513245e-01
 -2.783153279e-01 -2.866904097e-01 -2.955340092e-01 -3.050341278e-01
 -3.154118401e-01
@R PMHD 101 []
  1.881362039e+06  1.880447027e+06  1.877705361e+06  1.873147152e+06
  1.866789212e+06  1.858655009e+06  1.848774575e+06  1.837184386e+06
  1.823927143e+06  1.809051652e+06  1.792612420e+06  1.774669226e+06
  1.755286780e+06  1.734534771e+06  1.712486094e+06  1.689219138e+06
  1.664810671e+06  1.639350674e+06  1.612921357e+06  1.585617042e+06
  1.557524187e+06  1.528733283e+06  1.499339755e+06  1.469433777e+06
  1.439105723e+06  1.408445469e+06  1.377542232e+06  1.346472368e+06
  1.315232624e+06  1.283806613e+06  1.252316715e+06  1.221005742e+06
  1.190082533e+06  1.159618494e+06  1.129603005e+06  1.100023717e+06
  1.070885630e+06  1.042209468e+06  1.014022112e+06  9.863501229e+05
  9.592228876e+05  9.326752653e+05  9.067357061e+05  8.814143780e+05
  8.567123163e+05  8.326334959e+05  8.091720278e+05  7.863147357e+05
  7.640456739e+05  7.423448815e+05  7.211923074e+05  7.005668699e+05
  6.804476416e+05  6.608179710e+05  6.416607454e+05  6.229615160e+05
  6.047034371e+05  5.868725915e+05  5.694545155e+05  5.524346874e+05
  5.357992378e+05  5.195323137e+05  5.036222030e+05  4.880640607e+05
  4.728547963e+05  4.579930328e+05  4.434811244e+05  4.293206984e+05
  4.155075118e+05  4.020343259e+05  3.888922914e+05  3.760694753e+05
  3.635529727e+05  3.513308000e+05  3.393917754e+05  3.277241562e+05
  3.163161833e+05  3.051577607e+05  2.942394340e+05  2.835502864e+05
  2.730751522e+05  2.627955891e+05  2.526952340e+05  2.427572694e+05
  2.329547376e+05  2.232544514e+05  2.136087784e+05  2.039001041e+05
  1.939413900e+05  1.834325743e+05  1.711204127e+05  1.555804371e+05
  1.369805209e+05  1.161022976e+05  9.374746378e+04  7.134627387e+04
  5.065484756e+04  3.315793777e+04  1.951139032e+04  9.774049398e+03
  5.902497189e+03
@R QMHD 101 []
  9.709460332e-01  9.710071437e-01  9.711913898e-01  9.715014262e-01
  9.719413838e-01  9.725164300e-01  9.732321576e-01  9.740938048e-01
  9.751053159e-01  9.762682334e-01  9.775804587e-01  9.790350715e-01
  9.806259004e-01  9.823521189e-01  9.842139247e-01  9.862135397e-01
  9.883536938e-01  9.906311125e-01  9.930432475e-01  9.955906654e-01
  9.982749537e-01  1.001096845e+00  1.004056048e+00  1.007153932e+00
  1.010389812e+00  1.013761281e+00  1.017269604e+00  1.020915014e+00
  1.024703904e+00  1.028642523e+00  1.032730515e+00  1.036959759e+00
  1.041327434e+00  1.045839990e+00  1.050502779e+00  1.055319440e+00
  1.060291862e+00  1.065422168e+00  1.070712829e+00  1.076167711e+00
  1.081792235e+00  1.087589543e+00  1.093563418e+00  1.099718169e+00
  1.106059756e+00  1.112592820e+00  1.119322713e+00  1.126255704e+00
  1.133398175e+00  1.140756790e+00  1.148337925e+00  1.156149723e+00
  1.164198909e+00  1.172494520e+00  1.181045128e+00  1.189858752e+00
  1.198946034e+00  1.208315573e+00  1.217978005e+00  1.227945171e+00
  1.238227833e+00  1.248837861e+00  1.259788816e+00  1.271093626e+00
  1.282765985e+00  1.294821340e+00  1.307275297e+00  1.320143890e+00
  1.333444822e+00  1.347197143e+00  1.361421493e+00  1.376138780e+00
  1.391371157e+00  1.407143359e+00  1.423480941e+00  1.440411284e+00
  1.457964054e+00  1.476171783e+00  1.495070167e+00  1.514697044e+00
  1.535091905e+00  1.556294707e+00  1.578346082e+00  1.601292899e+00
  1.625192897e+00  1.650117113e+00  1.676145197e+00  1.703345764e+00
  1.731795496e+00  1.761608003e+00  1.792875532e+00  1.825679631e+00
  1.860108853e+00  1.896221875e+00  1.934078136e+00  1.973807912e+00
  2.015581242e+00  2.059414122e+00  2.105768522e+00  2.155763346e+00
  2.211175541e+00
@R ER 101 []
  0.000000000e+00  0.000000000e+00  0.000000000e+00  0.000000000e+00
  0.000000000e+00  0.000000000e+00  0.000000000e+00  0.000000000e+00
  0.000000000e+00  0.000000000e+00  0.000000000e+00  0.000000000e+00
  0.000000000e+00  0.000000000e+00  0.000000000e+00  0.000000000e+00
  0.000000000e+00  0.000000000e+00  0.000000000e+00  0.000000000e+00
  0.000000000e+00  0.000000000e+00  0.000000000e+00  0.000000000e+00
  0.000000000e+00  0.000000000e+00  0.000000000e+00  0.000000000e+00
  0.000000000e+00  0.000000000e+00  0.000000000e+00  0.000000000e+00
  0.000000000e+00  0.000000000e+00  0.000000000e+00  0.000000000e+00
  0.000000000e+00  0.000000000e+00  0.000000000e+00  0.000000000e+00
  0.000000000e+00  0.000000000e+00  0.000000000e+00  0.000000000e+00
  0.000000000e+00  0.000000000e+00  0.000000000e+00  0.000000000e+00
  0.000000000e+00  0.000000000e+00  0.000000000e+00  0.000000000e+00
  0.000000000e+00  0.000000000e+00  0.000000000e+00  0.000000000e+00
  0.000000000e+00  0.000000000e+00  0.000000000e+00  0.000000000e+00
  0.000000000e+00  0.000000000e+00  0.000000000e+00  0.000000000e+00
  0.000000000e+00  0.000000000e+00  0.000000000e+00  0.000000000e+00
  0.000000000e+00  0.000000000e+00  0.000000000e+00  0.000000000e+00
  0.000000000e+00  0.000000000e+00  0.000000000e+00  0.000000000e+00
  0.000000000e+00  0.000000000e+00  0.000000000e+00  0.000000000e+00
  0.000000000e+00  0.000000000e+00  0.000000000e+00  0.000000000e+00
  0.000000000e+00  0.000000000e+00  0.000000000e+00  0.000000000e+00
  0.000000000e+00  0.000000000e+00  0.000000000e+00  0.000000000e+00
  0.000000000e+00  0.000000000e+00  0.000000000e+00  0.000000000e+00
  0.000000000e+00  0.000000000e+00  0.000000000e+00  0.000000000e+00
  0.000000000e+00
@R NC1 101 []
  9.985000474e-01  9.386111008e-01  9.155395656e-01  8.986640313e-01
  8.849608580e-01  8.732641546e-01  8.629782332e-01  8.537514256e-01
  8.453557913e-01  8.376329493e-01  8.304682564e-01  8.237758461e-01
  8.174885474e-01  8.115532141e-01  8.059272122e-01  8.005746831e-01
  7.954651819e-01  7.905757403e-01  7.858844223e-01  7.813736165e-01
  7.770267786e-01  7.728301397e-01  7.687716430e-01  7.648402647e-01
  7.610259955e-01  7.573197568e-01  7.537141293e-01  7.502038525e-01
  7.467842662e-01  7.434497639e-01  7.401929278e-01  7.370067591e-01
  7.338859017e-01  7.308259776e-01  7.278241206e-01  7.248783599e-01
  7.219871415e-01  7.191483794e-01  7.163595934e-01  7.136184164e-01
  7.109222980e-01  7.082690932e-01  7.056571349e-01  7.030846386e-01
  7.005500204e-01  6.980523589e-01  6.955901315e-01  6.931624353e-01
  6.907683773e-01  6.884067908e-01  6.860771935e-01  6.837785448e-01
  6.815100307e-01  6.792709794e-01  6.770603814e-01  6.748775498e-01
  6.727216855e-01  6.705920390e-01  6.684878732e-01  6.664084450e-01
  6.643530831e-01  6.623212142e-01  6.603121120e-01  6.583250037e-01
  6.563592224e-01  6.544138773e-01  6.524880751e-01  6.505811262e-01
  6.486922649e-01  6.468208651e-01  6.449663607e-01  6.431280932e-01
  6.413056775e-01  6.394985532e-01  6.377060529e-01  6.359277047e-01
  6.341628298e-01  6.324107049e-01  6.306706646e-01  6.289419506e-01
  6.272240053e-01  6.255164226e-01  6.238188294e-01  6.221310634e-01
  6.204525015e-01  6.187810122e-01  6.171137776e-01  6.154486247e-01
  6.137905110e-01  6.121510949e-01  6.105464340e-01  6.090002271e-01
  6.075236778e-01  6.061052550e-01  6.047209075e-01  6.033566860e-01
  6.019785832e-01  6.005216879e-01  5.988917553e-01  5.970064890e-01
  5.948507707e-01
@R HFAC1 101 []
  1.000000000e+00  9.976269483e-01  9.952574489e-01  9.928915443e-01
  9.905294076e-01  9.881710966e-01  9.858165117e-01  9.834656762e-01
  9.811186228e-01  9.787752023e-01  9.764353112e-01  9.740989520e-01
  9.717658973e-01  9.694359050e-01  9.671088161e-01  9.647845053e-01
  9.624621495e-01  9.601421591e-01  9.578238860e-01  9.555074110e-01
  9.531920860e-01  9.508776484e-01  9.485639637e-01  9.462504560e-01
  9.439366387e-01  9.416219943e-01  9.393062938e-01  9.369899080e-01
  9.346732894e-01  9.323562871e-01  9.300376981e-01  9.277160710e-01
  9.253903158e-01  9.230597800e-01  9.207245810e-01  9.183851802e-01
  9.160420793e-01  9.136954763e-01  9.113453053e-01  9.089914350e-01
  9.066334742e-01  9.042711805e-01  9.019046192e-01  8.995336999e-01
  8.971582674e-01  8.947786956e-01  8.923948667e-01  8.900069954e-01
  8.876153320e-01  8.852198988e-01  8.828211187e-01  8.804189993e-01
  8.780137597e-01  8.756055754e-01  8.731944244e-01  8.707804914e-01
  8.683637453e-01  8.659443737e-01  8.635223388e-01  8.610976161e-01
  8.586703600e-01  8.562405911e-01  8.538082275e-01  8.513732170e-01
  8.489354808e-01  8.464947383e-01  8.440506491e-01  8.416030985e-01
  8.391518646e-01  8.366967289e-01  8.342375345e-01  8.317740991e-01
  8.293064012e-01  8.268342592e-01  8.243573856e-01  8.218755809e-01
  8.193885042e-01  8.168957248e-01  8.143967985e-01  8.118912565e-01
  8.093787290e-01  8.068590132e-01  8.043319526e-01  8.017974662e-01
  7.992549443e-01  7.967021085e-01  7.941355152e-01  7.915529858e-01
  7.889596303e-01  7.863700187e-01  7.838050015e-01  7.812883861e-01
  7.788298488e-01  7.764173431e-01  7.740259480e-01  7.716367068e-01
  7.692169112e-01  7.666963476e-01  7.639627198e-01  7.609224766e-01
  7.575538380e-01
@R HFAC2 101 []
  1.000000000e+00  9.952623344e-01  9.905485615e-01  9.858586345e-01
  9.811927654e-01  9.765509343e-01  9.719328101e-01  9.673383050e-01
  9.627673501e-01  9.582195218e-01  9.536944876e-01  9.491921211e-01
  9.447118521e-01  9.402530891e-01  9.358154069e-01  9.313984428e-01
  9.270005127e-01  9.226222823e-01  9.182624193e-01  9.139209641e-01
  9.095965954e-01  9.052887252e-01  9.009970062e-01  8.967202802e-01
  8.924575590e-01  8.882078017e-01  8.839705205e-01  8.797463590e-01
  8.755361101e-01  8.713394354e-01  8.671540375e-01  8.629771773e-01
  8.588068250e-01  8.546417838e-01  8.504822753e-01  8.463291473e-01
  8.421833169e-01  8.380451364e-01  8.339144693e-01  8.297910636e-01
  8.256742140e-01  8.215634881e-01  8.174589947e-01  8.133605704e-01
  8.092679535e-01  8.051818017e-01  8.011019156e-01  7.970286746e-01
  7.929625188e-01  7.889034887e-01  7.848523158e-01  7.808090148e-01
  7.767739485e-01  7.727474130e-01  7.687293594e-01  7.647200816e-01
  7.607195231e-01  7.567279753e-01  7.527453574e-01  7.487716176e-01
  7.448069828e-01  7.408514721e-01  7.369049338e-01  7.329672466e-01
  7.290382511e-01  7.251174559e-01  7.212042748e-01  7.172984923e-01
  7.133997170e-01  7.095075740e-01  7.056217986e-01  7.017420768e-01
  6.978683581e-01  6.940003365e-01  6.901375316e-01  6.862796153e-01
  6.824260233e-01  6.785760410e-01  6.747289470e-01  6.708839804e-01
  6.670405453e-01  6.631983191e-01  6.593570571e-01  6.555166638e-01
  6.516762296e-01  6.478321574e-01  6.439789493e-01  6.401130595e-01
  6.362426123e-01  6.323910212e-01  6.285918008e-01  6.248831357e-01
  6.212803527e-01  6.177640721e-01  6.142945277e-01  6.108416839e-01
  6.073534274e-01  6.037166461e-01  5.997497436e-01  5.953047396e-01
  5.903513724e-01
