@R IP 1 []
  9.999999995e+06
@R BCENTR 1 []
  1.100000000e+01
@R RMAJOR 1 []
  4.550000000e+00
@R AMINOR 1 []
  1.108409782e+00
@R KAPPA 1 []
  1.345642737e+00
@R DELTA 1 []
 -3.154868483e-01
@I NRHO 1 []
              101
@R RHOB 1 []
  1.264105256e+00
@R RHO 101 []
  0.000000000e+00  1.000000000e-02  2.000000000e-02  3.000000000e-02
  4.000000000e-02  5.000000000e-02  6.000000000e-02  7.000000000e-02
  8.000000000e-02  9.000000000e-02  1.000000000e-01  1.100000000e-01
  1.200000000e-01  1.300000000e-01  1.400000000e-01  1.500000000e-01
  1.600000000e-01  1.700000000e-01  1.800000000e-01  1.900000000e-01
  2.000000000e-01  2.100000000e-01  2.200000000e-01  2.300000000e-01
  2.400000000e-01  2.500000000e-01  2.600000000e-01  2.700000000e-01
  2.800000000e-01  2.900000000e-01  3.000000000e-01  3.100000000e-01
  3.200000000e-01  3.300000000e-01  3.400000000e-01  3.500000000e-01
  3.600000000e-01  3.700000000e-01  3.800000000e-01  3.900000000e-01
  4.000000000e-01  4.100000000e-01  4.200000000e-01  4.300000000e-01
  4.400000000e-01  4.500000000e-01  4.600000000e-01  4.700000000e-01
  4.800000000e-01  4.900000000e-01  5.000000000e-01  5.100000000e-01
  5.200000000e-01  5.300000000e-01  5.400000000e-01  5.500000000e-01
  5.600000000e-01  5.700000000e-01  5.800000000e-01  5.900000000e-01
  6.000000000e-01  6.100000000e-01  6.200000000e-01  6.300000000e-01
  6.400000000e-01  6.500000000e-01  6.600000000e-01  6.700000000e-01
  6.800000000e-01  6.900000000e-01  7.000000000e-01  7.100000000e-01
  7.200000000e-01  7.300000000e-01  7.400000000e-01  7.500000000e-01
  7.600000000e-01  7.700000000e-01  7.800000000e-01  7.900000000e-01
  8.000000000e-01  8.100000000e-01  8.200000000e-01  8.300000000e-01
  8.400000000e-01  8.500000000e-01  8.600000000e-01  8.700000000e-01
  8.800000000e-01  8.900000000e-01  9.000000000e-01  9.100000000e-01
  9.200000000e-01  9.300000000e-01  9.400000000e-01  9.500000000e-01
  9.600000000e-01  9.700000000e-01  9.800000000e-01  9.900000000e-01
  1.000000000e+00
@R VOLP 101 []
  0.000000000e+00  2.453341575e+00  4.906413240e+00  7.358948813e+00
  9.810682279e+00  1.226135201e+01  1.471070627e+01  1.715849772e+01
  1.960448424e+01  2.204843959e+01  2.449014853e+01  2.692939975e+01
  2.936600194e+01  3.179978273e+01  3.423057192e+01  3.665821742e+01
  3.908259398e+01  4.150358487e+01  4.392108125e+01  4.633501068e+01
  4.874530722e+01  5.115190726e+01  5.355478423e+01  5.595392990e+01
  5.834934142e+01  6.074103963e+01  6.312904945e+01  6.551334499e+01
  6.789382700e+01  7.027043466e+01  7.264329769e+01  7.501269964e+01
  7.737892598e+01  7.974214211e+01  8.210236618e+01  8.445955437e+01
  8.681366419e+01  8.916469210e+01  9.151266900e+01  9.385764722e+01
  9.619970035e+01  9.853889662e+01  1.008752815e+02  1.032088843e+02
  1.055397120e+02  1.078677481e+02  1.101929587e+02  1.125152987e+02
  1.148346932e+02  1.171510468e+02  1.194642578e+02  1.217742150e+02
  1.240808063e+02  1.263839045e+02  1.286833928e+02  1.309791636e+02
  1.332710694e+02  1.355589798e+02  1.378427785e+02  1.401223298e+02
  1.423975058e+02  1.446681756e+02  1.469342099e+02  1.491955019e+02
  1.514519369e+02  1.537034035e+02  1.559498142e+02  1.581910703e+02
  1.604270676e+02  1.626577198e+02  1.648829372e+02  1.671026319e+02
  1.693167200e+02  1.715251302e+02  1.737278101e+02  1.759247004e+02
  1.781157698e+02  1.803010578e+02  1.824806185e+02  1.846544882e+02
  1.868226968e+02  1.889852231e+02  1.911420253e+02  1.932930622e+02
  1.954383561e+02  1.975783966e+02  1.997141047e+02  2.018458079e+02
  2.039714053e+02  2.060839710e+02  2.081704975e+02  2.102167798e+02
  2.122170876e+02  2.141751286e+02  2.161006280e+02  2.180049269e+02
  2.199049848e+02  2.218398510e+02  2.238819703e+02  2.260959502e+02
  2.285120601e+02
@R IPOL 101 []
  1.012588677e+00  1.012590298e+00  1.012595134e+00  1.012603102e+00
  1.012614063e+00  1.012627826e+00  1.012644147e+00  1.012662732e+00
  1.012683238e+00  1.012705278e+00  1.012728422e+00  1.012752204e+00
  1.012776118e+00  1.012799623e+00  1.012822150e+00  1.012843103e+00
  1.012861871e+00  1.012877817e+00  1.012890302e+00  1.012898671e+00
  1.012902275e+00  1.012900466e+00  1.012892603e+00  1.012878060e+00
  1.012856228e+00  1.012826525e+00  1.012788390e+00  1.012741391e+00
  1.012685797e+00  1.012622037e+00  1.012549332e+00  1.012465844e+00
  1.012370047e+00  1.012261652e+00  1.012141089e+00  1.012008813e+00
  1.011865172e+00  1.011710403e+00  1.011544687e+00  1.011368202e+00
  1.011181086e+00  1.010983412e+00  1.010775369e+00  1.010557307e+00
  1.010329628e+00  1.010092782e+00  1.009847249e+00  1.009593625e+00
  1.009332552e+00  1.009064651e+00  1.008790618e+00  1.008511097e+00
  1.008226782e+00  1.007938298e+00  1.007646271e+00  1.007351342e+00
  1.007054106e+00  1.006755196e+00  1.006455182e+00  1.006154627e+00
  1.005854116e+00  1.005554201e+00  1.005255408e+00  1.004958259e+00
  1.004663251e+00  1.004370870e+00  1.004081586e+00  1.003795885e+00
  1.003514247e+00  1.003237147e+00  1.002965057e+00  1.002698450e+00
  1.002437806e+00  1.002183587e+00  1.001936240e+00  1.001696213e+00
  1.001463960e+00  1.001239916e+00  1.001024492e+00  1.000818099e+00
  1.000621176e+00  1.000434189e+00  1.000257597e+00  1.000091897e+00
  9.999376924e-01  9.997957213e-01  9.996669470e-01  9.995529678e-01
  9.994559878e-01  9.993792684e-01  9.993344017e-01  9.993344664e-01
  9.993786435e-01  9.994600349e-01  9.995702464e-01  9.996941948e-01
  9.998132965e-01  9.999114247e-01  9.999803980e-01  1.000017667e+00
  1.000000000e+00
@R G11 101 []
  0.000000000e+00  2.454956192e+00  4.910059157e+00  7.365387253e+00
  9.821571868e+00  1.227877656e+01  1.473651110e+01  1.719460292e+01
  1.965374490e+01  2.211455216e+01  2.457699442e+01  2.704058866e+01
  2.950654960e+01  3.197203816e+01  3.444205783e+01  3.690466264e+01
  3.937374112e+01  4.184726738e+01  4.432299163e+01  4.680947382e+01
  4.928159214e+01  5.176652924e+01  5.425795147e+01  5.674353402e+01
  5.922967452e+01  6.171931367e+01  6.421460873e+01  6.671176514e+01
  6.920973739e+01  7.170968207e+01  7.421153878e+01  7.671546360e+01
  7.922126258e+01  8.172953382e+01  8.423960163e+01  8.674799046e+01
  8.925652748e+01  9.176865169e+01  9.428820089e+01  9.681128425e+01
  9.932642284e+01  1.018454759e+02  1.043799241e+02  1.069027525e+02
  1.094319706e+02  1.119710179e+02  1.145004656e+02  1.170468932e+02
  1.195879729e+02  1.221370776e+02  1.246912977e+02  1.272454732e+02
  1.298149345e+02  1.323761630e+02  1.349566843e+02  1.375361271e+02
  1.401201491e+02  1.427269875e+02  1.453215202e+02  1.479330414e+02
  1.505646410e+02  1.531884243e+02  1.558256144e+02  1.584852811e+02
  1.611512713e+02  1.638192717e+02  1.665057498e+02  1.692150103e+02
  1.719337501e+02  1.746627444e+02  1.774050103e+02  1.801723207e+02
  1.829626184e+02  1.857673850e+02  1.885907814e+02  1.914324343e+02
  1.943026497e+02  1.972050621e+02  2.001322621e+02  2.030859948e+02
  2.060683068e+02  2.090820470e+02  2.121401231e+02  2.152435323e+02
  2.183857356e+02  2.215712109e+02  2.247999602e+02  2.280911676e+02
  2.314541875e+02  2.348897750e+02  2.384145174e+02  2.420625496e+02
  2.458569686e+02  2.497806282e+02  2.538187716e+02  2.580030877e+02
  2.623250398e+02  2.667306067e+02  2.712549040e+02  2.759145629e+02
  2.807242160e+02
@R G22 101 []
  0.000000000e+00  1.249190202e-02  2.498467076e-02  3.747882617e-02
  4.997769308e-02  6.248223157e-02  7.499009776e-02  8.750054623e-02
  1.000172341e-01  1.125434751e-01  1.250792991e-01  1.376223974e-01
  1.501791674e-01  1.627354098e-01  1.753167813e-01  1.878627027e-01
  2.004442023e-01  2.130512100e-01  2.256725435e-01  2.383521465e-01
  2.509624527e-01  2.636421374e-01  2.763593473e-01  2.890517631e-01
  3.017523474e-01  3.144765254e-01  3.272356977e-01  3.400106383e-01
  3.527959552e-01  3.655977994e-01  3.784166835e-01  3.912544662e-01
  4.041111766e-01  4.169906026e-01  4.298894430e-01  4.427897907e-01
  4.557008284e-01  4.686401727e-01  4.816276418e-01  4.946436898e-01
  5.076301023e-01  5.206478110e-01  5.337557123e-01  5.468158968e-01
  5.599206400e-01  5.730875268e-01  5.862171318e-01  5.994455154e-01
  6.126582229e-01  6.259235723e-01  6.392264490e-01  6.525402515e-01
  6.659433881e-01  6.793149668e-01  6.927960562e-01  7.062819778e-01
  7.198014747e-01  7.334479665e-01  7.470408573e-01  7.607304441e-01
  7.745323464e-01  7.883028292e-01  8.021508131e-01  8.161227639e-01
  8.301351983e-01  8.441655620e-01  8.582984865e-01  8.725557815e-01
  8.868683747e-01  9.012398223e-01  9.156851785e-01  9.302645744e-01
  9.449666472e-01  9.597466406e-01  9.746252409e-01  9.895994958e-01
  1.004721629e+00  1.020009603e+00  1.035424122e+00  1.050972754e+00
  1.066664261e+00  1.082510893e+00  1.098576549e+00  1.114863343e+00
  1.131334557e+00  1.148013039e+00  1.164900327e+00  1.182092874e+00
  1.199621755e+00  1.217446315e+00  1.235585143e+00  1.254149245e+00
  1.273224781e+00  1.292732534e+00  1.312635243e+00  1.333133537e+00
  1.354242696e+00  1.375843565e+00  1.398415051e+00  1.422243515e+00
  1.447410088e+00
@R G33 101 []
  9.140191286e-01  9.140345036e-01  9.140804205e-01  9.141565805e-01
  9.142631091e-01  9.143998723e-01  9.145663959e-01  9.147624349e-01
  9.149878238e-01  9.152420128e-01  9.155244618e-01  9.158348921e-01
  9.161726895e-01  9.165370784e-01  9.169276309e-01  9.173437609e-01
  9.177845655e-01  9.182493333e-01  9.187374926e-01  9.192480194e-01
  9.197800973e-01  9.203331444e-01  9.209061592e-01  9.214981086e-01
  9.221081287e-01  9.227352072e-01  9.233784917e-01  9.240379333e-01
  9.247139158e-01  9.254060919e-01  9.261127910e-01  9.268317178e-01
  9.275607519e-01  9.282984558e-01  9.290445885e-01  9.297995560e-01
  9.305637624e-01  9.313372315e-01  9.321196680e-01  9.329105815e-01
  9.337093443e-01  9.345154861e-01  9.353286785e-01  9.361486084e-01
  9.369751072e-01  9.378081533e-01  9.386478103e-01  9.394940877e-01
  9.403471518e-01  9.412072949e-01  9.420747225e-01  9.429497005e-01
  9.438323909e-01  9.447230781e-01  9.456219087e-01  9.465288984e-01
  9.474443499e-01  9.483683566e-01  9.493009279e-01  9.502421785e-01
  9.511921140e-01  9.521507547e-01  9.531181057e-01  9.540940044e-01
  9.550783397e-01  9.560709770e-01  9.570716279e-01  9.580800511e-01
  9.590960341e-01  9.601192490e-01  9.611493852e-01  9.621861153e-01
  9.632290738e-01  9.642778418e-01  9.653319041e-01  9.663907891e-01
  9.674538691e-01  9.685201614e-01  9.695886556e-01  9.706584572e-01
  9.717287028e-01  9.727987788e-01  9.738681909e-01  9.749364055e-01
  9.760024689e-01  9.770629957e-01  9.781123693e-01  9.791474022e-01
  9.801760361e-01  9.812277614e-01  9.823513847e-01  9.835977295e-01
  9.849899134e-01  9.865130848e-01  9.881272467e-01  9.897932707e-01
  9.914518361e-01  9.929445794e-01  9.939621319e-01  9.942351413e-01
  9.936770164e-01
@R GRADRHO 101 []
  1.004371616e+00  9.962591904e-01  9.962910620e-01  9.963418895e-01
  9.964399563e-01  9.965695504e-01  9.967040685e-01  9.968407312e-01
  9.970003653e-01  9.971940866e-01  9.974140269e-01  9.976457529e-01
  9.979093312e-01  9.981560291e-01  9.984635052e-01  9.986591962e-01
  9.989416483e-01  9.992722965e-01  9.996188191e-01  1.000071097e+00
  1.000358796e+00  1.000768061e+00  1.001224472e+00  1.001613831e+00
  1.001998378e+00  1.002402209e+00  1.002839957e+00  1.003279450e+00
  1.003713075e+00  1.004149885e+00  1.004588619e+00  1.005028542e+00
  1.005467238e+00  1.005908148e+00  1.006346686e+00  1.006762418e+00
  1.007167310e+00  1.007580790e+00  1.008022147e+00  1.008468469e+00
  1.008860736e+00  1.009261178e+00  1.009724054e+00  1.010116892e+00
  1.010527269e+00  1.010969125e+00  1.011354240e+00  1.011800835e+00
  1.012210344e+00  1.012640223e+00  1.013077243e+00  1.013500297e+00
  1.013969824e+00  1.014392819e+00  1.014875176e+00  1.015338200e+00
  1.015803168e+00  1.016334586e+00  1.016805769e+00  1.017320187e+00
  1.017885569e+00  1.018406147e+00  1.018953047e+00  1.019553483e+00
  1.020152945e+00  1.020737213e+00  1.021356645e+00  1.022021580e+00
  1.022689167e+00  1.023360267e+00  1.024042119e+00  1.024766190e+00
  1.025523108e+00  1.026286011e+00  1.027063872e+00  1.027852732e+00
  1.028676721e+00  1.029540878e+00  1.030421207e+00  1.031317743e+00
  1.032230825e+00  1.033162304e+00  1.034138126e+00  1.035154014e+00
  1.036187380e+00  1.037240975e+00  1.038305019e+00  1.039413472e+00
  1.040580246e+00  1.041808582e+00  1.043152848e+00  1.044711479e+00
  1.046531412e+00  1.048546636e+00  1.050683321e+00  1.052954433e+00
  1.055274148e+00  1.057395084e+00  1.059112112e+00  1.060128124e+00
  1.060267087e+00
@R AREA 101 []
  0.000000000e+00  2.444253878e+00  4.888407145e+00  7.332421117e+00
  9.776155988e+00  1.221946398e+01  1.466228268e+01  1.710458166e+01
  1.954631797e+01  2.198738177e+01  2.442767089e+01  2.686711015e+01
  2.930564930e+01  3.174320131e+01  3.417978875e+01  3.661525557e+01
  3.904996929e+01  4.148330581e+01  4.391562687e+01  4.634637357e+01
  4.877586498e+01  5.120412149e+01  5.363082323e+01  5.605609434e+01
  5.847999484e+01  6.090252846e+01  6.332362431e+01  6.574324832e+01
  6.816142540e+01  7.057816410e+01  7.299347120e+01  7.540736397e+01
  7.781986949e+01  8.023102006e+01  8.264084160e+01  8.504939666e+01
  8.745677090e+01  8.986298820e+01  9.226804826e+01  9.467192034e+01
  9.707471299e+01  9.947655520e+01  1.018773654e+02  1.042771614e+02
  1.066761736e+02  1.090742396e+02  1.114715488e+02  1.138681167e+02
  1.162639099e+02  1.186591190e+02  1.210536207e+02  1.234476216e+02
  1.258410314e+02  1.282339606e+02  1.306264857e+02  1.330185241e+02
  1.354103054e+02  1.378016979e+02  1.401928184e+02  1.425838085e+02
  1.449745620e+02  1.473651999e+02  1.497558643e+02  1.521465175e+02
  1.545372157e+02  1.569280953e+02  1.593192745e+02  1.617107508e+02
  1.641026212e+02  1.664950272e+02  1.688881111e+02  1.712819881e+02
  1.736767278e+02  1.760724968e+02  1.784694775e+02  1.808678639e+02
  1.832678592e+02  1.856696205e+02  1.880733786e+02  1.904794087e+02
  1.928880122e+02  1.952995192e+02  1.977142670e+02  2.001325745e+02
  2.025548653e+02  2.049816215e+02  2.074133993e+02  2.098508167e+02
  2.122944420e+02  2.147448749e+02  2.172025569e+02  2.196676593e+02
  2.221400386e+02  2.246196910e+02  2.271069747e+02  2.296026114e+02
  2.321076172e+02  2.346241030e+02  2.371560838e+02  2.397104074e+02
  2.422968685e+02
@R A 101 []
  0.000000000e+00  1.130490331e-02  2.260952591e-02  3.391410846e-02
  4.521868684e-02  5.652295212e-02  6.782705719e-02  7.913120432e-02
  9.043524369e-02  1.017390700e-01  1.130426811e-01  1.243459090e-01
  1.356486970e-01  1.469510008e-01  1.582531676e-01  1.695546201e-01
  1.808573385e-01  1.921585597e-01  2.034600099e-01  2.147592415e-01
  2.260578893e-01  2.373560271e-01  2.486521029e-01  2.599468024e-01
  2.712403710e-01  2.825325866e-01  2.938229982e-01  3.051113854e-01
  3.163978683e-01  3.276825008e-01  3.389652287e-01  3.502456599e-01
  3.615234152e-01  3.727983826e-01  3.840704026e-01  3.953393941e-01
  4.066054128e-01  4.178682847e-01  4.291276549e-01  4.403829889e-01
  4.516344671e-01  4.628823447e-01  4.741258336e-01  4.853645865e-01
  4.965992720e-01  5.078287185e-01  5.190533696e-01  5.302728556e-01
  5.414866245e-01  5.526951226e-01  5.638973218e-01  5.750937942e-01
  5.862836762e-01  5.974670314e-01  6.086437690e-01  6.198130432e-01
  6.309754584e-01  6.421299048e-01  6.532764149e-01  6.644151415e-01
  6.755450242e-01  6.866660172e-01  6.977781999e-01  7.088807621e-01
  7.199732700e-01  7.310556263e-01  7.421276188e-01  7.531884294e-01
  7.642376291e-01  7.752749245e-01  7.863000110e-01  7.973123730e-01
  8.083111899e-01  8.192960334e-01  8.302664605e-01  8.412219815e-01
  8.521620453e-01  8.630857768e-01  8.739925498e-01  8.848817805e-01
  8.957528166e-01  9.066049633e-01  9.174373526e-01  9.282488798e-01
  9.390387646e-01  9.498062648e-01  9.605507708e-01  9.712715683e-01
  9.819675742e-01  9.926387381e-01  1.003284234e+00  1.013903739e+00
  1.024499044e+00  1.035073128e+00  1.045628846e+00  1.056167532e+00
  1.066689205e+00  1.077187020e+00  1.087649562e+00  1.098063011e+00
  1.108409782e+00
@R RTOR 101 []
  4.759197790e+00  4.759176564e+00  4.759113053e+00  4.759007763e+00
  4.758860506e+00  4.758671209e+00  4.758440399e+00  4.758168373e+00
  4.757855186e+00  4.757501192e+00  4.757106929e+00  4.756672715e+00
  4.756198926e+00  4.755686237e+00  4.755135128e+00  4.754546030e+00
  4.753919572e+00  4.753256570e+00  4.752557420e+00  4.751823012e+00
  4.751054051e+00  4.750251149e+00  4.749415100e+00  4.748546724e+00
  4.747646736e+00  4.746715892e+00  4.745755123e+00  4.744765246e+00
  4.743746755e+00  4.742700120e+00  4.741625974e+00  4.740525126e+00
  4.739398371e+00  4.738246734e+00  4.737071232e+00  4.735872728e+00
  4.734651896e+00  4.733409259e+00  4.732145276e+00  4.730860366e+00
  4.729554952e+00  4.728229439e+00  4.726884266e+00  4.725519802e+00
  4.724136313e+00  4.722734184e+00  4.721313536e+00  4.719874579e+00
  4.718417474e+00  4.716942202e+00  4.715448877e+00  4.713937345e+00
  4.712407622e+00  4.710859531e+00  4.709292872e+00  4.707707573e+00
  4.706103282e+00  4.704479844e+00  4.702836957e+00  4.701174268e+00
  4.699491572e+00  4.697788483e+00  4.696064591e+00  4.694319611e+00
  4.692553163e+00  4.690764782e+00  4.688954056e+00  4.687120637e+00
  4.685264066e+00  4.683383860e+00  4.681479531e+00  4.679550595e+00
  4.677596580e+00  4.675616909e+00  4.673611008e+00  4.671578262e+00
  4.669518001e+00  4.667429629e+00  4.665312504e+00  4.663165919e+00
  4.660989133e+00  4.658781300e+00  4.656541502e+00  4.654268794e+00
  4.651962040e+00  4.649620164e+00  4.647242301e+00  4.644827548e+00
  4.642374918e+00  4.639882008e+00  4.637344589e+00  4.634757238e+00
  4.632112171e+00  4.629400815e+00  4.626615971e+00  4.623752644e+00
  4.620806497e+00  4.617780802e+00  4.614683863e+00  4.611528948e+00
  4.608331572e+00
@R SHIFT 101 []
  2.091977903e-01  2.091765637e-01  2.091130530e-01  2.090077629e-01
  2.088605056e-01  2.086712094e-01  2.084403992e-01  2.081683730e-01
  2.078551864e-01  2.075011919e-01  2.071069287e-01  2.066727149e-01
  2.061989255e-01  2.056862369e-01  2.051351275e-01  2.045460299e-01
  2.039195722e-01  2.032565702e-01  2.025574202e-01  2.018230123e-01
  2.010540513e-01  2.002511486e-01  1.994151004e-01  1.985467235e-01
  1.976467358e-01  1.967158921e-01  1.957551230e-01  1.947652460e-01
  1.937467550e-01  1.927001204e-01  1.916259737e-01  1.905251262e-01
  1.893983713e-01  1.882467343e-01  1.870712317e-01  1.858727283e-01
  1.846518957e-01  1.834092588e-01  1.821452758e-01  1.808603661e-01
  1.795549525e-01  1.782294387e-01  1.768842657e-01  1.755198019e-01
  1.741363131e-01  1.727341841e-01  1.713135363e-01  1.698745794e-01
  1.684174744e-01  1.669422023e-01  1.654488765e-01  1.639373449e-01
  1.624076224e-01  1.608595307e-01  1.592928720e-01  1.577075727e-01
  1.561032818e-01  1.544798436e-01  1.528369569e-01  1.511742683e-01
  1.494915715e-01  1.477884831e-01  1.460645905e-01  1.443196108e-01
  1.425531627e-01  1.407647815e-01  1.389540563e-01  1.371206371e-01
  1.352640662e-01  1.333838595e-01  1.314795311e-01  1.295505951e-01
  1.275965802e-01  1.256169088e-01  1.236110080e-01  1.215782617e-01
  1.195180015e-01  1.174296289e-01  1.153125036e-01  1.131659195e-01
  1.109891335e-01  1.087812998e-01  1.065415021e-01  1.042687943e-01
  1.019620400e-01  9.962016371e-02  9.724230104e-02  9.482754752e-02
  9.237491829e-02  8.988200841e-02  8.734458940e-02  8.475723829e-02
  8.211217132e-02  7.940081507e-02  7.661597066e-02  7.375264391e-02
  7.080649721e-02  6.778080249e-02  6.468386347e-02  6.152894796e-02
  5.833157214e-02
@R ELONG 101 []
  1.292352656e+00  1.292357286e+00  1.292371178e+00  1.292374045e+00
  1.292345427e+00  1.292297858e+00  1.292239843e+00  1.292177022e+00
  1.292113586e+00  1.292043808e+00  1.291965862e+00  1.291882843e+00
  1.291797768e+00  1.291708683e+00  1.291614615e+00  1.291517170e+00
  1.291416986e+00  1.291315412e+00  1.291212858e+00  1.291109486e+00
  1.291005754e+00  1.290903546e+00  1.290804101e+00  1.290706922e+00
  1.290612832e+00  1.290523619e+00  1.290440457e+00  1.290363530e+00
  1.290292724e+00  1.290228100e+00  1.290170321e+00  1.290121430e+00
  1.290082982e+00  1.290055703e+00  1.290040212e+00  1.290037464e+00
  1.290048040e+00  1.290072222e+00  1.290110607e+00  1.290163835e+00
  1.290232346e+00  1.290316381e+00  1.290416426e+00  1.290533006e+00
  1.290666610e+00  1.290817619e+00  1.290986420e+00  1.291173441e+00
  1.291378902e+00  1.291603202e+00  1.291846624e+00  1.292109372e+00
  1.292391720e+00  1.292693970e+00  1.293016409e+00  1.293359279e+00
  1.293722932e+00  1.294107652e+00  1.294513835e+00  1.294941832e+00
  1.295392072e+00  1.295865094e+00  1.296361334e+00  1.296881330e+00
  1.297425707e+00  1.297995191e+00  1.298590476e+00  1.299212308e+00
  1.299861580e+00  1.300539305e+00  1.301246469e+00  1.301984121e+00
  1.302753453e+00  1.303555745e+00  1.304392374e+00  1.305264806e+00
  1.306174656e+00  1.307123733e+00  1.308113965e+00  1.309147450e+00
  1.310226484e+00  1.311353469e+00  1.312530957e+00  1.313761652e+00
  1.315048456e+00  1.316394672e+00  1.317804366e+00  1.319282110e+00
  1.320832853e+00  1.322460895e+00  1.324168037e+00  1.325951990e+00
  1.327807441e+00  1.329728457e+00  1.331710530e+00  1.333752922e+00
  1.335854639e+00  1.338026990e+00  1.340319392e+00  1.342820775e+00
  1.345642737e+00
@R TRIAG 101 []
  0.000000000e+00  3.185687173e-02  3.020730493e-02  2.856369208e-02
  2.691118633e-02  2.524787113e-02  2.357860657e-02  2.190156898e-02
  2.021302395e-02  1.851358593e-02  1.680382055e-02  1.508126467e-02
  1.334451696e-02  1.159450011e-02  9.830387010e-03  8.050202351e-03
  6.253558442e-03  4.440190821e-03  2.608519053e-03  7.586018935e-04
 -1.110246322e-03 -2.999277802e-03 -4.909090165e-03 -6.839918925e-03
 -8.792496686e-03 -1.076746912e-02 -1.276493035e-02 -1.478542297e-02
 -1.683035534e-02 -1.890088843e-02 -2.099768564e-02 -2.312091694e-02
 -2.527092108e-02 -2.744777928e-02 -2.965181695e-02 -3.188389214e-02
 -3.414537717e-02 -3.643745355e-02 -3.876034203e-02 -4.111427322e-02
 -4.349959572e-02 -4.591678647e-02 -4.836628119e-02 -5.084874274e-02
 -5.336505941e-02 -5.591605836e-02 -5.850289463e-02 -6.112605319e-02
 -6.378608027e-02 -6.648399553e-02 -6.922069310e-02 -7.199717257e-02
 -7.481414413e-02 -7.767261224e-02 -8.057381618e-02 -8.351882779e-02
 -8.650895661e-02 -8.954538480e-02 -9.262956416e-02 -9.576325009e-02
 -9.894784685e-02 -1.021850909e-01 -1.054769840e-01 -1.088253907e-01
 -1.122328368e-01 -1.157025308e-01 -1.192369299e-01 -1.228384617e-01
 -1.265099105e-01 -1.302541576e-01 -1.340741450e-01 -1.379731235e-01
 -1.419545424e-01 -1.460221790e-01 -1.501798795e-01 -1.544319276e-01
 -1.587830818e-01 -1.632383768e-01 -1.678028773e-01 -1.724822566e-01
 -1.772827815e-01 -1.822115033e-01 -1.872761340e-01 -1.924851074e-01
 -1.978483390e-01 -2.033770902e-01 -2.090820276e-01 -2.149720276e-01
 -2.210596553e-01 -2.273594924e-01 -2.338871187e-01 -2.406584791e-01
 -2.476891699e-01 -2.549922906e-01 -2.625572527e-01 -2.703601014e-01
 -2.784163215e-01 -2.867840630e-01 -2.956167978e-01 -3.051086262e-01
 -3.154868483e-01
@R PMHD 101 []
  1.846292109e+06  1.845428651e+06  1.842841393e+06  1.838539695e+06
  1.832539113e+06  1.824861360e+06  1.815534217e+06  1.804591418e+06
  1.792072451e+06  1.778022441e+06  1.762491784e+06  1.745535755e+06
  1.727214184e+06  1.707591526e+06  1.686735181e+06  1.664717668e+06
  1.641609936e+06  1.617495189e+06  1.592449502e+06  1.566560201e+06
  1.539907082e+06  1.512573969e+06  1.484649138e+06  1.456215871e+06
  1.427357713e+06  1.398157768e+06  1.368698645e+06  1.339052807e+06
  1.309229049e+06  1.279223137e+06  1.249140623e+06  1.219184867e+06
  1.189531174e+06  1.160244104e+06  1.131323458e+06  1.102766733e+06
  1.074581393e+06  1.046786229e+06  1.019406553e+06  9.924686384e+05
  9.660015302e+05  9.400387178e+05  9.146084304e+05  8.897227145e+05
  8.653849775e+05  8.416018315e+05  8.183711676e+05  7.956829572e+05
  7.735248019e+05  7.518816458e+05  7.307372961e+05  7.100748432e+05
  6.898775039e+05  6.701321403e+05  6.508250449e+05  6.319449607e+05
  6.134778109e+05  5.954136457e+05  5.777428514e+05  5.604562455e+05
  5.435463070e+05  5.270044888e+05  5.108240835e+05  4.950013250e+05
  4.795323083e+05  4.644130286e+05  4.496401849e+05  4.352107359e+05
  4.211198086e+05  4.073616462e+05  3.939300359e+05  3.808180417e+05
  3.680183865e+05  3.555231489e+05  3.433240921e+05  3.314119344e+05
  3.197764810e+05  3.084083061e+05  2.972981813e+05  2.864351506e+05
  2.758041744e+05  2.653864110e+05  2.551617662e+05  2.451054761e+05
  2.351794743e+05  2.253314008e+05  2.154851321e+05  2.055013859e+05
  1.951811586e+05  1.842194937e+05  1.715095393e+05  1.557968067e+05
  1.371556173e+05  1.162416821e+05  9.385202047e+04  7.142159163e+04
  5.070700504e+04  3.319271946e+04  1.953262448e+04  9.785714883e+03
  5.910880038e+03
@R QMHD 101 []
  9.721106383e-01  9.721715360e-01  9.723550685e-01  9.726636715e-01
  9.731011358e-01  9.736722036e-01  9.743820083e-01  9.752353594e-01
  9.762358816e-01  9.773849976e-01  9.786807919e-01  9.801169209e-01
  9.816877067e-01  9.833924737e-01  9.852315216e-01  9.872069473e-01
  9.893213813e-01  9.915719496e-01  9.939563982e-01  9.964752248e-01
  9.991301702e-01  1.001922128e+00  1.004850422e+00  1.007916510e+00
  1.011120193e+00  1.014459479e+00  1.017936083e+00  1.021550104e+00
  1.025306374e+00  1.029210416e+00  1.033262819e+00  1.037457760e+00
  1.041792985e+00  1.046274054e+00  1.050905561e+00  1.055690835e+00
  1.060632166e+00  1.065732026e+00  1.070993087e+00  1.076419069e+00
  1.082015223e+00  1.087784792e+00  1.093731568e+00  1.099859853e+00
  1.106175637e+00  1.112683577e+00  1.119388975e+00  1.126298296e+00
  1.133417796e+00  1.140754235e+00  1.148313949e+00  1.156105156e+00
  1.164134448e+00  1.172410922e+00  1.180943082e+00  1.189739026e+00
  1.198809351e+00  1.208162570e+00  1.217809386e+00  1.227761438e+00
  1.238029441e+00  1.248625126e+00  1.259561910e+00  1.270852664e+00
  1.282511214e+00  1.294553055e+00  1.306993919e+00  1.319849979e+00
  1.333139008e+00  1.346880044e+00  1.361093549e+00  1.375800320e+00
  1.391022400e+00  1.406784447e+00  1.423112000e+00  1.440032336e+00
  1.457575062e+00  1.475772586e+00  1.494660491e+00  1.514276368e+00
  1.534659624e+00  1.555850621e+00  1.577890661e+00  1.600826901e+00
  1.624716838e+00  1.649630204e+00  1.675645767e+00  1.702833425e+00
  1.731271245e+00  1.761069156e+00  1.792315175e+00  1.825088449e+00
  1.859484076e+00  1.895568655e+00  1.933412044e+00  1.973157506e+00
  2.015002306e+00  2.058994785e+00  2.105601613e+00  2.155895935e+00
  2.211559820e+00
@R ER 101 []
  0.000000000e+00  0.000000000e+00  0.000000000e+00  0.000000000e+00
  0.000000000e+00  0.000000000e+00  0.000000000e+00  0.000000000e+00
  0.000000000e+00  0.000000000e+00  0.000000000e+00  0.000000000e+00
  0.000000000e+00  0.000000000e+00  0.000000000e+00  0.000000000e+00
  0.000000000e+00  0.000000000e+00  0.000000000e+00  0.000000000e+00
  0.000000000e+00  0.000000000e+00  0.000000000e+00  0.000000000e+00
  0.000000000e+00  0.000000000e+00  0.000000000e+00  0.000000000e+00
  0.000000000e+00  0.000000000e+00  0.000000000e+00  0.000000000e+00
  0.000000000e+00  0.000000000e+00  0.000000000e+00  0.000000000e+00
  0.000000000e+00  0.000000000e+00  0.000000000e+00  0.000000000e+00
  0.000000000e+00  0.000000000e+00  0.000000000e+00  0.000000000e+00
  0.000000000e+00  0.000000000e+00  0.000000000e+00  0.000000000e+00
  0.000000000e+00  0.000000000e+00  0.000000000e+00  0.000000000e+00
  0.000000000e+00  0.000000000e+00  0.000000000e+00  0.000000000e+00
  0.000000000e+00  0.000000000e+00  0.000000000e+00  0.000000000e+00
  0.000000000e+00  0.000000000e+00  0.000000000e+00  0.000000000e+00
  0.000000000e+00  0.000000000e+00  0.000000000e+00  0.000000000e+00
  0.000000000e+00  0.000000000e+00  0.000000000e+00  0.000000000e+00
  0.000000000e+00  0.000000000e+00  0.000000000e+00  0.000000000e+00
  0.000000000e+00  0.000000000e+00  0.000000000e+00  0.000000000e+00
  0.000000000e+00  0.000000000e+00  0.000000000e+00  0.000000000e+00
  0.000000000e+00  0.000000000e+00  0.000000000e+00  0.000000000e+00
  0.000000000e+00  0.000000000e+00  0.000000000e+00  0.000000000e+00
  0.000000000e+00  0.000000000e+00  0.000000000e+00  0.000000000e+00
  0.000000000e+00  0.000000000e+00  0.000000000e+00  0.000000000e+00
  0.000000000e+00
@R NC1 101 []
  9.985000474e-01  9.386010857e-01  9.155221144e-01  8.986385414e-01
  8.849266371e-01  8.732207732e-01  8.629254559e-01  8.536888816e-01
  8.452831851e-01  8.375501292e-01  8.303750877e-01  8.236722529e-01
  8.173745635e-01  8.114289137e-01  8.057926623e-01  8.004300469e-01
  7.953107300e-01  7.904116792e-01  7.857110543e-01  7.811913476e-01
  7.768359857e-01  7.726312226e-01  7.685651029e-01  7.646265762e-01
  7.608057189e-01  7.570936232e-01  7.534828866e-01  7.499678741e-01
  7.465435746e-01  7.432043027e-01  7.399431470e-01  7.367537298e-01
  7.336309540e-01  7.305704337e-01  7.275690823e-01  7.246247373e-01
  7.217356163e-01  7.188995112e-01  7.161139481e-01  7.133765896e-01
  7.106849085e-01  7.080367000e-01  7.054302582e-01  7.028637856e-01
  7.003356275e-01  6.978447935e-01  6.953897447e-01  6.929694821e-01
  6.905830750e-01  6.882292943e-01  6.859076272e-01  6.836169624e-01
  6.813564792e-01  6.791254267e-01  6.769227983e-01  6.747478797e-01
  6.725998710e-01  6.704780446e-01  6.683815473e-01  6.663095683e-01
  6.642613954e-01  6.622363510e-01  6.602336597e-01  6.582525651e-01
  6.562924353e-01  6.543524464e-01  6.524318103e-01  6.505300033e-01
  6.486462805e-01  6.467799718e-01  6.449304653e-01  6.430970679e-01
  6.412793079e-01  6.394765550e-01  6.376881159e-01  6.359134992e-01
  6.341520307e-01  6.324029999e-01  6.306657475e-01  6.289395222e-01
  6.272237695e-01  6.255180653e-01  6.238220101e-01  6.221355006e-01
  6.204580293e-01  6.187880171e-01  6.171236427e-01  6.154633760e-01
  6.138118430e-01  6.121797115e-01  6.105816255e-01  6.090396511e-01
  6.075645701e-01  6.061459619e-01  6.047610756e-01  6.033962266e-01
  6.020175500e-01  6.005607220e-01  5.989313284e-01  5.970451569e-01
  5.948860030e-01
@R HFAC1 101 []
  1.000000000e+00  9.976261880e-01  9.952555817e-01  9.928882038e-01
  9.905242051e-01  9.881636776e-01  9.858065511e-01  9.834528189e-01
  9.811025291e-01  9.787555638e-01  9.764118171e-01  9.740713094e-01
  9.717338500e-01  9.693992120e-01  9.670672405e-01  9.647378505e-01
  9.624102628e-01  9.600848753e-01  9.577610925e-01  9.554390440e-01
  9.531180820e-01  9.507979755e-01  9.484786427e-01  9.461595321e-01
  9.438401998e-01  9.415202173e-01  9.391993892e-01  9.368779555e-01
  9.345562317e-01  9.322340302e-01  9.299103518e-01  9.275840587e-01
  9.252542813e-01  9.229204341e-01  9.205825491e-01  9.182409997e-01
  9.158961850e-01  9.135482616e-01  9.111971834e-01  9.088428554e-01
  9.064849277e-01  9.041231334e-01  9.017575316e-01  8.993880429e-01
  8.970144770e-01  8.946371759e-01  8.922560253e-01  8.898711788e-01
  8.874828783e-01  8.850910934e-01  8.826962385e-01  8.802982627e-01
  8.778973858e-01  8.754937228e-01  8.730872600e-01  8.706781473e-01
  8.682663405e-01  8.658520251e-01  8.634350964e-01  8.610154733e-01
  8.585932602e-01  8.561683871e-01  8.537407082e-01  8.513101733e-01
  8.488767225e-01  8.464401358e-01  8.440001592e-01  8.415567692e-01
  8.391097754e-01  8.366589393e-01  8.342040553e-01  8.317448960e-01
  8.292813624e-01  8.268131977e-01  8.243400710e-01  8.218617565e-01
  8.193779080e-01  8.168881027e-01  8.143918948e-01  8.118888109e-01
  8.093784706e-01  8.068606362e-01  8.043351109e-01  8.018018579e-01
  7.992604344e-01  7.967091582e-01  7.941456733e-01  7.915685842e-01
  7.889827074e-01  7.864012951e-01  7.838433552e-01  7.813310812e-01
  7.788739828e-01  7.764612746e-01  7.740693573e-01  7.716796921e-01
  7.692596282e-01  7.667394545e-01  7.640065315e-01  7.609654162e-01
  7.575934236e-01
@R HFAC2 101 []
  1.000000000e+00  9.952608188e-01  9.905448501e-01  9.858520127e-01
  9.811824801e-01  9.765363048e-01  9.719132188e-01  9.673130800e-01
  9.627358544e-01  9.581811848e-01  9.536487380e-01  9.491384268e-01
  9.446497566e-01  9.401821684e-01  9.357352487e-01  9.313087153e-01
  9.269009708e-01  9.225126600e-01  9.181425523e-01  9.137907827e-01
  9.094560321e-01  9.051377727e-01  9.008357565e-01  8.965488715e-01
  8.922762090e-01  8.880168945e-01  8.837705000e-01  8.795374214e-01
  8.753181935e-01  8.711124086e-01  8.669181511e-01  8.627332630e-01
  8.585561153e-01  8.543856223e-01  8.502218387e-01  8.460654411e-01
  8.419171534e-01  8.377772463e-01  8.336456141e-01  8.295220646e-01
  8.254059585e-01  8.212968145e-01  8.171947235e-01  8.130995346e-01
  8.090109175e-01  8.049294678e-01  8.008549847e-01  7.967877359e-01
  7.927281393e-01  7.886761403e-01  7.846324490e-01  7.805969768e-01
  7.765700821e-01  7.725519551e-01  7.685425569e-01  7.645421208e-01
  7.605505661e-01  7.565681775e-01  7.525947599e-01  7.486301622e-01
  7.446745266e-01  7.407277182e-01  7.367894784e-01  7.328596919e-01
  7.289382354e-01  7.250247231e-01  7.211187158e-01  7.172201528e-01
  7.133286963e-01  7.094439378e-01  7.055655305e-01  7.016930854e-01
  6.978264237e-01  6.939651163e-01  6.901086142e-01  6.862565484e-01
  6.824083489e-01  6.785633166e-01  6.747207310e-01  6.708798270e-01
  6.670399958e-01  6.632008637e-01  6.593621266e-01  6.555237633e-01
  6.516851306e-01  6.478435866e-01  6.439953875e-01  6.401382548e-01
  6.362798417e-01  6.324414296e-01  6.286535626e-01  6.249518510e-01
  6.213513835e-01  6.178348106e-01  6.143644429e-01  6.109108539e-01
  6.074220013e-01  6.037856115e-01  5.998196567e-01  5.953732018e-01
  5.904145216e-01
