&INSTATE
  DENSITY_MODEL = 1 
  MODEL_SHAPE = 0 
  NBDRY = 15 
  USE_INPED = 0 
  R0 = 4.55 
  A0 = 1.2 
  KAPPA = 1.4 
  DELTA = -0.5 
  B0 = 11.0 
  IP = 10.0 
  N_ION = 2 
  Z_ION = 1 1 
  A_ION = 2 3 
  F_ION = 0.5 0.5 
  N_IMP = 1 
  Z_IMP = 74 
  A_IMP = 184 
  F_IMP = 1.5e-05 
  N_MIN = 0 
  Z_MIN = 1 
  A_MIN = 1 
  N_BEAM = 1 
  Z_BEAM = 1 
  A_BEAM = 2 
  N_FUSION = 1 
  Z_FUSION = 2 
  A_FUSION = 4 
  NRHO = 101 
  NE_AXIS = 27.6 
  NE_PED = 15.0 
  NE_SEP = 9.0 
  NE_ALPHA = 1.5 
  NE_BETA = 1.1 
  NE_FIT = 1 
  NE_XMID = 0.95 
  NE_XWID = 0.1 
  TE_AXIS = 18.8 
  TE_PED = 3.0 
  TE_SEP = 0.08 
  TE_ALPHA = 1.5 
  TE_BETA = 1.5 
  TE_FIT = 1 
  TE_XMID = 0.95 
  TE_XWID = 0.1 
  TI_AXIS = 19.0 
  TI_PED = 3.0 
  TI_SEP = 0.08 
  TI_ALPHA = 1.5 
  TI_BETA = 1.5 
  TI_FIT = 1 
  TI_XMID = 0.95 
  TI_XWID = 0.1 
  ZEFF_AXIS = 2.0 
  OMEGA_AXIS = 5000.0 
  OMEGA_SEP = 0.0 
  OMEGA_ALPHA = 1.5 
  OMEGA_BETA = 1.5 
  JPAR_AXIS = 1.0 
  JPAR_SEP = 0.05 
  JPAR_ALPHA = 2.0 
  JPAR_BETA = 1.0 
  NBEAM_AXIS = 0.0 
  NBEAM_SEP = 0.0 
  NBEAM_ALPHA = 1.5 
  NBEAM_BETA = 1.5 
  TBEAMI = 20.0 20.0 20.0 20.0 20.0 20.0 20.0 20.0 20.0 20.0 20.0 20.0  
    20.0 20.0 20.0 20.0 20.0 20.0 20.0 20.0 20.0 20.0 20.0 20.0 20.0  
    20.0 20.0 20.0 20.0 20.0 20.0 20.0 20.0 20.0 20.0 20.0 20.0 20.0  
    20.0 20.0 20.0 20.0 20.0 20.0 20.0 20.0 20.0 20.0 20.0 20.0 20.0  
    20.0 20.0 20.0 20.0 20.0 20.0 20.0 20.0 20.0 20.0 20.0 20.0 20.0  
    20.0 20.0 20.0 20.0 20.0 20.0 20.0 20.0 20.0 20.0 20.0 20.0 20.0  
    20.0 20.0 20.0 20.0 20.0 20.0 20.0 20.0 20.0 20.0 20.0 20.0 20.0  
    20.0 20.0 20.0 20.0 20.0 20.0 20.0 20.0 20.0 20.0 20.0 
  BETAN_PED = -1.0 
  XMID = 0.95 
  XWID = 0.1 
  PRESSURE_MODEL = 'full' 
  H98_TARGET = 0.8 
  BETAN_TARGET = 1.25 
  BETAN_BEAM_TARGET = 0.0 
  CURRENT_MODEL = 'broad' 
  RHO_JBDRY = 0.85 
  RHO_JPEAK = 0.65 
  JAXIS = 0.6 
  JAXIS_PRIME = 1.0 
  JBDRY_PRIME = -1.0 
  RBDRY = 5.75 5.717889612279765 5.599231274196216 5.333894952548324  
    4.862048988436734 4.215741544340384 3.606248672667517  
    3.3499999999999996 3.606248672667517 4.215741544340384  
    4.862048988436735 5.333894952548324 5.599231274196216  
    5.717889612279765 5.75 
  ZBDRY = 0.0 0.7289246817174976 1.3134768905462901 1.6378788924654637  
    1.6378788924654637 1.3134768905462901 0.7289246817174978  
    2.0574066225675533e-16 -0.7289246817174975 -1.31347689054629  
    -1.6378788924654637 -1.6378788924654637 -1.3134768905462901  
    -0.728924681717498 0.0 
  NLIM = 5 
  RLIM = 6.0 3.5 3.5 6.0 6.0 
  ZLIM = 1.93 1.93 -1.93 -1.93 1.93 
  NE = 27.62176359 27.62176359 27.57674537 27.52851427 27.4771126  
    27.42258269 27.36496686 27.30430746 27.24064679 27.17402719  
    27.10449098 27.03208049 26.95683804 26.87880597 26.7980266  
    26.71454225 26.62839525 26.53962793 26.44828261 26.35440163  
    26.2580273 26.15920195 26.05796791 25.95436751 25.84844307  
    25.74023692 25.62979138 25.51714879 25.40235146 25.28544173  
    25.16646191 25.04545435 24.92246135 24.79752526 24.67068839  
    24.54199307 24.41148163 24.2791964 24.1451797 24.00947385  
    23.87212119 23.73316404 23.59264472 23.45060556 23.30708889  
    23.16213703 23.01579231 22.86809704 22.71909356 22.56882418  
    22.41733121 22.26465698 22.11084378 21.95593392 21.79996968  
    21.64299333 21.48504709 21.32617319 21.16641374 21.00581082  
    20.84440635 20.68224211 20.51935958 20.35579991 20.1916037  
    20.02681076 19.8614598 19.69558788 19.52922971 19.362416599999996  
    19.195174899999998 19.02752384 18.85947234 18.69101441 18.52212253  
    18.35273814 18.18275789 18.0120139 17.84024545 17.6670585  
    17.49186796 17.313816 17.131657239999996 16.943599789999997  
    16.74708906 16.53852313 16.31289665 16.06339444 15.78101026  
    15.45436934 15.07009919 14.6142896 14.07565691 13.4506322  
    12.74932429999999 11.999374269999992 11.24379207 10.53130038  
    9.903025429 9.382648669 8.97449758 
  TE = 19.058180775251383 19.051230784591752 19.03039601573076  
    18.995722022607495 18.947284544021116 18.885189227969484  
    18.809571247691842 18.720594811368635 18.618452567967665  
    18.503364912245473 18.37557919241322 18.235368824453587  
    18.08303231752709 17.918892215329098 17.7432939586509  
    17.556604674756436 17.359211899509358 17.15152223847034  
    16.9339599734313 16.706965621059698 16.47099445049145  
    16.226514966835087 15.974007367631527 15.713961979354215  
    15.44687768103263 15.173260322039901 14.893621141002706  
    14.608475192670218 14.318339789420003 14.023732963884212  
    13.72517195895082 13.426466024480693 13.130896675345735  
    12.838188069914922 12.548064366557236 12.260249723641648  
    11.975068302710834 11.693343267212818 11.415547278374587  
    11.142152997423134 10.873633085585455 10.610752483369453  
    10.354045611471273 10.103639351400272 9.859660584665805  
    9.622236192777224 9.391369203936112 9.166852227399957  
    8.948496516261985 8.736113323615422 8.529513902553495  
    8.328594822973757 8.1331359217871 7.942773352606744  
    7.757143269045908 7.575881824717816 7.398450682739552  
    7.224445788169344 7.05370471753212 6.886065047352808  
    6.721364354156339 6.559664893315574 6.4011635218310206  
    6.245899718669085 6.093912962796167 5.94524273317867  
    5.800057030058363 5.658374206467587 5.520009270558609  
    5.384777230483695 5.25249309439511 5.122792955014113  
    4.995246131830481 4.8695674731492655 4.745471827275517  
    4.622674042514282 4.500869241146878 4.379884023496532  
    4.259630454931161 4.140020600818677 4.020966526526998  
    3.9020061316451575 3.7834509632698756 3.6663735580305925  
    3.551846452556746 3.4409421834777776 3.339495430069479  
    3.24938647595983 3.165756264306553 3.08374573826737 2.998495841  
    2.799295055 2.560756611 2.272795997 1.9328587159999957  
    1.5531213329999956 1.162840606 0.7999584562 0.4954026054  
    0.2622133495 0.09634936345 
  TI = 19.615300095272524 19.606431079274213 19.57984808466718  
    19.535623162923784 19.47387603821424 19.394773567381357  
    19.298528988685742 19.185400964055468 19.055692420860645  
    18.90974920047126 18.74795852203602 18.5707472710316  
    18.378580123167165 18.171957515180228 17.95141347492011  
    17.71751332387805 17.470851265983427 17.212047877039108  
    16.94174750961266 16.660615628531673 16.369336092349588  
    16.068608396253225 15.759144891875325 15.441667999356904  
    15.11690742677788 14.78559741174392 14.448473999487511  
    14.106272371317328 13.759724236637924 13.409555301068936  
    13.056482822426133 12.707839313703925 12.370133570422437  
    12.042839520583923 11.725431092190634 11.417382213244823  
    11.119022644069013 10.830974489878956 10.55315019601675  
    10.285462207824484 10.027822970644248 9.78005660333883  
    9.541804360382221 9.312704390533327 9.092394842551053  
    8.880513865194308 8.676529248221705 8.47988786268773  
    8.290196479295101 8.10706186874653 7.930090801744728  
    7.758978711474768 7.5933289433073785 7.432610136223764  
    7.276290929205128 7.123839961232677 6.974428307015367  
    6.827458885884318 6.682748103753975 6.540112366538784  
    6.39936808015319 6.260603631715645 6.124122651011833  
    5.990064407957047 5.858568172466584 5.729773214455736  
    5.6039585821402875 5.481163199712199 5.361166151051024  
    5.243746520036317 5.1286833905476295 5.01550125320512  
    4.903714672776672 4.793087844363426 4.683384963066523  
    4.574370223987105 4.465933714662727 4.358035276744708  
    4.250543736504839 4.143327920214913 4.036256654146719  
    3.9289331923590325 3.821226926134299 3.7134058875798175  
    3.6057381088028855 3.498491621910803 3.394032211252334  
    3.293441601435635 3.19506173495709 3.0972345543130833 2.998302002  
    2.798947523 2.560534357 2.272854523 1.9331508849999959  
    1.5534183209999957 1.162904269 0.7997470585 0.4951085049  
    0.2621159174 0.09665506234 
  OMEGA = 4992.501875 4992.501875 4978.801804 4961.079526 4940.12016  
    4916.382264 4890.178959 4861.74318 4831.258024 4798.873089  
    4764.714177 4728.889466 4691.493659 4652.610886 4612.316799  
    4570.680145 4527.763951 4483.626454 4438.321832 4391.900796  
    4344.411068 4295.897774 4246.403778 4195.969955 4144.635428  
    4092.437767 4039.413164 3985.596584 3931.021896 3875.721988  
    3819.72887 3763.073767 3705.787199 3647.899055 3589.43866  
    3530.4348369999993 3470.91596 3410.910006 3350.444605 3289.54708  
    3228.244492 3166.5636739999995 3104.531273 3042.173783 2979.517575  
    2916.588934 2853.414088 2790.0192379999994 2726.430588 2662.674375  
    2598.776897 2534.764544 2470.663824 2406.501396 2342.304099  
    2278.098979 2213.913327 2149.774706999999 2085.710992 2021.750397  
    1957.921519 1894.253376 1830.775447 1767.517715 1704.510722  
    1641.785608 1579.374179 1517.308956 1455.623246 1394.3512129999992  
    1333.5279519999992 1273.18958 1213.373329 1154.117653 1095.462349  
    1037.448686 980.1195629 923.5196753 867.6957162 812.6966008  
    758.5737302 705.3812976 653.1766491999995 602.0207127999994  
    551.9785103 503.1197796 455.5197357 409.2600162 364.4298727  
    321.1276991 279.4630303 239.55922 201.557126 165.620359  
    131.94307479999966 100.76217029999968 72.37775876 47.19105135  
    25.78549737 9.151104569 -3.659295089e-13 
  ZEFF = 1.08103 1.08103 1.08103 1.08103 1.08103 1.0810300000000002  
    1.0810300000000002 1.08103 1.08103 1.08103 1.08103  
    1.0810300000000002 1.08103 1.08103 1.0810300000000002 1.08103  
    1.08103 1.0810300000000002 1.08103 1.08103 1.08103 1.08103 1.08103  
    1.08103 1.08103 1.08103 1.08103 1.08103 1.0810300000000002  
    1.0810300000000002 1.08103 1.08103 1.0810300000000002 1.08103  
    1.0810300000000002 1.08103 1.08103 1.08103 1.08103 1.08103  
    1.0810300000000002 1.0810300000000002 1.0810300000000002 1.08103  
    1.08103 1.08103 1.08103 1.08103 1.08103 1.08103 1.0810300000000002  
    1.08103 1.08103 1.0810300000000002 1.0810300000000002 1.08103  
    1.0810300000000002 1.08103 1.08103 1.08103 1.08103  
    1.0810300000000002 1.08103 1.08103 1.08103 1.0810300000000002  
    1.08103 1.08103 1.0810300000000002 1.08103 1.08103  
    1.0810300000000002 1.08103 1.08103 1.08103 1.0810300000000002  
    1.08103 1.08103 1.08103 1.08103 1.0810300000000002 1.08103 1.08103  
    1.0810300000000002 1.08103 1.0810300000000002 1.08103  
    1.0810300000000002 1.0810300000000002 1.08103 1.0810300000000002  
    1.08103 1.08103 1.08103 1.08103 1.0810300000000002 1.08103 1.08103  
    1.0810300000000002 1.0810300000000002 1.08103 
  J_OH = 0.0 0.0 0.0 0.0 0.0 0.0 0.0 0.0 0.0 0.0 0.0 0.0 0.0 0.0 0.0  
    0.0 0.0 0.0 0.0 0.0 0.0 0.0 0.0 0.0 0.0 0.0 0.0 0.0 0.0 0.0 0.0 0.0  
    0.0 0.0 0.0 0.0 0.0 0.0 0.0 0.0 0.0 0.0 0.0 0.0 0.0 0.0 0.0 0.0 0.0  
    0.0 0.0 0.0 0.0 0.0 0.0 0.0 0.0 0.0 0.0 0.0 0.0 0.0 0.0 0.0 0.0 0.0  
    0.0 0.0 0.0 0.0 0.0 0.0 0.0 0.0 0.0 0.0 0.0 0.0 0.0 0.0 0.0 0.0 0.0  
    0.0 0.0 0.0 0.0 0.0 0.0 0.0 0.0 0.0 0.0 0.0 0.0 0.0 0.0 0.0 0.0 0.0  
    0.0 
  J_BS = 142826.90986725665 214240.364800885 323793.2121344784  
    385495.5494150849 425853.5340238402 455858.8112756533  
    480165.6049418647 500996.01224930136 519514.12733363523  
    536379.5828970259 551986.6516060309 566549.5397378027  
    580153.2702022445 592815.5019940463 604513.8719362839  
    615208.9285646705 624892.1936210043 633588.5247248276  
    641318.0784717059 648091.7338522156 653922.1465423295  
    658816.7105880858 662776.54014344 665805.4326060439  
    667909.5451171477 669092.7271247519 669358.607508987  
    668716.6740846591 667185.2094823197 664789.8010910496  
    658459.2006077226 645648.0168599483 630255.2265740696  
    615623.8659951035 601723.1508740728 588049.4167005594  
    573812.3710165757 559041.6048684932 544074.2989419351  
    528922.7372069225 513485.69660938514 497811.98739254865  
    482248.12732425524 466983.85224313266 452018.5111254904  
    437442.1152901089 423437.12450793333 410046.54744116456  
    397215.5927126193 384933.07804741006 373133.46459559136  
    361821.0070973864 351141.8786498737 341170.01003421424  
    331889.3437604828 323417.902301925 315767.5697467932  
    308631.8464187188 301814.9060791161 295309.79001290567  
    288964.90821902774 282535.0247773052 276020.8204041924  
    269520.57589005074 263035.43066415866 256488.95510000412  
    249913.69496300368 243550.15548640164 237526.72263305975  
    231838.75296815686 226601.872664008 221956.34303667955  
    217815.4140890942 214070.03383877221 210722.27596257854  
    207758.09205879393 205107.51848199754 202719.22006855014  
    200615.42443994174 198842.95109861178 197655.37501880986  
    196998.66351516516 196314.17048900973 195429.97243528903  
    194591.7012690394 192016.53694177995 187725.1656290957  
    186867.7830495828 192835.10228862395 205855.82690998112  
    280614.29790960025 371798.67356336693 421583.9667518789  
    464679.4494015584 484242.17341866303 464268.8382916861  
    399674.9912124234 301955.0596405178 195873.35020101882  
    102154.10961278006 17597.1014576055 
  J_NB = 0.0 0.0 0.0 0.0 0.0 0.0 0.0 0.0 0.0 0.0 0.0 0.0 0.0 0.0 0.0  
    0.0 0.0 0.0 0.0 0.0 0.0 0.0 0.0 0.0 0.0 0.0 0.0 0.0 0.0 0.0 0.0 0.0  
    0.0 0.0 0.0 0.0 0.0 0.0 0.0 0.0 0.0 0.0 0.0 0.0 0.0 0.0 0.0 0.0 0.0  
    0.0 0.0 0.0 0.0 0.0 0.0 0.0 0.0 0.0 0.0 0.0 0.0 0.0 0.0 0.0 0.0 0.0  
    0.0 0.0 0.0 0.0 0.0 0.0 0.0 0.0 0.0 0.0 0.0 0.0 0.0 0.0 0.0 0.0 0.0  
    0.0 0.0 0.0 0.0 0.0 0.0 0.0 0.0 0.0 0.0 0.0 0.0 0.0 0.0 0.0 0.0 0.0  
    0.0 
  J_EC = 0.0 0.0 0.0 0.0 0.0 0.0 0.0 0.0 0.0 0.0 0.0 0.0 0.0 0.0 0.0  
    0.0 0.0 0.0 0.0 0.0 0.0 0.0 0.0 0.0 0.0 0.0 0.0 0.0 0.0 0.0 0.0 0.0  
    0.0 0.0 0.0 0.0 0.0 0.0 0.0 0.0 0.0 0.0 0.0 0.0 0.0 0.0 0.0 0.0 0.0  
    0.0 0.0 0.0 0.0 0.0 0.0 0.0 0.0 0.0 0.0 0.0 0.0 0.0 0.0 0.0 0.0 0.0  
    0.0 0.0 0.0 0.0 0.0 0.0 0.0 0.0 0.0 0.0 0.0 0.0 0.0 0.0 0.0 0.0 0.0  
    0.0 0.0 0.0 0.0 0.0 0.0 0.0 0.0 0.0 0.0 0.0 0.0 0.0 0.0 0.0 0.0 0.0  
    0.0 
  J_IC = 0.0 0.0 0.0 0.0 0.0 0.0 0.0 0.0 0.0 0.0 0.0 0.0 0.0 0.0 0.0  
    0.0 0.0 0.0 0.0 0.0 0.0 0.0 0.0 0.0 0.0 0.0 0.0 0.0 0.0 0.0 0.0 0.0  
    0.0 0.0 0.0 0.0 0.0 0.0 0.0 0.0 0.0 0.0 0.0 0.0 0.0 0.0 0.0 0.0 0.0  
    0.0 0.0 0.0 0.0 0.0 0.0 0.0 0.0 0.0 0.0 0.0 0.0 0.0 0.0 0.0 0.0 0.0  
    0.0 0.0 0.0 0.0 0.0 0.0 0.0 0.0 0.0 0.0 0.0 0.0 0.0 0.0 0.0 0.0 0.0  
    0.0 0.0 0.0 0.0 0.0 0.0 0.0 0.0 0.0 0.0 0.0 0.0 0.0 0.0 0.0 0.0 0.0  
    0.0 
  J_LH = 0.0 0.0 0.0 0.0 0.0 0.0 0.0 0.0 0.0 0.0 0.0 0.0 0.0 0.0 0.0  
    0.0 0.0 0.0 0.0 0.0 0.0 0.0 0.0 0.0 0.0 0.0 0.0 0.0 0.0 0.0 0.0 0.0  
    0.0 0.0 0.0 0.0 0.0 0.0 0.0 0.0 0.0 0.0 0.0 0.0 0.0 0.0 0.0 0.0 0.0  
    0.0 0.0 0.0 0.0 0.0 0.0 0.0 0.0 0.0 0.0 0.0 0.0 0.0 0.0 0.0 0.0 0.0  
    0.0 0.0 0.0 0.0 0.0 0.0 0.0 0.0 0.0 0.0 0.0 0.0 0.0 0.0 0.0 0.0 0.0  
    0.0 0.0 0.0 0.0 0.0 0.0 0.0 0.0 0.0 0.0 0.0 0.0 0.0 0.0 0.0 0.0 0.0  
    0.0 
  PE_NB = 0.0 0.0 0.0 0.0 0.0 0.0 0.0 0.0 0.0 0.0 0.0 0.0 0.0 0.0 0.0  
    0.0 0.0 0.0 0.0 0.0 0.0 0.0 0.0 0.0 0.0 0.0 0.0 0.0 0.0 0.0 0.0 0.0  
    0.0 0.0 0.0 0.0 0.0 0.0 0.0 0.0 0.0 0.0 0.0 0.0 0.0 0.0 0.0 0.0 0.0  
    0.0 0.0 0.0 0.0 0.0 0.0 0.0 0.0 0.0 0.0 0.0 0.0 0.0 0.0 0.0 0.0 0.0  
    0.0 0.0 0.0 0.0 0.0 0.0 0.0 0.0 0.0 0.0 0.0 0.0 0.0 0.0 0.0 0.0 0.0  
    0.0 0.0 0.0 0.0 0.0 0.0 0.0 0.0 0.0 0.0 0.0 0.0 0.0 0.0 0.0 0.0 0.0  
    0.0 
  PE_EC = 0.0 0.0 0.0 0.0 0.0 0.0 0.0 0.0 0.0 0.0 0.0 0.0 0.0 0.0 0.0  
    0.0 0.0 0.0 0.0 0.0 0.0 0.0 0.0 0.0 0.0 0.0 0.0 0.0 0.0 0.0 0.0 0.0  
    0.0 0.0 0.0 0.0 0.0 0.0 0.0 0.0 0.0 0.0 0.0 0.0 0.0 0.0 0.0 0.0 0.0  
    0.0 0.0 0.0 0.0 0.0 0.0 0.0 0.0 0.0 0.0 0.0 0.0 0.0 0.0 0.0 0.0 0.0  
    0.0 0.0 0.0 0.0 0.0 0.0 0.0 0.0 0.0 0.0 0.0 0.0 0.0 0.0 0.0 0.0 0.0  
    0.0 0.0 0.0 0.0 0.0 0.0 0.0 0.0 0.0 0.0 0.0 0.0 0.0 0.0 0.0 0.0 0.0  
    0.0 
  PE_IC = 0.0 0.0 0.0 0.0 0.0 0.0 0.0 0.0 0.0 0.0 0.0 0.0 0.0 0.0 0.0  
    0.0 0.0 0.0 0.0 0.0 0.0 0.0 0.0 0.0 0.0 0.0 0.0 0.0 0.0 0.0 0.0 0.0  
    0.0 0.0 0.0 0.0 0.0 0.0 0.0 0.0 0.0 0.0 0.0 0.0 0.0 0.0 0.0 0.0 0.0  
    0.0 0.0 0.0 0.0 0.0 0.0 0.0 0.0 0.0 0.0 0.0 0.0 0.0 0.0 0.0 0.0 0.0  
    0.0 0.0 0.0 0.0 0.0 0.0 0.0 0.0 0.0 0.0 0.0 0.0 0.0 0.0 0.0 0.0 0.0  
    0.0 0.0 0.0 0.0 0.0 0.0 0.0 0.0 0.0 0.0 0.0 0.0 0.0 0.0 0.0 0.0 0.0  
    0.0 
  PE_LH = 0.0 0.0 0.0 0.0 0.0 0.0 0.0 0.0 0.0 0.0 0.0 0.0 0.0 0.0 0.0  
    0.0 0.0 0.0 0.0 0.0 0.0 0.0 0.0 0.0 0.0 0.0 0.0 0.0 0.0 0.0 0.0 0.0  
    0.0 0.0 0.0 0.0 0.0 0.0 0.0 0.0 0.0 0.0 0.0 0.0 0.0 0.0 0.0 0.0 0.0  
    0.0 0.0 0.0 0.0 0.0 0.0 0.0 0.0 0.0 0.0 0.0 0.0 0.0 0.0 0.0 0.0 0.0  
    0.0 0.0 0.0 0.0 0.0 0.0 0.0 0.0 0.0 0.0 0.0 0.0 0.0 0.0 0.0 0.0 0.0  
    0.0 0.0 0.0 0.0 0.0 0.0 0.0 0.0 0.0 0.0 0.0 0.0 0.0 0.0 0.0 0.0 0.0  
    0.0 
  PE_FUS = 2297496.639373768 2297734.9131929553 2292224.172274093  
    2286670.0280180452 2281023.560532484 2275239.563215232  
    2268945.913959439 2260402.7360368045 2247418.7486817306  
    2227596.873669807 2198200.9686039877 2158300.0187792173  
    2110239.1381921135 2056138.8194194078 1998666.7243656914  
    1941155.230752445 1884754.7090228526 1828003.111224828  
    1770808.8366817685 1713038.7993290834 1654518.4766140112  
    1595241.2443256304 1535508.8535547184 1475597.8796042642  
    1415808.001092473 1356457.9689016044 1297990.4973337804  
    1240679.0396485038 1184576.9926679055 1129708.4348851505  
    1076070.0766629714 1023572.6311678697 972195.9692020416  
    922012.0703272822 873080.5441702881 825449.0238570768  
    779276.9207652186 734755.110956007 691959.7702694165  
    650953.1986618469 611783.3837454843 574469.045001108  
    538994.5235887641 505336.5072855545 473460.8858352623  
    443324.1090134967 414854.8334209475 387975.95720973803  
    362625.3253674364 338736.86268146255 316241.7995411015  
    295080.25038705237 275179.2619847652 256451.06427544562  
    238811.13200619305 222178.8803451899 206446.67140543496  
    191540.11263894153 177431.4884536797 164092.8518672178  
    151496.21116873148 139642.36589984756 128540.11955766454  
    118171.13431484134 108514.12310508644 99545.21919862657  
    91240.73004808585 83561.01303647716 76458.96620152816  
    69890.64810865017 63815.21077137349 58185.50188929521  
    52959.84685168603 48109.64144333886 43608.535803256455  
    39432.3114571843 35562.47568310812 31983.175115605376  
    28676.457622942293 25625.36078731507 22813.837283123434  
    20221.60466278989 17835.33792153004 15648.709678595313  
    13653.748154856517 11841.078833716541 10224.576930240426  
    8794.055023006847 7510.722083525036 6345.35423490048  
    5278.166551399838 3720.237456684687 2351.067317072863  
    1259.5838889042855 528.4248064466649 155.6560948727776  
    27.708851570995908 2.384703276630931 0.06636213137389171  
    0.00022364858168482402 1.7127997859893236e-09 
  PE_IONIZATION = 0.0 0.0 0.0 0.0 0.0 0.0 0.0 0.0 0.0 0.0 0.0 0.0 0.0  
    0.0 0.0 0.0 0.0 0.0 0.0 0.0 0.0 0.0 0.0 0.0 0.0 0.0 0.0 0.0 0.0 0.0  
    0.0 0.0 0.0 0.0 0.0 0.0 0.0 0.0 0.0 0.0 0.0 0.0 0.0 0.0 0.0 0.0 0.0  
    0.0 0.0 0.0 0.0 0.0 0.0 0.0 0.0 0.0 0.0 0.0 0.0 0.0 0.0 0.0 0.0 0.0  
    0.0 0.0 0.0 0.0 0.0 0.0 0.0 0.0 0.0 0.0 0.0 0.0 0.0 0.0 0.0 0.0 0.0  
    0.0 0.0 0.0 0.0 0.0 0.0 0.0 0.0 0.0 0.0 0.0 0.0 0.0 0.0 0.0 0.0 0.0  
    0.0 0.0 0.0 
  P_RAD = 0.0 0.0 0.0 0.0 0.0 0.0 0.0 0.0 0.0 0.0 0.0 0.0 0.0 0.0 0.0  
    0.0 0.0 0.0 0.0 0.0 0.0 0.0 0.0 0.0 0.0 0.0 0.0 0.0 0.0 0.0 0.0 0.0  
    0.0 0.0 0.0 0.0 0.0 0.0 0.0 0.0 0.0 0.0 0.0 0.0 0.0 0.0 0.0 0.0 0.0  
    0.0 0.0 0.0 0.0 0.0 0.0 0.0 0.0 0.0 0.0 0.0 0.0 0.0 0.0 0.0 0.0 0.0  
    0.0 0.0 0.0 0.0 0.0 0.0 0.0 0.0 0.0 0.0 0.0 0.0 0.0 0.0 0.0 0.0 0.0  
    0.0 0.0 0.0 0.0 0.0 0.0 0.0 0.0 0.0 0.0 0.0 0.0 0.0 0.0 0.0 0.0 0.0  
    0.0 
  PI_NB = 0.0 0.0 0.0 0.0 0.0 0.0 0.0 0.0 0.0 0.0 0.0 0.0 0.0 0.0 0.0  
    0.0 0.0 0.0 0.0 0.0 0.0 0.0 0.0 0.0 0.0 0.0 0.0 0.0 0.0 0.0 0.0 0.0  
    0.0 0.0 0.0 0.0 0.0 0.0 0.0 0.0 0.0 0.0 0.0 0.0 0.0 0.0 0.0 0.0 0.0  
    0.0 0.0 0.0 0.0 0.0 0.0 0.0 0.0 0.0 0.0 0.0 0.0 0.0 0.0 0.0 0.0 0.0  
    0.0 0.0 0.0 0.0 0.0 0.0 0.0 0.0 0.0 0.0 0.0 0.0 0.0 0.0 0.0 0.0 0.0  
    0.0 0.0 0.0 0.0 0.0 0.0 0.0 0.0 0.0 0.0 0.0 0.0 0.0 0.0 0.0 0.0 0.0  
    0.0 
  PI_IC = 0.0 0.0 0.0 0.0 0.0 0.0 0.0 0.0 0.0 0.0 0.0 0.0 0.0 0.0 0.0  
    0.0 0.0 0.0 0.0 0.0 0.0 0.0 0.0 0.0 0.0 0.0 0.0 0.0 0.0 0.0 0.0 0.0  
    0.0 0.0 0.0 0.0 0.0 0.0 0.0 0.0 0.0 0.0 0.0 0.0 0.0 0.0 0.0 0.0 0.0  
    0.0 0.0 0.0 0.0 0.0 0.0 0.0 0.0 0.0 0.0 0.0 0.0 0.0 0.0 0.0 0.0 0.0  
    0.0 0.0 0.0 0.0 0.0 0.0 0.0 0.0 0.0 0.0 0.0 0.0 0.0 0.0 0.0 0.0 0.0  
    0.0 0.0 0.0 0.0 0.0 0.0 0.0 0.0 0.0 0.0 0.0 0.0 0.0 0.0 0.0 0.0 0.0  
    0.0 
  PI_LH = 0.0 0.0 0.0 0.0 0.0 0.0 0.0 0.0 0.0 0.0 0.0 0.0 0.0 0.0 0.0  
    0.0 0.0 0.0 0.0 0.0 0.0 0.0 0.0 0.0 0.0 0.0 0.0 0.0 0.0 0.0 0.0 0.0  
    0.0 0.0 0.0 0.0 0.0 0.0 0.0 0.0 0.0 0.0 0.0 0.0 0.0 0.0 0.0 0.0 0.0  
    0.0 0.0 0.0 0.0 0.0 0.0 0.0 0.0 0.0 0.0 0.0 0.0 0.0 0.0 0.0 0.0 0.0  
    0.0 0.0 0.0 0.0 0.0 0.0 0.0 0.0 0.0 0.0 0.0 0.0 0.0 0.0 0.0 0.0 0.0  
    0.0 0.0 0.0 0.0 0.0 0.0 0.0 0.0 0.0 0.0 0.0 0.0 0.0 0.0 0.0 0.0 0.0  
    0.0 
  PI_FUS = 1199408.3620607571 1197520.9729845384 1189150.3223676533  
    1177724.3101971797 1163801.089535512 1147936.6946068436  
    1130509.538344972 1111187.5554806495 1089450.2209419352  
    1064735.1319300507 1036381.7096240881 1004299.8560108558  
    969448.9271951945 932716.002198309 895169.8459020739  
    858102.8955041795 821867.6292719782 785854.464312279  
    750074.5090589921 714524.3990570945 679187.1600697399  
    644195.1384838586 609800.3299927851 576154.7347224378  
    543407.3660973567 511702.0178335968 481206.25950820505  
    451982.4763715491 424004.2011796501 397236.30814952846  
    371636.2795903335 347120.4909138008 323636.2546106693  
    301179.3975749209 279741.51136971137 259310.296671889  
    239918.44472308975 221612.35572174718 204391.54388437924  
    188247.7160743402 173165.2347013025 159122.0083976959  
    146080.80370342667 133996.03480280857 122819.97685406476  
    112503.50500323002 102990.72702663577 94224.49792743498  
    86154.15323497944 78730.61038948168 71906.6709665229  
    65640.26290206263 59887.61671448197 54603.263572395146  
    49745.32062571088 45275.413153113346 41151.16405862979  
    37340.60287467695 33824.1788648669 30583.217055088102  
    27599.92503796971 24863.60089961654 22365.345557503304  
    20090.69479681009 18025.232206767698 16154.705969390694  
    14465.6618824523 12942.382761946335 11568.643022552964  
    10329.761242722903 9212.479276478833 8203.291942585789  
    7290.3788377034025 6464.742758927971 5718.295328146  
    5043.769894897504 4435.086008059144 3886.991625126105  
    3394.3452798553776 2952.399809687242 2556.7708975200635  
    2202.6584430993007 1886.7385209746606 1606.810339260412  
    1360.3751935428527 1144.7352733320374 960.6451203373107  
    804.8347113341491 670.2792251055376 551.9947799228416  
    446.72158437575627 294.91571330659747 171.25655016626507  
    81.9543401933426 29.514799114841118 7.0827150652726  
    0.9627831742518357 0.058589985170896586 0.0010486641478157286  
    1.9751906466675898e-06 6.1207748583720625e-12 
  PI_IONIZATION = 0.0 0.0 0.0 0.0 0.0 0.0 0.0 0.0 0.0 0.0 0.0 0.0 0.0  
    0.0 0.0 0.0 0.0 0.0 0.0 0.0 0.0 0.0 0.0 0.0 0.0 0.0 0.0 0.0 0.0 0.0  
    0.0 0.0 0.0 0.0 0.0 0.0 0.0 0.0 0.0 0.0 0.0 0.0 0.0 0.0 0.0 0.0 0.0  
    0.0 0.0 0.0 0.0 0.0 0.0 0.0 0.0 0.0 0.0 0.0 0.0 0.0 0.0 0.0 0.0 0.0  
    0.0 0.0 0.0 0.0 0.0 0.0 0.0 0.0 0.0 0.0 0.0 0.0 0.0 0.0 0.0 0.0 0.0  
    0.0 0.0 0.0 0.0 0.0 0.0 0.0 0.0 0.0 0.0 0.0 0.0 0.0 0.0 0.0 0.0 0.0  
    0.0 0.0 0.0 
  PI_CX = 0.0 0.0 0.0 0.0 0.0 0.0 0.0 0.0 0.0 0.0 0.0 0.0 0.0 0.0 0.0  
    0.0 0.0 0.0 0.0 0.0 0.0 0.0 0.0 0.0 0.0 0.0 0.0 0.0 0.0 0.0 0.0 0.0  
    0.0 0.0 0.0 0.0 0.0 0.0 0.0 0.0 0.0 0.0 0.0 0.0 0.0 0.0 0.0 0.0 0.0  
    0.0 0.0 0.0 0.0 0.0 0.0 0.0 0.0 0.0 0.0 0.0 0.0 0.0 0.0 0.0 0.0 0.0  
    0.0 0.0 0.0 0.0 0.0 0.0 0.0 0.0 0.0 0.0 0.0 0.0 0.0 0.0 0.0 0.0 0.0  
    0.0 0.0 0.0 0.0 0.0 0.0 0.0 0.0 0.0 0.0 0.0 0.0 0.0 0.0 0.0 0.0 0.0  
    0.0 
  P_OHM = 0.0 0.0 0.0 0.0 0.0 0.0 0.0 0.0 0.0 0.0 0.0 0.0 0.0 0.0 0.0  
    0.0 0.0 0.0 0.0 0.0 0.0 0.0 0.0 0.0 0.0 0.0 0.0 0.0 0.0 0.0 0.0 0.0  
    0.0 0.0 0.0 0.0 0.0 0.0 0.0 0.0 0.0 0.0 0.0 0.0 0.0 0.0 0.0 0.0 0.0  
    0.0 0.0 0.0 0.0 0.0 0.0 0.0 0.0 0.0 0.0 0.0 0.0 0.0 0.0 0.0 0.0 0.0  
    0.0 0.0 0.0 0.0 0.0 0.0 0.0 0.0 0.0 0.0 0.0 0.0 0.0 0.0 0.0 0.0 0.0  
    0.0 0.0 0.0 0.0 0.0 0.0 0.0 0.0 0.0 0.0 0.0 0.0 0.0 0.0 0.0 0.0 0.0  
    0.0 
  P_EI = 0.0 0.0 0.0 0.0 0.0 0.0 0.0 0.0 0.0 0.0 0.0 0.0 0.0 0.0 0.0  
    0.0 0.0 0.0 0.0 0.0 0.0 0.0 0.0 0.0 0.0 0.0 0.0 0.0 0.0 0.0 0.0 0.0  
    0.0 0.0 0.0 0.0 0.0 0.0 0.0 0.0 0.0 0.0 0.0 0.0 0.0 0.0 0.0 0.0 0.0  
    0.0 0.0 0.0 0.0 0.0 0.0 0.0 0.0 0.0 0.0 0.0 0.0 0.0 0.0 0.0 0.0 0.0  
    0.0 0.0 0.0 0.0 0.0 0.0 0.0 0.0 0.0 0.0 0.0 0.0 0.0 0.0 0.0 0.0 0.0  
    0.0 0.0 0.0 0.0 0.0 0.0 0.0 0.0 0.0 0.0 0.0 0.0 0.0 0.0 0.0 0.0 0.0  
    0.0 
  TORQUE_NB = 0.0 0.0 0.0 0.0 0.0 0.0 0.0 0.0 0.0 0.0 0.0 0.0 0.0 0.0  
    0.0 0.0 0.0 0.0 0.0 0.0 0.0 0.0 0.0 0.0 0.0 0.0 0.0 0.0 0.0 0.0 0.0  
    0.0 0.0 0.0 0.0 0.0 0.0 0.0 0.0 0.0 0.0 0.0 0.0 0.0 0.0 0.0 0.0 0.0  
    0.0 0.0 0.0 0.0 0.0 0.0 0.0 0.0 0.0 0.0 0.0 0.0 0.0 0.0 0.0 0.0 0.0  
    0.0 0.0 0.0 0.0 0.0 0.0 0.0 0.0 0.0 0.0 0.0 0.0 0.0 0.0 0.0 0.0 0.0  
    0.0 0.0 0.0 0.0 0.0 0.0 0.0 0.0 0.0 0.0 0.0 0.0 0.0 0.0 0.0 0.0 0.0  
    0.0 0.0 
  TORQUE_IN = 0.0 0.0 0.0 0.0 0.0 0.0 0.0 0.0 0.0 0.0 0.0 0.0 0.0 0.0  
    0.0 0.0 0.0 0.0 0.0 0.0 0.0 0.0 0.0 0.0 0.0 0.0 0.0 0.0 0.0 0.0 0.0  
    0.0 0.0 0.0 0.0 0.0 0.0 0.0 0.0 0.0 0.0 0.0 0.0 0.0 0.0 0.0 0.0 0.0  
    0.0 0.0 0.0 0.0 0.0 0.0 0.0 0.0 0.0 0.0 0.0 0.0 0.0 0.0 0.0 0.0 0.0  
    0.0 0.0 0.0 0.0 0.0 0.0 0.0 0.0 0.0 0.0 0.0 0.0 0.0 0.0 0.0 0.0 0.0  
    0.0 0.0 0.0 0.0 0.0 0.0 0.0 0.0 0.0 0.0 0.0 0.0 0.0 0.0 0.0 0.0 0.0  
    0.0 0.0 
  SE_NB = 0.0 0.0 0.0 0.0 0.0 0.0 0.0 0.0 0.0 0.0 0.0 0.0 0.0 0.0 0.0  
    0.0 0.0 0.0 0.0 0.0 0.0 0.0 0.0 0.0 0.0 0.0 0.0 0.0 0.0 0.0 0.0 0.0  
    0.0 0.0 0.0 0.0 0.0 0.0 0.0 0.0 0.0 0.0 0.0 0.0 0.0 0.0 0.0 0.0 0.0  
    0.0 0.0 0.0 0.0 0.0 0.0 0.0 0.0 0.0 0.0 0.0 0.0 0.0 0.0 0.0 0.0 0.0  
    0.0 0.0 0.0 0.0 0.0 0.0 0.0 0.0 0.0 0.0 0.0 0.0 0.0 0.0 0.0 0.0 0.0  
    0.0 0.0 0.0 0.0 0.0 0.0 0.0 0.0 0.0 0.0 0.0 0.0 0.0 0.0 0.0 0.0 0.0  
    0.0 
  SE_IONIZATION = 0.0 0.0 0.0 0.0 0.0 0.0 0.0 0.0 0.0 0.0 0.0 0.0 0.0  
    0.0 0.0 0.0 0.0 0.0 0.0 0.0 0.0 0.0 0.0 0.0 0.0 0.0 0.0 0.0 0.0 0.0  
    0.0 0.0 0.0 0.0 0.0 0.0 0.0 0.0 0.0 0.0 0.0 0.0 0.0 0.0 0.0 0.0 0.0  
    0.0 0.0 0.0 0.0 0.0 0.0 0.0 0.0 0.0 0.0 0.0 0.0 0.0 0.0 0.0 0.0 0.0  
    0.0 0.0 0.0 0.0 0.0 0.0 0.0 0.0 0.0 0.0 0.0 0.0 0.0 0.0 0.0 0.0 0.0  
    0.0 0.0 0.0 0.0 0.0 0.0 0.0 0.0 0.0 0.0 0.0 0.0 0.0 0.0 0.0 0.0 0.0  
    0.0 0.0 0.0 
  SI_NB = 0.0 0.0 0.0 0.0 0.0 0.0 0.0 0.0 0.0 0.0 0.0 0.0 0.0 0.0 0.0  
    0.0 0.0 0.0 0.0 0.0 0.0 0.0 0.0 0.0 0.0 0.0 0.0 0.0 0.0 0.0 0.0 0.0  
    0.0 0.0 0.0 0.0 0.0 0.0 0.0 0.0 0.0 0.0 0.0 0.0 0.0 0.0 0.0 0.0 0.0  
    0.0 0.0 0.0 0.0 0.0 0.0 0.0 0.0 0.0 0.0 0.0 0.0 0.0 0.0 0.0 0.0 0.0  
    0.0 0.0 0.0 0.0 0.0 0.0 0.0 0.0 0.0 0.0 0.0 0.0 0.0 0.0 0.0 0.0 0.0  
    0.0 0.0 0.0 0.0 0.0 0.0 0.0 0.0 0.0 0.0 0.0 0.0 0.0 0.0 0.0 0.0 0.0  
    0.0 
  SI_IONIZATION = 0.0 0.0 0.0 0.0 0.0 0.0 0.0 0.0 0.0 0.0 0.0 0.0 0.0  
    0.0 0.0 0.0 0.0 0.0 0.0 0.0 0.0 0.0 0.0 0.0 0.0 0.0 0.0 0.0 0.0 0.0  
    0.0 0.0 0.0 0.0 0.0 0.0 0.0 0.0 0.0 0.0 0.0 0.0 0.0 0.0 0.0 0.0 0.0  
    0.0 0.0 0.0 0.0 0.0 0.0 0.0 0.0 0.0 0.0 0.0 0.0 0.0 0.0 0.0 0.0 0.0  
    0.0 0.0 0.0 0.0 0.0 0.0 0.0 0.0 0.0 0.0 0.0 0.0 0.0 0.0 0.0 0.0 0.0  
    0.0 0.0 0.0 0.0 0.0 0.0 0.0 0.0 0.0 0.0 0.0 0.0 0.0 0.0 0.0 0.0 0.0  
    0.0 0.0 0.0 
  SE_PELLET = 0.0 0.0 0.0 0.0 0.0 0.0 0.0 0.0 0.0 0.0 0.0 0.0 0.0 0.0  
    0.0 0.0 0.0 0.0 0.0 0.0 0.0 0.0 0.0 0.0 0.0 0.0 0.0 0.0 0.0 0.0 0.0  
    0.0 0.0 0.0 0.0 0.0 0.0 0.0 0.0 0.0 0.0 0.0 0.0 0.0 0.0 0.0 0.0 0.0  
    0.0 0.0 0.0 0.0 0.0 0.0 0.0 0.0 0.0 0.0 0.0 0.0 0.0 0.0 0.0 0.0 0.0  
    0.0 0.0 0.0 0.0 0.0 0.0 0.0 0.0 0.0 0.0 0.0 0.0 0.0 0.0 0.0 0.0 0.0  
    0.0 0.0 0.0 0.0 0.0 0.0 0.0 0.0 0.0 0.0 0.0 0.0 0.0 0.0 0.0 0.0 0.0  
    0.0 0.0 
  Q = 0.0 0.0 0.0 0.0 0.0 0.0 0.0 0.0 0.0 0.0 0.0 0.0 0.0 0.0 0.0 0.0  
    0.0 0.0 0.0 0.0 0.0 0.0 0.0 0.0 0.0 0.0 0.0 0.0 0.0 0.0 0.0 0.0 0.0  
    0.0 0.0 0.0 0.0 0.0 0.0 0.0 0.0 0.0 0.0 0.0 0.0 0.0 0.0 0.0 0.0 0.0  
    0.0 0.0 0.0 0.0 0.0 0.0 0.0 0.0 0.0 0.0 0.0 0.0 0.0 0.0 0.0 0.0 0.0  
    0.0 0.0 0.0 0.0 0.0 0.0 0.0 0.0 0.0 0.0 0.0 0.0 0.0 0.0 0.0 0.0 0.0  
    0.0 0.0 0.0 0.0 0.0 0.0 0.0 0.0 0.0 0.0 0.0 0.0 0.0 0.0 0.0 0.0 0.0 
  PSIPOL = 0.0 0.0009001572366706778 0.00360030660384569  
    0.008099457500397951 0.014395946069063114 0.022487393985661068  
    0.03237068161111204 0.0440419106305101 0.05749642925241225  
    0.07272872462353505 0.08973255526614438 0.10850105837924845  
    0.12902685680580256 0.15130151512467951 0.1753170870257456  
    0.2010632494056779 0.22853448894292966 0.2577144001099785  
    0.28859585408542493 0.3211605599535977 0.3554008791955689  
    0.39130368721001724 0.42885118064059013 0.46803137870951766  
    0.508830552831683 0.5512334473370109 0.5952224321261863  
    0.6407811188029958 0.6878930360631271 0.7365408308782555  
    0.7867064021999125 0.8383710830954437 0.891515888546994  
    0.9461214223786792 1.0021675578044338 1.059633587515822  
    1.1185001660988125 1.1787461705311473 1.2403490503592318  
    1.303284877142877 1.3675304155534755 1.4330664705496572  
    1.4998664626133584 1.5679030295639291 1.6371574351203328  
    1.7075997615666594 1.77920415304866 1.8519476902316407  
    1.9257973692796855 2.000732733537971 2.07671813921248  
    2.1537323968134654 2.2317391772712334 2.310714701351462  
    2.3906248407936497 2.4714390951830567 2.5531299858903376  
    2.635659171573824 2.718998794646776 2.803116220760569  
    2.887973327612705 2.9735396270762506 3.0597820017479043  
    3.1466605994911827 3.2341413813187376 3.3221902089104467  
    3.4107700505053944 3.4998403738836785 3.5893647088384064  
    3.6793059555789327 3.7696260924113623 3.8602833242188  
    3.9512370141592297 4.042447478818578 4.133874329599908  
    4.22547652060628 4.317211076093749 4.4090334313918085  
    4.5009006716367415 4.592769210689376 4.6845948382403995  
    4.776332793199909 4.86793571709794 4.95935639724796  
    5.0505484437013495 5.141464595890548 5.232056483767241  
    5.322273403545446 5.412062123566151 5.501371036054066  
    5.590147202014225 5.678337624029768 5.76588523038171  
    5.852737084068679 5.938843358454703 6.024152119125895  
    6.1086044364426355 6.1921495558015645 6.274734536730964  
    6.356278661396563 6.436664290849319 
  PSI = 0.0 0.0001398484053223633 0.000559343542114518  
    0.0012583315106106344 0.0022365538139885754 0.0034936409558644003  
    0.005029108269190271 0.006842350111861863 0.00893264378167928  
    0.011299132801897064 0.013940847496693687 0.016856721661482162  
    0.02004560918133225 0.023506199529432854 0.02723725816724434  
    0.031237181297697845 0.03550511237129853 0.0400385026257091  
    0.04483624452741882 0.049895496400235675 0.05521507152405391  
    0.06079293086114712 0.06662630848252661 0.07271334305486372  
    0.07905190170552498 0.0856396143139967 0.09247374186849919  
    0.0995517382682148 0.10687104453172584 0.11442896469299454  
    0.12222268657359267 0.13024931007933932 0.1385058856983449  
    0.1469894000412189 0.15569672621099173 0.16462464712075317  
    0.1737701572674728 0.18312997497895164 0.19270059681729454  
    0.2024783052606443 0.21245949046894128 0.22264117030104794  
    0.2330192153637161 0.24358937466925806 0.25434873734953006  
    0.26529265538895164 0.2764171118226664 0.287718545903421  
    0.2991918301561097 0.3108337864353609 0.32263887712224565  
    0.3346038102181775 0.3467229416398156 0.35899257704592247  
    0.3714074142708173 0.3839627147708444 0.3966542094668497  
    0.4094759416489699 0.42242358336323976 0.4354920645380897  
    0.4486754624935762 0.4619690405950768 0.47536765372365963  
    0.4888651104524173 0.5024561224851439 0.5161353860932963  
    0.5298971480234435 0.5437351111909355 0.5576436095853601  
    0.5716168793841891 0.5856490135380292 0.5997335187585859  
    0.6138640817071203 0.6280345371694344 0.6422386103741388  
    0.656469924431732 0.6707218026317312 0.6849873214080636  
    0.6992598135085971 0.7135325073918619 0.7277985345453314  
    0.7420509408872202 0.7562823688068429 0.7704854833424243  
    0.7846530773527306 0.7987778084371914 0.8128521618263348  
    0.826868260181264 0.8408178334327931 0.8546928637982701  
    0.8684851266767873 0.882186388391014 0.8957877822801444  
    0.9092810840529962 0.922658552644676 0.9359121195259675  
    0.9490326293895629 0.962012197001579 0.9748425975316808  
    0.987511290659195 1.0 
  DENSITY_BEAM = 0.0 0.0 0.0 0.0 0.0 0.0 0.0 0.0 0.0 0.0 0.0 0.0 0.0  
    0.0 0.0 0.0 0.0 0.0 0.0 0.0 0.0 0.0 0.0 0.0 0.0 0.0 0.0 0.0 0.0 0.0  
    0.0 0.0 0.0 0.0 0.0 0.0 0.0 0.0 0.0 0.0 0.0 0.0 0.0 0.0 0.0 0.0 0.0  
    0.0 0.0 0.0 0.0 0.0 0.0 0.0 0.0 0.0 0.0 0.0 0.0 0.0 0.0 0.0 0.0 0.0  
    0.0 0.0 0.0 0.0 0.0 0.0 0.0 0.0 0.0 0.0 0.0 0.0 0.0 0.0 0.0 0.0 0.0  
    0.0 0.0 0.0 0.0 0.0 0.0 0.0 0.0 0.0 0.0 0.0 0.0 0.0 0.0 0.0 0.0 0.0  
    0.0 0.0 0.0 
  WBEAM = 0.0 0.0 0.0 0.0 0.0 0.0 0.0 0.0 0.0 0.0 0.0 0.0 0.0 0.0 0.0  
    0.0 0.0 0.0 0.0 0.0 0.0 0.0 0.0 0.0 0.0 0.0 0.0 0.0 0.0 0.0 0.0 0.0  
    0.0 0.0 0.0 0.0 0.0 0.0 0.0 0.0 0.0 0.0 0.0 0.0 0.0 0.0 0.0 0.0 0.0  
    0.0 0.0 0.0 0.0 0.0 0.0 0.0 0.0 0.0 0.0 0.0 0.0 0.0 0.0 0.0 0.0 0.0  
    0.0 0.0 0.0 0.0 0.0 0.0 0.0 0.0 0.0 0.0 0.0 0.0 0.0 0.0 0.0 0.0 0.0  
    0.0 0.0 0.0 0.0 0.0 0.0 0.0 0.0 0.0 0.0 0.0 0.0 0.0 0.0 0.0 0.0 0.0  
    0.0 
  TBEAM = 0.0 0.0 0.0 0.0 0.0 0.0 0.0 0.0 0.0 0.0 0.0 0.0 0.0 0.0 0.0  
    0.0 0.0 0.0 0.0 0.0 0.0 0.0 0.0 0.0 0.0 0.0 0.0 0.0 0.0 0.0 0.0 0.0  
    0.0 0.0 0.0 0.0 0.0 0.0 0.0 0.0 0.0 0.0 0.0 0.0 0.0 0.0 0.0 0.0 0.0  
    0.0 0.0 0.0 0.0 0.0 0.0 0.0 0.0 0.0 0.0 0.0 0.0 0.0 0.0 0.0 0.0 0.0  
    0.0 0.0 0.0 0.0 0.0 0.0 0.0 0.0 0.0 0.0 0.0 0.0 0.0 0.0 0.0 0.0 0.0  
    0.0 0.0 0.0 0.0 0.0 0.0 0.0 0.0 0.0 0.0 0.0 0.0 0.0 0.0 0.0 0.0 0.0  
    0.0 
  DENSITY_ALPHA = 0.0 0.0 0.0 0.0 0.0 0.0 0.0 0.0 0.0 0.0 0.0 0.0 0.0  
    0.0 0.0 0.0 0.0 0.0 0.0 0.0 0.0 0.0 0.0 0.0 0.0 0.0 0.0 0.0 0.0 0.0  
    0.0 0.0 0.0 0.0 0.0 0.0 0.0 0.0 0.0 0.0 0.0 0.0 0.0 0.0 0.0 0.0 0.0  
    0.0 0.0 0.0 0.0 0.0 0.0 0.0 0.0 0.0 0.0 0.0 0.0 0.0 0.0 0.0 0.0 0.0  
    0.0 0.0 0.0 0.0 0.0 0.0 0.0 0.0 0.0 0.0 0.0 0.0 0.0 0.0 0.0 0.0 0.0  
    0.0 0.0 0.0 0.0 0.0 0.0 0.0 0.0 0.0 0.0 0.0 0.0 0.0 0.0 0.0 0.0 0.0  
    0.0 0.0 0.0 
  WALPHA = 0.0 0.0 0.0 0.0 0.0 0.0 0.0 0.0 0.0 0.0 0.0 0.0 0.0 0.0 0.0  
    0.0 0.0 0.0 0.0 0.0 0.0 0.0 0.0 0.0 0.0 0.0 0.0 0.0 0.0 0.0 0.0 0.0  
    0.0 0.0 0.0 0.0 0.0 0.0 0.0 0.0 0.0 0.0 0.0 0.0 0.0 0.0 0.0 0.0 0.0  
    0.0 0.0 0.0 0.0 0.0 0.0 0.0 0.0 0.0 0.0 0.0 0.0 0.0 0.0 0.0 0.0 0.0  
    0.0 0.0 0.0 0.0 0.0 0.0 0.0 0.0 0.0 0.0 0.0 0.0 0.0 0.0 0.0 0.0 0.0  
    0.0 0.0 0.0 0.0 0.0 0.0 0.0 0.0 0.0 0.0 0.0 0.0 0.0 0.0 0.0 0.0 0.0  
    0.0 
  TALPHA = 0.0 0.0 0.0 0.0 0.0 0.0 0.0 0.0 0.0 0.0 0.0 0.0 0.0 0.0 0.0  
    0.0 0.0 0.0 0.0 0.0 0.0 0.0 0.0 0.0 0.0 0.0 0.0 0.0 0.0 0.0 0.0 0.0  
    0.0 0.0 0.0 0.0 0.0 0.0 0.0 0.0 0.0 0.0 0.0 0.0 0.0 0.0 0.0 0.0 0.0  
    0.0 0.0 0.0 0.0 0.0 0.0 0.0 0.0 0.0 0.0 0.0 0.0 0.0 0.0 0.0 0.0 0.0  
    0.0 0.0 0.0 0.0 0.0 0.0 0.0 0.0 0.0 0.0 0.0 0.0 0.0 0.0 0.0 0.0 0.0  
    0.0 0.0 0.0 0.0 0.0 0.0 0.0 0.0 0.0 0.0 0.0 0.0 0.0 0.0 0.0 0.0 0.0  
    0.0 
  CHIE = 0.0 0.0 0.0 0.0 0.0 0.0 0.0 0.0 0.0 0.0 0.0 0.0 0.0 0.0 0.0  
    0.0 0.0 0.0 0.0 0.0 0.0 0.0 0.0 0.0 0.0 0.0 0.0 0.0 0.0 0.0 0.0 0.0  
    0.0 0.0 0.0 0.0 0.0 0.0 0.0 0.0 0.0 0.0 0.0 0.0 0.0 0.0 0.0 0.0 0.0  
    0.0 0.0 0.0 0.0 0.0 0.0 0.0 0.0 0.0 0.0 0.0 0.0 0.0 0.0 0.0 0.0 0.0  
    0.0 0.0 0.0 0.0 0.0 0.0 0.0 0.0 0.0 0.0 0.0 0.0 0.0 0.0 0.0 0.0 0.0  
    0.0 0.0 0.0 0.0 0.0 0.0 0.0 0.0 0.0 0.0 0.0 0.0 0.0 0.0 0.0 0.0 0.0  
    0.0 
  CHII = 0.0 0.0 0.0 0.0 0.0 0.0 0.0 0.0 0.0 0.0 0.0 0.0 0.0 0.0 0.0  
    0.0 0.0 0.0 0.0 0.0 0.0 0.0 0.0 0.0 0.0 0.0 0.0 0.0 0.0 0.0 0.0 0.0  
    0.0 0.0 0.0 0.0 0.0 0.0 0.0 0.0 0.0 0.0 0.0 0.0 0.0 0.0 0.0 0.0 0.0  
    0.0 0.0 0.0 0.0 0.0 0.0 0.0 0.0 0.0 0.0 0.0 0.0 0.0 0.0 0.0 0.0 0.0  
    0.0 0.0 0.0 0.0 0.0 0.0 0.0 0.0 0.0 0.0 0.0 0.0 0.0 0.0 0.0 0.0 0.0  
    0.0 0.0 0.0 0.0 0.0 0.0 0.0 0.0 0.0 0.0 0.0 0.0 0.0 0.0 0.0 0.0 0.0  
    0.0 
  P_EQ = 0.0 0.0 0.0 0.0 0.0 0.0 0.0 0.0 0.0 0.0 0.0 0.0 0.0 0.0 0.0  
    0.0 0.0 0.0 0.0 0.0 0.0 0.0 0.0 0.0 0.0 0.0 0.0 0.0 0.0 0.0 0.0 0.0  
    0.0 0.0 0.0 0.0 0.0 0.0 0.0 0.0 0.0 0.0 0.0 0.0 0.0 0.0 0.0 0.0 0.0  
    0.0 0.0 0.0 0.0 0.0 0.0 0.0 0.0 0.0 0.0 0.0 0.0 0.0 0.0 0.0 0.0 0.0  
    0.0 0.0 0.0 0.0 0.0 0.0 0.0 0.0 0.0 0.0 0.0 0.0 0.0 0.0 0.0 0.0 0.0  
    0.0 0.0 0.0 0.0 0.0 0.0 0.0 0.0 0.0 0.0 0.0 0.0 0.0 0.0 0.0 0.0 0.0  
    0.0 
  J_TOT = 3688306.1505239746 3688306.1505239746 3687746.907798344  
    3686237.7970462455 3683940.866276596 3680866.98187054  
    3677047.129264161 3672502.914875315 3667246.8125380417  
    3661285.178758842 3654620.670025568 3647254.224290069  
    3639186.1185095706 3630416.420234629 3620945.1432255604  
    3610772.2897339915 3599897.8597600022 3588321.853553726  
    3576044.271115146 3563065.112444362 3549384.3780416134  
    3535002.067656735 3519918.1810396807 3504132.718440606  
    3487645.6796091725 3470457.0645454354 3452566.87349967  
    3433975.106221609 3414681.7627112265 3394686.843218875  
    3373990.347744436 3352592.2762877964 3330492.628598823  
    3307691.404677659 3284188.6045242897 3259984.2281386484  
    3235078.2757708933 3209470.7471708236 3183161.6423383867  
    3156150.9615239506 3128438.704727498 3100024.8719489845  
    3070909.4631884303 3041092.4781954912 3010573.9167200904  
    2979353.7790122367 2947432.065322406 2914808.7756506214  
    2881483.909996494 2847457.468110429 2812729.449992241  
    2777299.8558916687 2741168.685558622 2704335.93899335  
    2666801.6164465626 2628565.7179173194 2589628.2434058683  
    2549989.1926623313 2509648.5654362715 2468606.3619783428  
    2426862.5825379007 2384417.2271150993 2341270.2957106726  
    2297421.788073849 2252871.7042045714 2207620.044353368  
    2161666.808269774 2115011.9959535953 2067655.60765579  
    2019597.6433760743 1970838.102863745 1921376.9861197136  
    1871214.2933936452 1820350.0246839686 1768784.1799932432  
    1716516.758820794 1663547.7611644797 1609877.18777664  
    1555505.0384071758 1500431.3128051471 1444656.011220975  
    1388179.1334051115 1331000.6793568402 1273120.6493266579  
    1214539.0433146395 1155255.8610689645 1095271.1035905862  
    1034584.7863190443 973197.0537619297 911108.8951075623  
    848325.4822519962 784868.3586641297 720810.9611971319  
    656362.3695286281 592025.7157475954 528831.8198318743  
    468609.51565136155 414053.42036196333 368667.4483322466  
    337341.6020479357 314512.0349151662 
  RHO = 0.0 0.01 0.02 0.03 0.04 0.05 0.06 0.07 0.08 0.09 0.1 0.11 0.12  
    0.13 0.14 0.15 0.16 0.17 0.18 0.19 0.2 0.21 0.22 0.23 0.24 0.25  
    0.26 0.27 0.28 0.29 0.3 0.31 0.32 0.33 0.34 0.35 0.36 0.37 0.38  
    0.39 0.4 0.41 0.42 0.43 0.44 0.45 0.46 0.47 0.48 0.49 0.5 0.51 0.52  
    0.53 0.54 0.55 0.56 0.57 0.58 0.59 0.6 0.61 0.62 0.63 0.64 0.65  
    0.66 0.67 0.68 0.69 0.7 0.71 0.72 0.73 0.74 0.75 0.76 0.77 0.78  
    0.79 0.8 0.81 0.82 0.83 0.84 0.85 0.86 0.87 0.88 0.89 0.9 0.91 0.92  
    0.93 0.94 0.95 0.96 0.97 0.98 0.99 1.0 
  MODEL_PROFILE_NE = 'ped' 
  MODEL_PROFILE_TE = 'ped' 
  MODEL_PROFILE_TI = 'ped' 
  MODEL_PROFILE_DENSITY_BEAM = 'parab' 
  MODEL_PROFILE_J_TOT = 'parab' 
  MODEL_PROFILE_OMEGA = 'parab' 
  MODEL_PROFILE_ZEFF = 'const' 
  MODEL_PROFILE_TBEAMI = 'const' 
  MODEL_PROFILE_DENSITY_ALPHA = 'zero' 
  MODEL_PROFILE_WALPHA = 'zero' 
  MODEL_PROFILE_WBEAM = 'derived' 
  J_TOT_AXIS = 1.0 
  J_TOT_SEP = 0.05 
  J_TOT_ALPHA = 2.0 
  J_TOT_BETA = 1.0 
  DENSITY_BEAM_AXIS = 0.0 
  DENSITY_BEAM_SEP = 0.0 
  DENSITY_BEAM_ALPHA = 1.5 
  DENSITY_BEAM_BETA = 1.5 
  TBEAMI_AXIS = 20.0 
  DENSITY_ION_0 = 13.79555171620755 13.79555171620755 13.77306759131965  
    13.74897880958015 13.723306502507 13.69607181160705  
    13.6672958733927 13.6369998393597 13.60520483603155  
    13.57193200990955 13.537202497506101 13.50103744032805  
    13.4634579748878 13.424485247686649 13.384140395237  
    13.34244455405125 13.29941886563625 13.25508447149885  
    13.20946250815145 13.16257412209535 13.1144404448485  
    13.06508261791775 13.014521782809949 12.96277908103195  
    12.909875649096149 12.8558326285094 12.8006711557841  
    12.74441237742155 12.6870774249397 12.62868744483985  
    12.569263568639949 12.50882694783575 12.44739870895075  
    12.3850000034807 12.32165196294355 12.25737572884615  
    12.192192442695351 12.126123245998 12.0591892752665  
    11.99141166701325 11.92281156773955 11.8534101139578  
    11.7832284421804 11.7122876939142 11.640609010666049  
    11.56821352894835 11.49512239026795 11.421356726142799  
    11.3469376830742 11.2718863925801 11.19622398617845  
    11.1199716053761 11.0431503717021 10.9657814166744 10.8878858568276  
    10.80948480370185 10.73059934386505 10.651250568879549  
    10.5714595103743 10.4912471849949 10.41063452947575  
    10.329642410628951 10.2482915454331 10.166602486049952  
    10.084595509946501 10.0022905000282 9.919706789810999  
    9.8368628887266 9.75377613251095 9.670462158786998 9.5869341279305  
    9.5032016442688 9.4192691628513 9.33513369200245 9.25078148699585  
    9.1661833003323 9.08128751437105 8.9960102822855 8.91022138877525  
    8.8237240325325 8.7362259932822 8.647298832119999 8.556320550231797  
    8.462396197116549 8.3642498955717 8.260082684662851  
    8.147394667359249 8.0227820360858 7.8817466693057  
    7.7186074950162995 7.5266856899495505 7.299033869272  
    7.03001646541495 6.717850999128999 6.367586275013496  
    5.993027482280146 5.61565573040115 5.2598053182891  
    4.946016535386905 4.686116964488705 4.4822679438431 
  DENSITY_ION_1 = 13.79555171620755 13.79555171620755 13.77306759131965  
    13.74897880958015 13.723306502507 13.69607181160705  
    13.6672958733927 13.6369998393597 13.60520483603155  
    13.57193200990955 13.537202497506101 13.50103744032805  
    13.4634579748878 13.424485247686649 13.384140395237  
    13.34244455405125 13.29941886563625 13.25508447149885  
    13.20946250815145 13.16257412209535 13.1144404448485  
    13.06508261791775 13.014521782809949 12.96277908103195  
    12.909875649096149 12.8558326285094 12.8006711557841  
    12.74441237742155 12.6870774249397 12.62868744483985  
    12.569263568639949 12.50882694783575 12.44739870895075  
    12.3850000034807 12.32165196294355 12.25737572884615  
    12.192192442695351 12.126123245998 12.0591892752665  
    11.99141166701325 11.92281156773955 11.8534101139578  
    11.7832284421804 11.7122876939142 11.640609010666049  
    11.56821352894835 11.49512239026795 11.421356726142799  
    11.3469376830742 11.2718863925801 11.19622398617845  
    11.1199716053761 11.0431503717021 10.9657814166744 10.8878858568276  
    10.80948480370185 10.73059934386505 10.651250568879549  
    10.5714595103743 10.4912471849949 10.41063452947575  
    10.329642410628951 10.2482915454331 10.166602486049952  
    10.084595509946501 10.0022905000282 9.919706789810999  
    9.8368628887266 9.75377613251095 9.670462158786998 9.5869341279305  
    9.5032016442688 9.4192691628513 9.33513369200245 9.25078148699585  
    9.1661833003323 9.08128751437105 8.9960102822855 8.91022138877525  
    8.8237240325325 8.7362259932822 8.647298832119999 8.556320550231797  
    8.462396197116549 8.3642498955717 8.260082684662851  
    8.147394667359249 8.0227820360858 7.8817466693057  
    7.7186074950162995 7.5266856899495505 7.299033869272  
    7.03001646541495 6.717850999128999 6.367586275013496  
    5.993027482280146 5.61565573040115 5.2598053182891  
    4.946016535386905 4.686116964488705 4.4822679438431 
  DENSITY_IMP_0 = 0.00041432645385 0.00041432645385  
    0.00041365118055000004 0.00041292771405 0.000412156689  
    0.00041133874034999997 0.0004104745029 0.0004095646119  
    0.00040860970185 0.00040761040785 0.00040656736470000006  
    0.00040548120735 0.00040435257060000005 0.00040318208955  
    0.000401970399 0.00040071813375 0.00039942592875  
    0.00039809441895000006 0.00039672423915 0.00039531602445  
    0.0003938704095 0.00039238802925 0.00039086951864999997  
    0.00038931551265000003 0.00038772664605 0.0003861035538  
    0.00038444687070000004 0.00038275723185000004  
    0.00038103527189999997 0.00037928162595 0.00037749692865  
    0.00037568181525 0.00037383692025 0.0003719628789 0.00037006032585  
    0.00036812989605 0.00036617222445000004 0.000364187946  
    0.0003621776955 0.00036014210775 0.00035808181785  
    0.00035599746059999997 0.0003538896708 0.0003517590834  
    0.00034960633335 0.00034743205545 0.00034523688464999997  
    0.0003430214556 0.0003407864034 0.00033853236270000003  
    0.00033625996815 0.00033396985470000005 0.0003316626567  
    0.0003293390088 0.0003269995452 0.00032464489995 0.00032227570635  
    0.00031989259785 0.0003174962061 0.0003150871623 0.00031266609525  
    0.00031023363165000003 0.0003077903937 0.00030533699865  
    0.0003028740555 0.0003004021614 0.000297921897  
    0.00029543381820000005 0.00029293844565 0.00029043624899999996  
    0.0002879276235 0.0002854128576 0.0002828920851 0.00028036521615  
    0.00027783183795 0.0002752910721 0.00027274136835000003  
    0.0002701802085 0.00026760368175000003 0.0002650058775  
    0.0002623780194 0.00025970724 0.00025697485859999995  
    0.00025415399684999997 0.0002512063359 0.00024807784695  
    0.00024469344975 0.0002409509166 0.0002367151539 0.0002318155401  
    0.00022605148785000002 0.000219214344 0.00021113485365  
    0.000201759483 0.00019123986449999986 0.00017999061404999988  
    0.00016865688104999998 0.0001579695057 0.000148545381435  
    0.000140739730035 0.0001346174637 
  DENSITY_TH = 27.59151775886895 27.59151775886895 27.546548833819852  
    27.498370546874348 27.447025161703 27.39255496195445  
    27.3350022212883 27.2744092433313 27.21081828176495  
    27.144271630226953 27.0748115623769 27.002480361863448  
    26.927320302346203 26.849373677462847 26.768682760873002  
    26.68528982623625 26.59923715720125 26.510567037416653  
    26.41932174054205 26.32554356021515 26.2292747601065  
    26.13055762386475 26.029434435138548 25.92594747757655  
    25.820139024838348 25.7120513605726 25.6017267584389  
    25.48920751207495 25.3745358851513 25.25775417130565  
    25.138904634208547 25.01802957748675 24.89517125482175  
    24.7703719698403 24.64367398621295 24.515119587588348  
    24.38475105761515 24.252610679942002 24.1187407282285  
    23.983183476134247 23.845981217296952 23.707176225376198  
    23.5668107740316 23.424927146911802 23.28156762766545  
    23.13677448995215 22.99059001742055 22.843056473741196  
    22.6942161525518 22.5441113175229 22.392784232325052  
    22.240277180606903 22.086632406060897 21.9318921723576  
    21.7760987132004 21.61929425230365 21.46152096343645  
    21.30282103035695 21.1432365169547 20.9828094571521  
    20.82158172504675 20.659595054889554 20.496890881259898  
    20.333510309098553 20.169493893948502 20.0048814022178  
    19.839711501518998 19.6740212112714 19.50784520346755  
    19.341214753822996 19.1741561834845 19.006688701395202  
    18.8388212177877 18.67054774922105 18.501840805829648  
    18.3326418917367 18.16284777011045 17.9922907447795  
    17.82071038123225 17.647713070942498 17.4727143645838  
    17.29485737148 17.112898075322196 16.925046548229947  
    16.7287509974793 16.520413447172654 16.29503402816825  
    16.0458050230882 15.7637300537653 15.4374468055727  
    15.053597431386951 14.598286952888 14.06024406568355  
    13.435903757740999 12.735363789891492 11.986234955174343  
    11.231480117683349 10.5197686060839 9.892181616155245  
    9.372374668707446 8.9646705051499 
  NI = 27.5911034324151 27.5911034324151 27.5461351826393  
    27.4979576191603 27.446613005014 27.3921436232141 27.3345917467854  
    27.2739996787194 27.2104096720631 27.1438640198191  
    27.074404995012202 27.0020748806561 26.9269159497756  
    26.848970495373297 26.768280790474 26.6848891081025  
    26.5988377312725 26.5101689429977 26.4189250163029 26.3251482441907  
    26.228880889697 26.1301652358355 26.029043565619897  
    25.9255581620639 25.819751298192298 25.7116652570188  
    25.6013423115682 25.4888247548431 25.3741548498794 25.2573748896797  
    25.138527137279898 25.0176538956715 24.8947974179015  
    24.7700000069614 24.6433039258871 24.5147514576923  
    24.384384885390702 24.252246491996 24.118378550533 23.9828233340265  
    23.8456231354791 23.7068202279156 23.5664568843608 23.4245753878284  
    23.281218021332098 23.1364270578967 22.9902447805359  
    22.842713452285597 22.6938753661484 22.5437727851602  
    22.3924479723569 22.2399432107522 22.0863007434042 21.9315628333488  
    21.7757717136552 21.6189696074037 21.4611986877301  
    21.302501137759098 21.1429190207486 20.9824943699898  
    20.8212690589515 20.659284821257902 20.4965830908662  
    20.333204972099903 20.169191019893002 20.0045810000564  
    19.839413579621997 19.6737257774532 19.5075522650219  
    19.340924317573997 19.173868255861 19.0064032885376  
    18.8385383257026 18.6702673840049 18.5015629739917 18.3323666006646  
    18.1625750287421 17.992020564571 17.8204427775505 17.647448065065  
    17.4724519865644 17.294597664239998 17.112641100463595  
    16.924792394233098 16.7284997911434 16.520165369325703  
    16.294789334718498 16.0455640721716 15.7634933386114  
    15.437214990032599 15.053371379899101 14.598067738544  
    14.0600329308299 13.435701998257999 12.735172550026991  
    11.986054964560292 11.2313114608023 10.5196106365782  
    9.89203307077381 9.37223392897741 8.9645358876862 
  NZ = 0.00041432645385 0.00041432645385 0.00041365118055000004  
    0.00041292771405 0.000412156689 0.00041133874034999997  
    0.0004104745029 0.0004095646119 0.00040860970185 0.00040761040785  
    0.00040656736470000006 0.00040548120735 0.00040435257060000005  
    0.00040318208955 0.000401970399 0.00040071813375 0.00039942592875  
    0.00039809441895000006 0.00039672423915 0.00039531602445  
    0.0003938704095 0.00039238802925 0.00039086951864999997  
    0.00038931551265000003 0.00038772664605 0.0003861035538  
    0.00038444687070000004 0.00038275723185000004  
    0.00038103527189999997 0.00037928162595 0.00037749692865  
    0.00037568181525 0.00037383692025 0.0003719628789 0.00037006032585  
    0.00036812989605 0.00036617222445000004 0.000364187946  
    0.0003621776955 0.00036014210775 0.00035808181785  
    0.00035599746059999997 0.0003538896708 0.0003517590834  
    0.00034960633335 0.00034743205545 0.00034523688464999997  
    0.0003430214556 0.0003407864034 0.00033853236270000003  
    0.00033625996815 0.00033396985470000005 0.0003316626567  
    0.0003293390088 0.0003269995452 0.00032464489995 0.00032227570635  
    0.00031989259785 0.0003174962061 0.0003150871623 0.00031266609525  
    0.00031023363165000003 0.0003077903937 0.00030533699865  
    0.0003028740555 0.0003004021614 0.000297921897  
    0.00029543381820000005 0.00029293844565 0.00029043624899999996  
    0.0002879276235 0.0002854128576 0.0002828920851 0.00028036521615  
    0.00027783183795 0.0002752910721 0.00027274136835000003  
    0.0002701802085 0.00026760368175000003 0.0002650058775  
    0.0002623780194 0.00025970724 0.00025697485859999995  
    0.00025415399684999997 0.0002512063359 0.00024807784695  
    0.00024469344975 0.0002409509166 0.0002367151539 0.0002318155401  
    0.00022605148785000002 0.000219214344 0.00021113485365  
    0.000201759483 0.00019123986449999986 0.00017999061404999988  
    0.00016865688104999998 0.0001579695057 0.000148545381435  
    0.000140739730035 0.0001346174637 
  DENSITY_HE = 3.104498426766517 3.1030344415639437 3.090711108293109  
    3.0756368461258257 3.058263714783359 3.0390451902163456  
    3.0179868495685547 2.9932493240227167 2.962425190706031  
    2.922887125530922 2.871619602716967 2.8077157134367727  
    2.7341084979778154 2.653467783658116 2.569110627350371  
    2.4851429356231485 2.4028989010673847 2.3205395178248387  
    2.237993765144674 2.155140956500503 2.0718115255967153  
    1.988118110716615 1.9045528600863557 1.8214959169885643  
    1.739345253530258 1.6585111300540927 1.5795343819780805  
    1.5027124523355226 1.4280692693884305 1.355595060761874  
    1.2852492064321095 1.216878423871081 1.1504183016831693  
    1.0859290982313148 1.0234563208157181 0.963031380279604  
    0.9048248290240112 0.8490473010390811 0.7957659930854171  
    0.74502885174733 0.6968645969351184 0.651270234161912  
    0.6081988051566374 0.5675891429941373 0.5293685956370915  
    0.4934548876566226 0.45973506162294386 0.42808993554684344  
    0.39841935018976204 0.3706210705529189 0.3445921423978287  
    0.32024205116383053 0.2974671716445343 0.27614921421321814  
    0.25617595460196146 0.2374417820919528 0.21981351243031746  
    0.20319671940212236 0.1875494463478885 0.17283030713839032  
    0.15899865819919934 0.14604571425332638 0.1339713930901914  
    0.12274657099409218 0.11233954873532401 0.10271648335540702  
    0.09384439364381417 0.08567412977055495 0.07814947004979035  
    0.07121836977767973 0.06483279429203452 0.058938893007984716  
    0.05348917416112064 0.048450255936127624 0.04379156472248752  
    0.03948514862391636 0.03550919205414145 0.03184495804350664  
    0.02847194452665216 0.025370878137246082 0.02252362003329198  
    0.019907902367658464 0.01750894451602126 0.015319175327111707  
    0.013329299294120599 0.0115285988161305 0.009930061971620371  
    0.008521741470513383 0.007262962744829491 0.006123356700080735  
    0.005082464609175776 0.003564589106881467 0.002239279001455192  
    0.0011909962971392296 0.0004953299055055983 0.00014447692643647923  
    2.5454221187187276e-05 2.169116887253043e-06 5.984623181969767e-08  
    2.0030519560679302e-10 1.5260303274571156e-15 
  _NZ_0 = 0.004817999049452509 0.004817999049452509 0.0048101466275584  
    0.004801733790586679 0.00479276791857082 0.004783256395032843  
    0.0047732066017504935 0.004762625925734348 0.004751521745273599  
    0.004739901445634545 0.004727772408594933 0.004715142017676783  
    0.004702017654657845 0.004688406704804414 0.004674316549894237  
    0.004659754571705061 0.004644728153758907 0.0046292446795778  
    0.004613311530939482 0.004596936093110254 0.004580125746123585  
    0.004562887873501498 0.004545229858766016 0.00452715908543916  
    0.004508682935298676 0.004489808791866588 0.004470544036920638  
    0.00445089605572713 0.00443087222831953 0.004410479939964138  
    0.004389726570694423 0.004368619507520961 0.004347166128732944  
    0.004325373821340949 0.004303249965378443 0.004280801944367451  
    0.004258037141829994 0.004234962941288094 0.004211586724519498  
    0.00418791587330195 0.004163957772901752 0.004139719805096647  
    0.004115209351664382 0.004090433796126981 0.0040654005220064635  
    0.004040116911080577 0.004014590346871344 0.003988828209412234  
    0.0039628378839695454 0.003936626750576747 0.00391020218926731  
    0.0038835715835632556 0.003856742310009501 0.0038297217486395153  
    0.00380251727425394 0.0037751362599091377 0.003747586069940091  
    0.003719874070426058 0.0036920076065149804 0.00366399401812197  
    0.003635840617253717 0.0036075546914970413 0.003579143476110471  
    0.0035506141487914125 0.00352197379130207 0.0034932293476068114  
    0.0034643875697996014 0.003435454922168797 0.003406437459097799  
    0.0033773406419160316 0.0033481690667918227 0.0033189260879686994  
    0.0032896132613412137 0.0032602295420877995 0.0032307701299597903  
    0.0032012248104745585 0.0031715755565354586 0.0031417930852302026  
    0.003111831919784361 0.003081623328730469 0.003051065256200348  
    0.003020008072931148 0.002988234550227941 0.002955432132945995  
    0.002921155229979163 0.0028847755669205747 0.002845420072379854  
    0.0028018999905900185 0.0027526443843580916 0.002695669179391742  
    0.002628641843812661 0.0025491360525116886 0.0024551836232988206  
    0.002346162037879324 0.0022238345556183123 0.0020930225413925085  
    0.0019612281210427108 0.0018369498766801532 0.0017273613593919701  
    0.0016365932689741355 0.0015654004375523598 
  PNBE = 0.0 
  PNBI = 0.0 
  PRFE = 12.469846987590053 
  PRFI = 27.555761178018546 
  PFUSE = 44.079518189082975 
  PFUSI = 14.956891260827245 
  PEI = -9.3755859367621 
  PRAD = -15.993391354000023 
  AREA = 241.634411 
/






