&INSTATE
  DENSITY_MODEL = 1 
  MODEL_SHAPE = 0 
  NBDRY = 15 
  USE_INPED = 0 
  R0 = 4.55 
  A0 = 1.2 
  KAPPA = 1.4 
  DELTA = -0.5 
  B0 = 11.0 
  IP = 10.0 
  N_ION = 2 
  Z_ION = 1 1 
  A_ION = 2 3 
  F_ION = 0.5 0.5 
  N_IMP = 1 
  Z_IMP = 36 
  A_IMP = 84 
  F_IMP = 0.0011 
  N_MIN = 0 
  Z_MIN = 1 
  A_MIN = 1 
  N_BEAM = 1 
  Z_BEAM = 1 
  A_BEAM = 2 
  N_FUSION = 1 
  Z_FUSION = 2 
  A_FUSION = 4 
  NRHO = 101 
  NE_AXIS = 27.6 
  NE_PED = 14.424 
  NE_SEP = 9.0 
  NE_ALPHA = 1.5 
  NE_BETA = 1.1 
  NE_FIT = 1 
  NE_XMID = 0.95 
  NE_XWID = 0.1 
  TE_AXIS = 18.8 
  TE_PED = 3.7455 
  TE_SEP = 0.08 
  TE_ALPHA = 1.5 
  TE_BETA = 1.5 
  TE_FIT = 1 
  TE_XMID = 0.95 
  TE_XWID = 0.1 
  TI_AXIS = 19.0 
  TI_PED = 3.7455 
  TI_SEP = 0.08 
  TI_ALPHA = 1.5 
  TI_BETA = 1.5 
  TI_FIT = 1 
  TI_XMID = 0.95 
  TI_XWID = 0.1 
  ZEFF_AXIS = 2.26 
  OMEGA_AXIS = 5000.0 
  OMEGA_SEP = 0.0 
  OMEGA_ALPHA = 1.5 
  OMEGA_BETA = 1.5 
  JPAR_AXIS = 1.0 
  JPAR_SEP = 0.05 
  JPAR_ALPHA = 2.0 
  JPAR_BETA = 1.0 
  NBEAM_AXIS = 0.0 
  NBEAM_SEP = 0.0 
  NBEAM_ALPHA = 1.5 
  NBEAM_BETA = 1.5 
  TBEAMI = 20.0 20.0 20.0 20.0 20.0 20.0 20.0 20.0 20.0 20.0 20.0 20.0  
    20.0 20.0 20.0 20.0 20.0 20.0 20.0 20.0 20.0 20.0 20.0 20.0 20.0  
    20.0 20.0 20.0 20.0 20.0 20.0 20.0 20.0 20.0 20.0 20.0 20.0 20.0  
    20.0 20.0 20.0 20.0 20.0 20.0 20.0 20.0 20.0 20.0 20.0 20.0 20.0  
    20.0 20.0 20.0 20.0 20.0 20.0 20.0 20.0 20.0 20.0 20.0 20.0 20.0  
    20.0 20.0 20.0 20.0 20.0 20.0 20.0 20.0 20.0 20.0 20.0 20.0 20.0  
    20.0 20.0 20.0 20.0 20.0 20.0 20.0 20.0 20.0 20.0 20.0 20.0 20.0  
    20.0 20.0 20.0 20.0 20.0 20.0 20.0 20.0 20.0 20.0 20.0 
  BETAN_PED = -1.0 
  XMID = 0.95 
  XWID = 0.1 
  PRESSURE_MODEL = 'full' 
  H98_TARGET = 0.8 
  BETAN_TARGET = 1.25 
  BETAN_BEAM_TARGET = 0.0 
  CURRENT_MODEL = 'broad' 
  RHO_JBDRY = 0.85 
  RHO_JPEAK = 0.65 
  JAXIS = 0.6 
  JAXIS_PRIME = 1.0 
  JBDRY_PRIME = -1.0 
  RBDRY = 5.75 5.717889612279765 5.599231274196216 5.333894952548324  
    4.862048988436734 4.215741544340384 3.606248672667517  
    3.3499999999999996 3.606248672667517 4.215741544340384  
    4.862048988436735 5.333894952548324 5.599231274196216  
    5.717889612279765 5.75 
  ZBDRY = 0.0 0.7289246817174976 1.3134768905462901 1.6378788924654637  
    1.6378788924654637 1.3134768905462901 0.7289246817174978  
    2.0574066225675533e-16 -0.7289246817174975 -1.31347689054629  
    -1.6378788924654637 -1.6378788924654637 -1.3134768905462901  
    -0.728924681717498 0.0 
  NLIM = 5 
  RLIM = 6.0 3.5 3.5 6.0 6.0 
  ZLIM = 1.93 1.93 -1.93 -1.93 1.93 
  NE = 27.62306735 27.62306735 27.57546442 27.52446609 27.47011707  
    27.41246207 27.3515458 27.28741298 27.22010832 27.14967653  
    27.07616232 26.99961042 26.92006552 26.83757235 26.75217561  
    26.66392003 26.5728503 26.47901115 26.38244728 26.28320342  
    26.18132427 26.07685454 25.96983895 25.86032222 25.74834904  
    25.63396415 25.51721224 25.39813803 25.27678624 25.15320158  
    25.02742875 24.89951248 24.76949748 24.63742845 24.50335012  
    24.36730718 24.22934437 24.08950638 23.94783794 23.80438375  
    23.65918852 23.51229698 23.36375383 23.21360378 23.06189155  
    22.90866184 22.75395937 22.59782885 22.44031499 22.28146248  
    22.12131604 21.95992037 21.79732015 21.63356007 21.4686848  
    21.302739 21.13576729 20.967814259999997 20.79892444 20.62914227  
    20.4585121 20.28707809 20.11488415 19.94197386 19.76839027  
    19.59417572 19.41937148 19.2440173 19.06815074 18.891806199999998  
    18.715013559999996 18.53779614 18.36016787 18.18212917 18.00366107  
    17.82471671 17.64520933 17.46499491 17.28384757 17.10142452  
    16.91721648 16.73047789 16.540129599999997 16.344624839999998  
    16.14176854 15.92848087 15.70050384 15.45206898 15.17558875  
    14.86151692 14.49865645 14.07535272 13.58207892 13.0156276  
    12.384132909999993 11.710562209999994 11.03138998 10.38887851  
    9.81973103 9.346060347 8.972965753 
  TE = 18.8167576 18.8167576 18.74541711 18.66824538 18.58536946  
    18.49691645 18.40301341 18.30378741 18.19936554 18.08987487  
    17.97544247 17.85619542 17.73226079 17.60376565 17.47083709  
    17.33360217 17.19218797 17.04672157 16.89733004 16.74414045  
    16.58727988 16.42687541 16.2630541 16.09594304 15.9256693  
    15.75235995 15.57614207 15.39714273 15.21548901 15.03130798  
    14.84472671 14.65587229 14.46487178 14.27185227 14.07694082  
    13.880264509999998 13.68195041 13.48212561 13.28091717 13.07845216  
    12.87485768 12.670260779999998 12.46478854 12.25856804 12.05172636  
    11.84439056 11.63668772 11.428744919999998 11.22068923 11.01264773  
    10.80474748 10.59711557 10.38987907 10.18316505 9.977100579  
    9.771812733 9.567428581 9.364075185999999 9.161879611 8.960968907  
    8.761470117 8.563510263 8.367216341 8.172715301 7.980134029  
    7.789599306 7.601237756 7.415175756 7.231539307 7.0504538289999985  
    6.872043845999999 6.696432502 6.523740816 6.354086533 6.187582354  
    6.02433321 5.86443206 5.707953425 5.554943414 5.405404386  
    5.25927134 5.11637567 4.976389661999998 4.838741904999998  
    4.702489477 4.566127398 4.427311121 4.282468169 4.126292744  
    3.951178484 3.746797423 3.500332288 3.198284898 2.830947788  
    2.3995737899999945 1.9231391209999946 1.438300093 0.9885116223  
    0.607818884 0.3107984791 0.09381087106 
  TI = 19.01696608 19.01696608 18.94464486 18.86641151 18.78239486  
    18.69272377 18.59752706 18.49693357 18.39107216 18.28007165  
    18.16406089 18.04316871 17.91752396 17.78725548 17.6524921  
    17.51336267 17.36999602 17.222521 17.07106644 16.91576119  
    16.75673408 16.59411396 16.42802966 16.25861002 16.08598389  
    15.9102801 15.73162749 15.55015491 15.36599118 15.17926517  
    14.99010569 14.79864159 14.60500172 14.40931491 14.21171  
    14.012315829999999 13.81126124 13.60867507 13.40468616 13.19942336  
    12.99301549 12.785591399999998 12.57727993 12.36820992 12.15851021  
    11.94830964 11.73773704 11.526921269999999 11.31599115 11.10507553  
    10.89430324 10.68380314 10.47370404 10.2641348 10.05522425  
    9.847101223 9.639894558 9.433733083999998 9.228745628 9.025061008  
    8.822808032 8.622115489 8.423112142 8.22592671 8.030687849  
    7.837524113 7.646563902 7.457935376 7.271766326 7.088183975999998  
    6.907314669999998 6.729283402 6.554213081 6.3822234 6.213429099  
    6.047937276 5.88584325 5.72722418 5.572129224 5.420564389  
    5.272469189 5.127680784 4.985879010999998 4.846502539999999  
    4.708622019 4.570750726 4.430568342 4.284533547 4.127378238  
    3.951536597 3.74671388 3.500098985 3.198145301 2.831023133  
    2.399812947999995 1.9233581879999946 1.438325931 0.9883266268  
    0.6075777711 0.3107215441 0.09406899116 
  OMEGA = 4992.501875 4992.501875 4978.801804 4961.079526 4940.12016  
    4916.382264 4890.178959 4861.74318 4831.258024 4798.873089  
    4764.714177 4728.889466 4691.493659 4652.610886 4612.316799  
    4570.680145 4527.763951 4483.626454 4438.321832 4391.900796  
    4344.411068 4295.897774 4246.403778 4195.969955 4144.635428  
    4092.437767 4039.413164 3985.596584 3931.021896 3875.721988  
    3819.72887 3763.073767 3705.787199 3647.899055 3589.43866  
    3530.4348369999993 3470.91596 3410.910006 3350.444605 3289.54708  
    3228.244492 3166.5636739999995 3104.531273 3042.173783 2979.517575  
    2916.588934 2853.414088 2790.0192379999994 2726.430588 2662.674375  
    2598.776897 2534.764544 2470.663824 2406.501396 2342.304099  
    2278.098979 2213.913327 2149.774706999999 2085.710992 2021.750397  
    1957.921519 1894.253376 1830.775447 1767.517715 1704.510722  
    1641.785608 1579.374179 1517.308956 1455.623246 1394.3512129999992  
    1333.5279519999992 1273.18958 1213.373329 1154.117653 1095.462349  
    1037.448686 980.1195629 923.5196753 867.6957162 812.6966008  
    758.5737302 705.3812976 653.1766491999995 602.0207127999994  
    551.9785103 503.1197796 455.5197357 409.2600162 364.4298727  
    321.1276991 279.4630303 239.55922 201.557126 165.620359  
    131.94307479999966 100.76217029999968 72.37775876 47.19105135  
    25.78549737 9.151104569 -3.154809747e-12 
  ZEFF = 2.386 2.386 2.3859999999999997 2.386 2.386 2.386 2.386 2.386  
    2.386 2.386 2.386 2.386 2.386 2.3860000000000006 2.386 2.386 2.386  
    2.386 2.386 2.386 2.386 2.386 2.386 2.386 2.386 2.386 2.386 2.386  
    2.3859999999999997 2.386 2.386 2.386 2.386 2.386 2.386 2.386 2.386  
    2.386 2.3859999999999997 2.386 2.386 2.386 2.3859999999999997 2.386  
    2.386 2.3860000000000006 2.386 2.386 2.386 2.386 2.386 2.386 2.386  
    2.386 2.386 2.386 2.386 2.386 2.386 2.3859999999999997 2.386 2.386  
    2.386 2.386 2.386 2.386 2.3859999999999997 2.3859999999999997 2.386  
    2.386 2.386 2.3860000000000006 2.386 2.386 2.386 2.386 2.386 2.386  
    2.386 2.3860000000000006 2.386 2.386 2.3859999999999997 2.386 2.386  
    2.386 2.386 2.386 2.386 2.386 2.386 2.3859999999999997 2.386 2.386  
    2.3860000000000006 2.386 2.386 2.386 2.386 2.386 2.3860000000000006 
  J_OH = 0.0 0.0 0.0 0.0 0.0 0.0 0.0 0.0 0.0 0.0 0.0 0.0 0.0 0.0 0.0  
    0.0 0.0 0.0 0.0 0.0 0.0 0.0 0.0 0.0 0.0 0.0 0.0 0.0 0.0 0.0 0.0 0.0  
    0.0 0.0 0.0 0.0 0.0 0.0 0.0 0.0 0.0 0.0 0.0 0.0 0.0 0.0 0.0 0.0 0.0  
    0.0 0.0 0.0 0.0 0.0 0.0 0.0 0.0 0.0 0.0 0.0 0.0 0.0 0.0 0.0 0.0 0.0  
    0.0 0.0 0.0 0.0 0.0 0.0 0.0 0.0 0.0 0.0 0.0 0.0 0.0 0.0 0.0 0.0 0.0  
    0.0 0.0 0.0 0.0 0.0 0.0 0.0 0.0 0.0 0.0 0.0 0.0 0.0 0.0 0.0 0.0 0.0  
    0.0 
  J_BS = 285143.18038125476 427714.77057188214 579733.1107294277  
    586921.9660160949 580766.3835873256 573371.9817552639  
    567123.8092150481 562309.1124158839 558731.75592165  
    556116.9896854177 554216.3032918121 552826.8116964047  
    551788.0240845487 550975.5544884234 550293.5656530812  
    549668.5721696721 549043.8700689737 548374.3336717266  
    547623.9983708378 546765.3549627733 545779.1842814066  
    544650.2737334784 543365.4151694932 541915.8530570003  
    540295.9414562994 538501.271004726 536529.139037002  
    534378.3411253677 532048.369907552 529539.5410676781  
    526853.2359573328 523991.0566289232 520954.63633499603  
    517746.4781031979 514369.8622687181 510828.0913019725  
    507124.7445714894 503263.89110505197 499249.5458539289  
    495085.6666285137 490776.6388917665 486327.0757748142  
    481741.1882295495 477023.2976502962 472178.19364177895  
    467210.2587512523 462123.76522921445 456923.2993809649  
    451613.39811449265 446198.4423328795 440682.68704766565  
    435070.4671069984 429365.99216970516 423573.4005441937  
    417696.8239736786 411740.43362455204 405708.2322247924  
    399603.9339742431 393431.4857033473 387194.7715810152  
    380897.43236687104 374543.2051271196 368135.80807773914  
    361678.8509411581 355176.0501377443 348631.31972777785  
    342048.67982833955 335432.3714743839 328787.2364741971  
    322118.95842704026 315434.2609430071 308741.41276166466  
    302051.1967195732 295378.1921533053 288742.3378858076  
    282171.3108268251 275704.31633380323 269397.60127136  
    263332.25363266433 257625.57894257476 252447.90120876036  
    248047.021735436 244783.1180647881 243177.47274991765  
    243977.64037157648 248237.72779844294 257402.01252532325  
    273354.3933036172 298342.46071891836 334591.55250919395  
    383319.6276817189 442882.7471360705 506240.71151189  
    559221.9808106897 582614.2038227126 560117.0419839195  
    488290.5203662319 379498.41446399444 255898.65352235764  
    139628.21587528544 31889.178360204023 
  J_NB = 0.0 0.0 0.0 0.0 0.0 0.0 0.0 0.0 0.0 0.0 0.0 0.0 0.0 0.0 0.0  
    0.0 0.0 0.0 0.0 0.0 0.0 0.0 0.0 0.0 0.0 0.0 0.0 0.0 0.0 0.0 0.0 0.0  
    0.0 0.0 0.0 0.0 0.0 0.0 0.0 0.0 0.0 0.0 0.0 0.0 0.0 0.0 0.0 0.0 0.0  
    0.0 0.0 0.0 0.0 0.0 0.0 0.0 0.0 0.0 0.0 0.0 0.0 0.0 0.0 0.0 0.0 0.0  
    0.0 0.0 0.0 0.0 0.0 0.0 0.0 0.0 0.0 0.0 0.0 0.0 0.0 0.0 0.0 0.0 0.0  
    0.0 0.0 0.0 0.0 0.0 0.0 0.0 0.0 0.0 0.0 0.0 0.0 0.0 0.0 0.0 0.0 0.0  
    0.0 
  J_EC = 0.0 0.0 0.0 0.0 0.0 0.0 0.0 0.0 0.0 0.0 0.0 0.0 0.0 0.0 0.0  
    0.0 0.0 0.0 0.0 0.0 0.0 0.0 0.0 0.0 0.0 0.0 0.0 0.0 0.0 0.0 0.0 0.0  
    0.0 0.0 0.0 0.0 0.0 0.0 0.0 0.0 0.0 0.0 0.0 0.0 0.0 0.0 0.0 0.0 0.0  
    0.0 0.0 0.0 0.0 0.0 0.0 0.0 0.0 0.0 0.0 0.0 0.0 0.0 0.0 0.0 0.0 0.0  
    0.0 0.0 0.0 0.0 0.0 0.0 0.0 0.0 0.0 0.0 0.0 0.0 0.0 0.0 0.0 0.0 0.0  
    0.0 0.0 0.0 0.0 0.0 0.0 0.0 0.0 0.0 0.0 0.0 0.0 0.0 0.0 0.0 0.0 0.0  
    0.0 
  J_IC = 0.0 0.0 0.0 0.0 0.0 0.0 0.0 0.0 0.0 0.0 0.0 0.0 0.0 0.0 0.0  
    0.0 0.0 0.0 0.0 0.0 0.0 0.0 0.0 0.0 0.0 0.0 0.0 0.0 0.0 0.0 0.0 0.0  
    0.0 0.0 0.0 0.0 0.0 0.0 0.0 0.0 0.0 0.0 0.0 0.0 0.0 0.0 0.0 0.0 0.0  
    0.0 0.0 0.0 0.0 0.0 0.0 0.0 0.0 0.0 0.0 0.0 0.0 0.0 0.0 0.0 0.0 0.0  
    0.0 0.0 0.0 0.0 0.0 0.0 0.0 0.0 0.0 0.0 0.0 0.0 0.0 0.0 0.0 0.0 0.0  
    0.0 0.0 0.0 0.0 0.0 0.0 0.0 0.0 0.0 0.0 0.0 0.0 0.0 0.0 0.0 0.0 0.0  
    0.0 
  J_LH = 0.0 0.0 0.0 0.0 0.0 0.0 0.0 0.0 0.0 0.0 0.0 0.0 0.0 0.0 0.0  
    0.0 0.0 0.0 0.0 0.0 0.0 0.0 0.0 0.0 0.0 0.0 0.0 0.0 0.0 0.0 0.0 0.0  
    0.0 0.0 0.0 0.0 0.0 0.0 0.0 0.0 0.0 0.0 0.0 0.0 0.0 0.0 0.0 0.0 0.0  
    0.0 0.0 0.0 0.0 0.0 0.0 0.0 0.0 0.0 0.0 0.0 0.0 0.0 0.0 0.0 0.0 0.0  
    0.0 0.0 0.0 0.0 0.0 0.0 0.0 0.0 0.0 0.0 0.0 0.0 0.0 0.0 0.0 0.0 0.0  
    0.0 0.0 0.0 0.0 0.0 0.0 0.0 0.0 0.0 0.0 0.0 0.0 0.0 0.0 0.0 0.0 0.0  
    0.0 
  PE_NB = 0.0 0.0 0.0 0.0 0.0 0.0 0.0 0.0 0.0 0.0 0.0 0.0 0.0 0.0 0.0  
    0.0 0.0 0.0 0.0 0.0 0.0 0.0 0.0 0.0 0.0 0.0 0.0 0.0 0.0 0.0 0.0 0.0  
    0.0 0.0 0.0 0.0 0.0 0.0 0.0 0.0 0.0 0.0 0.0 0.0 0.0 0.0 0.0 0.0 0.0  
    0.0 0.0 0.0 0.0 0.0 0.0 0.0 0.0 0.0 0.0 0.0 0.0 0.0 0.0 0.0 0.0 0.0  
    0.0 0.0 0.0 0.0 0.0 0.0 0.0 0.0 0.0 0.0 0.0 0.0 0.0 0.0 0.0 0.0 0.0  
    0.0 0.0 0.0 0.0 0.0 0.0 0.0 0.0 0.0 0.0 0.0 0.0 0.0 0.0 0.0 0.0 0.0  
    0.0 
  PE_EC = 0.0 0.0 0.0 0.0 0.0 0.0 0.0 0.0 0.0 0.0 0.0 0.0 0.0 0.0 0.0  
    0.0 0.0 0.0 0.0 0.0 0.0 0.0 0.0 0.0 0.0 0.0 0.0 0.0 0.0 0.0 0.0 0.0  
    0.0 0.0 0.0 0.0 0.0 0.0 0.0 0.0 0.0 0.0 0.0 0.0 0.0 0.0 0.0 0.0 0.0  
    0.0 0.0 0.0 0.0 0.0 0.0 0.0 0.0 0.0 0.0 0.0 0.0 0.0 0.0 0.0 0.0 0.0  
    0.0 0.0 0.0 0.0 0.0 0.0 0.0 0.0 0.0 0.0 0.0 0.0 0.0 0.0 0.0 0.0 0.0  
    0.0 0.0 0.0 0.0 0.0 0.0 0.0 0.0 0.0 0.0 0.0 0.0 0.0 0.0 0.0 0.0 0.0  
    0.0 
  PE_IC = 0.0 0.0 0.0 0.0 0.0 0.0 0.0 0.0 0.0 0.0 0.0 0.0 0.0 0.0 0.0  
    0.0 0.0 0.0 0.0 0.0 0.0 0.0 0.0 0.0 0.0 0.0 0.0 0.0 0.0 0.0 0.0 0.0  
    0.0 0.0 0.0 0.0 0.0 0.0 0.0 0.0 0.0 0.0 0.0 0.0 0.0 0.0 0.0 0.0 0.0  
    0.0 0.0 0.0 0.0 0.0 0.0 0.0 0.0 0.0 0.0 0.0 0.0 0.0 0.0 0.0 0.0 0.0  
    0.0 0.0 0.0 0.0 0.0 0.0 0.0 0.0 0.0 0.0 0.0 0.0 0.0 0.0 0.0 0.0 0.0  
    0.0 0.0 0.0 0.0 0.0 0.0 0.0 0.0 0.0 0.0 0.0 0.0 0.0 0.0 0.0 0.0 0.0  
    0.0 
  PE_LH = 0.0 0.0 0.0 0.0 0.0 0.0 0.0 0.0 0.0 0.0 0.0 0.0 0.0 0.0 0.0  
    0.0 0.0 0.0 0.0 0.0 0.0 0.0 0.0 0.0 0.0 0.0 0.0 0.0 0.0 0.0 0.0 0.0  
    0.0 0.0 0.0 0.0 0.0 0.0 0.0 0.0 0.0 0.0 0.0 0.0 0.0 0.0 0.0 0.0 0.0  
    0.0 0.0 0.0 0.0 0.0 0.0 0.0 0.0 0.0 0.0 0.0 0.0 0.0 0.0 0.0 0.0 0.0  
    0.0 0.0 0.0 0.0 0.0 0.0 0.0 0.0 0.0 0.0 0.0 0.0 0.0 0.0 0.0 0.0 0.0  
    0.0 0.0 0.0 0.0 0.0 0.0 0.0 0.0 0.0 0.0 0.0 0.0 0.0 0.0 0.0 0.0 0.0  
    0.0 
  PE_FUS = 1840537.0905487214 1840537.0905487214 1830085.1116588959  
    1818813.4892105462 1806730.8494573785 1793845.6430105185  
    1780166.193866861 1765700.7595564856 1750457.5844892885  
    1734444.9533812136 1717671.2566273748 1700145.0475323347  
    1681875.102702492 1662870.4913798932 1643140.6331337024  
    1622695.3766303642 1601545.056159018 1579700.5764200196  
    1557173.4743936204 1533976.0046648846 1510121.2052409453  
    1485622.9844773193 1460496.196492131 1434756.7226153133  
    1408421.5509735378 1381508.8618480929 1354038.1025781708  
    1326030.076583712 1297507.0148226973 1268492.6622372628  
    1239012.3393397005 1209093.0279152547 1178763.428855111  
    1148054.0191161341 1116997.1120657697 1085626.892387935  
    1053979.456347246 1022092.8227517041 990006.9462590842  
    957763.7009842881 925406.8484190132 892981.9961096263  
    860536.5141749339 828119.4414783671 795781.360140262  
    763574.2398574308 731551.2545453813 699766.5702686944  
    668275.0903884189 637132.183656614 606393.3710386619  
    576113.9880189912 546348.8081784672 517151.66377394804  
    488575.02232683735 460669.56304578343 433483.739088645  
    407063.33734838746 381451.0450240788 356686.0292200737  
    332803.54136657144 309834.55012324365 287805.41770300706  
    266737.624960424 246647.55169063495 227546.3218350567  
    209439.71505714164 192328.1504991006 176206.74254303027  
    161065.4276641574 146889.1589228449 133658.16148115505  
    121348.24202702765 109931.13957514669 99374.90538952078  
    89644.29386191227 80701.14838106747 72504.7561051155  
    65012.14860762941 58178.31669281278 51956.304156164086  
    46297.14242251423 41149.587999232914 36459.63924721477  
    32169.858755088557 28218.649145010033 24539.9146640079  
    21064.108054848526 17722.680320147476 14459.355432128568  
    11252.443852168492 8149.038632467113 5297.530417432046  
    2937.3534665816196 1294.7717747713364 412.2805226017247  
    82.8555937419054 8.484560064420739 0.290590725450801  
    0.001059326622265233 1.1107658466010514e-09 
  PE_IONIZATION = 0.0 0.0 0.0 0.0 0.0 0.0 0.0 0.0 0.0 0.0 0.0 0.0 0.0  
    0.0 0.0 0.0 0.0 0.0 0.0 0.0 0.0 0.0 0.0 0.0 0.0 0.0 0.0 0.0 0.0 0.0  
    0.0 0.0 0.0 0.0 0.0 0.0 0.0 0.0 0.0 0.0 0.0 0.0 0.0 0.0 0.0 0.0 0.0  
    0.0 0.0 0.0 0.0 0.0 0.0 0.0 0.0 0.0 0.0 0.0 0.0 0.0 0.0 0.0 0.0 0.0  
    0.0 0.0 0.0 0.0 0.0 0.0 0.0 0.0 0.0 0.0 0.0 0.0 0.0 0.0 0.0 0.0 0.0  
    0.0 0.0 0.0 0.0 0.0 0.0 0.0 0.0 0.0 0.0 0.0 0.0 0.0 0.0 0.0 0.0 0.0  
    0.0 0.0 0.0 
  P_RAD = 0.0 0.0 0.0 0.0 0.0 0.0 0.0 0.0 0.0 0.0 0.0 0.0 0.0 0.0 0.0  
    0.0 0.0 0.0 0.0 0.0 0.0 0.0 0.0 0.0 0.0 0.0 0.0 0.0 0.0 0.0 0.0 0.0  
    0.0 0.0 0.0 0.0 0.0 0.0 0.0 0.0 0.0 0.0 0.0 0.0 0.0 0.0 0.0 0.0 0.0  
    0.0 0.0 0.0 0.0 0.0 0.0 0.0 0.0 0.0 0.0 0.0 0.0 0.0 0.0 0.0 0.0 0.0  
    0.0 0.0 0.0 0.0 0.0 0.0 0.0 0.0 0.0 0.0 0.0 0.0 0.0 0.0 0.0 0.0 0.0  
    0.0 0.0 0.0 0.0 0.0 0.0 0.0 0.0 0.0 0.0 0.0 0.0 0.0 0.0 0.0 0.0 0.0  
    0.0 
  PI_NB = 0.0 0.0 0.0 0.0 0.0 0.0 0.0 0.0 0.0 0.0 0.0 0.0 0.0 0.0 0.0  
    0.0 0.0 0.0 0.0 0.0 0.0 0.0 0.0 0.0 0.0 0.0 0.0 0.0 0.0 0.0 0.0 0.0  
    0.0 0.0 0.0 0.0 0.0 0.0 0.0 0.0 0.0 0.0 0.0 0.0 0.0 0.0 0.0 0.0 0.0  
    0.0 0.0 0.0 0.0 0.0 0.0 0.0 0.0 0.0 0.0 0.0 0.0 0.0 0.0 0.0 0.0 0.0  
    0.0 0.0 0.0 0.0 0.0 0.0 0.0 0.0 0.0 0.0 0.0 0.0 0.0 0.0 0.0 0.0 0.0  
    0.0 0.0 0.0 0.0 0.0 0.0 0.0 0.0 0.0 0.0 0.0 0.0 0.0 0.0 0.0 0.0 0.0  
    0.0 
  PI_IC = 0.0 0.0 0.0 0.0 0.0 0.0 0.0 0.0 0.0 0.0 0.0 0.0 0.0 0.0 0.0  
    0.0 0.0 0.0 0.0 0.0 0.0 0.0 0.0 0.0 0.0 0.0 0.0 0.0 0.0 0.0 0.0 0.0  
    0.0 0.0 0.0 0.0 0.0 0.0 0.0 0.0 0.0 0.0 0.0 0.0 0.0 0.0 0.0 0.0 0.0  
    0.0 0.0 0.0 0.0 0.0 0.0 0.0 0.0 0.0 0.0 0.0 0.0 0.0 0.0 0.0 0.0 0.0  
    0.0 0.0 0.0 0.0 0.0 0.0 0.0 0.0 0.0 0.0 0.0 0.0 0.0 0.0 0.0 0.0 0.0  
    0.0 0.0 0.0 0.0 0.0 0.0 0.0 0.0 0.0 0.0 0.0 0.0 0.0 0.0 0.0 0.0 0.0  
    0.0 
  PI_LH = 0.0 0.0 0.0 0.0 0.0 0.0 0.0 0.0 0.0 0.0 0.0 0.0 0.0 0.0 0.0  
    0.0 0.0 0.0 0.0 0.0 0.0 0.0 0.0 0.0 0.0 0.0 0.0 0.0 0.0 0.0 0.0 0.0  
    0.0 0.0 0.0 0.0 0.0 0.0 0.0 0.0 0.0 0.0 0.0 0.0 0.0 0.0 0.0 0.0 0.0  
    0.0 0.0 0.0 0.0 0.0 0.0 0.0 0.0 0.0 0.0 0.0 0.0 0.0 0.0 0.0 0.0 0.0  
    0.0 0.0 0.0 0.0 0.0 0.0 0.0 0.0 0.0 0.0 0.0 0.0 0.0 0.0 0.0 0.0 0.0  
    0.0 0.0 0.0 0.0 0.0 0.0 0.0 0.0 0.0 0.0 0.0 0.0 0.0 0.0 0.0 0.0 0.0  
    0.0 
  PI_FUS = 808344.9400787972 808344.9400787972 801204.9821394151  
    793526.8718235432 785326.0911193533 776618.4043603013  
    767419.8501463601 757746.7435728062 747615.6743464085  
    737043.5032531886 726047.365369068 714644.669808855  
    702853.0987886082 690690.6114179118 678175.4423192453  
    665326.1051522456 652161.3904893909 638700.3708827713  
    624962.3963605334 610967.098337113 596734.384719464  
    582284.4406577393 567637.7231395901 552814.95832059  
    537837.1328689838 522725.48813714494 507501.5077122003  
    492186.907285613 476803.6173073723 461373.7672142623  
    445919.6601369479 430463.75360749185 415028.62654952914  
    399636.94721893553 384311.43671518535 369074.8252054055  
    353949.80621523096 338958.98135314835 324124.80293227604  
    309469.5085262654 295015.0500367991 280783.01777561964  
    266794.55634688144 253070.27666568782 239630.16168652984  
    226493.46630900513 213678.6149283415 201203.09493792613  
    189083.34519301495 177334.6480207473 165971.0181913391  
    155005.0967213121 144448.0444476199 134309.44849228606  
    124597.23065861165 115317.57053440304 106474.83997342807  
    98071.55292038214 90108.33278755701 82583.8984967436  
    75495.07174892184 68836.80505359443 62602.23283669652  
    56782.74478207939 51368.080808591905 46346.447133849266  
    41704.651031159076 37428.252417547475 33501.72919527567  
    29908.65298500555 26631.87158925804 23653.694101968387  
    20956.074831359918 18520.79161541534 16329.61472563688  
    14364.462126814873 12607.537911254612 11041.449783714115  
    9649.302760713805 8414.765772573077 7322.1081975325  
    6356.2041108495205 5502.503323935852 4746.972187976473  
    4076.016679512851 3476.420434823726 2935.3731587474335  
    2440.742240140859 1981.8619623597679 1551.2347762511047  
    1147.4489282299967 778.7741333361536 464.63763149776946  
    229.51511611499615 86.56757978928391 22.39742306316032  
    3.4329006089523917 0.248284434099089 0.005431703208651274  
    1.071731163784486e-05 3.806493743017129e-12 
  PI_IONIZATION = 0.0 0.0 0.0 0.0 0.0 0.0 0.0 0.0 0.0 0.0 0.0 0.0 0.0  
    0.0 0.0 0.0 0.0 0.0 0.0 0.0 0.0 0.0 0.0 0.0 0.0 0.0 0.0 0.0 0.0 0.0  
    0.0 0.0 0.0 0.0 0.0 0.0 0.0 0.0 0.0 0.0 0.0 0.0 0.0 0.0 0.0 0.0 0.0  
    0.0 0.0 0.0 0.0 0.0 0.0 0.0 0.0 0.0 0.0 0.0 0.0 0.0 0.0 0.0 0.0 0.0  
    0.0 0.0 0.0 0.0 0.0 0.0 0.0 0.0 0.0 0.0 0.0 0.0 0.0 0.0 0.0 0.0 0.0  
    0.0 0.0 0.0 0.0 0.0 0.0 0.0 0.0 0.0 0.0 0.0 0.0 0.0 0.0 0.0 0.0 0.0  
    0.0 0.0 0.0 
  PI_CX = 0.0 0.0 0.0 0.0 0.0 0.0 0.0 0.0 0.0 0.0 0.0 0.0 0.0 0.0 0.0  
    0.0 0.0 0.0 0.0 0.0 0.0 0.0 0.0 0.0 0.0 0.0 0.0 0.0 0.0 0.0 0.0 0.0  
    0.0 0.0 0.0 0.0 0.0 0.0 0.0 0.0 0.0 0.0 0.0 0.0 0.0 0.0 0.0 0.0 0.0  
    0.0 0.0 0.0 0.0 0.0 0.0 0.0 0.0 0.0 0.0 0.0 0.0 0.0 0.0 0.0 0.0 0.0  
    0.0 0.0 0.0 0.0 0.0 0.0 0.0 0.0 0.0 0.0 0.0 0.0 0.0 0.0 0.0 0.0 0.0  
    0.0 0.0 0.0 0.0 0.0 0.0 0.0 0.0 0.0 0.0 0.0 0.0 0.0 0.0 0.0 0.0 0.0  
    0.0 
  P_OHM = 0.0 0.0 0.0 0.0 0.0 0.0 0.0 0.0 0.0 0.0 0.0 0.0 0.0 0.0 0.0  
    0.0 0.0 0.0 0.0 0.0 0.0 0.0 0.0 0.0 0.0 0.0 0.0 0.0 0.0 0.0 0.0 0.0  
    0.0 0.0 0.0 0.0 0.0 0.0 0.0 0.0 0.0 0.0 0.0 0.0 0.0 0.0 0.0 0.0 0.0  
    0.0 0.0 0.0 0.0 0.0 0.0 0.0 0.0 0.0 0.0 0.0 0.0 0.0 0.0 0.0 0.0 0.0  
    0.0 0.0 0.0 0.0 0.0 0.0 0.0 0.0 0.0 0.0 0.0 0.0 0.0 0.0 0.0 0.0 0.0  
    0.0 0.0 0.0 0.0 0.0 0.0 0.0 0.0 0.0 0.0 0.0 0.0 0.0 0.0 0.0 0.0 0.0  
    0.0 
  P_EI = 0.0 0.0 0.0 0.0 0.0 0.0 0.0 0.0 0.0 0.0 0.0 0.0 0.0 0.0 0.0  
    0.0 0.0 0.0 0.0 0.0 0.0 0.0 0.0 0.0 0.0 0.0 0.0 0.0 0.0 0.0 0.0 0.0  
    0.0 0.0 0.0 0.0 0.0 0.0 0.0 0.0 0.0 0.0 0.0 0.0 0.0 0.0 0.0 0.0 0.0  
    0.0 0.0 0.0 0.0 0.0 0.0 0.0 0.0 0.0 0.0 0.0 0.0 0.0 0.0 0.0 0.0 0.0  
    0.0 0.0 0.0 0.0 0.0 0.0 0.0 0.0 0.0 0.0 0.0 0.0 0.0 0.0 0.0 0.0 0.0  
    0.0 0.0 0.0 0.0 0.0 0.0 0.0 0.0 0.0 0.0 0.0 0.0 0.0 0.0 0.0 0.0 0.0  
    0.0 
  TORQUE_NB = 0.0 0.0 0.0 0.0 0.0 0.0 0.0 0.0 0.0 0.0 0.0 0.0 0.0 0.0  
    0.0 0.0 0.0 0.0 0.0 0.0 0.0 0.0 0.0 0.0 0.0 0.0 0.0 0.0 0.0 0.0 0.0  
    0.0 0.0 0.0 0.0 0.0 0.0 0.0 0.0 0.0 0.0 0.0 0.0 0.0 0.0 0.0 0.0 0.0  
    0.0 0.0 0.0 0.0 0.0 0.0 0.0 0.0 0.0 0.0 0.0 0.0 0.0 0.0 0.0 0.0 0.0  
    0.0 0.0 0.0 0.0 0.0 0.0 0.0 0.0 0.0 0.0 0.0 0.0 0.0 0.0 0.0 0.0 0.0  
    0.0 0.0 0.0 0.0 0.0 0.0 0.0 0.0 0.0 0.0 0.0 0.0 0.0 0.0 0.0 0.0 0.0  
    0.0 0.0 
  TORQUE_IN = 0.0 0.0 0.0 0.0 0.0 0.0 0.0 0.0 0.0 0.0 0.0 0.0 0.0 0.0  
    0.0 0.0 0.0 0.0 0.0 0.0 0.0 0.0 0.0 0.0 0.0 0.0 0.0 0.0 0.0 0.0 0.0  
    0.0 0.0 0.0 0.0 0.0 0.0 0.0 0.0 0.0 0.0 0.0 0.0 0.0 0.0 0.0 0.0 0.0  
    0.0 0.0 0.0 0.0 0.0 0.0 0.0 0.0 0.0 0.0 0.0 0.0 0.0 0.0 0.0 0.0 0.0  
    0.0 0.0 0.0 0.0 0.0 0.0 0.0 0.0 0.0 0.0 0.0 0.0 0.0 0.0 0.0 0.0 0.0  
    0.0 0.0 0.0 0.0 0.0 0.0 0.0 0.0 0.0 0.0 0.0 0.0 0.0 0.0 0.0 0.0 0.0  
    0.0 0.0 
  SE_NB = 0.0 0.0 0.0 0.0 0.0 0.0 0.0 0.0 0.0 0.0 0.0 0.0 0.0 0.0 0.0  
    0.0 0.0 0.0 0.0 0.0 0.0 0.0 0.0 0.0 0.0 0.0 0.0 0.0 0.0 0.0 0.0 0.0  
    0.0 0.0 0.0 0.0 0.0 0.0 0.0 0.0 0.0 0.0 0.0 0.0 0.0 0.0 0.0 0.0 0.0  
    0.0 0.0 0.0 0.0 0.0 0.0 0.0 0.0 0.0 0.0 0.0 0.0 0.0 0.0 0.0 0.0 0.0  
    0.0 0.0 0.0 0.0 0.0 0.0 0.0 0.0 0.0 0.0 0.0 0.0 0.0 0.0 0.0 0.0 0.0  
    0.0 0.0 0.0 0.0 0.0 0.0 0.0 0.0 0.0 0.0 0.0 0.0 0.0 0.0 0.0 0.0 0.0  
    0.0 
  SE_IONIZATION = 0.0 0.0 0.0 0.0 0.0 0.0 0.0 0.0 0.0 0.0 0.0 0.0 0.0  
    0.0 0.0 0.0 0.0 0.0 0.0 0.0 0.0 0.0 0.0 0.0 0.0 0.0 0.0 0.0 0.0 0.0  
    0.0 0.0 0.0 0.0 0.0 0.0 0.0 0.0 0.0 0.0 0.0 0.0 0.0 0.0 0.0 0.0 0.0  
    0.0 0.0 0.0 0.0 0.0 0.0 0.0 0.0 0.0 0.0 0.0 0.0 0.0 0.0 0.0 0.0 0.0  
    0.0 0.0 0.0 0.0 0.0 0.0 0.0 0.0 0.0 0.0 0.0 0.0 0.0 0.0 0.0 0.0 0.0  
    0.0 0.0 0.0 0.0 0.0 0.0 0.0 0.0 0.0 0.0 0.0 0.0 0.0 0.0 0.0 0.0 0.0  
    0.0 0.0 0.0 
  SI_NB = 0.0 0.0 0.0 0.0 0.0 0.0 0.0 0.0 0.0 0.0 0.0 0.0 0.0 0.0 0.0  
    0.0 0.0 0.0 0.0 0.0 0.0 0.0 0.0 0.0 0.0 0.0 0.0 0.0 0.0 0.0 0.0 0.0  
    0.0 0.0 0.0 0.0 0.0 0.0 0.0 0.0 0.0 0.0 0.0 0.0 0.0 0.0 0.0 0.0 0.0  
    0.0 0.0 0.0 0.0 0.0 0.0 0.0 0.0 0.0 0.0 0.0 0.0 0.0 0.0 0.0 0.0 0.0  
    0.0 0.0 0.0 0.0 0.0 0.0 0.0 0.0 0.0 0.0 0.0 0.0 0.0 0.0 0.0 0.0 0.0  
    0.0 0.0 0.0 0.0 0.0 0.0 0.0 0.0 0.0 0.0 0.0 0.0 0.0 0.0 0.0 0.0 0.0  
    0.0 
  SI_IONIZATION = 0.0 0.0 0.0 0.0 0.0 0.0 0.0 0.0 0.0 0.0 0.0 0.0 0.0  
    0.0 0.0 0.0 0.0 0.0 0.0 0.0 0.0 0.0 0.0 0.0 0.0 0.0 0.0 0.0 0.0 0.0  
    0.0 0.0 0.0 0.0 0.0 0.0 0.0 0.0 0.0 0.0 0.0 0.0 0.0 0.0 0.0 0.0 0.0  
    0.0 0.0 0.0 0.0 0.0 0.0 0.0 0.0 0.0 0.0 0.0 0.0 0.0 0.0 0.0 0.0 0.0  
    0.0 0.0 0.0 0.0 0.0 0.0 0.0 0.0 0.0 0.0 0.0 0.0 0.0 0.0 0.0 0.0 0.0  
    0.0 0.0 0.0 0.0 0.0 0.0 0.0 0.0 0.0 0.0 0.0 0.0 0.0 0.0 0.0 0.0 0.0  
    0.0 0.0 0.0 
  SE_PELLET = 0.0 0.0 0.0 0.0 0.0 0.0 0.0 0.0 0.0 0.0 0.0 0.0 0.0 0.0  
    0.0 0.0 0.0 0.0 0.0 0.0 0.0 0.0 0.0 0.0 0.0 0.0 0.0 0.0 0.0 0.0 0.0  
    0.0 0.0 0.0 0.0 0.0 0.0 0.0 0.0 0.0 0.0 0.0 0.0 0.0 0.0 0.0 0.0 0.0  
    0.0 0.0 0.0 0.0 0.0 0.0 0.0 0.0 0.0 0.0 0.0 0.0 0.0 0.0 0.0 0.0 0.0  
    0.0 0.0 0.0 0.0 0.0 0.0 0.0 0.0 0.0 0.0 0.0 0.0 0.0 0.0 0.0 0.0 0.0  
    0.0 0.0 0.0 0.0 0.0 0.0 0.0 0.0 0.0 0.0 0.0 0.0 0.0 0.0 0.0 0.0 0.0  
    0.0 0.0 
  Q = 0.0 0.0 0.0 0.0 0.0 0.0 0.0 0.0 0.0 0.0 0.0 0.0 0.0 0.0 0.0 0.0  
    0.0 0.0 0.0 0.0 0.0 0.0 0.0 0.0 0.0 0.0 0.0 0.0 0.0 0.0 0.0 0.0 0.0  
    0.0 0.0 0.0 0.0 0.0 0.0 0.0 0.0 0.0 0.0 0.0 0.0 0.0 0.0 0.0 0.0 0.0  
    0.0 0.0 0.0 0.0 0.0 0.0 0.0 0.0 0.0 0.0 0.0 0.0 0.0 0.0 0.0 0.0 0.0  
    0.0 0.0 0.0 0.0 0.0 0.0 0.0 0.0 0.0 0.0 0.0 0.0 0.0 0.0 0.0 0.0 0.0  
    0.0 0.0 0.0 0.0 0.0 0.0 0.0 0.0 0.0 0.0 0.0 0.0 0.0 0.0 0.0 0.0 0.0 
  PSIPOL = 0.0 0.0008955255507304112 0.0035817820520970094  
    0.008057788924032019 0.014321921291128196 0.022371893527997053  
    0.0322047664443663 0.043816937467703924 0.05720418597207377  
    0.07236156618975507 0.08928350065571511 0.10796380013582473  
    0.1283957645728155 0.1505716164302551 0.1744840911948555  
    0.20012368871714356 0.227485342910851 0.25655425826721445  
    0.28732327514594114 0.31977534429363286 0.35390390362171464  
    0.38969566923231524 0.42713425629815793 0.46620859514697116  
    0.5069056850818046 0.5492106243778087 0.5931062172981987  
    0.6385769992521976 0.6856069736670395 0.7341793765806235  
    0.7842767670389843 0.8358810241131567 0.8889734718972552  
    0.9435348108219282 0.9995449657342869 1.056983030635356  
    1.1158293060695483 1.1760633185727056 1.2376624901090691  
    1.3006028066953912 1.3648598675476689 1.4304145789323233  
    1.4972408498654441 1.5653102035422335 1.6346033072812842  
    1.7050911246497118 1.7767455454178676 1.8495448662116563  
    1.9234546899878147 1.9984545846959894 2.074508203746935  
    2.151594171846609 2.2296752747591677 2.3087280729329116  
    2.388716807102676 2.4696118573770827 2.5513843721685654  
    2.633996033659871 2.7174189163623397 2.801619224994022  
    2.8865590741801768 2.9722076897007117 3.058531255534183  
    3.1454897148245062 3.2330488914378153 3.3211742867207628  
    3.4098283688257935 3.4989704767053786 3.5885638823774624  
    3.6785711823497618 3.7689540796320897 3.8596705783855896  
    3.950679864323136 4.041942066177931 4.133416609326962  
    4.225062292268686 4.3168361310778645 4.408693369735983  
    4.500590966100751 4.592485286551294 4.684332107905214  
    4.776086654501611 4.867701658150233 4.959129483247524  
    5.050323521966749 5.141236431810366 5.231819879927793  
    5.322023320515635 5.411792805191373 5.501076110928449  
    5.589820820893028 5.677975609067776 5.765484691596335  
    5.8522951461588955 5.938357352485131 6.023619431113369  
    6.108019205694861 6.191495456056631 6.2739780241770555  
    6.355370213038785 6.435554507304412 
  PSI = 0.0 0.00013915281887737595 0.0005565615283083462  
    0.0012520737591277266 0.002225437027201415 0.0034762961765928257  
    0.005004194496031944 0.006808572193425028 0.00888877343935888  
    0.011244029726983752 0.013873474392047731 0.01677614570947769  
    0.01995100257904508 0.023396836474519015 0.02711251858667571  
    0.031096572718015424 0.03534821166577847 0.03986513640371208  
    0.04464623441846801 0.049688856481704104 0.05499198293170084  
    0.060553549626532914 0.06637101058088417 0.07244264571418364  
    0.07876643489018112 0.08534006257804976 0.09216085678786776  
    0.09922641452689228 0.10653425013941992 0.11408175872760046  
    0.12186623019800752 0.1298848487980988 0.1381347125392633  
    0.14661282252384125 0.15531605933875542 0.1642411744684426  
    0.17338510687821418 0.1827446752626931 0.1923163712939283  
    0.20209646351673277 0.21208116037220115 0.2222674949468286  
    0.2326514130470129 0.24322848975416064 0.2539957210254369  
    0.26494859498344986 0.27608274367053304 0.2873947946695823  
    0.29887940313529726 0.3105333941974581 0.32235112007711997  
    0.33432925933647684 0.3464620293757852 0.3587457879989183  
    0.3711749786893206 0.38374499890787206 0.3964513654996973  
    0.40928812438310674 0.4222509363067386 0.43533454993103693  
    0.44853307837015544 0.4618417397175689 0.47525527941107837  
    0.48876747314537505 0.5023730104015554 0.5160665305454566  
    0.5298422016246787 0.5436937054505585 0.5576153349807558  
    0.5716012782075811 0.5856455842855955 0.5997417276172285  
    0.6138833662024118 0.6280643045739557 0.6422782379724229  
    0.6565187642297494 0.6707792042128176 0.6850526034286675  
    0.6993322736980225 0.7136114349336614 0.7278832154383054  
    0.7421406576668274 0.7563764167680266 0.7705830907995368  
    0.7847534375219084 0.798880100537571 0.812955569561198  
    0.8269719904438835 0.8409209803209561 0.8547944244252269  
    0.8685841778744211 0.8822822652847121 0.8958800185830853  
    0.9093692143414353 0.9227421422264457 0.935990740856364  
    0.9491053488494589 0.9620764534010595 0.974893152883102  
    0.9875404218588131 1.0 
  DENSITY_BEAM = 0.0 0.0 0.0 0.0 0.0 0.0 0.0 0.0 0.0 0.0 0.0 0.0 0.0  
    0.0 0.0 0.0 0.0 0.0 0.0 0.0 0.0 0.0 0.0 0.0 0.0 0.0 0.0 0.0 0.0 0.0  
    0.0 0.0 0.0 0.0 0.0 0.0 0.0 0.0 0.0 0.0 0.0 0.0 0.0 0.0 0.0 0.0 0.0  
    0.0 0.0 0.0 0.0 0.0 0.0 0.0 0.0 0.0 0.0 0.0 0.0 0.0 0.0 0.0 0.0 0.0  
    0.0 0.0 0.0 0.0 0.0 0.0 0.0 0.0 0.0 0.0 0.0 0.0 0.0 0.0 0.0 0.0 0.0  
    0.0 0.0 0.0 0.0 0.0 0.0 0.0 0.0 0.0 0.0 0.0 0.0 0.0 0.0 0.0 0.0 0.0  
    0.0 0.0 0.0 
  WBEAM = 0.0 0.0 0.0 0.0 0.0 0.0 0.0 0.0 0.0 0.0 0.0 0.0 0.0 0.0 0.0  
    0.0 0.0 0.0 0.0 0.0 0.0 0.0 0.0 0.0 0.0 0.0 0.0 0.0 0.0 0.0 0.0 0.0  
    0.0 0.0 0.0 0.0 0.0 0.0 0.0 0.0 0.0 0.0 0.0 0.0 0.0 0.0 0.0 0.0 0.0  
    0.0 0.0 0.0 0.0 0.0 0.0 0.0 0.0 0.0 0.0 0.0 0.0 0.0 0.0 0.0 0.0 0.0  
    0.0 0.0 0.0 0.0 0.0 0.0 0.0 0.0 0.0 0.0 0.0 0.0 0.0 0.0 0.0 0.0 0.0  
    0.0 0.0 0.0 0.0 0.0 0.0 0.0 0.0 0.0 0.0 0.0 0.0 0.0 0.0 0.0 0.0 0.0  
    0.0 
  TBEAM = 0.0 0.0 0.0 0.0 0.0 0.0 0.0 0.0 0.0 0.0 0.0 0.0 0.0 0.0 0.0  
    0.0 0.0 0.0 0.0 0.0 0.0 0.0 0.0 0.0 0.0 0.0 0.0 0.0 0.0 0.0 0.0 0.0  
    0.0 0.0 0.0 0.0 0.0 0.0 0.0 0.0 0.0 0.0 0.0 0.0 0.0 0.0 0.0 0.0 0.0  
    0.0 0.0 0.0 0.0 0.0 0.0 0.0 0.0 0.0 0.0 0.0 0.0 0.0 0.0 0.0 0.0 0.0  
    0.0 0.0 0.0 0.0 0.0 0.0 0.0 0.0 0.0 0.0 0.0 0.0 0.0 0.0 0.0 0.0 0.0  
    0.0 0.0 0.0 0.0 0.0 0.0 0.0 0.0 0.0 0.0 0.0 0.0 0.0 0.0 0.0 0.0 0.0  
    0.0 
  DENSITY_ALPHA = 0.0 0.0 0.0 0.0 0.0 0.0 0.0 0.0 0.0 0.0 0.0 0.0 0.0  
    0.0 0.0 0.0 0.0 0.0 0.0 0.0 0.0 0.0 0.0 0.0 0.0 0.0 0.0 0.0 0.0 0.0  
    0.0 0.0 0.0 0.0 0.0 0.0 0.0 0.0 0.0 0.0 0.0 0.0 0.0 0.0 0.0 0.0 0.0  
    0.0 0.0 0.0 0.0 0.0 0.0 0.0 0.0 0.0 0.0 0.0 0.0 0.0 0.0 0.0 0.0 0.0  
    0.0 0.0 0.0 0.0 0.0 0.0 0.0 0.0 0.0 0.0 0.0 0.0 0.0 0.0 0.0 0.0 0.0  
    0.0 0.0 0.0 0.0 0.0 0.0 0.0 0.0 0.0 0.0 0.0 0.0 0.0 0.0 0.0 0.0 0.0  
    0.0 0.0 0.0 
  WALPHA = 0.0 0.0 0.0 0.0 0.0 0.0 0.0 0.0 0.0 0.0 0.0 0.0 0.0 0.0 0.0  
    0.0 0.0 0.0 0.0 0.0 0.0 0.0 0.0 0.0 0.0 0.0 0.0 0.0 0.0 0.0 0.0 0.0  
    0.0 0.0 0.0 0.0 0.0 0.0 0.0 0.0 0.0 0.0 0.0 0.0 0.0 0.0 0.0 0.0 0.0  
    0.0 0.0 0.0 0.0 0.0 0.0 0.0 0.0 0.0 0.0 0.0 0.0 0.0 0.0 0.0 0.0 0.0  
    0.0 0.0 0.0 0.0 0.0 0.0 0.0 0.0 0.0 0.0 0.0 0.0 0.0 0.0 0.0 0.0 0.0  
    0.0 0.0 0.0 0.0 0.0 0.0 0.0 0.0 0.0 0.0 0.0 0.0 0.0 0.0 0.0 0.0 0.0  
    0.0 
  TALPHA = 0.0 0.0 0.0 0.0 0.0 0.0 0.0 0.0 0.0 0.0 0.0 0.0 0.0 0.0 0.0  
    0.0 0.0 0.0 0.0 0.0 0.0 0.0 0.0 0.0 0.0 0.0 0.0 0.0 0.0 0.0 0.0 0.0  
    0.0 0.0 0.0 0.0 0.0 0.0 0.0 0.0 0.0 0.0 0.0 0.0 0.0 0.0 0.0 0.0 0.0  
    0.0 0.0 0.0 0.0 0.0 0.0 0.0 0.0 0.0 0.0 0.0 0.0 0.0 0.0 0.0 0.0 0.0  
    0.0 0.0 0.0 0.0 0.0 0.0 0.0 0.0 0.0 0.0 0.0 0.0 0.0 0.0 0.0 0.0 0.0  
    0.0 0.0 0.0 0.0 0.0 0.0 0.0 0.0 0.0 0.0 0.0 0.0 0.0 0.0 0.0 0.0 0.0  
    0.0 
  CHIE = 0.0 0.0 0.0 0.0 0.0 0.0 0.0 0.0 0.0 0.0 0.0 0.0 0.0 0.0 0.0  
    0.0 0.0 0.0 0.0 0.0 0.0 0.0 0.0 0.0 0.0 0.0 0.0 0.0 0.0 0.0 0.0 0.0  
    0.0 0.0 0.0 0.0 0.0 0.0 0.0 0.0 0.0 0.0 0.0 0.0 0.0 0.0 0.0 0.0 0.0  
    0.0 0.0 0.0 0.0 0.0 0.0 0.0 0.0 0.0 0.0 0.0 0.0 0.0 0.0 0.0 0.0 0.0  
    0.0 0.0 0.0 0.0 0.0 0.0 0.0 0.0 0.0 0.0 0.0 0.0 0.0 0.0 0.0 0.0 0.0  
    0.0 0.0 0.0 0.0 0.0 0.0 0.0 0.0 0.0 0.0 0.0 0.0 0.0 0.0 0.0 0.0 0.0  
    0.0 
  CHII = 0.0 0.0 0.0 0.0 0.0 0.0 0.0 0.0 0.0 0.0 0.0 0.0 0.0 0.0 0.0  
    0.0 0.0 0.0 0.0 0.0 0.0 0.0 0.0 0.0 0.0 0.0 0.0 0.0 0.0 0.0 0.0 0.0  
    0.0 0.0 0.0 0.0 0.0 0.0 0.0 0.0 0.0 0.0 0.0 0.0 0.0 0.0 0.0 0.0 0.0  
    0.0 0.0 0.0 0.0 0.0 0.0 0.0 0.0 0.0 0.0 0.0 0.0 0.0 0.0 0.0 0.0 0.0  
    0.0 0.0 0.0 0.0 0.0 0.0 0.0 0.0 0.0 0.0 0.0 0.0 0.0 0.0 0.0 0.0 0.0  
    0.0 0.0 0.0 0.0 0.0 0.0 0.0 0.0 0.0 0.0 0.0 0.0 0.0 0.0 0.0 0.0 0.0  
    0.0 
  P_EQ = 0.0 0.0 0.0 0.0 0.0 0.0 0.0 0.0 0.0 0.0 0.0 0.0 0.0 0.0 0.0  
    0.0 0.0 0.0 0.0 0.0 0.0 0.0 0.0 0.0 0.0 0.0 0.0 0.0 0.0 0.0 0.0 0.0  
    0.0 0.0 0.0 0.0 0.0 0.0 0.0 0.0 0.0 0.0 0.0 0.0 0.0 0.0 0.0 0.0 0.0  
    0.0 0.0 0.0 0.0 0.0 0.0 0.0 0.0 0.0 0.0 0.0 0.0 0.0 0.0 0.0 0.0 0.0  
    0.0 0.0 0.0 0.0 0.0 0.0 0.0 0.0 0.0 0.0 0.0 0.0 0.0 0.0 0.0 0.0 0.0  
    0.0 0.0 0.0 0.0 0.0 0.0 0.0 0.0 0.0 0.0 0.0 0.0 0.0 0.0 0.0 0.0 0.0  
    0.0 
  J_TOT = 3672849.6450439827 3672849.6450439827 3672170.616553057  
    3670452.5926847504 3668018.7256451906 3664878.559987921  
    3661038.9131987197 3656501.148811482 3651265.266826206  
    3645331.267242886 3638699.1500615454 3631368.915282181  
    3623340.5629047677 3614614.0929292724 3605189.505355743  
    3595066.80018426 3584245.977414703 3572727.037047081  
    3560509.979081477 3547594.8035177514 3533981.510356062  
    3519670.0995963044 3504660.5712384568 3488952.925282644  
    3472547.161728769 3455443.2805768903 3437641.281826986  
    3419141.165479023 3399942.9315330037 3380046.579989026  
    3359452.110846908 3338159.52410674 3316168.8197685652  
    3293479.9978322377 3270093.058298183 3246008.001166165  
    3221224.8264357573 3195743.5341071985 3169564.1241806727  
    3142686.5966562876 3115110.9515339597 3086837.18881351  
    3057865.3084948533 3028195.31057835 2997827.1950639887  
    2966760.961951273 2934996.6112404233 2902534.142931546  
    2869373.557025061 2835514.853520433 2800958.0324172485  
    2765703.0937162815 2729750.0374175217 2693098.8635206185  
    2655749.5720261107 2617702.1629332975 2578956.636241869  
    2539512.9919527113 2499371.230065479 2458531.350580098  
    2416993.353496978 2374757.2388162646 2331823.0065371795  
    2288190.6566596795 2243860.189183897 2198831.604110741  
    2153104.9014392514 2106680.0811699 2059557.14330315  
    2011736.087837346 1963216.9147738582 1913999.6241118  
    1864084.2158518615 1813470.6899944914 1762159.0465385087  
    1710149.2854845475 1657441.4068332368 1604035.4105838381  
    1549931.2967363033 1495129.065290687 1439628.7162465306  
    1383430.2496036077 1326533.66536277 1268938.963525685  
    1210646.1440897745 1151655.2070555543 1091966.1524240472  
    1031578.9801938963 970493.6903655122 908710.2829394136  
    846228.7579143302 783049.1152916605 719171.3550733298  
    654595.477254502 589321.481837009 523349.36882414005  
    456679.1382112753 389856.1943728742 326698.3679257979  
    278113.74633838015 240633.55779494665 
  RHO = 0.0 0.01 0.02 0.03 0.04 0.05 0.06 0.07 0.08 0.09 0.1 0.11 0.12  
    0.13 0.14 0.15 0.16 0.17 0.18 0.19 0.2 0.21 0.22 0.23 0.24 0.25  
    0.26 0.27 0.28 0.29 0.3 0.31 0.32 0.33 0.34 0.35 0.36 0.37 0.38  
    0.39 0.4 0.41 0.42 0.43 0.44 0.45 0.46 0.47 0.48 0.49 0.5 0.51 0.52  
    0.53 0.54 0.55 0.56 0.57 0.58 0.59 0.6 0.61 0.62 0.63 0.64 0.65  
    0.66 0.67 0.68 0.69 0.7 0.71 0.72 0.73 0.74 0.75 0.76 0.77 0.78  
    0.79 0.8 0.81 0.82 0.83 0.84 0.85 0.86 0.87 0.88 0.89 0.9 0.91 0.92  
    0.93 0.94 0.95 0.96 0.97 0.98 0.99 1.0 
  MODEL_PROFILE_NE = 'ped' 
  MODEL_PROFILE_TE = 'ped' 
  MODEL_PROFILE_TI = 'ped' 
  MODEL_PROFILE_DENSITY_BEAM = 'parab' 
  MODEL_PROFILE_J_TOT = 'parab' 
  MODEL_PROFILE_OMEGA = 'parab' 
  MODEL_PROFILE_ZEFF = 'const' 
  MODEL_PROFILE_TBEAMI = 'const' 
  MODEL_PROFILE_DENSITY_ALPHA = 'zero' 
  MODEL_PROFILE_WALPHA = 'zero' 
  MODEL_PROFILE_WBEAM = 'derived' 
  J_TOT_AXIS = 1.0 
  J_TOT_SEP = 0.05 
  J_TOT_ALPHA = 2.0 
  J_TOT_BETA = 1.0 
  DENSITY_BEAM_AXIS = 0.0 
  DENSITY_BEAM_SEP = 0.0 
  DENSITY_BEAM_ALPHA = 1.5 
  DENSITY_BEAM_BETA = 1.5 
  TBEAMI_AXIS = 20.0 
  DENSITY_ION_0 = 13.26459694147 13.26459694147 13.241738014484  
    13.217248616418 13.191150217014 13.163464286014 13.134212293160001  
    13.103415712996 13.071096015264 13.037274669706001  
    13.001973146064001 12.965212923684 12.927015462704 12.88740224247  
    12.846394727922 12.804014398406 12.760282714059999 12.71522115423  
    12.668851183856 12.621194282284 12.572271914454001 12.522105550108  
    12.47071666379 12.418126730044 12.364357209008 12.309429584830001  
    12.253365317647999 12.196185882005999 12.137912752447999  
    12.078567398716 12.018171285749998 11.956745892895999  
    11.894312689896 11.830893141690002 11.766508727624  
    11.701180907836001 11.634931166474 11.567780963676 11.499751778788  
    11.430865076749999 11.361142327304 11.290605009796 11.219274589166  
    11.147172535155999 11.07432032231 11.000739415568 10.926451289474  
    10.851477413769999 10.775839258198001 10.699558282896  
    10.622655962408 10.545153761674 10.46707313603 10.388435545614001  
    10.30926244096 10.2295752678 10.149395452658 10.068744407651998  
    9.987643516088 9.906114118053999 9.82417751042 9.741854898818001  
    9.659167368830001 9.576135847572 9.492781007654001 9.409123180744  
    9.325182184695999 9.24097710746 9.156525985348 9.07184533724  
    8.986949511511998 8.901849706428 8.816552611174 8.731058427434  
    8.645358045814 8.559428964142 8.473229520266 8.386690555782002  
    8.299703603113999 8.212104054504 8.123647353696 8.033975482778  
    7.942570233919998 7.848688848167999 7.751277252908 7.648856513774  
    7.539381943967999 7.420083524196 7.28731771775 7.136500424984  
    6.96225482729 6.758984376143999 6.522114297384 6.25010437352  
    5.946860623381997 5.623411973241997 5.297273468396 4.988739460502  
    4.715434840606 4.4879781786294 4.3088181545906 
  DENSITY_ION_1 = 13.26459694147 13.26459694147 13.241738014484  
    13.217248616418 13.191150217014 13.163464286014 13.134212293160001  
    13.103415712996 13.071096015264 13.037274669706001  
    13.001973146064001 12.965212923684 12.927015462704 12.88740224247  
    12.846394727922 12.804014398406 12.760282714059999 12.71522115423  
    12.668851183856 12.621194282284 12.572271914454001 12.522105550108  
    12.47071666379 12.418126730044 12.364357209008 12.309429584830001  
    12.253365317647999 12.196185882005999 12.137912752447999  
    12.078567398716 12.018171285749998 11.956745892895999  
    11.894312689896 11.830893141690002 11.766508727624  
    11.701180907836001 11.634931166474 11.567780963676 11.499751778788  
    11.430865076749999 11.361142327304 11.290605009796 11.219274589166  
    11.147172535155999 11.07432032231 11.000739415568 10.926451289474  
    10.851477413769999 10.775839258198001 10.699558282896  
    10.622655962408 10.545153761674 10.46707313603 10.388435545614001  
    10.30926244096 10.2295752678 10.149395452658 10.068744407651998  
    9.987643516088 9.906114118053999 9.82417751042 9.741854898818001  
    9.659167368830001 9.576135847572 9.492781007654001 9.409123180744  
    9.325182184695999 9.24097710746 9.156525985348 9.07184533724  
    8.986949511511998 8.901849706428 8.816552611174 8.731058427434  
    8.645358045814 8.559428964142 8.473229520266 8.386690555782002  
    8.299703603113999 8.212104054504 8.123647353696 8.033975482778  
    7.942570233919998 7.848688848167999 7.751277252908 7.648856513774  
    7.539381943967999 7.420083524196 7.28731771775 7.136500424984  
    6.96225482729 6.758984376143999 6.522114297384 6.25010437352  
    5.946860623381997 5.623411973241997 5.297273468396 4.988739460502  
    4.715434840606 4.4879781786294 4.3088181545906 
  DENSITY_IMP_0 = 0.030385374085 0.030385374085 0.030333010862  
    0.030276912699000003 0.030217128777000002 0.030153708277  
    0.03008670038 0.030016154278 0.029942119152000003  
    0.029864644183000003 0.029783778552000005 0.029699571462000002  
    0.029612072072000003 0.029521329585 0.029427393171  
    0.029330312033000003 0.02923013533 0.029126912265000002  
    0.029020692008000004 0.028911523762000003 0.028799456697000004  
    0.028684539994000002 0.028566822845000003 0.028446354442000003  
    0.028323183944 0.028197360565000003 0.028068933464000002  
    0.027937951833 0.027804464864 0.027668521738000003 0.027530171625  
    0.027389463728 0.027246447228 0.027101171295000004  
    0.026953685132000003 0.026804037898000004 0.026652278807000003  
    0.026498457018 0.026342621734 0.026184822125 0.026025107372000002  
    0.025863526678 0.025700129213 0.025534964158000002 0.025368080705  
    0.025199528024000002 0.025029355307 0.024857611735  
    0.024684346489000003 0.024509608728 0.024333447644 0.024155912407  
    0.023977052165000002 0.023796916077 0.02361555328 0.0234330129  
    0.023249344019 0.023064595686 0.022878816884 0.022692056497  
    0.02250436331 0.022315785899000004 0.022126372565000003  
    0.021936171246000002 0.021745229297000002 0.021553593292  
    0.021361308628 0.02116841903 0.020974965814 0.02078098682  
    0.020586514915999995 0.020391575754000003 0.020196184657000002  
    0.020000342087000002 0.019804027177 0.019607188381000003  
    0.019409730263 0.019211494401000003 0.019012232327 0.018811566972  
    0.018608938128 0.018403525679 0.018194142559999998  
    0.017979087323999998 0.017755945394 0.017521328957 0.017270554224  
    0.016997275878000002 0.016693147625 0.016347668612000002  
    0.015948522095 0.015482887992 0.014940286812000002 0.01431719036  
    0.013622546200999994 0.012881618430999994 0.012134528978  
    0.011427766361 0.010801704133 0.0102806663817 0.009870262328300001 
  DENSITY_TH = 26.559579257025 26.559579257025 26.51380903983  
    26.464774145535003 26.412517562805 26.357082280304997  
    26.298511286700002 26.236847580270002 26.17213414968  
    26.104413983595002 26.033730070680004 25.96012541883 25.88364299748  
    25.804325814524997 25.722216849015002 25.637359108845  
    25.549795563449997 25.459569220725 25.36672305972 25.27130008833  
    25.173343285605004 25.07289564021 24.970000150425 24.86469981453  
    24.75703760196 24.647056530225 24.534799568759997  
    24.420309715844997 24.30362996976 24.18480331917 24.063872743124996  
    23.940881249519997 23.815871827019997 23.688887454675005  
    23.55997114038 23.42916585357 23.296514611755 23.16206038437  
    23.025846179309998 22.887914975624998 22.74830976198  
    22.607073546269998 22.464249307545 22.319880034469996  
    22.174008725325 22.02667835916 21.877931934255002 21.727812439275  
    21.576362862885002 21.42362617452 21.26964537246 21.114463435755  
    20.958123324225003 20.800668007305003 20.642140435199998  
    20.4825835485 20.322040249335 20.160553410989998 19.998165849059998  
    19.834920292605 19.67085938415 19.506025583535003  
    19.340461110225004 19.174207866390002 19.007307244605002  
    18.839799954780002 18.671725678019996 18.50312263395 18.33402693651  
    18.1644716613 17.994485537939997 17.824090988610003 17.653301407005  
    17.482117196955 17.310520118804998 17.138465116665 16.965868770795  
    16.792592605965 16.618419438554998 16.44301967598 16.26590364552  
    16.086354491235 15.903334610399996 15.715356783659999  
    15.520310451210001 15.315234356505 15.096034442159999  
    14.85716432427 14.591328583125 14.289348518579999 13.940458176675  
    13.53345164028 13.05916888158 12.5145259374 11.907343792964994  
    11.259705564914995 10.60668146577 9.988906687365 9.441671385345  
    8.9862370236405 8.627506571509501 
  NI = 26.52919388294 26.52919388294 26.483476028968 26.434497232836  
    26.382300434028 26.326928572028 26.268424586320002 26.206831425992  
    26.142192030528 26.074549339412002 26.003946292128003  
    25.930425847368 25.854030925408 25.77480448494 25.692789455844  
    25.608028796812 25.520565428119998 25.43044230846 25.337702367712  
    25.242388564568 25.144543828908002 25.044211100216 24.94143332758  
    24.836253460088 24.728714418016 24.618859169660002  
    24.506730635295998 24.392371764011997 24.275825504895998  
    24.157134797432 24.036342571499997 23.913491785791997  
    23.788625379792 23.661786283380003 23.533017455248  
    23.402361815672002 23.269862332948 23.135561927352 22.999503557576  
    22.861730153499998 22.722284654608 22.581210019592 22.438549178332  
    22.294345070311998 22.14864064462 22.001478831136 21.852902578948  
    21.702954827539997 21.551678516396002 21.399116565792  
    21.245311924816 21.090307523348 20.93414627206 20.776871091228003  
    20.61852488192 20.4591505356 20.298790905316 20.137488815303996  
    19.975287032176 19.812228236107998 19.64835502084  
    19.483709797636003 19.318334737660003 19.152271695144  
    18.985562015308002 18.818246361488 18.650364369391998  
    18.48195421492 18.313051970696 18.14369067448 17.973899023023996  
    17.803699412856 17.633105222348 17.462116854868 17.290716091628  
    17.118857928284 16.946459040532 16.773381111564003  
    16.599407206227998 16.424208109008 16.247294707392 16.067950965556  
    15.885140467839996 15.697377696335998 15.502554505816  
    15.297713027548 15.078763887935999 14.840167048392 14.5746354355  
    14.273000849968 13.92450965458 13.517968752287999 13.044228594768  
    12.50020874704 11.893721246763993 11.246823946483994  
    10.594546936792 9.977478921004 9.430869681212 8.9759563572588  
    8.6176363091812 
  NZ = 0.030385374085 0.030385374085 0.030333010862  
    0.030276912699000003 0.030217128777000002 0.030153708277  
    0.03008670038 0.030016154278 0.029942119152000003  
    0.029864644183000003 0.029783778552000005 0.029699571462000002  
    0.029612072072000003 0.029521329585 0.029427393171  
    0.029330312033000003 0.02923013533 0.029126912265000002  
    0.029020692008000004 0.028911523762000003 0.028799456697000004  
    0.028684539994000002 0.028566822845000003 0.028446354442000003  
    0.028323183944 0.028197360565000003 0.028068933464000002  
    0.027937951833 0.027804464864 0.027668521738000003 0.027530171625  
    0.027389463728 0.027246447228 0.027101171295000004  
    0.026953685132000003 0.026804037898000004 0.026652278807000003  
    0.026498457018 0.026342621734 0.026184822125 0.026025107372000002  
    0.025863526678 0.025700129213 0.025534964158000002 0.025368080705  
    0.025199528024000002 0.025029355307 0.024857611735  
    0.024684346489000003 0.024509608728 0.024333447644 0.024155912407  
    0.023977052165000002 0.023796916077 0.02361555328 0.0234330129  
    0.023249344019 0.023064595686 0.022878816884 0.022692056497  
    0.02250436331 0.022315785899000004 0.022126372565000003  
    0.021936171246000002 0.021745229297000002 0.021553593292  
    0.021361308628 0.02116841903 0.020974965814 0.02078098682  
    0.020586514915999995 0.020391575754000003 0.020196184657000002  
    0.020000342087000002 0.019804027177 0.019607188381000003  
    0.019409730263 0.019211494401000003 0.019012232327 0.018811566972  
    0.018608938128 0.018403525679 0.018194142559999998  
    0.017979087323999998 0.017755945394 0.017521328957 0.017270554224  
    0.016997275878000002 0.016693147625 0.016347668612000002  
    0.015948522095 0.015482887992 0.014940286812000002 0.01431719036  
    0.013622546200999994 0.012881618430999994 0.012134528978  
    0.011427766361 0.010801704133 0.0102806663817 0.009870262328300001 
  DENSITY_HE = 2.3804650664903444 2.3804650664903444 2.364516812255624  
    2.347336805753002 2.328947009150984 2.3093695512313315  
    2.288626769094569 2.2667412675875767 2.243735967067759  
    2.219634147975153 2.194459510755917 2.168236223676795  
    2.1409889715881665 2.1127430157661076 2.083524237603172  
    2.0533592049713727 2.0222752127507517 1.9903003550114682  
    1.9574635675909422 1.9237946994324626 1.8893245584106169  
    1.8540849815618192 1.8181088896209199 1.781430349904283  
    1.7440846325162016 1.706108274719215 1.667539130427307  
    1.6284164349000063 1.5887808475016987 1.5486745098217949  
    1.5081410730416254 1.467225752824262 1.4259753469377525  
    1.3844382531835495 1.3426644866009252 1.3007056674233946  
    1.2586150122989628 1.2164472908242903 1.1742587825345165  
    1.1321072003069372 1.0900515951069099 1.0481522484566088  
    1.0064705202295923 0.9650686843524715 0.9240097312059095  
    0.8833571385741523 0.8431746165922642 0.8035258243594129  
    0.7644740447735525 0.726081848432219 0.6884107190008065  
    0.6515206621668359 0.6154697808922011 0.5803138606479654  
    0.5461059180819787 0.512895763650713 0.4807295625855578  
    0.44964940802229675 0.41969291636010997 0.39089285120920825  
    0.36327678851889056 0.33686682551185354 0.3116793485795113  
    0.2877248639239969 0.26500789595080426 0.24352696136695068  
    0.2232746179952844 0.2042375916881943 0.1863969783497779  
    0.1697285172070312 0.15420292898340188 0.13978630948138526  
    0.12644056889257038 0.11412390185115662 0.1027912740684106  
    0.09239490577252585 0.08288473508501544 0.0742088346401641  
    0.06631375862095225 0.0591447892528725 0.0526460489691602  
    0.046760442596666826 0.041429395054836185 0.03659236645044718  
    0.03218617912922488 0.02814431706502434 0.024396648580073607  
    0.020870595668019024 0.017495784961098507 0.014215568463102027  
    0.011009423859848854 0.007926501919367827 0.00511579059262609  
    0.002811567849139548 0.0012263455570454796 0.0003859016781961171  
    7.660561581801152e-05 7.752881102659492e-06 2.6280400355309204e-07  
    9.499679811044216e-10 9.89499591924777e-16 
  _NZ_0 = 0.030385374085 0.030385374085 0.030333010862  
    0.030276912699000003 0.030217128777000002 0.030153708277  
    0.03008670038 0.030016154278 0.029942119152000003  
    0.029864644183000003 0.029783778552000005 0.029699571462000002  
    0.029612072072000003 0.029521329585 0.029427393171  
    0.029330312033000003 0.02923013533 0.029126912265000002  
    0.029020692008000004 0.028911523762000003 0.028799456697000004  
    0.028684539994000002 0.028566822845000003 0.028446354442000003  
    0.028323183944 0.028197360565000003 0.028068933464000002  
    0.027937951833 0.027804464864 0.027668521738000003 0.027530171625  
    0.027389463728 0.027246447228 0.027101171295000004  
    0.026953685132000003 0.026804037898000004 0.026652278807000003  
    0.026498457018 0.026342621734 0.026184822125 0.026025107372000002  
    0.025863526678 0.025700129213 0.025534964158000002 0.025368080705  
    0.025199528024000002 0.025029355307 0.024857611735  
    0.024684346489000003 0.024509608728 0.024333447644 0.024155912407  
    0.023977052165000002 0.023796916077 0.02361555328 0.0234330129  
    0.023249344019 0.023064595686 0.022878816884 0.022692056497  
    0.02250436331 0.022315785899000004 0.022126372565000003  
    0.021936171246000002 0.021745229297000002 0.021553593292  
    0.021361308628 0.02116841903 0.020974965814 0.02078098682  
    0.020586514915999995 0.020391575754000003 0.020196184657000002  
    0.020000342087000002 0.019804027177 0.019607188381000003  
    0.019409730263 0.019211494401000003 0.019012232327 0.018811566972  
    0.018608938128 0.018403525679 0.018194142559999998  
    0.017979087323999998 0.017755945394 0.017521328957 0.017270554224  
    0.016997275878000002 0.016693147625 0.016347668612000002  
    0.015948522095 0.015482887992 0.014940286812000002 0.01431719036  
    0.013622546200999994 0.012881618430999994 0.012134528978  
    0.011427766361 0.010801704133 0.0102806663817 0.009870262328300001 
  PNBE = 0.0 
  PNBI = 0.0 
  PRFE = 0.0 
  PRFI = 0.0 
  PFUSE = 57.34824512594358 
  PFUSI = 18.40092280067209 
  PEI = 1.6436838698701102 
  PRAD = -20.728466606161398 
  AREA = 242.2470099 
/


