@R IP 1 []
  9.999999995e+06
@R BCENTR 1 []
  1.100000000e+01
@R RMAJOR 1 []
  4.550000000e+00
@R AMINOR 1 []
  1.108209107e+00
@R KAPPA 1 []
  1.345646071e+00
@R DELTA 1 []
 -3.154265254e-01
@I NRHO 1 []
              101
@R RHOB 1 []
  1.263952495e+00
@R RHO 101 []
  0.000000000e+00  1.000000000e-02  2.000000000e-02  3.000000000e-02
  4.000000000e-02  5.000000000e-02  6.000000000e-02  7.000000000e-02
  8.000000000e-02  9.000000000e-02  1.000000000e-01  1.100000000e-01
  1.200000000e-01  1.300000000e-01  1.400000000e-01  1.500000000e-01
  1.600000000e-01  1.700000000e-01  1.800000000e-01  1.900000000e-01
  2.000000000e-01  2.100000000e-01  2.200000000e-01  2.300000000e-01
  2.400000000e-01  2.500000000e-01  2.600000000e-01  2.700000000e-01
  2.800000000e-01  2.900000000e-01  3.000000000e-01  3.100000000e-01
  3.200000000e-01  3.300000000e-01  3.400000000e-01  3.500000000e-01
  3.600000000e-01  3.700000000e-01  3.800000000e-01  3.900000000e-01
  4.000000000e-01  4.100000000e-01  4.200000000e-01  4.300000000e-01
  4.400000000e-01  4.500000000e-01  4.600000000e-01  4.700000000e-01
  4.800000000e-01  4.900000000e-01  5.000000000e-01  5.100000000e-01
  5.200000000e-01  5.300000000e-01  5.400000000e-01  5.500000000e-01
  5.600000000e-01  5.700000000e-01  5.800000000e-01  5.900000000e-01
  6.000000000e-01  6.100000000e-01  6.200000000e-01  6.300000000e-01
  6.400000000e-01  6.500000000e-01  6.600000000e-01  6.700000000e-01
  6.800000000e-01  6.900000000e-01  7.000000000e-01  7.100000000e-01
  7.200000000e-01  7.300000000e-01  7.400000000e-01  7.500000000e-01
  7.600000000e-01  7.700000000e-01  7.800000000e-01  7.900000000e-01
  8.000000000e-01  8.100000000e-01  8.200000000e-01  8.300000000e-01
  8.400000000e-01  8.500000000e-01  8.600000000e-01  8.700000000e-01
  8.800000000e-01  8.900000000e-01  9.000000000e-01  9.100000000e-01
  9.200000000e-01  9.300000000e-01  9.400000000e-01  9.500000000e-01
  9.600000000e-01  9.700000000e-01  9.800000000e-01  9.900000000e-01
  1.000000000e+00
@R VOLP 101 []
  0.000000000e+00  2.435085639e+00  4.870016813e+00  7.304637730e+00
  9.738797821e+00  1.217234646e+01  1.460513284e+01  1.703701522e+01
  1.946785508e+01  2.189751324e+01  2.432586138e+01  2.675277770e+01
  2.917813933e+01  3.160183593e+01  3.402376732e+01  3.644382961e+01
  3.886193085e+01  4.127799552e+01  4.369194379e+01  4.610370308e+01
  4.851321672e+01  5.092043115e+01  5.332529241e+01  5.572775868e+01
  5.812779335e+01  6.052535380e+01  6.292041437e+01  6.531296634e+01
  6.770299836e+01  7.009049003e+01  7.247540890e+01  7.485770692e+01
  7.723732380e+01  7.961420056e+01  8.198828620e+01  8.435952173e+01
  8.672784072e+01  8.909318826e+01  9.145550188e+01  9.381470678e+01
  9.617074102e+01  9.852353817e+01  1.008730175e+02  1.032191062e+02
  1.055617300e+02  1.079008110e+02  1.102362611e+02  1.125679972e+02
  1.148959435e+02  1.172200088e+02  1.195400978e+02  1.218561235e+02
  1.241680024e+02  1.264756269e+02  1.287789019e+02  1.310777496e+02
  1.333720687e+02  1.356617523e+02  1.379467105e+02  1.402268562e+02
  1.425020938e+02  1.447723268e+02  1.470374692e+02  1.492974467e+02
  1.515521686e+02  1.538015505e+02  1.560455362e+02  1.582840692e+02
  1.605170814e+02  1.627445307e+02  1.649663919e+02  1.671826427e+02
  1.693932669e+02  1.715982749e+02  1.737977095e+02  1.759916006e+02
  1.781800014e+02  1.803630142e+02  1.825407497e+02  1.847133048e+02
  1.868807472e+02  1.890431007e+02  1.912003780e+02  1.933524986e+02
  1.954992250e+02  1.976400915e+02  1.997739957e+02  2.018991512e+02
  2.040127155e+02  2.061095185e+02  2.081818465e+02  2.102208767e+02
  2.122206805e+02  2.141813956e+02  2.161104560e+02  2.180182241e+02
  2.199216424e+02  2.218573084e+02  2.238968895e+02  2.261081660e+02
  2.285228576e+02
@R IPOL 101 []
  1.015562644e+00  1.015560839e+00  1.015555412e+00  1.015546326e+00
  1.015533524e+00  1.015516922e+00  1.015496416e+00  1.015471881e+00
  1.015443172e+00  1.015410124e+00  1.015372555e+00  1.015330271e+00
  1.015283059e+00  1.015230701e+00  1.015172965e+00  1.015109616e+00
  1.015040401e+00  1.014965088e+00  1.014883426e+00  1.014795194e+00
  1.014700146e+00  1.014598065e+00  1.014488749e+00  1.014372001e+00
  1.014247644e+00  1.014115526e+00  1.013975529e+00  1.013827534e+00
  1.013671343e+00  1.013506841e+00  1.013334133e+00  1.013153418e+00
  1.012964883e+00  1.012768727e+00  1.012565171e+00  1.012354437e+00
  1.012136755e+00  1.011912368e+00  1.011681537e+00  1.011444530e+00
  1.011201622e+00  1.010953084e+00  1.010699214e+00  1.010440326e+00
  1.010176713e+00  1.009908693e+00  1.009636598e+00  1.009360747e+00
  1.009081501e+00  1.008799167e+00  1.008514139e+00  1.008226726e+00
  1.007937332e+00  1.007646284e+00  1.007353976e+00  1.007060768e+00
  1.006767030e+00  1.006473156e+00  1.006179512e+00  1.005886478e+00
  1.005594450e+00  1.005303797e+00  1.005014899e+00  1.004728150e+00
  1.004443925e+00  1.004162599e+00  1.003884549e+00  1.003610156e+00
  1.003339790e+00  1.003073814e+00  1.002812587e+00  1.002556480e+00
  1.002305849e+00  1.002061050e+00  1.001822429e+00  1.001590344e+00
  1.001365151e+00  1.001147226e+00  1.000936951e+00  1.000734739e+00
  1.000541050e+00  1.000356424e+00  1.000181511e+00  1.000017131e+00
  9.998643464e-01  9.997245768e-01  9.995997337e-01  9.994924028e-01
  9.994059908e-01  9.993447842e-01  9.993137609e-01  9.993177782e-01
  9.993599125e-01  9.994389325e-01  9.995469204e-01  9.996690442e-01
  9.997872503e-01  9.998862715e-01  9.999593867e-01  1.000005301e+00
  1.000000000e+00
@R G11 101 []
  0.000000000e+00  2.446822255e+00  4.893740658e+00  7.340639095e+00
  9.787988032e+00  1.223605237e+01  1.468465522e+01  1.713348060e+01
  1.958287269e+01  2.203343406e+01  2.448505081e+01  2.693703052e+01
  2.939087263e+01  3.184420990e+01  3.430089325e+01  3.675119587e+01
  3.920535204e+01  4.166309080e+01  4.412537154e+01  4.659364306e+01
  4.905003639e+01  5.152033766e+01  5.399311205e+01  5.646004834e+01
  5.892789032e+01  6.140168855e+01  6.388019575e+01  6.635820758e+01
  6.883764124e+01  7.131881342e+01  7.380204173e+01  7.628752344e+01
  7.877565341e+01  8.126663477e+01  8.376215548e+01  8.625962717e+01
  8.875554384e+01  9.125405489e+01  9.375865588e+01  9.627375313e+01
  9.878521676e+01  1.012917818e+02  1.038189131e+02  1.063430266e+02
  1.088621941e+02  1.114030892e+02  1.139340231e+02  1.164782059e+02
  1.190236730e+02  1.215754253e+02  1.241334264e+02  1.266952049e+02
  1.292682688e+02  1.318383623e+02  1.344307288e+02  1.370120861e+02
  1.396121197e+02  1.422242527e+02  1.448282841e+02  1.474563095e+02
  1.500944576e+02  1.527266699e+02  1.553803523e+02  1.580521964e+02
  1.607240289e+02  1.634040477e+02  1.661064923e+02  1.688264816e+02
  1.715535369e+02  1.742905272e+02  1.770466829e+02  1.798278384e+02
  1.826250205e+02  1.854376662e+02  1.882674483e+02  1.911175890e+02
  1.939977102e+02  1.969056264e+02  1.998358287e+02  2.027923560e+02
  2.057753718e+02  2.087926235e+02  2.118533834e+02  2.149538499e+02
  2.180929095e+02  2.212752782e+02  2.245064975e+02  2.278068726e+02
  2.311814109e+02  2.346296084e+02  2.381630666e+02  2.418133073e+02
  2.456006242e+02  2.495093927e+02  2.535328507e+02  2.577034538e+02
  2.620134879e+02  2.664202625e+02  2.709627868e+02  2.756484453e+02
  2.804876850e+02
@R G22 101 []
  0.000000000e+00  1.250571286e-02  2.501205076e-02  3.751855628e-02
  5.002778541e-02  6.254122491e-02  7.505810281e-02  8.757697250e-02
  1.000997488e-01  1.126296480e-01  1.251662708e-01  1.377062608e-01
  1.502574303e-01  1.628078773e-01  1.753775137e-01  1.879167643e-01
  2.004781734e-01  2.130606086e-01  2.256691858e-01  2.383115116e-01
  2.508964850e-01  2.635562441e-01  2.762325054e-01  2.888830270e-01
  3.015425805e-01  3.142372077e-01  3.269608121e-01  3.396871232e-01
  3.524262214e-01  3.651799419e-01  3.779501363e-01  3.907379822e-01
  4.035455912e-01  4.163741266e-01  4.292324232e-01  4.421073381e-01
  4.549810053e-01  4.678748846e-01  4.808070426e-01  4.938001452e-01
  5.067818861e-01  5.197459415e-01  5.328230260e-01  5.458922252e-01
  5.589437962e-01  5.721147769e-01  5.852424856e-01  5.984462617e-01
  6.116647458e-01  6.249237217e-01  6.382229674e-01  6.515499303e-01
  6.649432745e-01  6.783296489e-01  6.918389136e-01  7.052999407e-01
  7.188654935e-01  7.325015921e-01  7.461042402e-01  7.598387669e-01
  7.736335952e-01  7.874058371e-01  8.012967153e-01  8.152891050e-01
  8.292890463e-01  8.433385938e-01  8.575111514e-01  8.717813262e-01
  8.860946434e-01  9.004656224e-01  9.149417061e-01  9.295526609e-01
  9.442515892e-01  9.590351192e-01  9.739114819e-01  9.888966554e-01
  1.004039625e+00  1.019328385e+00  1.034733581e+00  1.050274875e+00
  1.065951418e+00  1.081801177e+00  1.097869753e+00  1.114134314e+00
  1.130584964e+00  1.147240569e+00  1.164120771e+00  1.181318158e+00
  1.198840284e+00  1.216653156e+00  1.234773236e+00  1.253317215e+00
  1.272357995e+00  1.291810784e+00  1.311666941e+00  1.332124150e+00
  1.353196510e+00  1.374807209e+00  1.397444852e+00  1.421368749e+00
  1.446657211e+00
@R G33 101 []
  9.180712027e-01  9.180824803e-01  9.181165064e-01  9.181734240e-01
  9.182528016e-01  9.183546298e-01  9.184789954e-01  9.186255314e-01
  9.187939856e-01  9.189843337e-01  9.191962349e-01  9.194293331e-01
  9.196835057e-01  9.199583821e-01  9.202534990e-01  9.205686796e-01
  9.209035867e-01  9.212576404e-01  9.216305532e-01  9.220219812e-01
  9.224314163e-01  9.228584172e-01  9.233026568e-01  9.237636984e-01
  9.242411116e-01  9.247346379e-01  9.252438027e-01  9.257679869e-01
  9.263067842e-01  9.268599194e-01  9.274271254e-01  9.280082680e-01
  9.286033721e-01  9.292124158e-01  9.298352550e-01  9.304718310e-01
  9.311221449e-01  9.317860504e-01  9.324634551e-01  9.331543755e-01
  9.338586725e-01  9.345762505e-01  9.353071081e-01  9.360511399e-01
  9.368082567e-01  9.375783702e-01  9.383614488e-01  9.391574163e-01
  9.399660801e-01  9.407874174e-01  9.416213377e-01  9.424677486e-01
  9.433264316e-01  9.441974133e-01  9.450805436e-01  9.459755687e-01
  9.468823907e-01  9.478009115e-01  9.487309312e-01  9.496722088e-01
  9.506245421e-01  9.515877496e-01  9.525615674e-01  9.535456376e-01
  9.545397259e-01  9.555435525e-01  9.565566619e-01  9.575786038e-01
  9.586090124e-01  9.596473766e-01  9.606931035e-01  9.617455805e-01
  9.628041933e-01  9.638681868e-01  9.649366582e-01  9.660087898e-01
  9.670836611e-01  9.681600926e-01  9.692368910e-01  9.703129374e-01
  9.713872498e-01  9.724590150e-01  9.735273769e-01  9.745917911e-01
  9.756522457e-01  9.767094636e-01  9.777667138e-01  9.788297199e-01
  9.799081558e-01  9.810214263e-01  9.821994135e-01  9.834761235e-01
  9.848726679e-01  9.863858338e-01  9.879859612e-01  9.896381955e-01
  9.912827615e-01  9.927714381e-01  9.937966743e-01  9.940735773e-01
  9.935099913e-01
@R GRADRHO 101 []
  1.006328621e+00  9.984541842e-01  9.984718839e-01  9.984899666e-01
  9.985396806e-01  9.986150912e-01  9.987001457e-01  9.987844726e-01
  9.988794441e-01  9.989976565e-01  9.991316725e-01  9.992654563e-01
  9.994253035e-01  9.995698343e-01  9.997597917e-01  9.998540885e-01
  1.000001718e+00  1.000190834e+00  1.000426074e+00  1.000715965e+00
  1.000870440e+00  1.001159523e+00  1.001458908e+00  1.001693939e+00
  1.001930155e+00  1.002208400e+00  1.002513998e+00  1.002804891e+00
  1.003096434e+00  1.003390508e+00  1.003689061e+00  1.003993047e+00
  1.004304485e+00  1.004624012e+00  1.004961111e+00  1.005299080e+00
  1.005618065e+00  1.005942595e+00  1.006290974e+00  1.006684305e+00
  1.007047191e+00  1.007375716e+00  1.007795851e+00  1.008189296e+00
  1.008548983e+00  1.008997970e+00  1.009389906e+00  1.009829017e+00
  1.010261496e+00  1.010708408e+00  1.011168559e+00  1.011631241e+00
  1.012125522e+00  1.012594608e+00  1.013134798e+00  1.013618839e+00
  1.014157269e+00  1.014723348e+00  1.015244463e+00  1.015833104e+00
  1.016438283e+00  1.017005105e+00  1.017624681e+00  1.018283084e+00
  1.018919980e+00  1.019561049e+00  1.020248938e+00  1.020965641e+00
  1.021677325e+00  1.022391238e+00  1.023132530e+00  1.023914949e+00
  1.024709587e+00  1.025512265e+00  1.026324925e+00  1.027153296e+00
  1.028019304e+00  1.028912464e+00  1.029814026e+00  1.030730044e+00
  1.031656165e+00  1.032606729e+00  1.033598688e+00  1.034616293e+00
  1.035650749e+00  1.036707008e+00  1.037792405e+00  1.038948478e+00
  1.040181462e+00  1.041488567e+00  1.042901561e+00  1.044499262e+00
  1.046322712e+00  1.048320081e+00  1.050439973e+00  1.052697308e+00
  1.054999678e+00  1.057122404e+00  1.058853558e+00  1.059872584e+00
  1.060012355e+00
@R AREA 101 []
  0.000000000e+00  2.431316750e+00  4.862560099e+00  7.293768399e+00
  9.724857139e+00  1.215572161e+01  1.458631762e+01  1.701662245e+01
  1.944662752e+01  2.187626725e+01  2.430548280e+01  2.673423794e+01
  2.916251880e+01  3.159025624e+01  3.401749422e+01  3.644411284e+01
  3.887045046e+01  4.129603402e+01  4.372111615e+01  4.614521145e+01
  4.856869825e+01  5.099148383e+01  5.341333248e+01  5.583439745e+01
  5.825473142e+01  6.067430633e+01  6.309300782e+01  6.551085958e+01
  6.792788242e+01  7.034408629e+01  7.275947654e+01  7.517405684e+01
  7.758782745e+01  8.000078555e+01  8.241292185e+01  8.482421828e+01
  8.723473019e+01  8.964449824e+01  9.205350228e+01  9.446169118e+01
  9.686902657e+01  9.927568677e+01  1.016816076e+02  1.040866670e+02
  1.064910869e+02  1.088947671e+02  1.112976634e+02  1.136999645e+02
  1.161014586e+02  1.185024102e+02  1.209025895e+02  1.233022613e+02
  1.257012130e+02  1.280996769e+02  1.304975270e+02  1.328948433e+02
  1.352917456e+02  1.376880943e+02  1.400840718e+02  1.424797082e+02
  1.448749383e+02  1.472699180e+02  1.496647342e+02  1.520593219e+02
  1.544537999e+02  1.568482976e+02  1.592428825e+02  1.616375598e+02
  1.640324638e+02  1.664277338e+02  1.688235093e+02  1.712198567e+02
  1.736169002e+02  1.760148165e+02  1.784137939e+02  1.808140347e+02
  1.832157266e+02  1.856190476e+02  1.880242601e+02  1.904316520e+02
  1.928415381e+02  1.952542624e+02  1.976701483e+02  2.000895568e+02
  2.025129292e+02  2.049407439e+02  2.073735130e+02  2.098117318e+02
  2.122558331e+02  2.147063020e+02  2.171635481e+02  2.196278348e+02
  2.220991934e+02  2.245777705e+02  2.270639581e+02  2.295584499e+02
  2.320622520e+02  2.345775015e+02  2.371081703e+02  2.396613575e+02
  2.422470099e+02
@R A 101 []
  0.000000000e+00  1.129699418e-02  2.259356096e-02  3.388991726e-02
  4.518633939e-02  5.648256286e-02  6.777842987e-02  7.907408361e-02
  9.036951057e-02  1.016644960e-01  1.129590270e-01  1.242531216e-01
  1.355467073e-01  1.468395348e-01  1.581320410e-01  1.694237307e-01
  1.807161839e-01  1.920073093e-01  2.032983345e-01  2.145869799e-01
  2.258750775e-01  2.371622312e-01  2.484472515e-01  2.597308265e-01
  2.710132381e-01  2.822942825e-01  2.935732940e-01  3.048503561e-01
  3.161254823e-01  3.273985417e-01  3.386694573e-01  3.499381406e-01
  3.612044218e-01  3.724681511e-01  3.837291907e-01  3.949872893e-01
  4.062425227e-01  4.174949521e-01  4.287443249e-01  4.399902178e-01
  4.512322522e-01  4.624710924e-01  4.737062469e-01  4.849368999e-01
  4.961638754e-01  5.073864966e-01  5.186042889e-01  5.298178544e-01
  5.410259678e-01  5.522295669e-01  5.634272449e-01  5.746199317e-01
  5.858063085e-01  5.969870930e-01  6.081612989e-01  6.193289157e-01
  6.304900878e-01  6.416436971e-01  6.527901055e-01  6.639289808e-01
  6.750594828e-01  6.861817376e-01  6.972955610e-01  7.084000262e-01
  7.194949955e-01  7.305803260e-01  7.416555692e-01  7.527199421e-01
  7.637731744e-01  7.748149399e-01  7.858448985e-01  7.968622868e-01
  8.078665013e-01  8.188571037e-01  8.298336351e-01  8.407955857e-01
  8.517422550e-01  8.626727650e-01  8.735865276e-01  8.844829063e-01
  8.953612022e-01  9.062207089e-01  9.170604473e-01  9.278794467e-01
  9.386769849e-01  9.494522744e-01  9.602046425e-01  9.709334307e-01
  9.816377039e-01  9.923174982e-01  1.002972508e+00  1.013602854e+00
  1.024210013e+00  1.034796463e+00  1.045364556e+00  1.055915397e+00
  1.066448637e+00  1.076957666e+00  1.087431293e+00  1.097855037e+00
  1.108209107e+00
@R RTOR 101 []
  4.748683384e+00  4.748667394e+00  4.748619191e+00  4.748538253e+00
  4.748425122e+00  4.748280013e+00  4.748102711e+00  4.747893457e+00
  4.747652541e+00  4.747379975e+00  4.747075972e+00  4.746740884e+00
  4.746374843e+00  4.745978054e+00  4.745550899e+00  4.745093643e+00
  4.744606420e+00  4.744089741e+00  4.743543880e+00  4.742969183e+00
  4.742365955e+00  4.741734613e+00  4.741075510e+00  4.740388950e+00
  4.739675332e+00  4.738934976e+00  4.738168214e+00  4.737375470e+00
  4.736557122e+00  4.735713475e+00  4.734844858e+00  4.733951593e+00
  4.733033927e+00  4.732092042e+00  4.731126143e+00  4.730136396e+00
  4.729122855e+00  4.728085625e+00  4.727024834e+00  4.725940537e+00
  4.724832790e+00  4.723701592e+00  4.722546982e+00  4.721369005e+00
  4.720167575e+00  4.718942742e+00  4.717694492e+00  4.716422683e+00
  4.715127406e+00  4.713808480e+00  4.712465941e+00  4.711099574e+00
  4.709709451e+00  4.708295337e+00  4.706857180e+00  4.705394864e+00
  4.703908204e+00  4.702397146e+00  4.700861443e+00  4.699300955e+00
  4.697715579e+00  4.696105037e+00  4.694469107e+00  4.692807688e+00
  4.691120511e+00  4.689407268e+00  4.687667733e+00  4.685901711e+00
  4.684108880e+00  4.682288906e+00  4.680441473e+00  4.678566308e+00
  4.676663065e+00  4.674731340e+00  4.672770756e+00  4.670780899e+00
  4.668761327e+00  4.666711621e+00  4.664631311e+00  4.662519879e+00
  4.660376763e+00  4.658201309e+00  4.655992861e+00  4.653750668e+00
  4.651473778e+00  4.649161165e+00  4.646811501e+00  4.644423177e+00
  4.641994493e+00  4.639522646e+00  4.637003470e+00  4.634431829e+00
  4.631800925e+00  4.629103336e+00  4.626332660e+00  4.623484197e+00
  4.620553828e+00  4.617543799e+00  4.614460717e+00  4.611316782e+00
  4.608129454e+00
@R SHIFT 101 []
  1.986833837e-01  1.986673942e-01  1.986191906e-01  1.985382531e-01
  1.984251223e-01  1.982800126e-01  1.981027107e-01  1.978934568e-01
  1.976525409e-01  1.973799748e-01  1.970759722e-01  1.967408836e-01
  1.963748429e-01  1.959780538e-01  1.955508993e-01  1.950936426e-01
  1.946064205e-01  1.940897411e-01  1.935438802e-01  1.929691829e-01
  1.923659547e-01  1.917346134e-01  1.910755103e-01  1.903889503e-01
  1.896753319e-01  1.889349760e-01  1.881682138e-01  1.873754700e-01
  1.865571217e-01  1.857134747e-01  1.848448576e-01  1.839515925e-01
  1.830339273e-01  1.820920416e-01  1.811261428e-01  1.801363963e-01
  1.791228555e-01  1.780856251e-01  1.770248340e-01  1.759405366e-01
  1.748327895e-01  1.737015918e-01  1.725469825e-01  1.713690046e-01
  1.701675752e-01  1.689427419e-01  1.676944920e-01  1.664226826e-01
  1.651274064e-01  1.638084795e-01  1.624659407e-01  1.610995737e-01
  1.597094512e-01  1.582953366e-01  1.568571805e-01  1.553948635e-01
  1.539082040e-01  1.523971457e-01  1.508614429e-01  1.493009547e-01
  1.477155787e-01  1.461050370e-01  1.444691074e-01  1.428076882e-01
  1.411205115e-01  1.394072677e-01  1.376677327e-01  1.359017113e-01
  1.341088803e-01  1.322889057e-01  1.304414729e-01  1.285663080e-01
  1.266630648e-01  1.247313397e-01  1.227707559e-01  1.207808986e-01
  1.187613270e-01  1.167116213e-01  1.146313108e-01  1.125198790e-01
  1.103767632e-01  1.082013094e-01  1.059928607e-01  1.037506684e-01
  1.014737782e-01  9.916116461e-02  9.681150074e-02  9.442317689e-02
  9.199449267e-02  8.952264584e-02  8.700346966e-02  8.443182908e-02
  8.180092539e-02  7.910333615e-02  7.633265983e-02  7.348419691e-02
  7.055382801e-02  6.754379900e-02  6.446071699e-02  6.131678186e-02
  5.812945443e-02
@R ELONG 101 []
  1.287139185e+00  1.287149417e+00  1.287180112e+00  1.287220811e+00
  1.287233732e+00  1.287232254e+00  1.287229819e+00  1.287228625e+00
  1.287230766e+00  1.287233374e+00  1.287235511e+00  1.287237488e+00
  1.287242645e+00  1.287250752e+00  1.287259526e+00  1.287269961e+00
  1.287283444e+00  1.287300472e+00  1.287320591e+00  1.287344311e+00
  1.287371816e+00  1.287403739e+00  1.287440953e+00  1.287483358e+00
  1.287531041e+00  1.287584559e+00  1.287644975e+00  1.287712221e+00
  1.287786443e+00  1.287868400e+00  1.287958507e+00  1.288057130e+00
  1.288164523e+00  1.288281008e+00  1.288406685e+00  1.288542014e+00
  1.288687320e+00  1.288842629e+00  1.289008208e+00  1.289184328e+00
  1.289371377e+00  1.289569456e+00  1.289778791e+00  1.289999733e+00
  1.290232585e+00  1.290477569e+00  1.290734970e+00  1.291005212e+00
  1.291288463e+00  1.291585160e+00  1.291895664e+00  1.292220349e+00
  1.292559555e+00  1.292913728e+00  1.293283354e+00  1.293668832e+00
  1.294070675e+00  1.294489374e+00  1.294925535e+00  1.295379663e+00
  1.295852370e+00  1.296344393e+00  1.296856359e+00  1.297388961e+00
  1.297943002e+00  1.298519392e+00  1.299118961e+00  1.299742585e+00
  1.300391319e+00  1.301066334e+00  1.301768760e+00  1.302499765e+00
  1.303260707e+00  1.304053056e+00  1.304878354e+00  1.305738239e+00
  1.306634502e+00  1.307569162e+00  1.308544354e+00  1.309562374e+00
  1.310625716e+00  1.311736960e+00  1.312898831e+00  1.314114259e+00
  1.315386378e+00  1.316718754e+00  1.318114982e+00  1.319578330e+00
  1.321112280e+00  1.322719594e+00  1.324401027e+00  1.326154752e+00
  1.327977261e+00  1.329864869e+00  1.331815342e+00  1.333830540e+00
  1.335911522e+00  1.338069814e+00  1.340351228e+00  1.342839709e+00
  1.345646071e+00
@R TRIAG 101 []
  0.000000000e+00  3.123124286e-02  2.950180941e-02  2.774977978e-02
  2.599864541e-02  2.424692553e-02  2.248613568e-02  2.071753184e-02
  1.894209307e-02  1.715747845e-02  1.536317071e-02  1.355926153e-02
  1.174406622e-02  9.916766421e-03  8.077750152e-03  6.225857020e-03
  4.359443522e-03  2.478906613e-03  5.835699454e-04 -1.327271124e-03
 -3.254345166e-03 -5.198025485e-03 -7.159030030e-03 -9.138100603e-03
 -1.113565818e-02 -1.315249360e-02 -1.518933006e-02 -1.724654356e-02
 -1.932463568e-02 -2.142425616e-02 -2.354602289e-02 -2.569056682e-02
 -2.785870222e-02 -3.005099753e-02 -3.226765819e-02 -3.450913432e-02
 -3.677616613e-02 -3.906932941e-02 -4.138908469e-02 -4.373605814e-02
 -4.611095179e-02 -4.851459967e-02 -5.094770144e-02 -5.341091917e-02
 -5.590522511e-02 -5.843137947e-02 -6.099027012e-02 -6.358295869e-02
 -6.621007729e-02 -6.887288889e-02 -7.157229777e-02 -7.430963896e-02
 -7.708571111e-02 -7.990198312e-02 -8.275962849e-02 -8.566008018e-02
 -8.860468521e-02 -9.159479059e-02 -9.463211461e-02 -9.771832801e-02
 -1.008550379e-01 -1.040441273e-01 -1.072876680e-01 -1.105877963e-01
 -1.139477584e-01 -1.173699474e-01 -1.208567535e-01 -1.244106514e-01
 -1.280345308e-01 -1.317312891e-01 -1.355039294e-01 -1.393556250e-01
 -1.432899457e-01 -1.473107652e-01 -1.514220699e-01 -1.556283274e-01
 -1.599343862e-01 -1.643454485e-01 -1.688664776e-01 -1.735030993e-01
 -1.782616916e-01 -1.831494191e-01 -1.881744962e-01 -1.933461959e-01
 -1.986749601e-01 -2.041722910e-01 -2.098472877e-01 -2.157053425e-01
 -2.217552828e-01 -2.280076292e-01 -2.344774609e-01 -2.411874285e-01
 -2.481561974e-01 -2.553973817e-01 -2.628991407e-01 -2.706418877e-01
 -2.786477905e-01 -2.869607019e-01 -2.956983024e-01 -3.050970201e-01
 -3.154265254e-01
@R PMHD 101 []
  1.579364827e+06  1.578815219e+06  1.577168134e+06  1.574428791e+06
  1.570605848e+06  1.565711363e+06  1.559760724e+06  1.552772561e+06
  1.544768613e+06  1.535773669e+06  1.525815365e+06  1.514924011e+06
  1.503132357e+06  1.490475726e+06  1.476990896e+06  1.462717443e+06
  1.447693804e+06  1.431964839e+06  1.415572017e+06  1.398562612e+06
  1.380978595e+06  1.362865476e+06  1.344269963e+06  1.325235461e+06
  1.305805503e+06  1.286023331e+06  1.265931667e+06  1.245572521e+06
  1.224995616e+06  1.204245000e+06  1.183345095e+06  1.162313305e+06
  1.141168725e+06  1.119929741e+06  1.098614496e+06  1.077241386e+06
  1.055827733e+06  1.034390366e+06  1.012946605e+06  9.915139322e+05
  9.701093927e+05  9.487477435e+05  9.274454957e+05  9.062192378e+05
  8.850823374e+05  8.640511415e+05  8.431410165e+05  8.223638856e+05
  8.017357932e+05  7.812688209e+05  7.609772577e+05  7.408727485e+05
  7.209689231e+05  7.012766965e+05  6.818084946e+05  6.625754162e+05
  6.435875911e+05  6.248567492e+05  6.063918851e+05  5.882027562e+05
  5.702994061e+05  5.526898551e+05  5.353823017e+05  5.183856410e+05
  5.017070352e+05  4.853532112e+05  4.693309293e+05  4.536469638e+05
  4.383068173e+05  4.233154997e+05  4.086775339e+05  3.943973882e+05
  3.804785950e+05  3.669235720e+05  3.537337551e+05  3.409093949e+05
  3.284493093e+05  3.163501499e+05  3.046051261e+05  2.932032692e+05
  2.821275051e+05  2.713519367e+05  2.608383914e+05  2.505307430e+05
  2.403470329e+05  2.301691529e+05  2.198292382e+05  2.090935728e+05
  1.976472116e+05  1.850868810e+05  1.709409514e+05  1.547445615e+05
  1.362026468e+05  1.154309714e+05  9.318852066e+04  7.090498476e+04
  5.032608774e+04  3.292980884e+04  1.936833867e+04  9.701140929e+03
  5.859891727e+03
@R QMHD 101 []
  9.811456877e-01  9.812050090e-01  9.813830914e-01  9.816802812e-01
  9.820971299e-01  9.826343541e-01  9.832927811e-01  9.840732785e-01
  9.849766728e-01  9.860036434e-01  9.871546155e-01  9.884296396e-01
  9.898284258e-01  9.913503354e-01  9.929948111e-01  9.947633478e-01
  9.966585723e-01  9.986805248e-01  1.000829063e+00  1.003103688e+00
  1.005507056e+00  1.008042476e+00  1.010707752e+00  1.013504048e+00
  1.016434240e+00  1.019499313e+00  1.022701723e+00  1.026042737e+00
  1.029523580e+00  1.033145491e+00  1.036912377e+00  1.040826874e+00
  1.044889899e+00  1.049105175e+00  1.053476079e+00  1.058005799e+00
  1.062696910e+00  1.067553361e+00  1.072578885e+00  1.077777233e+00
  1.083152576e+00  1.088709405e+00  1.094452142e+00  1.100384689e+00
  1.106513297e+00  1.112842833e+00  1.119377815e+00  1.126125083e+00
  1.133090135e+00  1.140280077e+00  1.147700567e+00  1.155359613e+00
  1.163263501e+00  1.171420694e+00  1.179838979e+00  1.188527082e+00
  1.197494709e+00  1.206749864e+00  1.216303405e+00  1.226166012e+00
  1.236348470e+00  1.246862405e+00  1.257720549e+00  1.268935520e+00
  1.280521276e+00  1.292492616e+00  1.304865050e+00  1.317654517e+00
  1.330878495e+00  1.344555991e+00  1.358706793e+00  1.373351185e+00
  1.388511128e+00  1.404210857e+00  1.420476010e+00  1.437333424e+00
  1.454812131e+00  1.472943769e+00  1.491763463e+00  1.511307572e+00
  1.531615052e+00  1.552727303e+00  1.574688313e+00  1.597546530e+00
  1.621357603e+00  1.646183894e+00  1.672099640e+00  1.699179258e+00
  1.727510744e+00  1.757194641e+00  1.788297994e+00  1.820886374e+00
  1.855064529e+00  1.890915904e+00  1.928532425e+00  1.968096373e+00
  2.009921172e+00  2.054259440e+00  2.101685855e+00  2.153127237e+00
  2.209799721e+00
@R ER 101 []
  0.000000000e+00  0.000000000e+00  0.000000000e+00  0.000000000e+00
  0.000000000e+00  0.000000000e+00  0.000000000e+00  0.000000000e+00
  0.000000000e+00  0.000000000e+00  0.000000000e+00  0.000000000e+00
  0.000000000e+00  0.000000000e+00  0.000000000e+00  0.000000000e+00
  0.000000000e+00  0.000000000e+00  0.000000000e+00  0.000000000e+00
  0.000000000e+00  0.000000000e+00  0.000000000e+00  0.000000000e+00
  0.000000000e+00  0.000000000e+00  0.000000000e+00  0.000000000e+00
  0.000000000e+00  0.000000000e+00  0.000000000e+00  0.000000000e+00
  0.000000000e+00  0.000000000e+00  0.000000000e+00  0.000000000e+00
  0.000000000e+00  0.000000000e+00  0.000000000e+00  0.000000000e+00
  0.000000000e+00  0.000000000e+00  0.000000000e+00  0.000000000e+00
  0.000000000e+00  0.000000000e+00  0.000000000e+00  0.000000000e+00
  0.000000000e+00  0.000000000e+00  0.000000000e+00  0.000000000e+00
  0.000000000e+00  0.000000000e+00  0.000000000e+00  0.000000000e+00
  0.000000000e+00  0.000000000e+00  0.000000000e+00  0.000000000e+00
  0.000000000e+00  0.000000000e+00  0.000000000e+00  0.000000000e+00
  0.000000000e+00  0.000000000e+00  0.000000000e+00  0.000000000e+00
  0.000000000e+00  0.000000000e+00  0.000000000e+00  0.000000000e+00
  0.000000000e+00  0.000000000e+00  0.000000000e+00  0.000000000e+00
  0.000000000e+00  0.000000000e+00  0.000000000e+00  0.000000000e+00
  0.000000000e+00  0.000000000e+00  0.000000000e+00  0.000000000e+00
  0.000000000e+00  0.000000000e+00  0.000000000e+00  0.000000000e+00
  0.000000000e+00  0.000000000e+00  0.000000000e+00  0.000000000e+00
  0.000000000e+00  0.000000000e+00  0.000000000e+00  0.000000000e+00
  0.000000000e+00  0.000000000e+00  0.000000000e+00  0.000000000e+00
  0.000000000e+00
@R NC1 101 []
  9.985000475e-01  9.385386276e-01  9.154137735e-01  8.984816815e-01
  8.847167322e-01  8.729547762e-01  8.626017219e-01  8.533052900e-01
  8.448376550e-01  8.370417797e-01  8.298032183e-01  8.230358797e-01
  8.166735659e-01  8.106636304e-01  8.049629599e-01  7.995365745e-01
  7.943551118e-01  7.893948108e-01  7.846344002e-01  7.800568924e-01
  7.756456488e-01  7.713871529e-01  7.672698587e-01  7.632828643e-01
  7.594166775e-01  7.556630127e-01  7.520143624e-01  7.484636697e-01
  7.450046980e-01  7.416319847e-01  7.383405786e-01  7.351259584e-01
  7.319842844e-01  7.289119723e-01  7.259054139e-01  7.229614797e-01
  7.200772435e-01  7.172497238e-01  7.144764188e-01  7.117550811e-01
  7.090833478e-01  7.064589389e-01  7.038800045e-01  7.013447241e-01
  6.988511176e-01  6.963976372e-01  6.939827419e-01  6.916047875e-01
  6.892625301e-01  6.869543178e-01  6.846792475e-01  6.824357414e-01
  6.802228570e-01  6.780393591e-01  6.758842643e-01  6.737564577e-01
  6.716549173e-01  6.695788533e-01  6.675272312e-01  6.654991731e-01
  6.634938795e-01  6.615105015e-01  6.595481865e-01  6.576062097e-01
  6.556838608e-01  6.537803311e-01  6.518948603e-01  6.500268365e-01
  6.481754914e-01  6.463401266e-01  6.445200516e-01  6.427145966e-01
  6.409231618e-01  6.391450285e-01  6.373794420e-01  6.356258074e-01
  6.338834454e-01  6.321516644e-01  6.304297950e-01  6.287171196e-01
  6.270131944e-01  6.253176238e-01  6.236299776e-01  6.219503611e-01
  6.202786195e-01  6.186151097e-01  6.169616977e-01  6.153196906e-01
  6.136935119e-01  6.120906342e-01  6.105198634e-01  6.089954548e-01
  6.075257282e-01  6.061048578e-01  6.047155262e-01  6.033453623e-01
  6.019614465e-01  6.005040350e-01  5.988787058e-01  5.969930065e-01
  5.948273541e-01
@R HFAC1 101 []
  1.000000000e+00  9.976214444e-01  9.952439454e-01  9.928675353e-01
  9.904921375e-01  9.881179515e-01  9.857451152e-01  9.833735341e-01
  9.810032228e-01  9.786343083e-01  9.762667235e-01  9.739004123e-01
  9.715354244e-01  9.691717104e-01  9.668090587e-01  9.644475834e-01
  9.620868285e-01  9.597270618e-01  9.573679641e-01  9.550099316e-01
  9.526523707e-01  9.502952269e-01  9.479386629e-01  9.455823614e-01
  9.432261130e-01  9.408698806e-01  9.385136024e-01  9.361569986e-01
  9.337999020e-01  9.314422480e-01  9.290839739e-01  9.267250514e-01
  9.243655768e-01  9.220056165e-01  9.196451128e-01  9.172841013e-01
  9.149225664e-01  9.125603701e-01  9.101975203e-01  9.078341079e-01
  9.054700763e-01  9.031051954e-01  9.007395402e-01  8.983731631e-01
  8.960057768e-01  8.936374377e-01  8.912681482e-01  8.888976577e-01
  8.865260891e-01  8.841530867e-01  8.817788897e-01  8.794030949e-01
  8.770258287e-01  8.746468311e-01  8.722661346e-01  8.698835091e-01
  8.674987680e-01  8.651119960e-01  8.627228854e-01  8.603312850e-01
  8.579371515e-01  8.555402449e-01  8.531403390e-01  8.507373427e-01
  8.483310631e-01  8.459212381e-01  8.435076074e-01  8.410900324e-01
  8.386682309e-01  8.362418972e-01  8.338107051e-01  8.313743942e-01
  8.289326987e-01  8.264852238e-01  8.240315058e-01  8.215711827e-01
  8.191038559e-01  8.166290665e-01  8.141463161e-01  8.116551031e-01
  8.091550882e-01  8.066460039e-01  8.041275660e-01  8.015998299e-01
  7.990628240e-01  7.965169578e-01  7.939640927e-01  7.914064129e-01
  7.888486261e-01  7.862993958e-01  7.837700575e-01  7.812750153e-01
  7.788222895e-01  7.764063787e-01  7.740092017e-01  7.716143315e-01
  7.691897907e-01  7.666704957e-01  7.639431230e-01  7.609033063e-01
  7.575253681e-01
@R HFAC2 101 []
  1.000000000e+00  9.952513626e-01  9.905217216e-01  9.858110451e-01
  9.811190865e-01  9.764461450e-01  9.717923939e-01  9.671575480e-01
  9.625415384e-01  9.579445167e-01  9.533662530e-01  9.488065400e-01
  9.442653760e-01  9.397425693e-01  9.352376195e-01  9.307506507e-01
  9.262807033e-01  9.218281923e-01  9.173924285e-01  9.129740672e-01
  9.085719041e-01  9.041857520e-01  8.998158311e-01  8.954614706e-01
  8.911222051e-01  8.867978901e-01  8.824883341e-01  8.781929507e-01
  8.739113654e-01  8.696433954e-01  8.653888666e-01  8.611476693e-01
  8.569199250e-01  8.527056991e-01  8.485048280e-01  8.443173171e-01
  8.401430862e-01  8.359818335e-01  8.318335192e-01  8.276982505e-01
  8.235758693e-01  8.194659242e-01  8.153684967e-01  8.112836220e-01
  8.072107542e-01  8.031499442e-01  7.991011456e-01  7.950638842e-01
  7.910383219e-01  7.870238069e-01  7.830207051e-01  7.790282909e-01
  7.750467341e-01  7.710755618e-01  7.671147863e-01  7.631639834e-01
  7.592228088e-01  7.552913668e-01  7.513691137e-01  7.474557690e-01
  7.435512246e-01  7.396550584e-01  7.357668738e-01  7.318864891e-01
  7.280135661e-01  7.241476534e-01  7.202883049e-01  7.164352745e-01
  7.125880816e-01  7.087462138e-01  7.049091337e-01  7.010764047e-01
  6.972475863e-01  6.934220334e-01  6.895989941e-01  6.857778905e-01
  6.819580788e-01  6.781388177e-01  6.743193177e-01  6.704987856e-01
  6.666767014e-01  6.628526728e-01  6.590262816e-01  6.551976756e-01
  6.513669621e-01  6.475348448e-01  6.437043710e-01  6.398790480e-01
  6.360663729e-01  6.322801865e-01  6.285386441e-01  6.248649289e-01
  6.212719091e-01  6.177507690e-01  6.142724608e-01  6.108106160e-01
  6.073140674e-01  6.036781890e-01  5.997205691e-01  5.952763689e-01
  5.903090075e-01
