@R INFLAG 1 []
1.000000e+00 
@R IP 1 []
1.000000e+01 
@R BCENTR 1 []
1.100000e+01 
@R RMAJOR 1 []
4.550000e+00 
@R AMINOR 1 []
1.108360e+00 
@R ELONGB 1 []
1.346077e+00 
@R TRIANB 1 []
-3.158611e-01 
@R AMAIN 1 []
2.500000e+00 
@R ZMAIN 1 []
1.000000e+00 
@R AIMP 1 []
1.820000e+02 
@R ZIMP 1 []
7.400000e+01 
@R RHO 101 []
0.000000e+00 1.000000e-02 2.000000e-02 3.000000e-02 4.000000e-02 
5.000000e-02 6.000000e-02 7.000000e-02 8.000000e-02 9.000000e-02 
1.000000e-01 1.100000e-01 1.200000e-01 1.300000e-01 1.400000e-01 
1.500000e-01 1.600000e-01 1.700000e-01 1.800000e-01 1.900000e-01 
2.000000e-01 2.100000e-01 2.200000e-01 2.300000e-01 2.400000e-01 
2.500000e-01 2.600000e-01 2.700000e-01 2.800000e-01 2.900000e-01 
3.000000e-01 3.100000e-01 3.200000e-01 3.300000e-01 3.400000e-01 
3.500000e-01 3.600000e-01 3.700000e-01 3.800000e-01 3.900000e-01 
4.000000e-01 4.100000e-01 4.200000e-01 4.300000e-01 4.400000e-01 
4.500000e-01 4.600000e-01 4.700000e-01 4.800000e-01 4.900000e-01 
5.000000e-01 5.100000e-01 5.200000e-01 5.300000e-01 5.400000e-01 
5.500000e-01 5.600000e-01 5.700000e-01 5.800000e-01 5.900000e-01 
6.000000e-01 6.100000e-01 6.200000e-01 6.300000e-01 6.400000e-01 
6.500000e-01 6.600000e-01 6.700000e-01 6.800000e-01 6.900000e-01 
7.000000e-01 7.100000e-01 7.200000e-01 7.300000e-01 7.400000e-01 
7.500000e-01 7.600000e-01 7.700000e-01 7.800000e-01 7.900000e-01 
8.000000e-01 8.100000e-01 8.200000e-01 8.300000e-01 8.400000e-01 
8.500000e-01 8.600000e-01 8.700000e-01 8.800000e-01 8.900000e-01 
9.000000e-01 9.100000e-01 9.200000e-01 9.300000e-01 9.400000e-01 
9.500000e-01 9.600000e-01 9.700000e-01 9.800000e-01 9.900000e-01 
1.000000e+00 
@R ENE 101 []
2.762307e+01 2.762307e+01 2.757546e+01 2.752447e+01 2.747012e+01 
2.741246e+01 2.735155e+01 2.728741e+01 2.722011e+01 2.714968e+01 
2.707616e+01 2.699961e+01 2.692007e+01 2.683757e+01 2.675218e+01 
2.666392e+01 2.657285e+01 2.647901e+01 2.638245e+01 2.628320e+01 
2.618132e+01 2.607685e+01 2.596984e+01 2.586032e+01 2.574835e+01 
2.563396e+01 2.551721e+01 2.539814e+01 2.527679e+01 2.515320e+01 
2.502743e+01 2.489951e+01 2.476950e+01 2.463743e+01 2.450335e+01 
2.436731e+01 2.422934e+01 2.408951e+01 2.394784e+01 2.380438e+01 
2.365919e+01 2.351230e+01 2.336375e+01 2.321360e+01 2.306189e+01 
2.290866e+01 2.275396e+01 2.259783e+01 2.244031e+01 2.228146e+01 
2.212132e+01 2.195992e+01 2.179732e+01 2.163356e+01 2.146868e+01 
2.130274e+01 2.113577e+01 2.096781e+01 2.079892e+01 2.062914e+01 
2.045851e+01 2.028708e+01 2.011488e+01 1.994197e+01 1.976839e+01 
1.959418e+01 1.941937e+01 1.924402e+01 1.906815e+01 1.889181e+01 
1.871501e+01 1.853780e+01 1.836017e+01 1.818213e+01 1.800366e+01 
1.782472e+01 1.764521e+01 1.746499e+01 1.728385e+01 1.710142e+01 
1.691722e+01 1.673048e+01 1.654013e+01 1.634462e+01 1.614177e+01 
1.592848e+01 1.570050e+01 1.545207e+01 1.517559e+01 1.486152e+01 
1.449866e+01 1.407535e+01 1.358208e+01 1.301563e+01 1.238413e+01 
1.171056e+01 1.103139e+01 1.038888e+01 9.819731e+00 9.346060e+00 
8.972966e+00 
@R TE 101 []
1.881676e+01 1.881676e+01 1.874542e+01 1.866825e+01 1.858537e+01 
1.849692e+01 1.840301e+01 1.830379e+01 1.819937e+01 1.808987e+01 
1.797544e+01 1.785620e+01 1.773226e+01 1.760377e+01 1.747084e+01 
1.733360e+01 1.719219e+01 1.704672e+01 1.689733e+01 1.674414e+01 
1.658728e+01 1.642688e+01 1.626305e+01 1.609594e+01 1.592567e+01 
1.575236e+01 1.557614e+01 1.539714e+01 1.521549e+01 1.503131e+01 
1.484473e+01 1.465587e+01 1.446487e+01 1.427185e+01 1.407694e+01 
1.388026e+01 1.368195e+01 1.348213e+01 1.328092e+01 1.307845e+01 
1.287486e+01 1.267026e+01 1.246479e+01 1.225857e+01 1.205173e+01 
1.184439e+01 1.163669e+01 1.142874e+01 1.122069e+01 1.101265e+01 
1.080475e+01 1.059712e+01 1.038988e+01 1.018317e+01 9.977101e+00 
9.771813e+00 9.567429e+00 9.364075e+00 9.161880e+00 8.960969e+00 
8.761470e+00 8.563510e+00 8.367216e+00 8.172715e+00 7.980134e+00 
7.789599e+00 7.601238e+00 7.415176e+00 7.231539e+00 7.050454e+00 
6.872044e+00 6.696433e+00 6.523741e+00 6.354087e+00 6.187582e+00 
6.024333e+00 5.864432e+00 5.707953e+00 5.554943e+00 5.405404e+00 
5.259271e+00 5.116376e+00 4.976390e+00 4.838742e+00 4.702489e+00 
4.566127e+00 4.427311e+00 4.282468e+00 4.126293e+00 3.951178e+00 
3.746797e+00 3.500332e+00 3.198285e+00 2.830948e+00 2.399574e+00 
1.923139e+00 1.438300e+00 9.885116e-01 6.078189e-01 3.107985e-01 
9.381087e-02 
@R TI 101 []
1.901697e+01 1.901697e+01 1.894464e+01 1.886641e+01 1.878239e+01 
1.869272e+01 1.859753e+01 1.849693e+01 1.839107e+01 1.828007e+01 
1.816406e+01 1.804317e+01 1.791752e+01 1.778726e+01 1.765249e+01 
1.751336e+01 1.737000e+01 1.722252e+01 1.707107e+01 1.691576e+01 
1.675673e+01 1.659411e+01 1.642803e+01 1.625861e+01 1.608598e+01 
1.591028e+01 1.573163e+01 1.555015e+01 1.536599e+01 1.517927e+01 
1.499011e+01 1.479864e+01 1.460500e+01 1.440931e+01 1.421171e+01 
1.401232e+01 1.381126e+01 1.360868e+01 1.340469e+01 1.319942e+01 
1.299302e+01 1.278559e+01 1.257728e+01 1.236821e+01 1.215851e+01 
1.194831e+01 1.173774e+01 1.152692e+01 1.131599e+01 1.110508e+01 
1.089430e+01 1.068380e+01 1.047370e+01 1.026413e+01 1.005522e+01 
9.847101e+00 9.639895e+00 9.433733e+00 9.228746e+00 9.025061e+00 
8.822808e+00 8.622115e+00 8.423112e+00 8.225927e+00 8.030688e+00 
7.837524e+00 7.646564e+00 7.457935e+00 7.271766e+00 7.088184e+00 
6.907315e+00 6.729283e+00 6.554213e+00 6.382223e+00 6.213429e+00 
6.047937e+00 5.885843e+00 5.727224e+00 5.572129e+00 5.420564e+00 
5.272469e+00 5.127681e+00 4.985879e+00 4.846503e+00 4.708622e+00 
4.570751e+00 4.430568e+00 4.284534e+00 4.127378e+00 3.951537e+00 
3.746714e+00 3.500099e+00 3.198145e+00 2.831023e+00 2.399813e+00 
1.923358e+00 1.438326e+00 9.883266e-01 6.075778e-01 3.107215e-01 
9.406899e-02 
@R OMEGA 101 []
4.992502e+03 4.992502e+03 4.978802e+03 4.961080e+03 4.940120e+03 
4.916382e+03 4.890179e+03 4.861743e+03 4.831258e+03 4.798873e+03 
4.764714e+03 4.728889e+03 4.691494e+03 4.652611e+03 4.612317e+03 
4.570680e+03 4.527764e+03 4.483626e+03 4.438322e+03 4.391901e+03 
4.344411e+03 4.295898e+03 4.246404e+03 4.195970e+03 4.144635e+03 
4.092438e+03 4.039413e+03 3.985597e+03 3.931022e+03 3.875722e+03 
3.819729e+03 3.763074e+03 3.705787e+03 3.647899e+03 3.589439e+03 
3.530435e+03 3.470916e+03 3.410910e+03 3.350445e+03 3.289547e+03 
3.228244e+03 3.166564e+03 3.104531e+03 3.042174e+03 2.979518e+03 
2.916589e+03 2.853414e+03 2.790019e+03 2.726431e+03 2.662674e+03 
2.598777e+03 2.534765e+03 2.470664e+03 2.406501e+03 2.342304e+03 
2.278099e+03 2.213913e+03 2.149775e+03 2.085711e+03 2.021750e+03 
1.957922e+03 1.894253e+03 1.830775e+03 1.767518e+03 1.704511e+03 
1.641786e+03 1.579374e+03 1.517309e+03 1.455623e+03 1.394351e+03 
1.333528e+03 1.273190e+03 1.213373e+03 1.154118e+03 1.095462e+03 
1.037449e+03 9.801196e+02 9.235197e+02 8.676957e+02 8.126966e+02 
7.585737e+02 7.053813e+02 6.531766e+02 6.020207e+02 5.519785e+02 
5.031198e+02 4.555197e+02 4.092600e+02 3.644299e+02 3.211277e+02 
2.794630e+02 2.395592e+02 2.015571e+02 1.656204e+02 1.319431e+02 
1.007622e+02 7.237776e+01 4.719105e+01 2.578550e+01 9.151105e+00 
-3.154810e-12 
@R ZEFF 101 []
1.264413e+00 1.264413e+00 1.263513e+00 1.262537e+00 1.261488e+00 
1.260364e+00 1.259167e+00 1.257896e+00 1.256554e+00 1.255139e+00 
1.253653e+00 1.252095e+00 1.250467e+00 1.248769e+00 1.247001e+00 
1.245164e+00 1.243259e+00 1.241285e+00 1.239244e+00 1.237137e+00 
1.234964e+00 1.232725e+00 1.230423e+00 1.228057e+00 1.225630e+00 
1.223142e+00 1.220594e+00 1.217988e+00 1.215326e+00 1.212609e+00 
1.209839e+00 1.207018e+00 1.204148e+00 1.201232e+00 1.198273e+00 
1.195272e+00 1.192234e+00 1.189161e+00 1.186057e+00 1.182925e+00 
1.179769e+00 1.176594e+00 1.173403e+00 1.170202e+00 1.166994e+00 
1.163786e+00 1.160581e+00 1.157387e+00 1.154207e+00 1.151048e+00 
1.147915e+00 1.144815e+00 1.141752e+00 1.138734e+00 1.135765e+00 
1.132851e+00 1.129998e+00 1.127211e+00 1.124496e+00 1.121857e+00 
1.119299e+00 1.116825e+00 1.114440e+00 1.112147e+00 1.109948e+00 
1.107846e+00 1.105842e+00 1.103938e+00 1.102133e+00 1.100429e+00 
1.098824e+00 1.097317e+00 1.095907e+00 1.094591e+00 1.093367e+00 
1.092232e+00 1.091182e+00 1.090214e+00 1.089324e+00 1.088507e+00 
1.087758e+00 1.087073e+00 1.086446e+00 1.085871e+00 1.085342e+00 
1.084851e+00 1.084391e+00 1.083951e+00 1.083524e+00 1.083099e+00 
1.082673e+00 1.082248e+00 1.081845e+00 1.081497e+00 1.081244e+00 
1.081101e+00 1.081045e+00 1.081032e+00 1.081030e+00 1.081030e+00 
1.081030e+00 
@R CURPAR 101 []
3.668929e+00 3.668929e+00 3.668251e+00 3.666535e+00 3.664104e+00 
3.660967e+00 3.657131e+00 3.652598e+00 3.647368e+00 3.641440e+00 
3.634815e+00 3.627493e+00 3.619473e+00 3.610756e+00 3.601341e+00 
3.591229e+00 3.580420e+00 3.568914e+00 3.556710e+00 3.543808e+00 
3.530209e+00 3.515913e+00 3.500920e+00 3.485229e+00 3.468841e+00 
3.451755e+00 3.433972e+00 3.415492e+00 3.396314e+00 3.376439e+00 
3.355866e+00 3.334596e+00 3.312629e+00 3.289965e+00 3.266603e+00 
3.242543e+00 3.217787e+00 3.192332e+00 3.166181e+00 3.139332e+00 
3.111786e+00 3.083542e+00 3.054601e+00 3.024963e+00 2.994627e+00 
2.963594e+00 2.931864e+00 2.899436e+00 2.866311e+00 2.832488e+00 
2.797968e+00 2.762751e+00 2.726836e+00 2.690224e+00 2.652915e+00 
2.614908e+00 2.576204e+00 2.536802e+00 2.496703e+00 2.455907e+00 
2.414413e+00 2.372222e+00 2.329334e+00 2.285748e+00 2.241465e+00 
2.196485e+00 2.150807e+00 2.104431e+00 2.057359e+00 2.009589e+00 
1.961121e+00 1.911957e+00 1.862095e+00 1.811535e+00 1.760278e+00 
1.708324e+00 1.655672e+00 1.602323e+00 1.548277e+00 1.493533e+00 
1.438092e+00 1.381954e+00 1.325118e+00 1.267585e+00 1.209354e+00 
1.150426e+00 1.090801e+00 1.030478e+00 9.694578e-01 9.077403e-01 
8.453255e-01 7.822133e-01 7.184037e-01 6.538968e-01 5.886925e-01 
5.227908e-01 4.561917e-01 3.894401e-01 3.263497e-01 2.778169e-01 
2.590968e-01 
@R CURBEAM 101 []
0.000000e+00 0.000000e+00 0.000000e+00 0.000000e+00 0.000000e+00 
0.000000e+00 0.000000e+00 0.000000e+00 0.000000e+00 0.000000e+00 
0.000000e+00 0.000000e+00 0.000000e+00 0.000000e+00 0.000000e+00 
0.000000e+00 0.000000e+00 0.000000e+00 0.000000e+00 0.000000e+00 
0.000000e+00 0.000000e+00 0.000000e+00 0.000000e+00 0.000000e+00 
0.000000e+00 0.000000e+00 0.000000e+00 0.000000e+00 0.000000e+00 
0.000000e+00 0.000000e+00 0.000000e+00 0.000000e+00 0.000000e+00 
0.000000e+00 0.000000e+00 0.000000e+00 0.000000e+00 0.000000e+00 
0.000000e+00 0.000000e+00 0.000000e+00 0.000000e+00 0.000000e+00 
0.000000e+00 0.000000e+00 0.000000e+00 0.000000e+00 0.000000e+00 
0.000000e+00 0.000000e+00 0.000000e+00 0.000000e+00 0.000000e+00 
0.000000e+00 0.000000e+00 0.000000e+00 0.000000e+00 0.000000e+00 
0.000000e+00 0.000000e+00 0.000000e+00 0.000000e+00 0.000000e+00 
0.000000e+00 0.000000e+00 0.000000e+00 0.000000e+00 0.000000e+00 
0.000000e+00 0.000000e+00 0.000000e+00 0.000000e+00 0.000000e+00 
0.000000e+00 0.000000e+00 0.000000e+00 0.000000e+00 0.000000e+00 
0.000000e+00 0.000000e+00 0.000000e+00 0.000000e+00 0.000000e+00 
0.000000e+00 0.000000e+00 0.000000e+00 0.000000e+00 0.000000e+00 
0.000000e+00 0.000000e+00 0.000000e+00 0.000000e+00 0.000000e+00 
0.000000e+00 0.000000e+00 0.000000e+00 0.000000e+00 0.000000e+00 
0.000000e+00 
@R CURRF 101 []
0.000000e+00 0.000000e+00 0.000000e+00 0.000000e+00 0.000000e+00 
0.000000e+00 0.000000e+00 0.000000e+00 0.000000e+00 0.000000e+00 
0.000000e+00 0.000000e+00 0.000000e+00 0.000000e+00 0.000000e+00 
0.000000e+00 0.000000e+00 0.000000e+00 0.000000e+00 0.000000e+00 
0.000000e+00 0.000000e+00 0.000000e+00 0.000000e+00 0.000000e+00 
0.000000e+00 0.000000e+00 0.000000e+00 0.000000e+00 0.000000e+00 
0.000000e+00 0.000000e+00 0.000000e+00 0.000000e+00 0.000000e+00 
0.000000e+00 0.000000e+00 0.000000e+00 0.000000e+00 0.000000e+00 
0.000000e+00 0.000000e+00 0.000000e+00 0.000000e+00 0.000000e+00 
0.000000e+00 0.000000e+00 0.000000e+00 0.000000e+00 0.000000e+00 
0.000000e+00 0.000000e+00 0.000000e+00 0.000000e+00 0.000000e+00 
0.000000e+00 0.000000e+00 0.000000e+00 0.000000e+00 0.000000e+00 
0.000000e+00 0.000000e+00 0.000000e+00 0.000000e+00 0.000000e+00 
0.000000e+00 0.000000e+00 0.000000e+00 0.000000e+00 0.000000e+00 
0.000000e+00 0.000000e+00 0.000000e+00 0.000000e+00 0.000000e+00 
0.000000e+00 0.000000e+00 0.000000e+00 0.000000e+00 0.000000e+00 
0.000000e+00 0.000000e+00 0.000000e+00 0.000000e+00 0.000000e+00 
0.000000e+00 0.000000e+00 0.000000e+00 0.000000e+00 0.000000e+00 
0.000000e+00 0.000000e+00 0.000000e+00 0.000000e+00 0.000000e+00 
0.000000e+00 0.000000e+00 0.000000e+00 0.000000e+00 0.000000e+00 
0.000000e+00 
@R Q 101 []
9.809382e-01 9.809978e-01 9.811766e-01 9.814751e-01 9.818937e-01 
9.824331e-01 9.830941e-01 9.838775e-01 9.847842e-01 9.858148e-01 
9.869698e-01 9.882494e-01 9.896531e-01 9.911804e-01 9.928305e-01 
9.946051e-01 9.965070e-01 9.985360e-01 1.000692e+00 1.002974e+00 
1.005385e+00 1.007929e+00 1.010602e+00 1.013408e+00 1.016347e+00 
1.019421e+00 1.022633e+00 1.025984e+00 1.029475e+00 1.033108e+00 
1.036885e+00 1.040810e+00 1.044884e+00 1.049111e+00 1.053494e+00 
1.058035e+00 1.062738e+00 1.067607e+00 1.072645e+00 1.077856e+00 
1.083245e+00 1.088815e+00 1.094571e+00 1.100518e+00 1.106661e+00 
1.113004e+00 1.119554e+00 1.126316e+00 1.133297e+00 1.140502e+00 
1.147938e+00 1.155614e+00 1.163534e+00 1.171708e+00 1.180143e+00 
1.188849e+00 1.197834e+00 1.207108e+00 1.216680e+00 1.226561e+00 
1.236763e+00 1.247297e+00 1.258175e+00 1.269411e+00 1.281017e+00 
1.293010e+00 1.305405e+00 1.318217e+00 1.331464e+00 1.345165e+00 
1.359340e+00 1.374009e+00 1.389194e+00 1.404920e+00 1.421212e+00 
1.438097e+00 1.455604e+00 1.473765e+00 1.492614e+00 1.512189e+00 
1.532529e+00 1.553674e+00 1.575669e+00 1.598563e+00 1.622411e+00 
1.647276e+00 1.673231e+00 1.700354e+00 1.728731e+00 1.758462e+00 
1.789615e+00 1.822255e+00 1.856491e+00 1.892405e+00 1.930087e+00 
1.969710e+00 2.011589e+00 2.055981e+00 2.103491e+00 2.155044e+00 
2.211865e+00 
@R QBEAME 101 []
0.000000e+00 0.000000e+00 0.000000e+00 0.000000e+00 0.000000e+00 
0.000000e+00 0.000000e+00 0.000000e+00 0.000000e+00 0.000000e+00 
0.000000e+00 0.000000e+00 0.000000e+00 0.000000e+00 0.000000e+00 
0.000000e+00 0.000000e+00 0.000000e+00 0.000000e+00 0.000000e+00 
0.000000e+00 0.000000e+00 0.000000e+00 0.000000e+00 0.000000e+00 
0.000000e+00 0.000000e+00 0.000000e+00 0.000000e+00 0.000000e+00 
0.000000e+00 0.000000e+00 0.000000e+00 0.000000e+00 0.000000e+00 
0.000000e+00 0.000000e+00 0.000000e+00 0.000000e+00 0.000000e+00 
0.000000e+00 0.000000e+00 0.000000e+00 0.000000e+00 0.000000e+00 
0.000000e+00 0.000000e+00 0.000000e+00 0.000000e+00 0.000000e+00 
0.000000e+00 0.000000e+00 0.000000e+00 0.000000e+00 0.000000e+00 
0.000000e+00 0.000000e+00 0.000000e+00 0.000000e+00 0.000000e+00 
0.000000e+00 0.000000e+00 0.000000e+00 0.000000e+00 0.000000e+00 
0.000000e+00 0.000000e+00 0.000000e+00 0.000000e+00 0.000000e+00 
0.000000e+00 0.000000e+00 0.000000e+00 0.000000e+00 0.000000e+00 
0.000000e+00 0.000000e+00 0.000000e+00 0.000000e+00 0.000000e+00 
0.000000e+00 0.000000e+00 0.000000e+00 0.000000e+00 0.000000e+00 
0.000000e+00 0.000000e+00 0.000000e+00 0.000000e+00 0.000000e+00 
0.000000e+00 0.000000e+00 0.000000e+00 0.000000e+00 0.000000e+00 
0.000000e+00 0.000000e+00 0.000000e+00 0.000000e+00 0.000000e+00 
0.000000e+00 
@R QBEAMI 101 []
0.000000e+00 0.000000e+00 0.000000e+00 0.000000e+00 0.000000e+00 
0.000000e+00 0.000000e+00 0.000000e+00 0.000000e+00 0.000000e+00 
0.000000e+00 0.000000e+00 0.000000e+00 0.000000e+00 0.000000e+00 
0.000000e+00 0.000000e+00 0.000000e+00 0.000000e+00 0.000000e+00 
0.000000e+00 0.000000e+00 0.000000e+00 0.000000e+00 0.000000e+00 
0.000000e+00 0.000000e+00 0.000000e+00 0.000000e+00 0.000000e+00 
0.000000e+00 0.000000e+00 0.000000e+00 0.000000e+00 0.000000e+00 
0.000000e+00 0.000000e+00 0.000000e+00 0.000000e+00 0.000000e+00 
0.000000e+00 0.000000e+00 0.000000e+00 0.000000e+00 0.000000e+00 
0.000000e+00 0.000000e+00 0.000000e+00 0.000000e+00 0.000000e+00 
0.000000e+00 0.000000e+00 0.000000e+00 0.000000e+00 0.000000e+00 
0.000000e+00 0.000000e+00 0.000000e+00 0.000000e+00 0.000000e+00 
0.000000e+00 0.000000e+00 0.000000e+00 0.000000e+00 0.000000e+00 
0.000000e+00 0.000000e+00 0.000000e+00 0.000000e+00 0.000000e+00 
0.000000e+00 0.000000e+00 0.000000e+00 0.000000e+00 0.000000e+00 
0.000000e+00 0.000000e+00 0.000000e+00 0.000000e+00 0.000000e+00 
0.000000e+00 0.000000e+00 0.000000e+00 0.000000e+00 0.000000e+00 
0.000000e+00 0.000000e+00 0.000000e+00 0.000000e+00 0.000000e+00 
0.000000e+00 0.000000e+00 0.000000e+00 0.000000e+00 0.000000e+00 
0.000000e+00 0.000000e+00 0.000000e+00 0.000000e+00 0.000000e+00 
0.000000e+00 
@R QRFE 101 []
0.000000e+00 0.000000e+00 0.000000e+00 0.000000e+00 0.000000e+00 
0.000000e+00 0.000000e+00 0.000000e+00 0.000000e+00 0.000000e+00 
0.000000e+00 0.000000e+00 0.000000e+00 0.000000e+00 0.000000e+00 
0.000000e+00 0.000000e+00 0.000000e+00 0.000000e+00 0.000000e+00 
0.000000e+00 0.000000e+00 0.000000e+00 0.000000e+00 0.000000e+00 
0.000000e+00 0.000000e+00 0.000000e+00 0.000000e+00 0.000000e+00 
0.000000e+00 0.000000e+00 0.000000e+00 0.000000e+00 0.000000e+00 
0.000000e+00 0.000000e+00 0.000000e+00 0.000000e+00 0.000000e+00 
0.000000e+00 0.000000e+00 0.000000e+00 0.000000e+00 0.000000e+00 
0.000000e+00 0.000000e+00 0.000000e+00 0.000000e+00 0.000000e+00 
0.000000e+00 0.000000e+00 0.000000e+00 0.000000e+00 0.000000e+00 
0.000000e+00 0.000000e+00 0.000000e+00 0.000000e+00 0.000000e+00 
0.000000e+00 0.000000e+00 0.000000e+00 0.000000e+00 0.000000e+00 
0.000000e+00 0.000000e+00 0.000000e+00 0.000000e+00 0.000000e+00 
0.000000e+00 0.000000e+00 0.000000e+00 0.000000e+00 0.000000e+00 
0.000000e+00 0.000000e+00 0.000000e+00 0.000000e+00 0.000000e+00 
0.000000e+00 0.000000e+00 0.000000e+00 0.000000e+00 0.000000e+00 
0.000000e+00 0.000000e+00 0.000000e+00 0.000000e+00 0.000000e+00 
0.000000e+00 0.000000e+00 0.000000e+00 0.000000e+00 0.000000e+00 
0.000000e+00 0.000000e+00 0.000000e+00 0.000000e+00 0.000000e+00 
0.000000e+00 
@R QRFI 101 []
0.000000e+00 0.000000e+00 0.000000e+00 0.000000e+00 0.000000e+00 
0.000000e+00 0.000000e+00 0.000000e+00 0.000000e+00 0.000000e+00 
0.000000e+00 0.000000e+00 0.000000e+00 0.000000e+00 0.000000e+00 
0.000000e+00 0.000000e+00 0.000000e+00 0.000000e+00 0.000000e+00 
0.000000e+00 0.000000e+00 0.000000e+00 0.000000e+00 0.000000e+00 
0.000000e+00 0.000000e+00 0.000000e+00 0.000000e+00 0.000000e+00 
0.000000e+00 0.000000e+00 0.000000e+00 0.000000e+00 0.000000e+00 
0.000000e+00 0.000000e+00 0.000000e+00 0.000000e+00 0.000000e+00 
0.000000e+00 0.000000e+00 0.000000e+00 0.000000e+00 0.000000e+00 
0.000000e+00 0.000000e+00 0.000000e+00 0.000000e+00 0.000000e+00 
0.000000e+00 0.000000e+00 0.000000e+00 0.000000e+00 0.000000e+00 
0.000000e+00 0.000000e+00 0.000000e+00 0.000000e+00 0.000000e+00 
0.000000e+00 0.000000e+00 0.000000e+00 0.000000e+00 0.000000e+00 
0.000000e+00 0.000000e+00 0.000000e+00 0.000000e+00 0.000000e+00 
0.000000e+00 0.000000e+00 0.000000e+00 0.000000e+00 0.000000e+00 
0.000000e+00 0.000000e+00 0.000000e+00 0.000000e+00 0.000000e+00 
0.000000e+00 0.000000e+00 0.000000e+00 0.000000e+00 0.000000e+00 
0.000000e+00 0.000000e+00 0.000000e+00 0.000000e+00 0.000000e+00 
0.000000e+00 0.000000e+00 0.000000e+00 0.000000e+00 0.000000e+00 
0.000000e+00 0.000000e+00 0.000000e+00 0.000000e+00 0.000000e+00 
0.000000e+00 
@R QRAD 101 []
-2.117657e-01 -2.117657e-01 -2.104861e-01 -2.091146e-01 -2.076539e-01 
-2.061067e-01 -2.044758e-01 -2.027639e-01 -2.009738e-01 -1.991083e-01 
-1.971704e-01 -1.951629e-01 -1.930888e-01 -1.909510e-01 -1.887524e-01 
-1.864960e-01 -1.841848e-01 -1.818218e-01 -1.794100e-01 -1.769523e-01 
-1.744518e-01 -1.719114e-01 -1.693341e-01 -1.667229e-01 -1.640807e-01 
-1.614104e-01 -1.587150e-01 -1.559974e-01 -1.532604e-01 -1.505068e-01 
-1.477395e-01 -1.449612e-01 -1.421746e-01 -1.393826e-01 -1.365876e-01 
-1.337924e-01 -1.309994e-01 -1.282113e-01 -1.254303e-01 -1.226591e-01 
-1.198998e-01 -1.171548e-01 -1.144262e-01 -1.117162e-01 -1.090269e-01 
-1.063602e-01 -1.037182e-01 -1.011025e-01 -9.851490e-02 -9.595712e-02 
-9.343070e-02 -9.093710e-02 -8.847770e-02 -8.605379e-02 -8.366655e-02 
-8.131706e-02 -7.900632e-02 -7.673520e-02 -7.450450e-02 -7.231491e-02 
-7.016703e-02 -6.806135e-02 -6.599831e-02 -6.397821e-02 -6.200130e-02 
-6.006775e-02 -5.817764e-02 -5.633097e-02 -5.452770e-02 -5.276768e-02 
-5.105071e-02 -4.937653e-02 -4.774476e-02 -4.615495e-02 -4.460654e-02 
-4.309879e-02 -4.163076e-02 -4.020124e-02 -3.880862e-02 -3.745073e-02 
-3.612463e-02 -3.482629e-02 -3.355009e-02 -3.228829e-02 -3.103011e-02 
-2.976072e-02 -2.845991e-02 -2.710071e-02 -2.564839e-02 -2.406070e-02 
-2.229119e-02 -2.029788e-02 -1.805954e-02 -1.559812e-02 -1.299788e-02 
-1.040346e-02 -7.983246e-03 -5.869717e-03 -4.112203e-03 -2.663697e-03 
-1.348922e-03 
@R QIONE 101 []
0.000000e+00 0.000000e+00 0.000000e+00 0.000000e+00 0.000000e+00 
0.000000e+00 0.000000e+00 0.000000e+00 0.000000e+00 0.000000e+00 
0.000000e+00 0.000000e+00 0.000000e+00 0.000000e+00 0.000000e+00 
0.000000e+00 0.000000e+00 0.000000e+00 0.000000e+00 0.000000e+00 
0.000000e+00 0.000000e+00 0.000000e+00 0.000000e+00 0.000000e+00 
0.000000e+00 0.000000e+00 0.000000e+00 0.000000e+00 0.000000e+00 
0.000000e+00 0.000000e+00 0.000000e+00 0.000000e+00 0.000000e+00 
0.000000e+00 0.000000e+00 0.000000e+00 0.000000e+00 0.000000e+00 
0.000000e+00 0.000000e+00 0.000000e+00 0.000000e+00 0.000000e+00 
0.000000e+00 0.000000e+00 0.000000e+00 0.000000e+00 0.000000e+00 
0.000000e+00 0.000000e+00 0.000000e+00 0.000000e+00 0.000000e+00 
0.000000e+00 0.000000e+00 0.000000e+00 0.000000e+00 0.000000e+00 
0.000000e+00 0.000000e+00 0.000000e+00 0.000000e+00 0.000000e+00 
0.000000e+00 0.000000e+00 0.000000e+00 0.000000e+00 0.000000e+00 
0.000000e+00 0.000000e+00 0.000000e+00 0.000000e+00 0.000000e+00 
0.000000e+00 0.000000e+00 0.000000e+00 0.000000e+00 0.000000e+00 
0.000000e+00 0.000000e+00 0.000000e+00 0.000000e+00 0.000000e+00 
0.000000e+00 0.000000e+00 0.000000e+00 0.000000e+00 0.000000e+00 
0.000000e+00 0.000000e+00 0.000000e+00 0.000000e+00 0.000000e+00 
0.000000e+00 0.000000e+00 0.000000e+00 0.000000e+00 0.000000e+00 
0.000000e+00 
@R QIONI 101 []
0.000000e+00 0.000000e+00 0.000000e+00 0.000000e+00 0.000000e+00 
0.000000e+00 0.000000e+00 0.000000e+00 0.000000e+00 0.000000e+00 
0.000000e+00 0.000000e+00 0.000000e+00 0.000000e+00 0.000000e+00 
0.000000e+00 0.000000e+00 0.000000e+00 0.000000e+00 0.000000e+00 
0.000000e+00 0.000000e+00 0.000000e+00 0.000000e+00 0.000000e+00 
0.000000e+00 0.000000e+00 0.000000e+00 0.000000e+00 0.000000e+00 
0.000000e+00 0.000000e+00 0.000000e+00 0.000000e+00 0.000000e+00 
0.000000e+00 0.000000e+00 0.000000e+00 0.000000e+00 0.000000e+00 
0.000000e+00 0.000000e+00 0.000000e+00 0.000000e+00 0.000000e+00 
0.000000e+00 0.000000e+00 0.000000e+00 0.000000e+00 0.000000e+00 
0.000000e+00 0.000000e+00 0.000000e+00 0.000000e+00 0.000000e+00 
0.000000e+00 0.000000e+00 0.000000e+00 0.000000e+00 0.000000e+00 
0.000000e+00 0.000000e+00 0.000000e+00 0.000000e+00 0.000000e+00 
0.000000e+00 0.000000e+00 0.000000e+00 0.000000e+00 0.000000e+00 
0.000000e+00 0.000000e+00 0.000000e+00 0.000000e+00 0.000000e+00 
0.000000e+00 0.000000e+00 0.000000e+00 0.000000e+00 0.000000e+00 
0.000000e+00 0.000000e+00 0.000000e+00 0.000000e+00 0.000000e+00 
0.000000e+00 0.000000e+00 0.000000e+00 0.000000e+00 0.000000e+00 
0.000000e+00 0.000000e+00 0.000000e+00 0.000000e+00 0.000000e+00 
0.000000e+00 0.000000e+00 0.000000e+00 0.000000e+00 0.000000e+00 
0.000000e+00 
@R QCX 101 []
0.000000e+00 0.000000e+00 0.000000e+00 0.000000e+00 0.000000e+00 
0.000000e+00 0.000000e+00 0.000000e+00 0.000000e+00 0.000000e+00 
0.000000e+00 0.000000e+00 0.000000e+00 0.000000e+00 0.000000e+00 
0.000000e+00 0.000000e+00 0.000000e+00 0.000000e+00 0.000000e+00 
0.000000e+00 0.000000e+00 0.000000e+00 0.000000e+00 0.000000e+00 
0.000000e+00 0.000000e+00 0.000000e+00 0.000000e+00 0.000000e+00 
0.000000e+00 0.000000e+00 0.000000e+00 0.000000e+00 0.000000e+00 
0.000000e+00 0.000000e+00 0.000000e+00 0.000000e+00 0.000000e+00 
0.000000e+00 0.000000e+00 0.000000e+00 0.000000e+00 0.000000e+00 
0.000000e+00 0.000000e+00 0.000000e+00 0.000000e+00 0.000000e+00 
0.000000e+00 0.000000e+00 0.000000e+00 0.000000e+00 0.000000e+00 
0.000000e+00 0.000000e+00 0.000000e+00 0.000000e+00 0.000000e+00 
0.000000e+00 0.000000e+00 0.000000e+00 0.000000e+00 0.000000e+00 
0.000000e+00 0.000000e+00 0.000000e+00 0.000000e+00 0.000000e+00 
0.000000e+00 0.000000e+00 0.000000e+00 0.000000e+00 0.000000e+00 
0.000000e+00 0.000000e+00 0.000000e+00 0.000000e+00 0.000000e+00 
0.000000e+00 0.000000e+00 0.000000e+00 0.000000e+00 0.000000e+00 
0.000000e+00 0.000000e+00 0.000000e+00 0.000000e+00 0.000000e+00 
0.000000e+00 0.000000e+00 0.000000e+00 0.000000e+00 0.000000e+00 
0.000000e+00 0.000000e+00 0.000000e+00 0.000000e+00 0.000000e+00 
0.000000e+00 
@R QTFUSE 101 []
1.956401e+00 1.956401e+00 1.945374e+00 1.933483e+00 1.920737e+00 
1.907143e+00 1.892712e+00 1.877451e+00 1.861369e+00 1.844474e+00 
1.826776e+00 1.808282e+00 1.789002e+00 1.768945e+00 1.748121e+00 
1.726540e+00 1.704212e+00 1.681149e+00 1.657362e+00 1.632864e+00 
1.607668e+00 1.581788e+00 1.555240e+00 1.528040e+00 1.500206e+00 
1.471755e+00 1.442709e+00 1.413089e+00 1.382917e+00 1.352219e+00 
1.321020e+00 1.289349e+00 1.257236e+00 1.224712e+00 1.191811e+00 
1.158568e+00 1.125022e+00 1.091213e+00 1.057181e+00 1.022972e+00 
9.886306e-01 9.542057e-01 9.197470e-01 8.853064e-01 8.509372e-01 
8.166945e-01 7.826348e-01 7.488156e-01 7.152952e-01 6.821328e-01 
6.493876e-01 6.171187e-01 5.853848e-01 5.542437e-01 5.237518e-01 
4.939638e-01 4.649318e-01 4.367055e-01 4.093313e-01 3.828517e-01 
3.573054e-01 3.327264e-01 3.091437e-01 2.865813e-01 2.650578e-01 
2.445860e-01 2.251731e-01 2.068205e-01 1.895238e-01 1.732732e-01 
1.580534e-01 1.438441e-01 1.306199e-01 1.183513e-01 1.070046e-01 
9.654261e-02 8.692482e-02 7.810799e-02 7.004636e-02 6.269193e-02 
5.599452e-02 4.990177e-02 4.435877e-02 3.930762e-02 3.468665e-02 
3.042968e-02 2.646562e-02 2.271962e-02 1.911784e-02 1.559965e-02 
1.214163e-02 8.794503e-03 5.718304e-03 3.171427e-03 1.398336e-03 
4.453918e-04 8.953759e-05 9.171508e-06 3.142000e-07 1.145639e-09 
1.201475e-15 
@R QTFUSI 101 []
8.803041e-01 8.803041e-01 8.725685e-01 8.642499e-01 8.553649e-01 
8.459307e-01 8.359645e-01 8.254839e-01 8.145068e-01 8.030515e-01 
7.911363e-01 7.787800e-01 7.660015e-01 7.528204e-01 7.392560e-01 
7.253285e-01 7.110578e-01 6.964646e-01 6.815697e-01 6.663940e-01 
6.509591e-01 6.352866e-01 6.193985e-01 6.033171e-01 5.870650e-01 
5.706649e-01 5.541401e-01 5.375138e-01 5.208097e-01 5.040517e-01 
4.872638e-01 4.704701e-01 4.536952e-01 4.369633e-01 4.202992e-01 
4.037273e-01 3.872723e-01 3.709586e-01 3.548106e-01 3.388524e-01 
3.231079e-01 3.076006e-01 2.923535e-01 2.773892e-01 2.627295e-01 
2.483955e-01 2.344073e-01 2.207844e-01 2.075447e-01 1.947053e-01 
1.822817e-01 1.702879e-01 1.587365e-01 1.476383e-01 1.370023e-01 
1.268357e-01 1.171437e-01 1.079295e-01 9.919400e-02 9.093641e-02 
8.315362e-02 7.584051e-02 6.898999e-02 6.259300e-02 5.663867e-02 
5.111443e-02 4.600613e-02 4.129826e-02 3.697404e-02 3.301570e-02 
2.940462e-02 2.612159e-02 2.314694e-02 2.046080e-02 1.804324e-02 
1.587450e-02 1.393508e-02 1.220592e-02 1.066846e-02 9.304788e-03 
8.097595e-03 7.030244e-03 6.086714e-03 5.251545e-03 4.509749e-03 
3.846745e-03 3.248393e-03 2.701294e-03 2.193664e-03 1.717215e-03 
1.270390e-03 8.623446e-04 5.145891e-04 2.542421e-04 9.591688e-05 
2.482297e-05 3.805768e-06 2.753349e-07 6.025312e-09 1.189217e-11 
4.225181e-18 
@R ENBEAM 101 []
0.000000e+00 0.000000e+00 0.000000e+00 0.000000e+00 0.000000e+00 
0.000000e+00 0.000000e+00 0.000000e+00 0.000000e+00 0.000000e+00 
0.000000e+00 0.000000e+00 0.000000e+00 0.000000e+00 0.000000e+00 
0.000000e+00 0.000000e+00 0.000000e+00 0.000000e+00 0.000000e+00 
0.000000e+00 0.000000e+00 0.000000e+00 0.000000e+00 0.000000e+00 
0.000000e+00 0.000000e+00 0.000000e+00 0.000000e+00 0.000000e+00 
0.000000e+00 0.000000e+00 0.000000e+00 0.000000e+00 0.000000e+00 
0.000000e+00 0.000000e+00 0.000000e+00 0.000000e+00 0.000000e+00 
0.000000e+00 0.000000e+00 0.000000e+00 0.000000e+00 0.000000e+00 
0.000000e+00 0.000000e+00 0.000000e+00 0.000000e+00 0.000000e+00 
0.000000e+00 0.000000e+00 0.000000e+00 0.000000e+00 0.000000e+00 
0.000000e+00 0.000000e+00 0.000000e+00 0.000000e+00 0.000000e+00 
0.000000e+00 0.000000e+00 0.000000e+00 0.000000e+00 0.000000e+00 
0.000000e+00 0.000000e+00 0.000000e+00 0.000000e+00 0.000000e+00 
0.000000e+00 0.000000e+00 0.000000e+00 0.000000e+00 0.000000e+00 
0.000000e+00 0.000000e+00 0.000000e+00 0.000000e+00 0.000000e+00 
0.000000e+00 0.000000e+00 0.000000e+00 0.000000e+00 0.000000e+00 
0.000000e+00 0.000000e+00 0.000000e+00 0.000000e+00 0.000000e+00 
0.000000e+00 0.000000e+00 0.000000e+00 0.000000e+00 0.000000e+00 
0.000000e+00 0.000000e+00 0.000000e+00 0.000000e+00 0.000000e+00 
0.000000e+00 
@R WBEAM 101 []
0.000000e+00 0.000000e+00 0.000000e+00 0.000000e+00 0.000000e+00 
0.000000e+00 0.000000e+00 0.000000e+00 0.000000e+00 0.000000e+00 
0.000000e+00 0.000000e+00 0.000000e+00 0.000000e+00 0.000000e+00 
0.000000e+00 0.000000e+00 0.000000e+00 0.000000e+00 0.000000e+00 
0.000000e+00 0.000000e+00 0.000000e+00 0.000000e+00 0.000000e+00 
0.000000e+00 0.000000e+00 0.000000e+00 0.000000e+00 0.000000e+00 
0.000000e+00 0.000000e+00 0.000000e+00 0.000000e+00 0.000000e+00 
0.000000e+00 0.000000e+00 0.000000e+00 0.000000e+00 0.000000e+00 
0.000000e+00 0.000000e+00 0.000000e+00 0.000000e+00 0.000000e+00 
0.000000e+00 0.000000e+00 0.000000e+00 0.000000e+00 0.000000e+00 
0.000000e+00 0.000000e+00 0.000000e+00 0.000000e+00 0.000000e+00 
0.000000e+00 0.000000e+00 0.000000e+00 0.000000e+00 0.000000e+00 
0.000000e+00 0.000000e+00 0.000000e+00 0.000000e+00 0.000000e+00 
0.000000e+00 0.000000e+00 0.000000e+00 0.000000e+00 0.000000e+00 
0.000000e+00 0.000000e+00 0.000000e+00 0.000000e+00 0.000000e+00 
0.000000e+00 0.000000e+00 0.000000e+00 0.000000e+00 0.000000e+00 
0.000000e+00 0.000000e+00 0.000000e+00 0.000000e+00 0.000000e+00 
0.000000e+00 0.000000e+00 0.000000e+00 0.000000e+00 0.000000e+00 
0.000000e+00 0.000000e+00 0.000000e+00 0.000000e+00 0.000000e+00 
0.000000e+00 0.000000e+00 0.000000e+00 0.000000e+00 0.000000e+00 
0.000000e+00 
@R ENALP 101 []
0.000000e+00 0.000000e+00 0.000000e+00 0.000000e+00 0.000000e+00 
0.000000e+00 0.000000e+00 0.000000e+00 0.000000e+00 0.000000e+00 
0.000000e+00 0.000000e+00 0.000000e+00 0.000000e+00 0.000000e+00 
0.000000e+00 0.000000e+00 0.000000e+00 0.000000e+00 0.000000e+00 
0.000000e+00 0.000000e+00 0.000000e+00 0.000000e+00 0.000000e+00 
0.000000e+00 0.000000e+00 0.000000e+00 0.000000e+00 0.000000e+00 
0.000000e+00 0.000000e+00 0.000000e+00 0.000000e+00 0.000000e+00 
0.000000e+00 0.000000e+00 0.000000e+00 0.000000e+00 0.000000e+00 
0.000000e+00 0.000000e+00 0.000000e+00 0.000000e+00 0.000000e+00 
0.000000e+00 0.000000e+00 0.000000e+00 0.000000e+00 0.000000e+00 
0.000000e+00 0.000000e+00 0.000000e+00 0.000000e+00 0.000000e+00 
0.000000e+00 0.000000e+00 0.000000e+00 0.000000e+00 0.000000e+00 
0.000000e+00 0.000000e+00 0.000000e+00 0.000000e+00 0.000000e+00 
0.000000e+00 0.000000e+00 0.000000e+00 0.000000e+00 0.000000e+00 
0.000000e+00 0.000000e+00 0.000000e+00 0.000000e+00 0.000000e+00 
0.000000e+00 0.000000e+00 0.000000e+00 0.000000e+00 0.000000e+00 
0.000000e+00 0.000000e+00 0.000000e+00 0.000000e+00 0.000000e+00 
0.000000e+00 0.000000e+00 0.000000e+00 0.000000e+00 0.000000e+00 
0.000000e+00 0.000000e+00 0.000000e+00 0.000000e+00 0.000000e+00 
0.000000e+00 0.000000e+00 0.000000e+00 0.000000e+00 0.000000e+00 
0.000000e+00 
@R WALP 101 []
0.000000e+00 0.000000e+00 0.000000e+00 0.000000e+00 0.000000e+00 
0.000000e+00 0.000000e+00 0.000000e+00 0.000000e+00 0.000000e+00 
0.000000e+00 0.000000e+00 0.000000e+00 0.000000e+00 0.000000e+00 
0.000000e+00 0.000000e+00 0.000000e+00 0.000000e+00 0.000000e+00 
0.000000e+00 0.000000e+00 0.000000e+00 0.000000e+00 0.000000e+00 
0.000000e+00 0.000000e+00 0.000000e+00 0.000000e+00 0.000000e+00 
0.000000e+00 0.000000e+00 0.000000e+00 0.000000e+00 0.000000e+00 
0.000000e+00 0.000000e+00 0.000000e+00 0.000000e+00 0.000000e+00 
0.000000e+00 0.000000e+00 0.000000e+00 0.000000e+00 0.000000e+00 
0.000000e+00 0.000000e+00 0.000000e+00 0.000000e+00 0.000000e+00 
0.000000e+00 0.000000e+00 0.000000e+00 0.000000e+00 0.000000e+00 
0.000000e+00 0.000000e+00 0.000000e+00 0.000000e+00 0.000000e+00 
0.000000e+00 0.000000e+00 0.000000e+00 0.000000e+00 0.000000e+00 
0.000000e+00 0.000000e+00 0.000000e+00 0.000000e+00 0.000000e+00 
0.000000e+00 0.000000e+00 0.000000e+00 0.000000e+00 0.000000e+00 
0.000000e+00 0.000000e+00 0.000000e+00 0.000000e+00 0.000000e+00 
0.000000e+00 0.000000e+00 0.000000e+00 0.000000e+00 0.000000e+00 
0.000000e+00 0.000000e+00 0.000000e+00 0.000000e+00 0.000000e+00 
0.000000e+00 0.000000e+00 0.000000e+00 0.000000e+00 0.000000e+00 
0.000000e+00 0.000000e+00 0.000000e+00 0.000000e+00 0.000000e+00 
0.000000e+00 
@R SION 101 []
0.000000e+00 0.000000e+00 0.000000e+00 0.000000e+00 0.000000e+00 
0.000000e+00 0.000000e+00 0.000000e+00 0.000000e+00 0.000000e+00 
0.000000e+00 0.000000e+00 0.000000e+00 0.000000e+00 0.000000e+00 
0.000000e+00 0.000000e+00 0.000000e+00 0.000000e+00 0.000000e+00 
0.000000e+00 0.000000e+00 0.000000e+00 0.000000e+00 0.000000e+00 
0.000000e+00 0.000000e+00 0.000000e+00 0.000000e+00 0.000000e+00 
0.000000e+00 0.000000e+00 0.000000e+00 0.000000e+00 0.000000e+00 
0.000000e+00 0.000000e+00 0.000000e+00 0.000000e+00 0.000000e+00 
0.000000e+00 0.000000e+00 0.000000e+00 0.000000e+00 0.000000e+00 
0.000000e+00 0.000000e+00 0.000000e+00 0.000000e+00 0.000000e+00 
0.000000e+00 0.000000e+00 0.000000e+00 0.000000e+00 0.000000e+00 
0.000000e+00 0.000000e+00 0.000000e+00 0.000000e+00 0.000000e+00 
0.000000e+00 0.000000e+00 0.000000e+00 0.000000e+00 0.000000e+00 
0.000000e+00 0.000000e+00 0.000000e+00 0.000000e+00 0.000000e+00 
0.000000e+00 0.000000e+00 0.000000e+00 0.000000e+00 0.000000e+00 
0.000000e+00 0.000000e+00 0.000000e+00 0.000000e+00 0.000000e+00 
0.000000e+00 0.000000e+00 0.000000e+00 0.000000e+00 0.000000e+00 
0.000000e+00 0.000000e+00 0.000000e+00 0.000000e+00 0.000000e+00 
0.000000e+00 0.000000e+00 0.000000e+00 0.000000e+00 0.000000e+00 
0.000000e+00 0.000000e+00 0.000000e+00 0.000000e+00 0.000000e+00 
0.000000e+00 
@R CHIE 101 []
0.000000e+00 8.934785e-02 8.580598e-02 1.192208e-01 1.481833e-01 
1.736280e-01 1.962505e-01 2.165769e-01 2.350026e-01 2.518345e-01 
2.673235e-01 2.816764e-01 2.950394e-01 3.075705e-01 3.193414e-01 
3.305350e-01 3.411310e-01 3.512013e-01 3.607971e-01 3.699533e-01 
3.788568e-01 3.873394e-01 3.955209e-01 4.034908e-01 4.112222e-01 
4.187016e-01 4.259565e-01 4.330389e-01 4.399510e-01 4.467037e-01 
4.533072e-01 4.597709e-01 4.661026e-01 4.723103e-01 4.783928e-01 
4.843756e-01 4.902830e-01 4.960969e-01 5.018073e-01 5.074004e-01 
5.129592e-01 5.184900e-01 5.238719e-01 5.292390e-01 5.345973e-01 
5.398314e-01 5.451032e-01 5.503057e-01 5.555119e-01 5.607047e-01 
5.658972e-01 5.711153e-01 5.763336e-01 5.816375e-01 5.869268e-01 
5.923637e-01 5.978461e-01 6.034106e-01 6.091780e-01 6.150341e-01 
6.210553e-01 6.273475e-01 6.338279e-01 6.405387e-01 6.475913e-01 
6.549991e-01 6.627457e-01 6.708921e-01 6.795347e-01 6.887164e-01 
6.984631e-01 7.088088e-01 7.198496e-01 7.316575e-01 7.442851e-01 
7.577752e-01 7.721185e-01 7.873102e-01 8.032939e-01 8.198473e-01 
8.365508e-01 8.526143e-01 8.666886e-01 8.766684e-01 8.793540e-01 
8.702947e-01 8.442357e-01 7.965437e-01 7.260121e-01 6.374399e-01 
5.415714e-01 4.513533e-01 3.771363e-01 3.244447e-01 2.950586e-01 
2.897370e-01 3.109867e-01 3.653379e-01 4.655513e-01 6.338213e-01 
0.000000e+00 
@R CHII 101 []
0.000000e+00 5.216002e-02 4.997159e-02 6.919180e-02 8.567483e-02 
9.998032e-02 1.125238e-01 1.236192e-01 1.335029e-01 1.423582e-01 
1.503352e-01 1.575574e-01 1.641130e-01 1.700958e-01 1.755510e-01 
1.805840e-01 1.851881e-01 1.894069e-01 1.932727e-01 1.968084e-01 
2.001172e-01 2.031137e-01 2.058650e-01 2.084213e-01 2.107717e-01 
2.129129e-01 2.148626e-01 2.166507e-01 2.182817e-01 2.197644e-01 
2.211073e-01 2.223185e-01 2.234055e-01 2.243757e-01 2.252322e-01 
2.259909e-01 2.266667e-01 2.272549e-01 2.277546e-01 2.281639e-01 
2.285242e-01 2.288416e-01 2.290668e-01 2.292629e-01 2.294361e-01 
2.295407e-01 2.296500e-01 2.297222e-01 2.297922e-01 2.298563e-01 
2.299237e-01 2.300086e-01 2.301042e-01 2.302481e-01 2.304036e-01 
2.306377e-01 2.309131e-01 2.312471e-01 2.316882e-01 2.321950e-01 
2.327987e-01 2.335406e-01 2.343912e-01 2.353675e-01 2.365115e-01 
2.378288e-01 2.393137e-01 2.409888e-01 2.428887e-01 2.450287e-01 
2.474176e-01 2.500670e-01 2.530108e-01 2.562737e-01 2.598739e-01 
2.638263e-01 2.681282e-01 2.727793e-01 2.777624e-01 2.830048e-01 
2.883683e-01 2.935906e-01 2.982213e-01 3.015553e-01 3.025138e-01 
2.995834e-01 2.909535e-01 2.749846e-01 2.511612e-01 2.210094e-01 
1.881450e-01 1.570359e-01 1.313287e-01 1.130196e-01 1.027882e-01 
1.009352e-01 1.083574e-01 1.273569e-01 1.624283e-01 2.213842e-01 
0.000000e+00 
@R STORQUE 101 []
0.000000e+00 0.000000e+00 0.000000e+00 0.000000e+00 0.000000e+00 
0.000000e+00 0.000000e+00 0.000000e+00 0.000000e+00 0.000000e+00 
0.000000e+00 0.000000e+00 0.000000e+00 0.000000e+00 0.000000e+00 
0.000000e+00 0.000000e+00 0.000000e+00 0.000000e+00 0.000000e+00 
0.000000e+00 0.000000e+00 0.000000e+00 0.000000e+00 0.000000e+00 
0.000000e+00 0.000000e+00 0.000000e+00 0.000000e+00 0.000000e+00 
0.000000e+00 0.000000e+00 0.000000e+00 0.000000e+00 0.000000e+00 
0.000000e+00 0.000000e+00 0.000000e+00 0.000000e+00 0.000000e+00 
0.000000e+00 0.000000e+00 0.000000e+00 0.000000e+00 0.000000e+00 
0.000000e+00 0.000000e+00 0.000000e+00 0.000000e+00 0.000000e+00 
0.000000e+00 0.000000e+00 0.000000e+00 0.000000e+00 0.000000e+00 
0.000000e+00 0.000000e+00 0.000000e+00 0.000000e+00 0.000000e+00 
0.000000e+00 0.000000e+00 0.000000e+00 0.000000e+00 0.000000e+00 
0.000000e+00 0.000000e+00 0.000000e+00 0.000000e+00 0.000000e+00 
0.000000e+00 0.000000e+00 0.000000e+00 0.000000e+00 0.000000e+00 
0.000000e+00 0.000000e+00 0.000000e+00 0.000000e+00 0.000000e+00 
0.000000e+00 0.000000e+00 0.000000e+00 0.000000e+00 0.000000e+00 
0.000000e+00 0.000000e+00 0.000000e+00 0.000000e+00 0.000000e+00 
0.000000e+00 0.000000e+00 0.000000e+00 0.000000e+00 0.000000e+00 
0.000000e+00 0.000000e+00 0.000000e+00 0.000000e+00 0.000000e+00 
0.000000e+00 
@R QOHM 101 []
0.000000e+00 0.000000e+00 0.000000e+00 0.000000e+00 0.000000e+00 
0.000000e+00 0.000000e+00 0.000000e+00 0.000000e+00 0.000000e+00 
0.000000e+00 0.000000e+00 0.000000e+00 0.000000e+00 0.000000e+00 
0.000000e+00 0.000000e+00 0.000000e+00 0.000000e+00 0.000000e+00 
0.000000e+00 0.000000e+00 0.000000e+00 0.000000e+00 0.000000e+00 
0.000000e+00 0.000000e+00 0.000000e+00 0.000000e+00 0.000000e+00 
0.000000e+00 0.000000e+00 0.000000e+00 0.000000e+00 0.000000e+00 
0.000000e+00 0.000000e+00 0.000000e+00 0.000000e+00 0.000000e+00 
0.000000e+00 0.000000e+00 0.000000e+00 0.000000e+00 0.000000e+00 
0.000000e+00 0.000000e+00 0.000000e+00 0.000000e+00 0.000000e+00 
0.000000e+00 0.000000e+00 0.000000e+00 0.000000e+00 0.000000e+00 
0.000000e+00 0.000000e+00 0.000000e+00 0.000000e+00 0.000000e+00 
0.000000e+00 0.000000e+00 0.000000e+00 0.000000e+00 0.000000e+00 
0.000000e+00 0.000000e+00 0.000000e+00 0.000000e+00 0.000000e+00 
0.000000e+00 0.000000e+00 0.000000e+00 0.000000e+00 0.000000e+00 
0.000000e+00 0.000000e+00 0.000000e+00 0.000000e+00 0.000000e+00 
0.000000e+00 0.000000e+00 0.000000e+00 0.000000e+00 0.000000e+00 
0.000000e+00 0.000000e+00 0.000000e+00 0.000000e+00 0.000000e+00 
0.000000e+00 0.000000e+00 0.000000e+00 0.000000e+00 0.000000e+00 
0.000000e+00 0.000000e+00 0.000000e+00 0.000000e+00 0.000000e+00 
0.000000e+00 
@R ENHE 101 []
2.532802e+00 2.532802e+00 2.516024e+00 2.497948e+00 2.478596e+00 
2.457991e+00 2.436155e+00 2.413113e+00 2.388887e+00 2.363501e+00 
2.336979e+00 2.309347e+00 2.280630e+00 2.250853e+00 2.220044e+00 
2.188230e+00 2.155438e+00 2.121698e+00 2.087039e+00 2.051494e+00 
2.015092e+00 1.977868e+00 1.939854e+00 1.901088e+00 1.861605e+00 
1.821442e+00 1.780640e+00 1.739239e+00 1.697282e+00 1.654812e+00 
1.611874e+00 1.568517e+00 1.524788e+00 1.480739e+00 1.436422e+00 
1.391891e+00 1.347202e+00 1.302412e+00 1.257582e+00 1.212771e+00 
1.168043e+00 1.123461e+00 1.079090e+00 1.034996e+00 9.912478e-01 
9.479115e-01 9.050556e-01 8.627485e-01 8.210580e-01 7.800514e-01 
7.397951e-01 7.003540e-01 6.617910e-01 6.241668e-01 5.875391e-01 
5.519624e-01 5.174875e-01 4.841606e-01 4.520235e-01 4.211128e-01 
3.914594e-01 3.630886e-01 3.360194e-01 3.102646e-01 2.858303e-01 
2.627166e-01 2.409166e-01 2.204175e-01 2.012001e-01 1.832394e-01 
1.665050e-01 1.509613e-01 1.365683e-01 1.232816e-01 1.110535e-01 
9.983314e-02 8.956701e-02 8.019964e-02 7.167378e-02 6.393074e-02 
5.691053e-02 5.055176e-02 4.479139e-02 3.956419e-02 3.480207e-02 
3.043327e-02 2.638207e-02 2.257009e-02 1.892131e-02 1.537451e-02 
1.190751e-02 8.573482e-03 5.533587e-03 3.041294e-03 1.326582e-03 
4.174500e-04 8.286878e-05 8.386757e-06 2.842909e-07 1.027638e-09 
1.070401e-15 
