@R RHO 101 []
0.000000e+00 1.000000e-02 2.000000e-02 3.000000e-02 4.000000e-02 
5.000000e-02 6.000000e-02 7.000000e-02 8.000000e-02 9.000000e-02 
1.000000e-01 1.100000e-01 1.200000e-01 1.300000e-01 1.400000e-01 
1.500000e-01 1.600000e-01 1.700000e-01 1.800000e-01 1.900000e-01 
2.000000e-01 2.100000e-01 2.200000e-01 2.300000e-01 2.400000e-01 
2.500000e-01 2.600000e-01 2.700000e-01 2.800000e-01 2.900000e-01 
3.000000e-01 3.100000e-01 3.200000e-01 3.300000e-01 3.400000e-01 
3.500000e-01 3.600000e-01 3.700000e-01 3.800000e-01 3.900000e-01 
4.000000e-01 4.100000e-01 4.200000e-01 4.300000e-01 4.400000e-01 
4.500000e-01 4.600000e-01 4.700000e-01 4.800000e-01 4.900000e-01 
5.000000e-01 5.100000e-01 5.200000e-01 5.300000e-01 5.400000e-01 
5.500000e-01 5.600000e-01 5.700000e-01 5.800000e-01 5.900000e-01 
6.000000e-01 6.100000e-01 6.200000e-01 6.300000e-01 6.400000e-01 
6.500000e-01 6.600000e-01 6.700000e-01 6.800000e-01 6.900000e-01 
7.000000e-01 7.100000e-01 7.200000e-01 7.300000e-01 7.400000e-01 
7.500000e-01 7.600000e-01 7.700000e-01 7.800000e-01 7.900000e-01 
8.000000e-01 8.100000e-01 8.200000e-01 8.300000e-01 8.400000e-01 
8.500000e-01 8.600000e-01 8.700000e-01 8.800000e-01 8.900000e-01 
9.000000e-01 9.100000e-01 9.200000e-01 9.300000e-01 9.400000e-01 
9.500000e-01 9.600000e-01 9.700000e-01 9.800000e-01 9.900000e-01 
1.000000e+00 
@R ENE 101 []
2.762307e+01 2.762307e+01 2.757546e+01 2.752447e+01 2.747012e+01 
2.741246e+01 2.735155e+01 2.728741e+01 2.722011e+01 2.714968e+01 
2.707616e+01 2.699961e+01 2.692007e+01 2.683757e+01 2.675218e+01 
2.666392e+01 2.657285e+01 2.647901e+01 2.638245e+01 2.628320e+01 
2.618132e+01 2.607685e+01 2.596984e+01 2.586032e+01 2.574835e+01 
2.563396e+01 2.551721e+01 2.539814e+01 2.527679e+01 2.515320e+01 
2.502743e+01 2.489951e+01 2.476950e+01 2.463743e+01 2.450335e+01 
2.436731e+01 2.422934e+01 2.408951e+01 2.394784e+01 2.380438e+01 
2.365919e+01 2.351230e+01 2.336375e+01 2.321360e+01 2.306189e+01 
2.290866e+01 2.275396e+01 2.259783e+01 2.244031e+01 2.228146e+01 
2.212132e+01 2.195992e+01 2.179732e+01 2.163356e+01 2.146868e+01 
2.130274e+01 2.113577e+01 2.096781e+01 2.079892e+01 2.062914e+01 
2.045851e+01 2.028708e+01 2.011488e+01 1.994197e+01 1.976839e+01 
1.959418e+01 1.941937e+01 1.924402e+01 1.906815e+01 1.889181e+01 
1.871501e+01 1.853780e+01 1.836017e+01 1.818213e+01 1.800366e+01 
1.782472e+01 1.764521e+01 1.746499e+01 1.728385e+01 1.710142e+01 
1.691722e+01 1.673048e+01 1.654013e+01 1.634462e+01 1.614177e+01 
1.592848e+01 1.570050e+01 1.545207e+01 1.517559e+01 1.486152e+01 
1.449866e+01 1.407535e+01 1.358208e+01 1.301563e+01 1.238413e+01 
1.171056e+01 1.103139e+01 1.038888e+01 9.819731e+00 9.346060e+00 
8.972966e+00 
@R TE 101 []
1.881676e+01 1.881676e+01 1.874542e+01 1.866825e+01 1.858537e+01 
1.849692e+01 1.840301e+01 1.830379e+01 1.819937e+01 1.808987e+01 
1.797544e+01 1.785620e+01 1.773226e+01 1.760377e+01 1.747084e+01 
1.733360e+01 1.719219e+01 1.704672e+01 1.689733e+01 1.674414e+01 
1.658728e+01 1.642688e+01 1.626305e+01 1.609594e+01 1.592567e+01 
1.575236e+01 1.557614e+01 1.539714e+01 1.521549e+01 1.503131e+01 
1.484473e+01 1.465587e+01 1.446487e+01 1.427185e+01 1.407694e+01 
1.388026e+01 1.368195e+01 1.348213e+01 1.328092e+01 1.307845e+01 
1.287486e+01 1.267026e+01 1.246479e+01 1.225857e+01 1.205173e+01 
1.184439e+01 1.163669e+01 1.142874e+01 1.122069e+01 1.101265e+01 
1.080475e+01 1.059712e+01 1.038988e+01 1.018317e+01 9.977101e+00 
9.771813e+00 9.567429e+00 9.364075e+00 9.161880e+00 8.960969e+00 
8.761470e+00 8.563510e+00 8.367216e+00 8.172715e+00 7.980134e+00 
7.789599e+00 7.601238e+00 7.415176e+00 7.231539e+00 7.050454e+00 
6.872044e+00 6.696433e+00 6.523741e+00 6.354087e+00 6.187582e+00 
6.024333e+00 5.864432e+00 5.707953e+00 5.554943e+00 5.405404e+00 
5.259271e+00 5.116376e+00 4.976390e+00 4.838742e+00 4.702489e+00 
4.566127e+00 4.427311e+00 4.282468e+00 4.126293e+00 3.951178e+00 
3.746797e+00 3.500332e+00 3.198285e+00 2.830948e+00 2.399574e+00 
1.923139e+00 1.438300e+00 9.885116e-01 6.078189e-01 3.107985e-01 
9.381087e-02 
@R TI 101 []
1.901697e+01 1.901697e+01 1.894464e+01 1.886641e+01 1.878239e+01 
1.869272e+01 1.859753e+01 1.849693e+01 1.839107e+01 1.828007e+01 
1.816406e+01 1.804317e+01 1.791752e+01 1.778726e+01 1.765249e+01 
1.751336e+01 1.737000e+01 1.722252e+01 1.707107e+01 1.691576e+01 
1.675673e+01 1.659411e+01 1.642803e+01 1.625861e+01 1.608598e+01 
1.591028e+01 1.573163e+01 1.555015e+01 1.536599e+01 1.517927e+01 
1.499011e+01 1.479864e+01 1.460500e+01 1.440931e+01 1.421171e+01 
1.401232e+01 1.381126e+01 1.360868e+01 1.340469e+01 1.319942e+01 
1.299302e+01 1.278559e+01 1.257728e+01 1.236821e+01 1.215851e+01 
1.194831e+01 1.173774e+01 1.152692e+01 1.131599e+01 1.110508e+01 
1.089430e+01 1.068380e+01 1.047370e+01 1.026413e+01 1.005522e+01 
9.847101e+00 9.639895e+00 9.433733e+00 9.228746e+00 9.025061e+00 
8.822808e+00 8.622115e+00 8.423112e+00 8.225927e+00 8.030688e+00 
7.837524e+00 7.646564e+00 7.457935e+00 7.271766e+00 7.088184e+00 
6.907315e+00 6.729283e+00 6.554213e+00 6.382223e+00 6.213429e+00 
6.047937e+00 5.885843e+00 5.727224e+00 5.572129e+00 5.420564e+00 
5.272469e+00 5.127681e+00 4.985879e+00 4.846503e+00 4.708622e+00 
4.570751e+00 4.430568e+00 4.284534e+00 4.127378e+00 3.951537e+00 
3.746714e+00 3.500099e+00 3.198145e+00 2.831023e+00 2.399813e+00 
1.923358e+00 1.438326e+00 9.883266e-01 6.075778e-01 3.107215e-01 
9.406899e-02 
@R FP 102 []
1.110223e-12 1.110223e-12 1.105602e-02 3.316491e-02 6.632021e-02 
1.105096e-01 1.657164e-01 2.319216e-01 3.091039e-01 3.972368e-01 
4.962869e-01 6.062172e-01 7.269913e-01 8.585634e-01 1.000895e+00 
1.153925e+00 1.317635e+00 1.491957e+00 1.676818e+00 1.872142e+00 
2.077840e+00 2.293902e+00 2.520197e+00 2.756644e+00 3.003195e+00 
3.259769e+00 3.526260e+00 3.802564e+00 4.088597e+00 4.384263e+00 
4.689462e+00 5.004091e+00 5.328041e+00 5.661200e+00 6.003451e+00 
6.354669e+00 6.714736e+00 7.083545e+00 7.460970e+00 7.846867e+00 
8.241071e+00 8.643473e+00 9.053966e+00 9.472336e+00 9.898462e+00 
1.033223e+01 1.077341e+01 1.122191e+01 1.167752e+01 1.214010e+01 
1.260947e+01 1.308546e+01 1.356789e+01 1.405657e+01 1.455134e+01 
1.505196e+01 1.555831e+01 1.607015e+01 1.658726e+01 1.710950e+01 
1.763660e+01 1.816837e+01 1.870463e+01 1.924513e+01 1.978962e+01 
2.033792e+01 2.088981e+01 2.144502e+01 2.200331e+01 2.256446e+01 
2.312824e+01 2.369439e+01 2.426264e+01 2.483274e+01 2.540443e+01 
2.597747e+01 2.655160e+01 2.712651e+01 2.770194e+01 2.827760e+01 
2.885323e+01 2.942854e+01 3.000325e+01 3.057702e+01 3.114957e+01 
3.172059e+01 3.228978e+01 3.285683e+01 3.342139e+01 3.398311e+01 
3.454167e+01 3.509673e+01 3.564792e+01 3.619485e+01 3.673716e+01 
3.727452e+01 3.780654e+01 3.833285e+01 3.885315e+01 3.936703e+01 
3.987406e+01 4.012398e+01 
@R CURPAR 102 []
3.671062e+00 3.671062e+00 3.671062e+00 3.669949e+00 3.668058e+00 
3.665376e+00 3.661939e+00 3.657772e+00 3.652893e+00 3.647309e+00 
3.641025e+00 3.634043e+00 3.626361e+00 3.617982e+00 3.608904e+00 
3.599128e+00 3.588654e+00 3.577481e+00 3.565610e+00 3.553040e+00 
3.539773e+00 3.525807e+00 3.511143e+00 3.495780e+00 3.479719e+00 
3.462960e+00 3.445503e+00 3.427347e+00 3.408493e+00 3.388941e+00 
3.368690e+00 3.347741e+00 3.326094e+00 3.303749e+00 3.280705e+00 
3.256963e+00 3.232523e+00 3.207384e+00 3.181547e+00 3.155012e+00 
3.127778e+00 3.099846e+00 3.071216e+00 3.041888e+00 3.011861e+00 
2.981136e+00 2.949713e+00 2.917591e+00 2.884771e+00 2.851253e+00 
2.817036e+00 2.782122e+00 2.746509e+00 2.710197e+00 2.673187e+00 
2.635479e+00 2.597073e+00 2.557969e+00 2.518166e+00 2.477665e+00 
2.436465e+00 2.394567e+00 2.351971e+00 2.308677e+00 2.264684e+00 
2.219993e+00 2.174604e+00 2.128517e+00 2.081731e+00 2.034247e+00 
1.986064e+00 1.937183e+00 1.887604e+00 1.837327e+00 1.786351e+00 
1.734678e+00 1.682305e+00 1.629235e+00 1.575466e+00 1.520999e+00 
1.465834e+00 1.409970e+00 1.353408e+00 1.296148e+00 1.238189e+00 
1.179532e+00 1.120177e+00 1.060124e+00 9.993719e-01 9.379222e-01 
8.757761e-01 8.129424e-01 7.494553e-01 6.854266e-01 6.211607e-01 
5.573549e-01 4.953638e-01 4.374734e-01 3.867618e-01 3.471258e-01 
3.244030e-01 3.244030e-01 
