 19-Aug-25 07/09/2014
     1               1
  0.100000000E+01
*   1.000             1               0 MAR   3   2 CLC    40   41
  0.000000000E+00 0.170000000E+03 0.200000000E+01 0.679320679E+06
  0.679320679E+06 0.172129266E+03 0.852161626E+00 0.413600349E+02
  0.133885237E+01-0.341787895E+00-0.309676583E+00 0.770575998E+07
  0.176004391E+03 0.185068861E+01 0.227558203E+01 0.898437222E+00
  0.449236530E+00 0.864284983E+00 0.100000000E+11 0.106865262E+02
  0.100000000E+11 0.100000000E+11 0.199429780E+01-0.124141624E+01
  0.767832858E+02 0.106511466E+03 0.516883507E+02
  0.000000000E+00 0.000000000E+00 0.000000000E+00
  0.825315115E+02 0.795220835E+02
  0.000000000E+00 0.000000000E+00
  0.163998603E+01 0.279338333E+00 0.201294754E+01 0.751602204E+00
  0.762992633E+00 0.218643619E+01-0.500000000E+02-0.500000000E+02
 -0.500000000E+02 0.303938250E+00 0.702024323E+04 0.161214091E+06
  0.785102668E-04 0.128687476E+01 0.955095831E+00 0.771633643E-02
  0.127465867E+01 0.172776148E+03 0.000000000E+00 0.000000000E+00
 -0.999000000E+03-0.999000000E+03-0.999000000E+03-0.999000000E+03
 -0.100000000E+03-0.500000000E+02 0.194526425E+01 0.191541710E+01
  0.901036537E+01 0.398966546E+02 0.100000000E+03 0.106865262E+02
  0.177507030E+03 0.209984409E+01 0.467884240E+00 0.000000000E+00
  0.100033684E+01 0.200059388E+01 0.358983260E+06 0.000000000E+00
  0.000000000E+00 0.000000000E+00 0.848881024E+00 0.100000000E+02
    44   60   18    6
  0.172074498E+00 0.133024326E+00 0.187285309E+00 0.155028812E+00
  0.720633715E-01-0.152726755E-01 0.546572861E+00-0.641054900E-01
 -0.471567910E+00 0.243358334E+00 0.138640895E+00 0.130784259E-01
 -0.436210737E-01-0.678983465E-01-0.840779175E-01 0.558284293E+00
 -0.708295230E-01 0.117720335E-01 0.216005300E+00 0.153538493E+00
  0.162498130E+00 0.169587943E+00 0.105397675E+00 0.259845929E-01
 -0.334407284E+00 0.405668434E+00 0.434925206E+00 0.309142794E-01
  0.813804487E-01 0.200499319E+00 0.786232089E-01-0.132854180E-01
 -0.471346184E-01-0.583507501E-01 0.118991443E+00 0.482701880E+00
  0.471202806E+00-0.432589727E-01 0.273821990E-01-0.193812880E-01
  0.148145796E-01 0.237589134E-01 0.735750236E-01 0.136695077E+00
  0.110989271E+00 0.249268580E+00 0.247844939E+00-0.151542224E+00
 -0.259387392E+00-0.442478769E-01 0.285704628E+00 0.641024975E+00
  0.295566862E+00-0.159152806E+00-0.335220029E+00-0.892404251E-01
  0.231415408E+00 0.316401016E+00 0.251521297E+00-0.391905919E-01
  0.133299412E+00 0.270728598E+00 0.194930411E+00 0.201307190E+00
  0.200411749E+00 0.190854336E+00 0.249446912E+00-0.105348045E+00
 -0.313059435E+00-0.286205152E+00-0.615569697E-01 0.297584463E+00
  0.356084817E+00 0.263980211E+00 0.392159874E+00 0.769373033E+00
  0.307979056E+00 0.413184845E-01-0.195796506E+00-0.271503249E+00
 -0.711258145E-01 0.866514569E-01 0.315075818E+00 0.249288436E+00
  0.357992500E+00 0.106537449E+00-0.602786263E-01-0.249371455E+00
 -0.305609236E+00-0.106027044E+00 0.246245266E+00 0.191538754E+00
  0.199438629E+00 0.201640149E+00 0.191839540E+00 0.267651864E+00
  0.135078877E+00-0.354653470E-01 0.113789145E+00 0.249166022E+00
  0.250043176E+00-0.136681449E+00-0.264670005E+00-0.424969358E-01
  0.219674445E+05-0.637811613E+05 0.254813307E+06 0.249637811E+06
  0.110238719E+06-0.310276423E+06 0.619254218E+06-0.401994269E+05
 -0.779634397E+06 0.348481926E+06 0.768385823E+05-0.132110464E+06
 -0.121353763E+06-0.104038484E+06-0.410722725E+06 0.559479812E+06
 -0.121180519E+06-0.132622355E+06
  0.000000000E+00 0.000000000E+00 0.000000000E+00 0.000000000E+00
  0.000000000E+00 0.000000000E+00
  0.000000000E+00 0.000000000E+00 0.000000000E+00 0.000000000E+00
  0.000000000E+00 0.000000000E+00 0.000000000E+00 0.000000000E+00
  0.000000000E+00 0.000000000E+00 0.552039866E+02 0.000000000E+00
  0.231301874E+00 0.221509670E+00 0.400000006E+02-0.134785945E+00
 -0.113398991E+01 0.000000000E+00 0.999000000E+03 0.191764588E+01
 -0.100000000E+02 0.955095831E+00 0.000000000E+00 0.508325256E-01
 -0.100000000E+02 0.000000000E+00 0.219141660E+01 0.000000000E+00
  0.122713845E+00 0.228362776E+01 0.130769231E+01 0.213263996E+01
  0.336300374E+02 0.379434740E+01-0.890000000E+02-0.890000000E+02
 -0.890000000E+02-0.890000000E+02-0.890000000E+02-0.890000000E+02
 -0.890000000E+02-0.890000000E+02-0.890000000E+02-0.890000000E+02
 -0.890000000E+02-0.890000000E+02-0.890000000E+02-0.890000000E+02
 -0.890000000E+02 0.000000000E+00 0.714294885E+00 0.951714292E+00
  0.141098235E+03 0.184937500E+03 0.000000000E+00 0.828589384E+00
  0.100000000E+01 0.000000000E+00 0.000000000E+00 0.000000000E+00
                                            EQG
