&PROFILE_EXT
  NPSI_EXT = 257 
  PSIN_EXT = 0.0 0.00390625 0.0078125 0.01171875 0.015625 0.01953125  
    0.0234375 0.02734375 0.03125 0.03515625 0.0390625 0.04296875  
    0.046875 0.05078125 0.0546875 0.05859375 0.0625 0.06640625  
    0.0703125 0.07421875 0.078125 0.08203125 0.0859375 0.08984375  
    0.09375 0.09765625 0.1015625 0.10546875 0.109375 0.11328125  
    0.1171875 0.12109375 0.125 0.12890625 0.1328125 0.13671875 0.140625  
    0.14453125 0.1484375 0.15234375 0.15625 0.16015625 0.1640625  
    0.16796875 0.171875 0.17578125 0.1796875 0.18359375 0.1875  
    0.19140625 0.1953125 0.19921875 0.203125 0.20703125 0.2109375  
    0.21484375 0.21875 0.22265625 0.2265625 0.23046875 0.234375  
    0.23828125 0.2421875 0.24609375 0.25 0.25390625 0.2578125  
    0.26171875 0.265625 0.26953125 0.2734375 0.27734375 0.28125  
    0.28515625 0.2890625 0.29296875 0.296875 0.30078125 0.3046875  
    0.30859375 0.3125 0.31640625 0.3203125 0.32421875 0.328125  
    0.33203125 0.3359375 0.33984375 0.34375 0.34765625 0.3515625  
    0.35546875 0.359375 0.36328125 0.3671875 0.37109375 0.375  
    0.37890625 0.3828125 0.38671875 0.390625 0.39453125 0.3984375  
    0.40234375 0.40625 0.41015625 0.4140625 0.41796875 0.421875  
    0.42578125 0.4296875 0.43359375 0.4375 0.44140625 0.4453125  
    0.44921875 0.453125 0.45703125 0.4609375 0.46484375 0.46875  
    0.47265625 0.4765625 0.48046875 0.484375 0.48828125 0.4921875  
    0.49609375 0.5 0.50390625 0.5078125 0.51171875 0.515625 0.51953125  
    0.5234375 0.52734375 0.53125 0.53515625 0.5390625 0.54296875  
    0.546875 0.55078125 0.5546875 0.55859375 0.5625 0.56640625  
    0.5703125 0.57421875 0.578125 0.58203125 0.5859375 0.58984375  
    0.59375 0.59765625 0.6015625 0.60546875 0.609375 0.61328125  
    0.6171875 0.62109375 0.625 0.62890625 0.6328125 0.63671875 0.640625  
    0.64453125 0.6484375 0.65234375 0.65625 0.66015625 0.6640625  
    0.66796875 0.671875 0.67578125 0.6796875 0.68359375 0.6875  
    0.69140625 0.6953125 0.69921875 0.703125 0.70703125 0.7109375  
    0.71484375 0.71875 0.72265625 0.7265625 0.73046875 0.734375  
    0.73828125 0.7421875 0.74609375 0.75 0.75390625 0.7578125  
    0.76171875 0.765625 0.76953125 0.7734375 0.77734375 0.78125  
    0.78515625 0.7890625 0.79296875 0.796875 0.80078125 0.8046875  
    0.80859375 0.8125 0.81640625 0.8203125 0.82421875 0.828125  
    0.83203125 0.8359375 0.83984375 0.84375 0.84765625 0.8515625  
    0.85546875 0.859375 0.86328125 0.8671875 0.87109375 0.875  
    0.87890625 0.8828125 0.88671875 0.890625 0.89453125 0.8984375  
    0.90234375 0.90625 0.91015625 0.9140625 0.91796875 0.921875  
    0.92578125 0.9296875 0.93359375 0.9375 0.94140625 0.9453125  
    0.94921875 0.953125 0.95703125 0.9609375 0.96484375 0.96875  
    0.97265625 0.9765625 0.98046875 0.984375 0.98828125 0.9921875  
    0.99609375 1.0 
  PPRIME_EXT = 702110.2885239326 692994.3806143637 683995.510841488  
    675113.6792053054 666348.8857058159 657701.1303430194  
    649170.4131169161 640756.7340275057 632460.0930747886  
    624280.4902587645 616217.9255794334 608272.3990367954  
    600443.9106308506 592732.4603615989 585138.0482290401  
    577660.6742331746 570300.3383740021 563057.0406515227  
    555930.7810657364 548921.5596166431 542029.3763042429  
    535254.2311285359 528596.1240895218 522055.05518720095  
    515631.02442157315 509324.0317926385 502939.1151365403  
    496477.64224884834 490263.25997239025 484259.6736064842  
    478466.73462252703 472863.7519216177 467425.14849763823  
    462151.77476758923 457042.379246342 452068.64420021384  
    447220.4297665244 442512.6137023204 437914.7508370254  
    433419.15374317265 429051.88138400385 424768.2260276542  
    420579.74634410755 416493.61275868875 412472.2354428302  
    408552.57299410726 404694.3173569302 400918.79891400784  
    397211.57986300316 393568.99667042325 389996.3474358377  
    386479.4769895491 383026.67774346296 379628.1937251581  
    376283.80484492914 372995.3662805342 369750.9535762039  
    366563.3199150475 363413.52078056696 360316.2228935652  
    357258.63498973043 354240.74734672555 351273.3702769588  
    348327.17202886916 345443.62074715004 342569.2860329492  
    339755.5501838179 336960.4868003678 334199.5956231449  
    331488.7612358084 328776.5094411154 326129.88931044337  
    323490.6999780005 320876.6711043586 318317.99630184594  
    315751.0549332588 313235.432602763 310747.3943157678  
    308255.90191333415 305824.17245486926 303399.2395026077  
    300981.894929794 298621.8087548611 296260.49655442755  
    293913.5631721433 291618.915830554 289318.4348095064  
    287031.27780751674 284794.50794016814 282556.7309576232  
    280326.37957959017 278143.1474028823 275964.3289314278  
    273783.96183875634 271647.3521760987 269529.2539484423  
    267400.19734340056 265300.91359685094 263234.1129291386  
    261160.19103482165 259098.69737056343 257074.7185605623  
    255055.63610671076 253032.3043526385 251039.41411519388  
    249072.4942712299 247098.11290732387 245130.4091713417  
    243196.77083074726 241277.33037287387 239349.1803129564  
    237435.10440074775 235552.1657276566 233676.53156225441  
    231794.24666609726 229928.8219558514 228090.93723478878  
    226257.57899600815 224418.9610288139 222596.9237588296  
    220800.20871733452 219007.8982493626 217210.37881440442  
    215427.12060611945 213668.269499165 211915.486635054  
    210156.94383699383 208408.80132196125 206684.27219686087  
    204968.86483622773 203247.95630430372 201532.6199265332  
    199838.55995317787 198157.38390146403 196473.24053965896  
    194790.05352124252 193122.96419289772 191471.62122123892  
    189822.75211527862 188172.77113504428 186530.52384381788  
    184903.71610699105 183287.01260741352 181671.13223724187  
    180054.60076993087 178448.42380217847 176858.70164270105  
    175274.54352715611 173686.87766866275 172102.6406648521  
    170533.4031978222 168975.2639488535 167417.8062778388  
    165859.94111551892 164308.35723953394 162769.04329602604  
    161238.7853467315 159710.08644918178 158179.59645113023  
    156655.58683254456 155146.0028060056 153643.24402137025  
    152138.65057435253 150634.77586319187 149139.93727826863  
    147655.9032409758 146177.12038857688 144699.07205517404  
    143220.66829411074 141749.6554127296 140291.52651041863  
    138838.4279082656 137383.09398824355 135929.2145712452  
    134485.1376958512 133050.89174058466 131620.55032446375  
    130191.04575994198 128762.44754464694 127341.55672625668  
    125932.55507848522 124528.31076068012 123122.67463850563  
    121719.40286059833 120326.42941811625 118943.34143678789  
    117564.14280157693 116186.53411388275 114811.71524813556  
    113446.0457273431 112092.0238935819 110743.03930016083  
    109394.66835849843 108051.16640559648 106719.48895201215  
    105398.27869586003 104082.12828398572 102769.66502256713  
    101463.19748810244 100168.56163989904 98886.49289862154  
    97610.69453310469 96338.12621728482 95074.50977608934  
    93826.03954623488 92588.68210067494 91356.76246994833  
    90131.50244981545 88917.87944289605 87717.99972754816  
    86528.28027305983 85344.90096103903 84167.67042960908  
    83001.48600427796 81847.95348545842 80700.97080188656  
    79555.02580294514 78412.60762493961 77278.88439657137  
    76149.56407471723 75014.1969469373 73871.05067437082  
    72726.96163747195 71578.59697828117 70413.74510109946  
    69228.9036106668 68029.01093999122 66813.26616147727  
    65574.35161528394 64307.17041871026 63019.73744048427  
    61727.559046168404 60429.66559630647 59124.84157219385  
    57858.772069649116 56674.17327413794 55559.267027064445  
    54584.014874638095 53864.717912692315 53430.444997294115  
    53278.18635563868 53408.526864023894 53829.92354588601  
    54546.96544546724 55079.19620851478 54938.731229866644  
    54144.02659410286 52513.53584775064 49751.83382439689  
    45739.732702278496 40627.3658627812 34871.89758513828  
    28686.187981073665 22019.233731806955 14865.283565991778  
    7197.889954315453 -982.9471034740782 
  FFPRIM_EXT = 2.813100413349951 3.0113964753660776 3.2051973578882524  
    3.395376281481676 3.581940013805829 3.764894881403814  
    3.944247309017496 4.1200063554572806 4.292176210311774  
    4.460772245489771 4.6257919433408965 4.7872411592244895  
    4.945126046656063 5.099451997673377 5.250226211895049  
    5.397453803316316 5.541141098757613 5.681292588821204  
    5.81791504950783 5.951013814889507 6.080594362093018  
    6.206660666547203 6.329220726904604 6.448276313718729  
    6.5638337880492115 6.6758881027661285 6.789926468866399  
    6.905917108691222 7.014763698350138 7.117505394443562  
    7.214166960012811 7.305328734906093 7.391712942425593  
    7.473299362332089 7.550129168273738 7.622997221459057  
    7.692194711136613 7.757305198086509 7.81918599753845  
    7.878055443694095 7.933186252531305 7.985829190562399  
    8.035668171022476 8.082498733533173 8.127378531722943  
    8.169274108727123 8.209313947521261 8.246905071823049  
    8.282447887120231 8.316050530018998 8.347563061452497  
    8.377384442759732 8.405280609309912 8.431527318637182  
    8.456130447480966 8.479040790614325 8.500588758597175  
    8.520422539991271 8.539065699396572 8.556116722442656  
    8.571926131887778 8.586501132522294 8.599532981745682  
    8.611844435681274 8.622280119468572 8.63232481680117  
    8.640555453972311 8.648128543360517 8.654624513216056  
    8.65959226388997 8.664467567018995 8.667388883523708  
    8.669964637964814 8.671711977914365 8.671787561066978  
    8.671954758850891 8.670568839029839 8.668277565951687  
    8.665949266247761 8.661831740645411 8.657383168659841  
    8.652589454276887 8.646074224278298 8.639449876359024  
    8.632295066491311 8.623555271534803 8.614831499576038  
    8.605602614664523 8.594843318259507 8.583965478506787  
    8.572743584111542 8.560079539806663 8.547145777288895  
    8.534112656547464 8.519732462459853 8.504692044318503  
    8.489806907783287 8.473959628358909 8.457069376279605  
    8.44022356635692 8.422890060579906 8.404375485527195  
    8.385572857853118 8.366736441832956 8.346914137763068  
    8.32622295276471 8.305581668539613 8.284606208597822  
    8.262541470326447 8.239926526698149 8.217392748707024  
    8.194319159576924 8.17023302598891 8.145782795930703  
    8.121354867499479 8.096307466229682 8.070341726148627  
    8.044084120128051 8.017806982667546 7.990914815423076  
    7.963162422437758 7.935117284181073 7.907045438148279  
    7.878417833629601 7.848953433069521 7.819147368765984  
    7.789324023613957 7.759045183512463 7.727947282087434  
    7.696420371266932 7.664864287385133 7.632979626974269  
    7.6003351122883185 7.567154880111479 7.533871101117716  
    7.500379135678599 7.466264869374754 7.431532578368312  
    7.396541418993232 7.361390666240114 7.325841692835041  
    7.289681283438055 7.253048731878938 7.21619495510023  
    7.179162285821869 7.141653191351818 7.103497822734299  
    7.0649860944324185 7.026364087762904 6.987446027351835  
    6.947916510887783 6.90787528216878 6.867602352649556  
    6.827128194895087 6.7862724888548325 6.744870610620519  
    6.703004982055968 6.660874793905222 6.618570828081813  
    6.575871372653735 6.532558997969219 6.488832248380961  
    6.444923473612841 6.4007655131359495 6.356133706055322  
    6.310975036565246 6.265434746400661 6.219632603902703  
    6.17359901125567 6.127125399455371 6.080058461517417  
    6.032604506005196 5.984958715479442 5.937022589797838  
    5.888568473843296 5.839590479842846 5.79024482000265  
    5.7406120158094085 5.690690363113109 5.640296655269766  
    5.589312667042396 5.537923050213501 5.486292035346473  
    5.434320346461215 5.38179274090224 5.328713680288911  
    5.275239811729614 5.2214309430489685 5.167254389102524  
    5.112537981677432 5.057208328390967 5.001436809146686  
    4.945341477844323 4.88880867251896 4.831647267969846  
    4.773887015218905 4.715669073252634 4.6570275246790604  
    4.597898061842364 4.538123249209949 4.477677943990007  
    4.416721438463037 4.355332655777579 4.2933600557390355  
    4.23063376834153 4.16725102948059 4.1033588057923005  
    4.038924010345978 3.973810571520323 3.9079543441507614  
    3.8414426205888734 3.7743722834489377 3.706746644907537  
    3.638431698512356 3.5693735767131054 3.499724264942326  
    3.429627494008401 3.359014889145906 3.287737977757694  
    3.215898135494493 3.1437667977167214 3.071386431581888  
    2.9985651901066577 2.925378877157256 2.852142362112016  
    2.7789434823995753 2.705643462320122 2.6322509139784307  
    2.558948544462974 2.4858680806539315 2.4127962103402267  
    2.339313688758206 2.265432789874902 2.1911851056024187  
    2.115375748799094 2.0368841748067865 1.9560226019995817  
    1.870964850944242 1.7786600103890091 1.6783264229481665  
    1.5700194558274065 1.453735282715284 1.329291107062738  
    1.1965040220453533 1.0678156481132972 0.9557617536549934  
    0.8594727720708454 0.7835842544559073 0.7362036160538459  
    0.7213316113924382 0.7364586640562182 0.7723845152636879  
    0.8289194305109729 0.9110438374594523 1.025221985771712  
    1.1866512391588975 1.3953315976095597 
  P_EXT = 1671279.4890439385 1622411.902266292 1592063.25986408  
    1566445.7046505772 1543362.030604601 1521950.2085548954  
    1501762.6857056739 1482531.4118716964 1464078.6918807733  
    1446282.7658757165 1429049.1410622112 1412308.2431371904  
    1396005.103116149 1380095.7250977824 1364544.015572748  
    1349320.0932225506 1334398.4329904546 1319757.4677269168  
    1305378.3172999457 1291245.024231736 1277343.0424030796  
    1263659.6726295445 1250183.8533402137 1236905.182593958  
    1223814.8077276465 1210904.345215532 1198166.2782361114  
    1185594.0135776727 1173181.0620259678 1160921.6834391546  
    1148810.710684584 1136842.8857233704 1125013.9514072873  
    1113319.6754727694 1101755.9959825934 1090318.95089339  
    1079005.5266226847 1067812.21392077 1056735.838089934  
    1045773.8531979475 1034923.3791172218 1024181.4315114752  
    1013546.3188807229 1003014.9822106534 992585.7065438733  
    982256.3265482136 972024.53771615 961889.0401874166  
    951847.2712874499 941898.2690565789 932039.6687302536  
    922270.4810674672 912588.7018449468 902993.263679106  
    893482.4227991172 884055.1844663915 874709.8453005743  
    865445.6875712418 856260.8391444965 847154.9877989546  
    838126.035569581 829173.9760709968 820296.7289611488  
    811494.1700747631 802764.7663065926 794107.6942368473  
    785522.43695433 777007.2446287766 768562.4477281854  
    760185.9940191513 751877.9820525448 743637.3935179098  
    735462.9934620792 727355.0090936865 719311.8430981585  
    711333.094420362 703418.5493165248 695566.5373124187  
    687777.4037008605 680050.1884331792 672383.8180498391  
    664778.5751091959 657233.3870405282 649747.3510000759  
    642320.8125917355 634952.5172923652 627641.892029426  
    620389.158755312 613193.2765652846 606053.4900954578  
    598970.1069463585 591942.1856724825 584968.9849677505  
    578050.7190398859 571186.8245852701 564376.2514245093  
    557619.1550093022 550915.3471117151 544263.8348017163  
    537664.3303721882 531116.9881487084 524620.9821563782  
    518175.7320939448 511781.37821151246 505437.6294254792  
    499143.57078435406 492899.0530982262 486704.2065088618  
    480558.45430124435 474461.0526295216 468412.05810197536  
    462411.47291644174 456458.6338811526 450552.97858797526  
    444694.62143251975 438883.4712793194 433118.8774066884  
    427400.3861671184 421728.11491517135 416101.94816174253  
    410521.27594371955 404985.68169119745 399495.2677252921  
    394049.9524777135 388649.17742671433 383292.51042897895  
    377980.0254338094 372711.7065388658 367487.07093462546  
    362305.64375463204 357167.4429466432 352072.51507203444  
    347020.4951787443 342010.8778740655 337043.58268539  
    332118.6763932834 327235.9519079976 322394.9352155265  
    317595.41536604357 312837.3991034193 308120.8337880097  
    303445.3930722045 298810.73475111934 294216.7256291652  
    289663.3938549966 285150.6412916129 280678.08611583035  
    276245.4237994269 271852.6645137212 267499.8422745401  
    263186.7125226676 258912.8943854996 254678.26503185058  
    250482.8361883817 246326.5528080066 242209.15997537167  
    238130.37209428963 234090.05559921544 230088.23231484572  
    226124.87444839854 222199.68660028867 218312.36810844397  
    214462.88579682447 210651.27293248015 206877.4129027399  
    203141.02260872597 199441.90290179817 195779.98068761258  
    192155.26452360165 188567.6908764103 185016.97080515494  
    181502.85688062076 178025.33917874534 174584.44962540868  
    171180.0450135229 167811.84520599982 164479.6859127879  
    161183.51196130505 157923.31129248586 154698.99502635034  
    151510.2866880973 148356.95938610093 145238.9929747898  
    142156.3959156712 139109.0069518175 136096.53957954145  
    133118.82986784528 130175.81569144741 127267.45101940422  
    124393.59948484373 121553.96983583002 118748.34343020104  
    115976.66770966566 113238.89306642255 110534.80256306044  
    107864.08788230698 105226.56452140259 102622.12921710464  
    100050.66996939637 97511.96828489706 95005.68989826133  
    92531.59527543087 90089.58167355452 87679.51695789622  
    85301.07910644286 82953.91291557063 80637.82770114482  
    78352.68314442266 76098.25330271525 73874.20191970197  
    71680.2201383453 69516.10685747874 67381.71368829848  
    65276.836566784135 63201.149875541596 61154.40560794404  
    59136.51652992258 57147.45032038029 55187.03835061866  
    53255.08934560916 51351.62367237123 49476.85242260505  
    47630.88469820197 45813.74419376132 44025.69743860462  
    42267.236712828235 40538.80864095523 38840.776855407064  
    37173.635486618805 35538.04434996315 33934.664863752245  
    32363.803387839078 30825.54337685802 29320.104819840602  
    27847.236685400487 26405.273322132554 24992.24305814587  
    23605.931448056617 22241.135262016956 20890.887367024778  
    19548.03677701163 18205.45781113142 16855.933027168117  
    15492.0017518655 14110.242697006044 12723.408444830955  
    11348.37478869607 10002.90015360829 8712.295390704832  
    7506.798038609415 6416.964059446228 5465.1492780392155  
    4663.484101215805 4023.746773357808 3558.040789162051  
    3278.9883430237714 3199.728031457659 
  F_EXT = 50.76888289226564 50.76822689757374 50.76746057999905  
    50.76658601408158 50.76560528253394 50.76452044176756  
    50.76333347485483 50.76204634508156 50.76066105796953  
    50.759179613957116 50.75760392913524 50.7559360222794  
    50.75417781854211 50.7523313547982 50.75039852816866  
    50.74838131971422 50.74628164188253 50.74410147309773  
    50.74184274420403 50.739507412168976 50.73709737418049  
    50.73461455583475 50.7320609170563 50.72943840124575  
    50.72674876614816 50.72399341815797 50.72117279720066  
    50.71828745502512 50.71533895957593 50.71232956431078  
    50.70926262238613 50.70614161917299 50.70296935682135  
    50.699748417554495 50.69648126646855 50.69317028345515  
    50.68981761604572 50.68642532035313 50.68299534238083  
    50.679529536583445 50.67602960618754 50.67249720642738  
    50.66893387100094 50.66534108050634 50.66172023549545  
    50.65807265934713 50.65439967574717 50.65070250900119  
    50.64698232033605 50.643240187112816 50.63947721822982  
    50.63569447477944 50.63189293173976 50.6280735055976  
    50.62423712780608 50.62038469850148 50.616517083767384  
    50.61263510109515 50.60873953620357 50.60483113683504  
    50.600910698938 50.596978962749134 50.59303661368499  
    50.58908426703901 50.5851226027858 50.58115224145412  
    50.577173820512066 50.57318793051741 50.569195167650804  
    50.56519611716213 50.56119134707572 50.55718142553846  
    50.55316686609116 50.549148148187115 50.54512578602494  
    50.54110024902888 50.53707201340406 50.53304155032889  
    50.52900933970956 50.52497588168231 50.52094159680257  
    50.51690686633961 50.51287209685847 50.50883768893855  
    50.504804075878205 50.5007717087184 50.49674094221302  
    50.4927121111686 50.48868561884662 50.48466186198864  
    50.48064118029416 50.476623924151525 50.47261043843355  
    50.46860105407754 50.46459612171801 50.46059598616021  
    50.45660095712307 50.45261135275611 50.448627511851114  
    50.44464974838483 50.440678345655556 50.43671359385161  
    50.43275581891561 50.42880532244497 50.424862370606945  
    50.420927232095096 50.41700022478601 50.4130816532774  
    50.409171776281795 50.40527083759277 50.40137911083835  
    50.39749687644763 50.39362438751728 50.38976189324822  
    50.38590966538469 50.382067984561765 50.378237082069916  
    50.37441718027969 50.37060853523546 50.36681141912654  
    50.36302607304664 50.35925271826282 50.3554915765165  
    50.35174287969078 50.3480068841192 50.34428384112432  
    50.340573969496646 50.33687747529598 50.33319457778627  
    50.329525510492104 50.32587051030205 50.32222980489075  
    50.31860358628198 50.31499205029476 50.31139544159692  
    50.307814002156995 50.3042479353864 50.30069742190334  
    50.297162665444716 50.2936438792465 50.29014128694314  
    50.28665511883021 50.283185565117954 50.279732808307855  
    50.276297044795 50.272878484257475 50.269477348384456  
    50.266093853793535 50.262728195629315 50.259380560870625  
    50.25605114143676 50.25274013764046 50.249447746309315  
    50.24617415933804 50.24291956696902 50.239684169836515  
    50.23646818914692 50.23327182805089 50.230095261324934  
    50.2269386576219 50.22380222727217 50.22068619045706  
    50.2175907370715 50.21451605118601 50.21146232932854  
    50.208429781023945 50.20541860633476 50.20242899451408  
    50.19946112554277 50.19651519773767 50.193591405740825  
    50.19068995788241 50.187811072339045 50.18495495949499  
    50.18212180128366 50.17931177501594 50.17652510249785  
    50.17376200108548 50.171022672126846 50.16830732208797  
    50.16561617414021 50.16294944901768 50.16030734822433  
    50.15769007507785 50.155097842630596 50.152530876108166  
    50.149989415505516 50.14747369658747 50.14498394185259  
    50.14252036679875 50.140083199045776 50.13767268809391  
    50.13528909287913 50.13293266665148 50.13060363763054  
    50.128302244912135 50.126028781968586 50.12378352488002  
    50.121566710390965 50.11937856123777 50.11721940614798  
    50.115089562645096 50.112989281652546 50.11091880683587  
    50.108878435422085 50.106868495495306 50.104889290540314  
    50.10294111645854 50.101024261750794 50.09913901873496  
    50.09728569886353 50.0954646059879 50.09367602759765  
    50.09192024898881 50.09019756331141 50.08850825767448  
    50.08685259394558 50.085230823520575 50.083643161412  
    50.08208981665407 50.08057100756701 50.079086926001196  
    50.07763768083879 50.07622334849127 50.07484407509432  
    50.0734999757951 50.072191086957915 50.07091739711891  
    50.06967894983393 50.0684758392979 50.067308206904556  
    50.066176257724706 50.06508027881881 50.06402075047797  
    50.062998417913235 50.062014362020705 50.06107005350044  
    50.0601675445959 50.05930948107017 50.05849899376656  
    50.05773943589845 50.057034244732435 50.05638675818481  
    50.05579927438998 50.05527040793355 50.05479570270292  
    50.054367786081286 50.053976459371434 50.053609268880706  
    50.053253153714095 50.05289472329882 50.05252154598738  
    50.05212324861507 50.05168856362075 50.05120160687647  
    50.05064458241093 50.05 
/

