&INSTATE
  DENSITY_MODEL = 1 
  MODEL_SHAPE = 0 
  NBDRY = 15 
  USE_INPED = 0 
  R0 = 4.55 
  A0 = 1.2 
  KAPPA = 1.4 
  DELTA = -0.5 
  B0 = 11.0 
  IP = 10.0 
  N_ION = 2 
  Z_ION = 1 1 
  A_ION = 2 3 
  F_ION = 0.5 0.5 
  N_IMP = 1 
  Z_IMP = 36 
  A_IMP = 84 
  F_IMP = 0.0011 
  N_MIN = 0 
  Z_MIN = 1 
  A_MIN = 1 
  N_BEAM = 1 
  Z_BEAM = 1 
  A_BEAM = 2 
  N_FUSION = 1 
  Z_FUSION = 2 
  A_FUSION = 4 
  NRHO = 101 
  NE_AXIS = 27.6 
  NE_PED = 14.424 
  NE_SEP = 9.0 
  NE_ALPHA = 1.5 
  NE_BETA = 1.1 
  NE_FIT = 1 
  NE_XMID = 0.95 
  NE_XWID = 0.1 
  TE_AXIS = 18.8 
  TE_PED = 3.7455 
  TE_SEP = 0.08 
  TE_ALPHA = 1.5 
  TE_BETA = 1.5 
  TE_FIT = 1 
  TE_XMID = 0.95 
  TE_XWID = 0.1 
  TI_AXIS = 19.0 
  TI_PED = 3.7455 
  TI_SEP = 0.08 
  TI_ALPHA = 1.5 
  TI_BETA = 1.5 
  TI_FIT = 1 
  TI_XMID = 0.95 
  TI_XWID = 0.1 
  ZEFF_AXIS = 2.26 
  OMEGA_AXIS = 5000.0 
  OMEGA_SEP = 0.0 
  OMEGA_ALPHA = 1.5 
  OMEGA_BETA = 1.5 
  JPAR_AXIS = 1.0 
  JPAR_SEP = 0.05 
  JPAR_ALPHA = 2.0 
  JPAR_BETA = 1.0 
  NBEAM_AXIS = 0.0 
  NBEAM_SEP = 0.0 
  NBEAM_ALPHA = 1.5 
  NBEAM_BETA = 1.5 
  TBEAMI = 20.0 20.0 20.0 20.0 20.0 20.0 20.0 20.0 20.0 20.0 20.0 20.0  
    20.0 20.0 20.0 20.0 20.0 20.0 20.0 20.0 20.0 20.0 20.0 20.0 20.0  
    20.0 20.0 20.0 20.0 20.0 20.0 20.0 20.0 20.0 20.0 20.0 20.0 20.0  
    20.0 20.0 20.0 20.0 20.0 20.0 20.0 20.0 20.0 20.0 20.0 20.0 20.0  
    20.0 20.0 20.0 20.0 20.0 20.0 20.0 20.0 20.0 20.0 20.0 20.0 20.0  
    20.0 20.0 20.0 20.0 20.0 20.0 20.0 20.0 20.0 20.0 20.0 20.0 20.0  
    20.0 20.0 20.0 20.0 20.0 20.0 20.0 20.0 20.0 20.0 20.0 20.0 20.0  
    20.0 20.0 20.0 20.0 20.0 20.0 20.0 20.0 20.0 20.0 20.0 
  BETAN_PED = -1.0 
  XMID = 0.95 
  XWID = 0.1 
  PRESSURE_MODEL = 'full' 
  H98_TARGET = 0.8 
  BETAN_TARGET = 1.25 
  BETAN_BEAM_TARGET = 0.0 
  CURRENT_MODEL = 'broad' 
  RHO_JBDRY = 0.85 
  RHO_JPEAK = 0.65 
  JAXIS = 0.6 
  JAXIS_PRIME = 1.0 
  JBDRY_PRIME = -1.0 
  RBDRY = 5.75 5.717889612279765 5.599231274196216 5.333894952548324  
    4.862048988436734 4.215741544340384 3.606248672667517  
    3.3499999999999996 3.606248672667517 4.215741544340384  
    4.862048988436735 5.333894952548324 5.599231274196216  
    5.717889612279765 5.75 
  ZBDRY = 0.0 0.7289246817174976 1.3134768905462901 1.6378788924654637  
    1.6378788924654637 1.3134768905462901 0.7289246817174978  
    2.0574066225675533e-16 -0.7289246817174975 -1.31347689054629  
    -1.6378788924654637 -1.6378788924654637 -1.3134768905462901  
    -0.728924681717498 0.0 
  NLIM = 5 
  RLIM = 6.0 3.5 3.5 6.0 6.0 
  ZLIM = 1.93 1.93 -1.93 -1.93 1.93 
  NE = 27.62306735 27.62306735 27.57546442 27.52446609 27.47011707  
    27.41246207 27.3515458 27.28741298 27.22010832 27.14967653  
    27.07616232 26.99961042 26.92006552 26.83757235 26.75217561  
    26.66392003 26.5728503 26.47901115 26.38244728 26.28320342  
    26.18132427 26.07685454 25.96983895 25.86032222 25.74834904  
    25.63396415 25.51721224 25.39813803 25.27678624 25.15320158  
    25.02742875 24.89951248 24.76949748 24.63742845 24.50335012  
    24.36730718 24.22934437 24.08950638 23.94783794 23.80438375  
    23.65918852 23.51229698 23.36375383 23.21360378 23.06189155  
    22.90866184 22.75395937 22.59782885 22.44031499 22.28146248  
    22.12131604 21.95992037 21.79732015 21.63356007 21.4686848  
    21.302739 21.13576729 20.967814259999997 20.79892444 20.62914227  
    20.4585121 20.28707809 20.11488415 19.94197386 19.76839027  
    19.59417572 19.41937148 19.2440173 19.06815074 18.891806199999998  
    18.71501356 18.53779614 18.36016787 18.18212917 18.00366107  
    17.82471671 17.64520933 17.46499491 17.28384757 17.10142452  
    16.91721648 16.73047789 16.540129599999997 16.344624839999998  
    16.14176854 15.92848087 15.70050384 15.45206898 15.17558875  
    14.86151692 14.49865645 14.07535272 13.58207892 13.0156276  
    12.384132909999993 11.710562209999994 11.03138998 10.38887851  
    9.81973103 9.346060347 8.972965753 
  TE = 19.76943744614108 19.761866105362454 19.739169476713084  
    19.701399674671798 19.648643335124362 19.58102128424109  
    19.498688077388785 19.40183141053977 19.29067140731529  
    19.16545978545366 19.026478907120598 18.874040718076344  
    18.708485581277092 18.530181011013575 18.3395203141741  
    18.136921145659336 17.922823985369977 17.697690544532747  
    17.46200210942415 17.216257830792735 16.960972967468653  
    16.696677092783492 16.42391227250308 16.143231223001855  
    15.855195458379688 15.560373435142166 15.259338702934105  
    14.95266806963578 14.64093978890383 14.324731777966287  
    14.004619873166956 13.684669869912986 13.368589347850648  
    13.056414234301636 12.74818045658764 12.443923942030363  
    12.143868711788173 11.848344583404439 11.557546178778338  
    11.271668119809064 10.990905028395794 10.715932824540115  
    10.447350669621484 10.185238047605882 9.929674442459305  
    9.680739338147735 9.438234097028898 9.201870902095537  
    8.97159546826616 8.747353510459273 8.529090743593393  
    8.316751586706816 8.110049548837528 7.908583979903566  
    7.711954229822967 7.519759648513766 7.330870106160368  
    7.1444718248623715 6.960638682410604 6.779444556595892  
    6.600963325209062 6.426063869417475 6.25563662677149  
    6.089787809636417 5.928623630377576 5.772250301360285  
    5.620379318613334 5.472441625704037 5.328122606305493  
    5.1871076440907995 5.049082122733057 4.913645317714115  
    4.78043932748823 4.649213770187106 4.519718263942449  
    4.391702426885965 4.264901978865325 4.1391078506836685  
    4.014152476905902 3.889868292096934 3.766087730821672  
    3.642613148500137 3.5192898871948257 3.396014861434361  
    3.2726849857473654 3.1491971746624605 3.0253868238367367  
    2.9012511417567097 2.7769297621951408 2.6525623189247933  
    2.5282884457184274 2.4052421464452896 2.2839602272104216  
    2.1636865251402795 2.0436648773613184 1.9231391209999946  
    1.438300093 0.9885116223 0.607818884 0.3107984791 0.09381087106 
  TI = 22.758005611639636 22.74626458945811 22.711077854092427  
    22.652554211772948 22.57087438321394 22.46629007382666  
    22.339122681407883 22.18976165058962 22.018662485841062  
    21.826344437210345 21.613387875260248 21.380431373767973  
    21.128168520706467 20.8573444797866 20.568752326401384  
    20.263229183163027 19.941652181350804 19.60493427548489  
    19.25401993890324 18.88988076864261 18.513511028110596  
    18.125923155985387 17.72814326949815 17.321206689746905  
    16.906153515968615 16.484024274770064 16.055855669199765  
    15.622676451247983 15.185503439905613 14.74533770531238  
    14.303160937799188 13.869225052780171 13.452926831337642  
    13.053948648696547 12.671972880081839 12.306681900718466  
    11.956753488910548 11.62049234097176 11.297021209141388  
    10.98546284565872 10.684940002763046 10.395576455739937  
    10.117725817870536 9.850855598387486 9.594433306523431  
    9.347926451511015 9.110750292159512 8.882444890444766  
    8.662664960349272 8.45106521585553 8.247300370946036  
    8.051114213888535 7.8618705783033525 7.678654246201848  
    7.5005499995953855 7.326642620495324 7.15517451679635  
    6.9850105441666575 6.816169156277872 6.648668806801622  
    6.482527949409534 6.319350984850944 6.160802133598793  
    6.006989578910115 5.858021504041947 5.714006092251324  
    5.57452286844215 5.438799675615375 5.306417174173605  
    5.176956024519452 5.049996887055519 4.925042920264101  
    4.8016938525765225 4.679675199318943 4.558712475817524  
    4.438531197398422 4.318940954531741 4.199820805681145  
    4.08100046816314 3.9623096592942306 3.8435780963909236  
    3.7247139487021053 3.6055222704166927 3.48567810626124  
    3.3648565009622984 3.2427324992464217 3.1184594093182807  
    2.9913885252827934 2.8614918707168853 2.728741469197482  
    2.5931093443015074 2.457154581330283 2.322953783606115  
    2.1897552517374086 2.056807286332567 1.9233581879999946 1.438325931  
    0.9883266268 0.6075777711 0.3107215441 0.09406899116 
  OMEGA = 4992.501875 4992.501875 4978.801804 4961.079526 4940.12016  
    4916.382264 4890.178959 4861.74318 4831.258024 4798.873089  
    4764.714177 4728.889466 4691.493659 4652.610886 4612.316799  
    4570.680145 4527.763951 4483.626454 4438.321832 4391.900796  
    4344.411068 4295.897774 4246.403778 4195.969955 4144.635428  
    4092.437767 4039.413164 3985.596584 3931.021896 3875.721988  
    3819.72887 3763.073767 3705.787199 3647.899055 3589.43866  
    3530.4348369999993 3470.91596 3410.910006 3350.444605 3289.54708  
    3228.244492 3166.5636739999995 3104.531273 3042.173783 2979.517575  
    2916.588934 2853.414088 2790.0192379999994 2726.430588 2662.674375  
    2598.776897 2534.764544 2470.663824 2406.501396 2342.304099  
    2278.098979 2213.913327 2149.7747069999996 2085.710992 2021.750397  
    1957.921519 1894.253376 1830.775447 1767.517715 1704.510722  
    1641.785608 1579.374179 1517.308956 1455.623246 1394.3512129999992  
    1333.5279519999992 1273.18958 1213.373329 1154.117653 1095.462349  
    1037.448686 980.1195629 923.5196753 867.6957162 812.6966008  
    758.5737302 705.3812976 653.1766491999995 602.0207127999994  
    551.9785103 503.1197796 455.5197357 409.2600162 364.4298727  
    321.1276991 279.4630303 239.55922 201.557126 165.620359  
    131.94307479999964 100.76217029999968 72.37775876 47.19105135  
    25.78549737 9.151104569 7.780442957e-13 
  ZEFF = 2.386 2.386 2.3859999999999997 2.386 2.386 2.386 2.386 2.386  
    2.386 2.386 2.386 2.386 2.386 2.3860000000000006 2.386 2.386 2.386  
    2.386 2.386 2.386 2.386 2.386 2.386 2.386 2.386 2.386 2.386 2.386  
    2.3859999999999997 2.386 2.386 2.386 2.386 2.386 2.386 2.386 2.386  
    2.386 2.3859999999999997 2.386 2.386 2.386 2.3859999999999997 2.386  
    2.386 2.3860000000000006 2.386 2.386 2.386 2.386 2.386 2.386 2.386  
    2.386 2.386 2.386 2.386 2.386 2.386 2.3859999999999997 2.386 2.386  
    2.386 2.386 2.386 2.386 2.3859999999999997 2.3859999999999997 2.386  
    2.386 2.3860000000000006 2.3860000000000006 2.386 2.386 2.386 2.386  
    2.386 2.386 2.386 2.3860000000000006 2.386 2.386 2.3859999999999997  
    2.386 2.386 2.386 2.386 2.386 2.386 2.386 2.386 2.3859999999999997  
    2.386 2.386 2.3860000000000006 2.386 2.386 2.386 2.386 2.386  
    2.3860000000000006 
  J_OH = 0.0 0.0 0.0 0.0 0.0 0.0 0.0 0.0 0.0 0.0 0.0 0.0 0.0 0.0 0.0  
    0.0 0.0 0.0 0.0 0.0 0.0 0.0 0.0 0.0 0.0 0.0 0.0 0.0 0.0 0.0 0.0 0.0  
    0.0 0.0 0.0 0.0 0.0 0.0 0.0 0.0 0.0 0.0 0.0 0.0 0.0 0.0 0.0 0.0 0.0  
    0.0 0.0 0.0 0.0 0.0 0.0 0.0 0.0 0.0 0.0 0.0 0.0 0.0 0.0 0.0 0.0 0.0  
    0.0 0.0 0.0 0.0 0.0 0.0 0.0 0.0 0.0 0.0 0.0 0.0 0.0 0.0 0.0 0.0 0.0  
    0.0 0.0 0.0 0.0 0.0 0.0 0.0 0.0 0.0 0.0 0.0 0.0 0.0 0.0 0.0 0.0 0.0  
    0.0 
  J_BS = 162200.3541480491 243300.53122207368 365000.2732080051  
    430281.0546146537 472500.28458384407 503878.8576667885  
    529405.9182120578 551387.8278169056 570993.4301488788  
    588861.3310405934 605373.1026464615 620764.4644413841  
    635147.0622497235 648533.795751383 660878.3030024694  
    672120.2335470587 682244.842583662 691277.2706140344  
    699228.151827477 706090.6841461898 711861.2010561613  
    716541.3938933174 720138.9118709825 722667.9433961404  
    724145.1840818782 724588.317233223 724016.5518291016  
    722446.7357318047 719893.6434058021 716375.3924491117  
    708393.9184199644 692867.9556504296 673958.9153003313  
    655394.2886118391 637160.8596347679 619347.467534709  
    602072.9873557744 585272.3255675898 568857.856320961  
    552832.0499595705 536786.1294494065 520310.29412934673  
    503816.9072970129 487717.3621536666 472010.74510658026  
    456825.21289344446 442296.96388814476 428305.9848845913  
    414722.17593022855 401540.4743163312 388738.89798010397  
    376463.7780768579 364974.44905686006 354355.23393762344  
    344587.35313356546 336101.83896655525 329072.15651992336  
    322648.5110832769 316248.89805215155 309874.6899379889  
    302918.744694158 294769.72950330324 286034.611255276  
    277325.316952658 268644.73727888404 260241.99352699408  
    252529.15761948525 245501.27068776605 238983.947855266  
    232967.5097142183 227488.4405937387 222549.23336395732  
    218046.01741804625 213912.95568031122 210150.09806879176  
    206749.0788343562 203673.35398652847 200899.6256701281  
    198445.51875622635 196343.49435476892 194634.14647251804  
    193380.5309509221 192680.27836136933 192652.87996389472  
    193441.7820858787 195344.17610498934 198588.40885061945  
    203120.63324964762 208946.29040183398 216113.7056332461  
    223605.42513008032 230297.09571050215 236185.794422137  
    240203.33507059372 239911.3034404039 383174.74196291325  
    481050.28660258476 373678.2394229636 251321.14822896622  
    136343.2466879391 30202.15957388961 
  J_NB = 0.0 0.0 0.0 0.0 0.0 0.0 0.0 0.0 0.0 0.0 0.0 0.0 0.0 0.0 0.0  
    0.0 0.0 0.0 0.0 0.0 0.0 0.0 0.0 0.0 0.0 0.0 0.0 0.0 0.0 0.0 0.0 0.0  
    0.0 0.0 0.0 0.0 0.0 0.0 0.0 0.0 0.0 0.0 0.0 0.0 0.0 0.0 0.0 0.0 0.0  
    0.0 0.0 0.0 0.0 0.0 0.0 0.0 0.0 0.0 0.0 0.0 0.0 0.0 0.0 0.0 0.0 0.0  
    0.0 0.0 0.0 0.0 0.0 0.0 0.0 0.0 0.0 0.0 0.0 0.0 0.0 0.0 0.0 0.0 0.0  
    0.0 0.0 0.0 0.0 0.0 0.0 0.0 0.0 0.0 0.0 0.0 0.0 0.0 0.0 0.0 0.0 0.0  
    0.0 
  J_EC = 0.0 0.0 0.0 0.0 0.0 0.0 0.0 0.0 0.0 0.0 0.0 0.0 0.0 0.0 0.0  
    0.0 0.0 0.0 0.0 0.0 0.0 0.0 0.0 0.0 0.0 0.0 0.0 0.0 0.0 0.0 0.0 0.0  
    0.0 0.0 0.0 0.0 0.0 0.0 0.0 0.0 0.0 0.0 0.0 0.0 0.0 0.0 0.0 0.0 0.0  
    0.0 0.0 0.0 0.0 0.0 0.0 0.0 0.0 0.0 0.0 0.0 0.0 0.0 0.0 0.0 0.0 0.0  
    0.0 0.0 0.0 0.0 0.0 0.0 0.0 0.0 0.0 0.0 0.0 0.0 0.0 0.0 0.0 0.0 0.0  
    0.0 0.0 0.0 0.0 0.0 0.0 0.0 0.0 0.0 0.0 0.0 0.0 0.0 0.0 0.0 0.0 0.0  
    0.0 
  J_IC = 0.0 0.0 0.0 0.0 0.0 0.0 0.0 0.0 0.0 0.0 0.0 0.0 0.0 0.0 0.0  
    0.0 0.0 0.0 0.0 0.0 0.0 0.0 0.0 0.0 0.0 0.0 0.0 0.0 0.0 0.0 0.0 0.0  
    0.0 0.0 0.0 0.0 0.0 0.0 0.0 0.0 0.0 0.0 0.0 0.0 0.0 0.0 0.0 0.0 0.0  
    0.0 0.0 0.0 0.0 0.0 0.0 0.0 0.0 0.0 0.0 0.0 0.0 0.0 0.0 0.0 0.0 0.0  
    0.0 0.0 0.0 0.0 0.0 0.0 0.0 0.0 0.0 0.0 0.0 0.0 0.0 0.0 0.0 0.0 0.0  
    0.0 0.0 0.0 0.0 0.0 0.0 0.0 0.0 0.0 0.0 0.0 0.0 0.0 0.0 0.0 0.0 0.0  
    0.0 
  J_LH = 0.0 0.0 0.0 0.0 0.0 0.0 0.0 0.0 0.0 0.0 0.0 0.0 0.0 0.0 0.0  
    0.0 0.0 0.0 0.0 0.0 0.0 0.0 0.0 0.0 0.0 0.0 0.0 0.0 0.0 0.0 0.0 0.0  
    0.0 0.0 0.0 0.0 0.0 0.0 0.0 0.0 0.0 0.0 0.0 0.0 0.0 0.0 0.0 0.0 0.0  
    0.0 0.0 0.0 0.0 0.0 0.0 0.0 0.0 0.0 0.0 0.0 0.0 0.0 0.0 0.0 0.0 0.0  
    0.0 0.0 0.0 0.0 0.0 0.0 0.0 0.0 0.0 0.0 0.0 0.0 0.0 0.0 0.0 0.0 0.0  
    0.0 0.0 0.0 0.0 0.0 0.0 0.0 0.0 0.0 0.0 0.0 0.0 0.0 0.0 0.0 0.0 0.0  
    0.0 
  PE_NB = 0.0 0.0 0.0 0.0 0.0 0.0 0.0 0.0 0.0 0.0 0.0 0.0 0.0 0.0 0.0  
    0.0 0.0 0.0 0.0 0.0 0.0 0.0 0.0 0.0 0.0 0.0 0.0 0.0 0.0 0.0 0.0 0.0  
    0.0 0.0 0.0 0.0 0.0 0.0 0.0 0.0 0.0 0.0 0.0 0.0 0.0 0.0 0.0 0.0 0.0  
    0.0 0.0 0.0 0.0 0.0 0.0 0.0 0.0 0.0 0.0 0.0 0.0 0.0 0.0 0.0 0.0 0.0  
    0.0 0.0 0.0 0.0 0.0 0.0 0.0 0.0 0.0 0.0 0.0 0.0 0.0 0.0 0.0 0.0 0.0  
    0.0 0.0 0.0 0.0 0.0 0.0 0.0 0.0 0.0 0.0 0.0 0.0 0.0 0.0 0.0 0.0 0.0  
    0.0 
  PE_EC = 0.0 0.0 0.0 0.0 0.0 0.0 0.0 0.0 0.0 0.0 0.0 0.0 0.0 0.0 0.0  
    0.0 0.0 0.0 0.0 0.0 0.0 0.0 0.0 0.0 0.0 0.0 0.0 0.0 0.0 0.0 0.0 0.0  
    0.0 0.0 0.0 0.0 0.0 0.0 0.0 0.0 0.0 0.0 0.0 0.0 0.0 0.0 0.0 0.0 0.0  
    0.0 0.0 0.0 0.0 0.0 0.0 0.0 0.0 0.0 0.0 0.0 0.0 0.0 0.0 0.0 0.0 0.0  
    0.0 0.0 0.0 0.0 0.0 0.0 0.0 0.0 0.0 0.0 0.0 0.0 0.0 0.0 0.0 0.0 0.0  
    0.0 0.0 0.0 0.0 0.0 0.0 0.0 0.0 0.0 0.0 0.0 0.0 0.0 0.0 0.0 0.0 0.0  
    0.0 
  PE_IC = 0.0 0.0 0.0 0.0 0.0 0.0 0.0 0.0 0.0 0.0 0.0 0.0 0.0 0.0 0.0  
    0.0 0.0 0.0 0.0 0.0 0.0 0.0 0.0 0.0 0.0 0.0 0.0 0.0 0.0 0.0 0.0 0.0  
    0.0 0.0 0.0 0.0 0.0 0.0 0.0 0.0 0.0 0.0 0.0 0.0 0.0 0.0 0.0 0.0 0.0  
    0.0 0.0 0.0 0.0 0.0 0.0 0.0 0.0 0.0 0.0 0.0 0.0 0.0 0.0 0.0 0.0 0.0  
    0.0 0.0 0.0 0.0 0.0 0.0 0.0 0.0 0.0 0.0 0.0 0.0 0.0 0.0 0.0 0.0 0.0  
    0.0 0.0 0.0 0.0 0.0 0.0 0.0 0.0 0.0 0.0 0.0 0.0 0.0 0.0 0.0 0.0 0.0  
    0.0 
  PE_LH = 0.0 0.0 0.0 0.0 0.0 0.0 0.0 0.0 0.0 0.0 0.0 0.0 0.0 0.0 0.0  
    0.0 0.0 0.0 0.0 0.0 0.0 0.0 0.0 0.0 0.0 0.0 0.0 0.0 0.0 0.0 0.0 0.0  
    0.0 0.0 0.0 0.0 0.0 0.0 0.0 0.0 0.0 0.0 0.0 0.0 0.0 0.0 0.0 0.0 0.0  
    0.0 0.0 0.0 0.0 0.0 0.0 0.0 0.0 0.0 0.0 0.0 0.0 0.0 0.0 0.0 0.0 0.0  
    0.0 0.0 0.0 0.0 0.0 0.0 0.0 0.0 0.0 0.0 0.0 0.0 0.0 0.0 0.0 0.0 0.0  
    0.0 0.0 0.0 0.0 0.0 0.0 0.0 0.0 0.0 0.0 0.0 0.0 0.0 0.0 0.0 0.0 0.0  
    0.0 
  PE_FUS = 2208868.6052730815 2209023.15191625 2203318.2301686327  
    2197752.2966500185 2192493.473501468 2187712.786121798  
    2183296.6378789702 2177960.6034626686 2170071.7817282197  
    2157880.128813058 2139427.995076495 2111848.4089533463  
    2074975.3798189573 2030916.5193104458 1982346.1695814373  
    1932735.6069830912 1882945.985290068 1831276.1486479559  
    1778074.6983402616 1723752.9039549625 1668785.8857553531  
    1613407.9712724471 1557539.8526342958 1501222.6818579435  
    1444482.5565127889 1387330.3933053869 1329609.916081289  
    1271404.9095549288 1213100.4054015789 1155111.02284308  
    1097874.3774557135 1041798.8336521693 987117.1313925225  
    934002.0190529587 882606.0463781635 833059.854449713  
    785326.6520958678 739309.2750772608 695017.3378574798  
    652444.0591306714 611568.1302896683 572479.4280047887  
    535286.6802752527 499975.9772892582 466519.7017136432  
    434878.175394096 404998.3196494226 376832.72483268747  
    350335.57286622375 325453.34296992206 302126.2248335923  
    280297.96199116716 259873.897616693 240736.33388678258  
    222773.40342304803 205880.1312052265 189896.16697452418  
    174725.5952427565 160363.51910668155 146802.08872274097  
    134030.6040685622 122130.58391266827 111163.83198029379  
    101086.26601976757 91851.98388989417 83413.88149831616  
    75700.73404128355 68632.16340590041 62150.63531140182  
    56203.60220067833 50743.294475985735 45724.027582211755  
    41107.97770052395 36864.60284868401 32965.903997141555  
    29386.273885025625 26104.237630310326 23101.18779991797  
    20358.467862563633 17858.62053520704 15585.305888462992  
    13524.34692132347 11660.751606936417 9979.098332676565  
    8465.638983587103 7108.165671188382 5891.81374447925  
    4806.67519094452 3848.9038383559696 3014.5373615022145  
    2299.5618000830104 1707.8710366464686 1234.3363010954204  
    863.6399440648323 582.24032374661 376.8517092951443  
    75.70899733302541 7.7501507784772485 0.26535948832097805  
    0.0009671125069164628 1.0138775720656389e-09 
  PE_IONIZATION = 0.0 0.0 0.0 0.0 0.0 0.0 0.0 0.0 0.0 0.0 0.0 0.0 0.0  
    0.0 0.0 0.0 0.0 0.0 0.0 0.0 0.0 0.0 0.0 0.0 0.0 0.0 0.0 0.0 0.0 0.0  
    0.0 0.0 0.0 0.0 0.0 0.0 0.0 0.0 0.0 0.0 0.0 0.0 0.0 0.0 0.0 0.0 0.0  
    0.0 0.0 0.0 0.0 0.0 0.0 0.0 0.0 0.0 0.0 0.0 0.0 0.0 0.0 0.0 0.0 0.0  
    0.0 0.0 0.0 0.0 0.0 0.0 0.0 0.0 0.0 0.0 0.0 0.0 0.0 0.0 0.0 0.0 0.0  
    0.0 0.0 0.0 0.0 0.0 0.0 0.0 0.0 0.0 0.0 0.0 0.0 0.0 0.0 0.0 0.0 0.0  
    0.0 0.0 0.0 
  P_RAD = 0.0 0.0 0.0 0.0 0.0 0.0 0.0 0.0 0.0 0.0 0.0 0.0 0.0 0.0 0.0  
    0.0 0.0 0.0 0.0 0.0 0.0 0.0 0.0 0.0 0.0 0.0 0.0 0.0 0.0 0.0 0.0 0.0  
    0.0 0.0 0.0 0.0 0.0 0.0 0.0 0.0 0.0 0.0 0.0 0.0 0.0 0.0 0.0 0.0 0.0  
    0.0 0.0 0.0 0.0 0.0 0.0 0.0 0.0 0.0 0.0 0.0 0.0 0.0 0.0 0.0 0.0 0.0  
    0.0 0.0 0.0 0.0 0.0 0.0 0.0 0.0 0.0 0.0 0.0 0.0 0.0 0.0 0.0 0.0 0.0  
    0.0 0.0 0.0 0.0 0.0 0.0 0.0 0.0 0.0 0.0 0.0 0.0 0.0 0.0 0.0 0.0 0.0  
    0.0 
  PI_NB = 0.0 0.0 0.0 0.0 0.0 0.0 0.0 0.0 0.0 0.0 0.0 0.0 0.0 0.0 0.0  
    0.0 0.0 0.0 0.0 0.0 0.0 0.0 0.0 0.0 0.0 0.0 0.0 0.0 0.0 0.0 0.0 0.0  
    0.0 0.0 0.0 0.0 0.0 0.0 0.0 0.0 0.0 0.0 0.0 0.0 0.0 0.0 0.0 0.0 0.0  
    0.0 0.0 0.0 0.0 0.0 0.0 0.0 0.0 0.0 0.0 0.0 0.0 0.0 0.0 0.0 0.0 0.0  
    0.0 0.0 0.0 0.0 0.0 0.0 0.0 0.0 0.0 0.0 0.0 0.0 0.0 0.0 0.0 0.0 0.0  
    0.0 0.0 0.0 0.0 0.0 0.0 0.0 0.0 0.0 0.0 0.0 0.0 0.0 0.0 0.0 0.0 0.0  
    0.0 
  PI_IC = 0.0 0.0 0.0 0.0 0.0 0.0 0.0 0.0 0.0 0.0 0.0 0.0 0.0 0.0 0.0  
    0.0 0.0 0.0 0.0 0.0 0.0 0.0 0.0 0.0 0.0 0.0 0.0 0.0 0.0 0.0 0.0 0.0  
    0.0 0.0 0.0 0.0 0.0 0.0 0.0 0.0 0.0 0.0 0.0 0.0 0.0 0.0 0.0 0.0 0.0  
    0.0 0.0 0.0 0.0 0.0 0.0 0.0 0.0 0.0 0.0 0.0 0.0 0.0 0.0 0.0 0.0 0.0  
    0.0 0.0 0.0 0.0 0.0 0.0 0.0 0.0 0.0 0.0 0.0 0.0 0.0 0.0 0.0 0.0 0.0  
    0.0 0.0 0.0 0.0 0.0 0.0 0.0 0.0 0.0 0.0 0.0 0.0 0.0 0.0 0.0 0.0 0.0  
    0.0 
  PI_LH = 0.0 0.0 0.0 0.0 0.0 0.0 0.0 0.0 0.0 0.0 0.0 0.0 0.0 0.0 0.0  
    0.0 0.0 0.0 0.0 0.0 0.0 0.0 0.0 0.0 0.0 0.0 0.0 0.0 0.0 0.0 0.0 0.0  
    0.0 0.0 0.0 0.0 0.0 0.0 0.0 0.0 0.0 0.0 0.0 0.0 0.0 0.0 0.0 0.0 0.0  
    0.0 0.0 0.0 0.0 0.0 0.0 0.0 0.0 0.0 0.0 0.0 0.0 0.0 0.0 0.0 0.0 0.0  
    0.0 0.0 0.0 0.0 0.0 0.0 0.0 0.0 0.0 0.0 0.0 0.0 0.0 0.0 0.0 0.0 0.0  
    0.0 0.0 0.0 0.0 0.0 0.0 0.0 0.0 0.0 0.0 0.0 0.0 0.0 0.0 0.0 0.0 0.0  
    0.0 
  PI_FUS = 1090181.6946038606 1089145.3704689972 1083187.2878611921  
    1075208.7451764585 1065366.390688988 1053814.9357551415  
    1040631.262136803 1025589.3138622819 1008388.1081897976  
    988712.80958763 966203.3596293782 940243.2828805269  
    911077.0340010948 879632.503580731 847003.3444623479  
    814528.1596226885 782520.8080686145 750330.0829898036  
    718069.1668711265 685872.7558346199 653896.614263475  
    622289.6705956642 591120.3241649722 560432.9326092371  
    530264.3779804668 500644.1577633792 471555.7285349814  
    443051.55624998896 415262.0597849904 388319.43871471676  
    362354.8312074779 337477.0612154875 313732.16852504644  
    291147.35801394505 269740.19184903364 249518.48902083727  
    230443.47145264712 212461.39143255563 195545.53994644724  
    179663.57123647703 164778.53207863503 150888.01009388932  
    137989.45481698922 126040.17093426218 114994.5575560982  
    104804.95247345099 95419.05220906663 86787.21145410024  
    78864.36736570128 71605.45130089892 64965.87948699406  
    58903.70349087956 53369.656895512046 48312.20831709658  
    43684.347889438264 39443.50796967868 35536.42598241599  
    31927.51555529518 28603.648244320117 25551.333474415864  
    22756.81613480899 20224.10981455301 17952.115258253274  
    15919.767415329214 14106.779294498436 12493.761626481531  
    11058.173072702197 9777.375492246136 8634.148179600888  
    7613.221038600411 6701.085832104461 5885.406907403788  
    5155.828134454677 4503.753090680006 3921.4817488505882  
    3402.1213838653744 2939.708009307835 2529.0237590479264  
    2165.195722833837 1843.7783652114788 1560.7146914514524  
    1312.3992699101423 1095.3844624310113 906.4117696328944  
    742.5755457213248 601.2823846194583 479.8737529727679  
    376.2962726048608 289.0820301169099 216.78375270469903  
    157.98511255825284 111.8683430049909 76.92666946759206  
    51.07997579311201 32.578254107201786 19.873081463907784  
    3.044985023028405 0.22015272375244196 0.004814598088719086  
    9.496401185961446e-06 3.3715723817332947e-12 
  PI_IONIZATION = 0.0 0.0 0.0 0.0 0.0 0.0 0.0 0.0 0.0 0.0 0.0 0.0 0.0  
    0.0 0.0 0.0 0.0 0.0 0.0 0.0 0.0 0.0 0.0 0.0 0.0 0.0 0.0 0.0 0.0 0.0  
    0.0 0.0 0.0 0.0 0.0 0.0 0.0 0.0 0.0 0.0 0.0 0.0 0.0 0.0 0.0 0.0 0.0  
    0.0 0.0 0.0 0.0 0.0 0.0 0.0 0.0 0.0 0.0 0.0 0.0 0.0 0.0 0.0 0.0 0.0  
    0.0 0.0 0.0 0.0 0.0 0.0 0.0 0.0 0.0 0.0 0.0 0.0 0.0 0.0 0.0 0.0 0.0  
    0.0 0.0 0.0 0.0 0.0 0.0 0.0 0.0 0.0 0.0 0.0 0.0 0.0 0.0 0.0 0.0 0.0  
    0.0 0.0 0.0 
  PI_CX = 0.0 0.0 0.0 0.0 0.0 0.0 0.0 0.0 0.0 0.0 0.0 0.0 0.0 0.0 0.0  
    0.0 0.0 0.0 0.0 0.0 0.0 0.0 0.0 0.0 0.0 0.0 0.0 0.0 0.0 0.0 0.0 0.0  
    0.0 0.0 0.0 0.0 0.0 0.0 0.0 0.0 0.0 0.0 0.0 0.0 0.0 0.0 0.0 0.0 0.0  
    0.0 0.0 0.0 0.0 0.0 0.0 0.0 0.0 0.0 0.0 0.0 0.0 0.0 0.0 0.0 0.0 0.0  
    0.0 0.0 0.0 0.0 0.0 0.0 0.0 0.0 0.0 0.0 0.0 0.0 0.0 0.0 0.0 0.0 0.0  
    0.0 0.0 0.0 0.0 0.0 0.0 0.0 0.0 0.0 0.0 0.0 0.0 0.0 0.0 0.0 0.0 0.0  
    0.0 
  P_OHM = 0.0 0.0 0.0 0.0 0.0 0.0 0.0 0.0 0.0 0.0 0.0 0.0 0.0 0.0 0.0  
    0.0 0.0 0.0 0.0 0.0 0.0 0.0 0.0 0.0 0.0 0.0 0.0 0.0 0.0 0.0 0.0 0.0  
    0.0 0.0 0.0 0.0 0.0 0.0 0.0 0.0 0.0 0.0 0.0 0.0 0.0 0.0 0.0 0.0 0.0  
    0.0 0.0 0.0 0.0 0.0 0.0 0.0 0.0 0.0 0.0 0.0 0.0 0.0 0.0 0.0 0.0 0.0  
    0.0 0.0 0.0 0.0 0.0 0.0 0.0 0.0 0.0 0.0 0.0 0.0 0.0 0.0 0.0 0.0 0.0  
    0.0 0.0 0.0 0.0 0.0 0.0 0.0 0.0 0.0 0.0 0.0 0.0 0.0 0.0 0.0 0.0 0.0  
    0.0 
  P_EI = 0.0 0.0 0.0 0.0 0.0 0.0 0.0 0.0 0.0 0.0 0.0 0.0 0.0 0.0 0.0  
    0.0 0.0 0.0 0.0 0.0 0.0 0.0 0.0 0.0 0.0 0.0 0.0 0.0 0.0 0.0 0.0 0.0  
    0.0 0.0 0.0 0.0 0.0 0.0 0.0 0.0 0.0 0.0 0.0 0.0 0.0 0.0 0.0 0.0 0.0  
    0.0 0.0 0.0 0.0 0.0 0.0 0.0 0.0 0.0 0.0 0.0 0.0 0.0 0.0 0.0 0.0 0.0  
    0.0 0.0 0.0 0.0 0.0 0.0 0.0 0.0 0.0 0.0 0.0 0.0 0.0 0.0 0.0 0.0 0.0  
    0.0 0.0 0.0 0.0 0.0 0.0 0.0 0.0 0.0 0.0 0.0 0.0 0.0 0.0 0.0 0.0 0.0  
    0.0 
  TORQUE_NB = 0.0 0.0 0.0 0.0 0.0 0.0 0.0 0.0 0.0 0.0 0.0 0.0 0.0 0.0  
    0.0 0.0 0.0 0.0 0.0 0.0 0.0 0.0 0.0 0.0 0.0 0.0 0.0 0.0 0.0 0.0 0.0  
    0.0 0.0 0.0 0.0 0.0 0.0 0.0 0.0 0.0 0.0 0.0 0.0 0.0 0.0 0.0 0.0 0.0  
    0.0 0.0 0.0 0.0 0.0 0.0 0.0 0.0 0.0 0.0 0.0 0.0 0.0 0.0 0.0 0.0 0.0  
    0.0 0.0 0.0 0.0 0.0 0.0 0.0 0.0 0.0 0.0 0.0 0.0 0.0 0.0 0.0 0.0 0.0  
    0.0 0.0 0.0 0.0 0.0 0.0 0.0 0.0 0.0 0.0 0.0 0.0 0.0 0.0 0.0 0.0 0.0  
    0.0 0.0 
  TORQUE_IN = 0.0 0.0 0.0 0.0 0.0 0.0 0.0 0.0 0.0 0.0 0.0 0.0 0.0 0.0  
    0.0 0.0 0.0 0.0 0.0 0.0 0.0 0.0 0.0 0.0 0.0 0.0 0.0 0.0 0.0 0.0 0.0  
    0.0 0.0 0.0 0.0 0.0 0.0 0.0 0.0 0.0 0.0 0.0 0.0 0.0 0.0 0.0 0.0 0.0  
    0.0 0.0 0.0 0.0 0.0 0.0 0.0 0.0 0.0 0.0 0.0 0.0 0.0 0.0 0.0 0.0 0.0  
    0.0 0.0 0.0 0.0 0.0 0.0 0.0 0.0 0.0 0.0 0.0 0.0 0.0 0.0 0.0 0.0 0.0  
    0.0 0.0 0.0 0.0 0.0 0.0 0.0 0.0 0.0 0.0 0.0 0.0 0.0 0.0 0.0 0.0 0.0  
    0.0 0.0 
  SE_NB = 0.0 0.0 0.0 0.0 0.0 0.0 0.0 0.0 0.0 0.0 0.0 0.0 0.0 0.0 0.0  
    0.0 0.0 0.0 0.0 0.0 0.0 0.0 0.0 0.0 0.0 0.0 0.0 0.0 0.0 0.0 0.0 0.0  
    0.0 0.0 0.0 0.0 0.0 0.0 0.0 0.0 0.0 0.0 0.0 0.0 0.0 0.0 0.0 0.0 0.0  
    0.0 0.0 0.0 0.0 0.0 0.0 0.0 0.0 0.0 0.0 0.0 0.0 0.0 0.0 0.0 0.0 0.0  
    0.0 0.0 0.0 0.0 0.0 0.0 0.0 0.0 0.0 0.0 0.0 0.0 0.0 0.0 0.0 0.0 0.0  
    0.0 0.0 0.0 0.0 0.0 0.0 0.0 0.0 0.0 0.0 0.0 0.0 0.0 0.0 0.0 0.0 0.0  
    0.0 
  SE_IONIZATION = 0.0 0.0 0.0 0.0 0.0 0.0 0.0 0.0 0.0 0.0 0.0 0.0 0.0  
    0.0 0.0 0.0 0.0 0.0 0.0 0.0 0.0 0.0 0.0 0.0 0.0 0.0 0.0 0.0 0.0 0.0  
    0.0 0.0 0.0 0.0 0.0 0.0 0.0 0.0 0.0 0.0 0.0 0.0 0.0 0.0 0.0 0.0 0.0  
    0.0 0.0 0.0 0.0 0.0 0.0 0.0 0.0 0.0 0.0 0.0 0.0 0.0 0.0 0.0 0.0 0.0  
    0.0 0.0 0.0 0.0 0.0 0.0 0.0 0.0 0.0 0.0 0.0 0.0 0.0 0.0 0.0 0.0 0.0  
    0.0 0.0 0.0 0.0 0.0 0.0 0.0 0.0 0.0 0.0 0.0 0.0 0.0 0.0 0.0 0.0 0.0  
    0.0 0.0 0.0 
  SI_NB = 0.0 0.0 0.0 0.0 0.0 0.0 0.0 0.0 0.0 0.0 0.0 0.0 0.0 0.0 0.0  
    0.0 0.0 0.0 0.0 0.0 0.0 0.0 0.0 0.0 0.0 0.0 0.0 0.0 0.0 0.0 0.0 0.0  
    0.0 0.0 0.0 0.0 0.0 0.0 0.0 0.0 0.0 0.0 0.0 0.0 0.0 0.0 0.0 0.0 0.0  
    0.0 0.0 0.0 0.0 0.0 0.0 0.0 0.0 0.0 0.0 0.0 0.0 0.0 0.0 0.0 0.0 0.0  
    0.0 0.0 0.0 0.0 0.0 0.0 0.0 0.0 0.0 0.0 0.0 0.0 0.0 0.0 0.0 0.0 0.0  
    0.0 0.0 0.0 0.0 0.0 0.0 0.0 0.0 0.0 0.0 0.0 0.0 0.0 0.0 0.0 0.0 0.0  
    0.0 
  SI_IONIZATION = 0.0 0.0 0.0 0.0 0.0 0.0 0.0 0.0 0.0 0.0 0.0 0.0 0.0  
    0.0 0.0 0.0 0.0 0.0 0.0 0.0 0.0 0.0 0.0 0.0 0.0 0.0 0.0 0.0 0.0 0.0  
    0.0 0.0 0.0 0.0 0.0 0.0 0.0 0.0 0.0 0.0 0.0 0.0 0.0 0.0 0.0 0.0 0.0  
    0.0 0.0 0.0 0.0 0.0 0.0 0.0 0.0 0.0 0.0 0.0 0.0 0.0 0.0 0.0 0.0 0.0  
    0.0 0.0 0.0 0.0 0.0 0.0 0.0 0.0 0.0 0.0 0.0 0.0 0.0 0.0 0.0 0.0 0.0  
    0.0 0.0 0.0 0.0 0.0 0.0 0.0 0.0 0.0 0.0 0.0 0.0 0.0 0.0 0.0 0.0 0.0  
    0.0 0.0 0.0 
  SE_PELLET = 0.0 0.0 0.0 0.0 0.0 0.0 0.0 0.0 0.0 0.0 0.0 0.0 0.0 0.0  
    0.0 0.0 0.0 0.0 0.0 0.0 0.0 0.0 0.0 0.0 0.0 0.0 0.0 0.0 0.0 0.0 0.0  
    0.0 0.0 0.0 0.0 0.0 0.0 0.0 0.0 0.0 0.0 0.0 0.0 0.0 0.0 0.0 0.0 0.0  
    0.0 0.0 0.0 0.0 0.0 0.0 0.0 0.0 0.0 0.0 0.0 0.0 0.0 0.0 0.0 0.0 0.0  
    0.0 0.0 0.0 0.0 0.0 0.0 0.0 0.0 0.0 0.0 0.0 0.0 0.0 0.0 0.0 0.0 0.0  
    0.0 0.0 0.0 0.0 0.0 0.0 0.0 0.0 0.0 0.0 0.0 0.0 0.0 0.0 0.0 0.0 0.0  
    0.0 0.0 
  Q = 0.0 0.0 0.0 0.0 0.0 0.0 0.0 0.0 0.0 0.0 0.0 0.0 0.0 0.0 0.0 0.0  
    0.0 0.0 0.0 0.0 0.0 0.0 0.0 0.0 0.0 0.0 0.0 0.0 0.0 0.0 0.0 0.0 0.0  
    0.0 0.0 0.0 0.0 0.0 0.0 0.0 0.0 0.0 0.0 0.0 0.0 0.0 0.0 0.0 0.0 0.0  
    0.0 0.0 0.0 0.0 0.0 0.0 0.0 0.0 0.0 0.0 0.0 0.0 0.0 0.0 0.0 0.0 0.0  
    0.0 0.0 0.0 0.0 0.0 0.0 0.0 0.0 0.0 0.0 0.0 0.0 0.0 0.0 0.0 0.0 0.0  
    0.0 0.0 0.0 0.0 0.0 0.0 0.0 0.0 0.0 0.0 0.0 0.0 0.0 0.0 0.0 0.0 0.0 
  PSIPOL = 0.0 0.0 0.0 0.0 0.0 0.0 0.0 0.0 0.0 0.0 0.0 0.0 0.0 0.0 0.0  
    0.0 0.0 0.0 0.0 0.0 0.0 0.0 0.0 0.0 0.0 0.0 0.0 0.0 0.0 0.0 0.0 0.0  
    0.0 0.0 0.0 0.0 0.0 0.0 0.0 0.0 0.0 0.0 0.0 0.0 0.0 0.0 0.0 0.0 0.0  
    0.0 0.0 0.0 0.0 0.0 0.0 0.0 0.0 0.0 0.0 0.0 0.0 0.0 0.0 0.0 0.0 0.0  
    0.0 0.0 0.0 0.0 0.0 0.0 0.0 0.0 0.0 0.0 0.0 0.0 0.0 0.0 0.0 0.0 0.0  
    0.0 0.0 0.0 0.0 0.0 0.0 0.0 0.0 0.0 0.0 0.0 0.0 0.0 0.0 0.0 0.0 0.0  
    0.0 
  PSI = 0.0 0.0 0.0 0.0 0.0 0.0 0.0 0.0 0.0 0.0 0.0 0.0 0.0 0.0 0.0 0.0  
    0.0 0.0 0.0 0.0 0.0 0.0 0.0 0.0 0.0 0.0 0.0 0.0 0.0 0.0 0.0 0.0 0.0  
    0.0 0.0 0.0 0.0 0.0 0.0 0.0 0.0 0.0 0.0 0.0 0.0 0.0 0.0 0.0 0.0 0.0  
    0.0 0.0 0.0 0.0 0.0 0.0 0.0 0.0 0.0 0.0 0.0 0.0 0.0 0.0 0.0 0.0 0.0  
    0.0 0.0 0.0 0.0 0.0 0.0 0.0 0.0 0.0 0.0 0.0 0.0 0.0 0.0 0.0 0.0 0.0  
    0.0 0.0 0.0 0.0 0.0 0.0 0.0 0.0 0.0 0.0 0.0 0.0 0.0 0.0 0.0 0.0 0.0 
  DENSITY_BEAM = 0.0 0.0 0.0 0.0 0.0 0.0 0.0 0.0 0.0 0.0 0.0 0.0 0.0  
    0.0 0.0 0.0 0.0 0.0 0.0 0.0 0.0 0.0 0.0 0.0 0.0 0.0 0.0 0.0 0.0 0.0  
    0.0 0.0 0.0 0.0 0.0 0.0 0.0 0.0 0.0 0.0 0.0 0.0 0.0 0.0 0.0 0.0 0.0  
    0.0 0.0 0.0 0.0 0.0 0.0 0.0 0.0 0.0 0.0 0.0 0.0 0.0 0.0 0.0 0.0 0.0  
    0.0 0.0 0.0 0.0 0.0 0.0 0.0 0.0 0.0 0.0 0.0 0.0 0.0 0.0 0.0 0.0 0.0  
    0.0 0.0 0.0 0.0 0.0 0.0 0.0 0.0 0.0 0.0 0.0 0.0 0.0 0.0 0.0 0.0 0.0  
    0.0 0.0 0.0 
  WBEAM = 0.0 0.0 0.0 0.0 0.0 0.0 0.0 0.0 0.0 0.0 0.0 0.0 0.0 0.0 0.0  
    0.0 0.0 0.0 0.0 0.0 0.0 0.0 0.0 0.0 0.0 0.0 0.0 0.0 0.0 0.0 0.0 0.0  
    0.0 0.0 0.0 0.0 0.0 0.0 0.0 0.0 0.0 0.0 0.0 0.0 0.0 0.0 0.0 0.0 0.0  
    0.0 0.0 0.0 0.0 0.0 0.0 0.0 0.0 0.0 0.0 0.0 0.0 0.0 0.0 0.0 0.0 0.0  
    0.0 0.0 0.0 0.0 0.0 0.0 0.0 0.0 0.0 0.0 0.0 0.0 0.0 0.0 0.0 0.0 0.0  
    0.0 0.0 0.0 0.0 0.0 0.0 0.0 0.0 0.0 0.0 0.0 0.0 0.0 0.0 0.0 0.0 0.0  
    0.0 
  TBEAM = 0.0 0.0 0.0 0.0 0.0 0.0 0.0 0.0 0.0 0.0 0.0 0.0 0.0 0.0 0.0  
    0.0 0.0 0.0 0.0 0.0 0.0 0.0 0.0 0.0 0.0 0.0 0.0 0.0 0.0 0.0 0.0 0.0  
    0.0 0.0 0.0 0.0 0.0 0.0 0.0 0.0 0.0 0.0 0.0 0.0 0.0 0.0 0.0 0.0 0.0  
    0.0 0.0 0.0 0.0 0.0 0.0 0.0 0.0 0.0 0.0 0.0 0.0 0.0 0.0 0.0 0.0 0.0  
    0.0 0.0 0.0 0.0 0.0 0.0 0.0 0.0 0.0 0.0 0.0 0.0 0.0 0.0 0.0 0.0 0.0  
    0.0 0.0 0.0 0.0 0.0 0.0 0.0 0.0 0.0 0.0 0.0 0.0 0.0 0.0 0.0 0.0 0.0  
    0.0 
  DENSITY_ALPHA = 0.0 0.0 0.0 0.0 0.0 0.0 0.0 0.0 0.0 0.0 0.0 0.0 0.0  
    0.0 0.0 0.0 0.0 0.0 0.0 0.0 0.0 0.0 0.0 0.0 0.0 0.0 0.0 0.0 0.0 0.0  
    0.0 0.0 0.0 0.0 0.0 0.0 0.0 0.0 0.0 0.0 0.0 0.0 0.0 0.0 0.0 0.0 0.0  
    0.0 0.0 0.0 0.0 0.0 0.0 0.0 0.0 0.0 0.0 0.0 0.0 0.0 0.0 0.0 0.0 0.0  
    0.0 0.0 0.0 0.0 0.0 0.0 0.0 0.0 0.0 0.0 0.0 0.0 0.0 0.0 0.0 0.0 0.0  
    0.0 0.0 0.0 0.0 0.0 0.0 0.0 0.0 0.0 0.0 0.0 0.0 0.0 0.0 0.0 0.0 0.0  
    0.0 0.0 0.0 
  WALPHA = 0.0 0.0 0.0 0.0 0.0 0.0 0.0 0.0 0.0 0.0 0.0 0.0 0.0 0.0 0.0  
    0.0 0.0 0.0 0.0 0.0 0.0 0.0 0.0 0.0 0.0 0.0 0.0 0.0 0.0 0.0 0.0 0.0  
    0.0 0.0 0.0 0.0 0.0 0.0 0.0 0.0 0.0 0.0 0.0 0.0 0.0 0.0 0.0 0.0 0.0  
    0.0 0.0 0.0 0.0 0.0 0.0 0.0 0.0 0.0 0.0 0.0 0.0 0.0 0.0 0.0 0.0 0.0  
    0.0 0.0 0.0 0.0 0.0 0.0 0.0 0.0 0.0 0.0 0.0 0.0 0.0 0.0 0.0 0.0 0.0  
    0.0 0.0 0.0 0.0 0.0 0.0 0.0 0.0 0.0 0.0 0.0 0.0 0.0 0.0 0.0 0.0 0.0  
    0.0 
  TALPHA = 0.0 0.0 0.0 0.0 0.0 0.0 0.0 0.0 0.0 0.0 0.0 0.0 0.0 0.0 0.0  
    0.0 0.0 0.0 0.0 0.0 0.0 0.0 0.0 0.0 0.0 0.0 0.0 0.0 0.0 0.0 0.0 0.0  
    0.0 0.0 0.0 0.0 0.0 0.0 0.0 0.0 0.0 0.0 0.0 0.0 0.0 0.0 0.0 0.0 0.0  
    0.0 0.0 0.0 0.0 0.0 0.0 0.0 0.0 0.0 0.0 0.0 0.0 0.0 0.0 0.0 0.0 0.0  
    0.0 0.0 0.0 0.0 0.0 0.0 0.0 0.0 0.0 0.0 0.0 0.0 0.0 0.0 0.0 0.0 0.0  
    0.0 0.0 0.0 0.0 0.0 0.0 0.0 0.0 0.0 0.0 0.0 0.0 0.0 0.0 0.0 0.0 0.0  
    0.0 
  CHIE = 0.0 0.0 0.0 0.0 0.0 0.0 0.0 0.0 0.0 0.0 0.0 0.0 0.0 0.0 0.0  
    0.0 0.0 0.0 0.0 0.0 0.0 0.0 0.0 0.0 0.0 0.0 0.0 0.0 0.0 0.0 0.0 0.0  
    0.0 0.0 0.0 0.0 0.0 0.0 0.0 0.0 0.0 0.0 0.0 0.0 0.0 0.0 0.0 0.0 0.0  
    0.0 0.0 0.0 0.0 0.0 0.0 0.0 0.0 0.0 0.0 0.0 0.0 0.0 0.0 0.0 0.0 0.0  
    0.0 0.0 0.0 0.0 0.0 0.0 0.0 0.0 0.0 0.0 0.0 0.0 0.0 0.0 0.0 0.0 0.0  
    0.0 0.0 0.0 0.0 0.0 0.0 0.0 0.0 0.0 0.0 0.0 0.0 0.0 0.0 0.0 0.0 0.0  
    0.0 
  CHII = 0.0 0.0 0.0 0.0 0.0 0.0 0.0 0.0 0.0 0.0 0.0 0.0 0.0 0.0 0.0  
    0.0 0.0 0.0 0.0 0.0 0.0 0.0 0.0 0.0 0.0 0.0 0.0 0.0 0.0 0.0 0.0 0.0  
    0.0 0.0 0.0 0.0 0.0 0.0 0.0 0.0 0.0 0.0 0.0 0.0 0.0 0.0 0.0 0.0 0.0  
    0.0 0.0 0.0 0.0 0.0 0.0 0.0 0.0 0.0 0.0 0.0 0.0 0.0 0.0 0.0 0.0 0.0  
    0.0 0.0 0.0 0.0 0.0 0.0 0.0 0.0 0.0 0.0 0.0 0.0 0.0 0.0 0.0 0.0 0.0  
    0.0 0.0 0.0 0.0 0.0 0.0 0.0 0.0 0.0 0.0 0.0 0.0 0.0 0.0 0.0 0.0 0.0  
    0.0 
  P_EQ = 0.0 0.0 0.0 0.0 0.0 0.0 0.0 0.0 0.0 0.0 0.0 0.0 0.0 0.0 0.0  
    0.0 0.0 0.0 0.0 0.0 0.0 0.0 0.0 0.0 0.0 0.0 0.0 0.0 0.0 0.0 0.0 0.0  
    0.0 0.0 0.0 0.0 0.0 0.0 0.0 0.0 0.0 0.0 0.0 0.0 0.0 0.0 0.0 0.0 0.0  
    0.0 0.0 0.0 0.0 0.0 0.0 0.0 0.0 0.0 0.0 0.0 0.0 0.0 0.0 0.0 0.0 0.0  
    0.0 0.0 0.0 0.0 0.0 0.0 0.0 0.0 0.0 0.0 0.0 0.0 0.0 0.0 0.0 0.0 0.0  
    0.0 0.0 0.0 0.0 0.0 0.0 0.0 0.0 0.0 0.0 0.0 0.0 0.0 0.0 0.0 0.0 0.0  
    0.0 
  J_TOT = 3682215.212731412 3682215.212731412 3681681.570497844  
    3680234.407225904 3678013.3440962024 3675014.3214910324  
    3671257.1702262154 3666759.364743279 3661534.7658762294  
    3655593.7481757654 3648943.224673719 3641587.4005726855  
    3633528.6062317607 3624768.0190877113 3615306.182457369  
    3605143.324473769 3594279.5321877394 3582714.8358669127  
    3570449.2450168007 3557482.7623890094 3543815.3887340147  
    3529447.1243020203 3514377.9685926153 3498607.9216057844  
    3482136.98384195 3464965.155300998 3447092.4359830003  
    3428518.82563776 3409244.324265328 3389268.931865691  
    3368592.6481885086 3347215.47348423 3325137.408003155  
    3302358.4517447134 3278878.6044589635 3254697.865895978  
    3229816.236305874 3204233.715938749 3177950.3047942896  
    3150966.0026227254 3123280.8094239174 3094894.7254480235  
    3065807.750445055 3036019.8844148885 3005531.1276073214  
    2974341.4797724443 2942450.9406607104 2909859.5105217015  
    2876567.1896054614 2842573.9779120535 2807879.8751914036  
    2772484.8814437077 2736388.996918782 2699592.2213668707  
    2662094.554787843 2623895.9971811264 2584996.548297017  
    2545396.2083858512 2505094.9776977226 2464092.856232974  
    2422389.8439907706 2379985.9407207654 2336881.1464240863  
    2293075.461100323 2248568.8844990837 2203361.417120447  
    2157453.0589644085 2110843.8097815057 2063533.6698216947  
    2015522.6388348027 1966810.7168213278 1917397.9037804503  
    1867284.19946208 1816469.6041151593 1764954.1179911282  
    1712737.7410920302 1659820.473414672 1606202.3147101034  
    1551883.2647284048 1496863.3239694291 1441142.4929337967  
    1384720.7733724157 1327598.1767916558 1269774.7549722593  
    1211250.713284699 1152026.7859051265 1092105.3342115711  
    1031493.2286864953 970208.6362760696 908295.3600021441  
    845849.9768385806 783067.5988312415 720309.8698508494  
    658192.2311871935 597675.6800162779 540133.4163761174  
    487369.54924059764 441477.10451480304 404710.08614392084  
    380042.10663553316 362325.5349881604 
  RHO = 0.0 0.01 0.02 0.03 0.04 0.05 0.06 0.07 0.08 0.09 0.1 0.11 0.12  
    0.13 0.14 0.15 0.16 0.17 0.18 0.19 0.2 0.21 0.22 0.23 0.24 0.25  
    0.26 0.27 0.28 0.29 0.3 0.31 0.32 0.33 0.34 0.35 0.36 0.37 0.38  
    0.39 0.4 0.41 0.42 0.43 0.44 0.45 0.46 0.47 0.48 0.49 0.5 0.51 0.52  
    0.53 0.54 0.55 0.56 0.57 0.58 0.59 0.6 0.61 0.62 0.63 0.64 0.65  
    0.66 0.67 0.68 0.69 0.7 0.71 0.72 0.73 0.74 0.75 0.76 0.77 0.78  
    0.79 0.8 0.81 0.82 0.83 0.84 0.85 0.86 0.87 0.88 0.89 0.9 0.91 0.92  
    0.93 0.94 0.95 0.96 0.97 0.98 0.99 1.0 
  MODEL_PROFILE_NE = 'ped' 
  MODEL_PROFILE_TE = 'ped' 
  MODEL_PROFILE_TI = 'ped' 
  MODEL_PROFILE_DENSITY_BEAM = 'parab' 
  MODEL_PROFILE_J_TOT = 'parab' 
  MODEL_PROFILE_OMEGA = 'parab' 
  MODEL_PROFILE_ZEFF = 'const' 
  MODEL_PROFILE_TBEAMI = 'const' 
  MODEL_PROFILE_DENSITY_ALPHA = 'zero' 
  MODEL_PROFILE_WALPHA = 'zero' 
  MODEL_PROFILE_WBEAM = 'derived' 
  J_TOT_AXIS = 1.0 
  J_TOT_SEP = 0.05 
  J_TOT_ALPHA = 2.0 
  J_TOT_BETA = 1.0 
  DENSITY_BEAM_AXIS = 0.0 
  DENSITY_BEAM_SEP = 0.0 
  DENSITY_BEAM_ALPHA = 1.5 
  DENSITY_BEAM_BETA = 1.5 
  TBEAMI_AXIS = 20.0 
  DENSITY_ION_0 = 13.26459694147 13.26459694147 13.241738014484  
    13.217248616418 13.191150217014 13.163464286014 13.134212293160001  
    13.103415712996 13.071096015264 13.037274669706001  
    13.001973146064001 12.965212923684 12.927015462704 12.88740224247  
    12.846394727922 12.804014398406 12.760282714059999 12.71522115423  
    12.668851183856 12.621194282284 12.572271914454001 12.522105550108  
    12.47071666379 12.418126730044 12.364357209008 12.309429584830001  
    12.253365317647999 12.196185882005999 12.137912752447999  
    12.078567398716 12.018171285749998 11.956745892895999  
    11.894312689896 11.830893141690002 11.766508727624  
    11.701180907836001 11.634931166474 11.567780963676 11.499751778788  
    11.430865076749999 11.361142327304 11.290605009796 11.219274589166  
    11.147172535155999 11.07432032231 11.000739415568 10.926451289474  
    10.851477413769999 10.775839258198001 10.699558282896  
    10.622655962408 10.545153761674 10.46707313603 10.388435545614001  
    10.30926244096 10.2295752678 10.149395452658 10.068744407651998  
    9.987643516088 9.906114118053999 9.82417751042 9.741854898818001  
    9.659167368830001 9.576135847572 9.492781007654001 9.409123180744  
    9.325182184695999 9.24097710746 9.156525985348 9.07184533724  
    8.986949511512 8.901849706428 8.816552611174 8.731058427434  
    8.645358045814 8.559428964142 8.473229520266 8.386690555782002  
    8.299703603113999 8.212104054504 8.123647353696 8.033975482778  
    7.942570233919998 7.848688848167999 7.751277252908 7.648856513774  
    7.539381943967999 7.420083524196 7.28731771775 7.136500424984  
    6.96225482729 6.758984376143999 6.522114297384 6.25010437352  
    5.946860623381997 5.623411973241997 5.297273468396 4.988739460502  
    4.715434840606 4.4879781786294 4.3088181545906 
  DENSITY_ION_1 = 13.26459694147 13.26459694147 13.241738014484  
    13.217248616418 13.191150217014 13.163464286014 13.134212293160001  
    13.103415712996 13.071096015264 13.037274669706001  
    13.001973146064001 12.965212923684 12.927015462704 12.88740224247  
    12.846394727922 12.804014398406 12.760282714059999 12.71522115423  
    12.668851183856 12.621194282284 12.572271914454001 12.522105550108  
    12.47071666379 12.418126730044 12.364357209008 12.309429584830001  
    12.253365317647999 12.196185882005999 12.137912752447999  
    12.078567398716 12.018171285749998 11.956745892895999  
    11.894312689896 11.830893141690002 11.766508727624  
    11.701180907836001 11.634931166474 11.567780963676 11.499751778788  
    11.430865076749999 11.361142327304 11.290605009796 11.219274589166  
    11.147172535155999 11.07432032231 11.000739415568 10.926451289474  
    10.851477413769999 10.775839258198001 10.699558282896  
    10.622655962408 10.545153761674 10.46707313603 10.388435545614001  
    10.30926244096 10.2295752678 10.149395452658 10.068744407651998  
    9.987643516088 9.906114118053999 9.82417751042 9.741854898818001  
    9.659167368830001 9.576135847572 9.492781007654001 9.409123180744  
    9.325182184695999 9.24097710746 9.156525985348 9.07184533724  
    8.986949511512 8.901849706428 8.816552611174 8.731058427434  
    8.645358045814 8.559428964142 8.473229520266 8.386690555782002  
    8.299703603113999 8.212104054504 8.123647353696 8.033975482778  
    7.942570233919998 7.848688848167999 7.751277252908 7.648856513774  
    7.539381943967999 7.420083524196 7.28731771775 7.136500424984  
    6.96225482729 6.758984376143999 6.522114297384 6.25010437352  
    5.946860623381997 5.623411973241997 5.297273468396 4.988739460502  
    4.715434840606 4.4879781786294 4.3088181545906 
  DENSITY_IMP_0 = 0.030385374085 0.030385374085 0.030333010862  
    0.030276912699000003 0.030217128777000002 0.030153708277  
    0.03008670038 0.030016154278 0.029942119152000003  
    0.029864644183000003 0.029783778552000005 0.029699571462000002  
    0.029612072072000003 0.029521329585 0.029427393171  
    0.029330312033000003 0.02923013533 0.029126912265000002  
    0.029020692008000004 0.028911523762000003 0.028799456697000004  
    0.028684539994000002 0.028566822845000003 0.028446354442000003  
    0.028323183944 0.028197360565000003 0.028068933464000002  
    0.027937951833 0.027804464864 0.027668521738000003 0.027530171625  
    0.027389463728 0.027246447228 0.027101171295000004  
    0.026953685132000003 0.026804037898000004 0.026652278807000003  
    0.026498457018 0.026342621734 0.026184822125 0.026025107372000002  
    0.025863526678 0.025700129213 0.025534964158000002 0.025368080705  
    0.025199528024000002 0.025029355307 0.024857611735  
    0.024684346489000003 0.024509608728 0.024333447644 0.024155912407  
    0.023977052165000002 0.023796916077 0.02361555328 0.0234330129  
    0.023249344019 0.023064595686 0.022878816884 0.022692056497  
    0.02250436331 0.022315785899000004 0.022126372565000003  
    0.021936171246000002 0.021745229297000002 0.021553593292  
    0.021361308628 0.02116841903 0.020974965814 0.02078098682  
    0.020586514916000002 0.020391575754000003 0.020196184657000002  
    0.020000342087000002 0.019804027177 0.019607188381000003  
    0.019409730263 0.019211494401000003 0.019012232327 0.018811566972  
    0.018608938128 0.018403525679 0.018194142559999998  
    0.017979087323999998 0.017755945394 0.017521328957 0.017270554224  
    0.016997275878000002 0.016693147625 0.016347668612000002  
    0.015948522095 0.015482887992 0.014940286812000002 0.01431719036  
    0.013622546200999994 0.012881618430999994 0.012134528978  
    0.011427766361 0.010801704133 0.0102806663817 0.009870262328300001 
  DENSITY_TH = 26.559579257025 26.559579257025 26.51380903983  
    26.464774145535003 26.412517562805 26.357082280304997  
    26.298511286700002 26.236847580270002 26.17213414968  
    26.104413983595002 26.033730070680004 25.96012541883 25.88364299748  
    25.804325814524997 25.722216849015002 25.637359108845  
    25.549795563449997 25.459569220725 25.36672305972 25.27130008833  
    25.173343285605004 25.07289564021 24.970000150425 24.86469981453  
    24.75703760196 24.647056530225 24.534799568759997  
    24.420309715844997 24.30362996976 24.18480331917 24.063872743124996  
    23.940881249519997 23.815871827019997 23.688887454675005  
    23.55997114038 23.42916585357 23.296514611755 23.16206038437  
    23.025846179309998 22.887914975624998 22.74830976198  
    22.607073546269998 22.464249307545 22.319880034469996  
    22.174008725325 22.02667835916 21.877931934255002 21.727812439275  
    21.576362862885002 21.42362617452 21.26964537246 21.114463435755  
    20.958123324225003 20.800668007305003 20.642140435199998  
    20.4825835485 20.322040249335 20.160553410989998 19.998165849059998  
    19.834920292605 19.67085938415 19.506025583535003  
    19.340461110225004 19.174207866390002 19.007307244605002  
    18.839799954780002 18.671725678019996 18.50312263395 18.33402693651  
    18.1644716613 17.99448553794 17.824090988610003 17.653301407005  
    17.482117196955 17.310520118804998 17.138465116665 16.965868770795  
    16.792592605965 16.618419438554998 16.44301967598 16.26590364552  
    16.086354491235 15.903334610399996 15.715356783659999  
    15.520310451210001 15.315234356505 15.096034442159999  
    14.85716432427 14.591328583125 14.289348518579999 13.940458176675  
    13.53345164028 13.05916888158 12.5145259374 11.907343792964994  
    11.259705564914995 10.60668146577 9.988906687365 9.441671385345  
    8.9862370236405 8.627506571509501 
  NI = 26.52919388294 26.52919388294 26.483476028968 26.434497232836  
    26.382300434028 26.326928572028 26.268424586320002 26.206831425992  
    26.142192030528 26.074549339412002 26.003946292128003  
    25.930425847368 25.854030925408 25.77480448494 25.692789455844  
    25.608028796812 25.520565428119998 25.43044230846 25.337702367712  
    25.242388564568 25.144543828908002 25.044211100216 24.94143332758  
    24.836253460088 24.728714418016 24.618859169660002  
    24.506730635295998 24.392371764011997 24.275825504895998  
    24.157134797432 24.036342571499997 23.913491785791997  
    23.788625379792 23.661786283380003 23.533017455248  
    23.402361815672002 23.269862332948 23.135561927352 22.999503557576  
    22.861730153499998 22.722284654608 22.581210019592 22.438549178332  
    22.294345070311998 22.14864064462 22.001478831136 21.852902578948  
    21.702954827539997 21.551678516396002 21.399116565792  
    21.245311924816 21.090307523348 20.93414627206 20.776871091228003  
    20.61852488192 20.4591505356 20.298790905316 20.137488815303996  
    19.975287032176 19.812228236107998 19.64835502084  
    19.483709797636003 19.318334737660003 19.152271695144  
    18.985562015308002 18.818246361488 18.650364369391998  
    18.48195421492 18.313051970696 18.14369067448 17.973899023024  
    17.803699412856 17.633105222348 17.462116854868 17.290716091628  
    17.118857928284 16.946459040532 16.773381111564003  
    16.599407206227998 16.424208109008 16.247294707392 16.067950965556  
    15.885140467839996 15.697377696335998 15.502554505816  
    15.297713027548 15.078763887935999 14.840167048392 14.5746354355  
    14.273000849968 13.92450965458 13.517968752287999 13.044228594768  
    12.50020874704 11.893721246763993 11.246823946483994  
    10.594546936792 9.977478921004 9.430869681212 8.9759563572588  
    8.6176363091812 
  NZ = 0.030385374085 0.030385374085 0.030333010862  
    0.030276912699000003 0.030217128777000002 0.030153708277  
    0.03008670038 0.030016154278 0.029942119152000003  
    0.029864644183000003 0.029783778552000005 0.029699571462000002  
    0.029612072072000003 0.029521329585 0.029427393171  
    0.029330312033000003 0.02923013533 0.029126912265000002  
    0.029020692008000004 0.028911523762000003 0.028799456697000004  
    0.028684539994000002 0.028566822845000003 0.028446354442000003  
    0.028323183944 0.028197360565000003 0.028068933464000002  
    0.027937951833 0.027804464864 0.027668521738000003 0.027530171625  
    0.027389463728 0.027246447228 0.027101171295000004  
    0.026953685132000003 0.026804037898000004 0.026652278807000003  
    0.026498457018 0.026342621734 0.026184822125 0.026025107372000002  
    0.025863526678 0.025700129213 0.025534964158000002 0.025368080705  
    0.025199528024000002 0.025029355307 0.024857611735  
    0.024684346489000003 0.024509608728 0.024333447644 0.024155912407  
    0.023977052165000002 0.023796916077 0.02361555328 0.0234330129  
    0.023249344019 0.023064595686 0.022878816884 0.022692056497  
    0.02250436331 0.022315785899000004 0.022126372565000003  
    0.021936171246000002 0.021745229297000002 0.021553593292  
    0.021361308628 0.02116841903 0.020974965814 0.02078098682  
    0.020586514916000002 0.020391575754000003 0.020196184657000002  
    0.020000342087000002 0.019804027177 0.019607188381000003  
    0.019409730263 0.019211494401000003 0.019012232327 0.018811566972  
    0.018608938128 0.018403525679 0.018194142559999998  
    0.017979087323999998 0.017755945394 0.017521328957 0.017270554224  
    0.016997275878000002 0.016693147625 0.016347668612000002  
    0.015948522095 0.015482887992 0.014940286812000002 0.01431719036  
    0.013622546200999994 0.012881618430999994 0.012134528978  
    0.011427766361 0.010801704133 0.0102806663817 0.009870262328300001 
  DENSITY_HE = 2.928970962884664 2.928187819967245 2.9178336022750933  
    2.9058088862561355 2.892402290176041 2.8779033461917254  
    2.8622797706697463 2.8441904666911144 2.8219181668654763  
    2.7936290057789663 2.75726416830361 2.7097357873112826  
    2.6511185703917746 2.584106474216839 2.512043608054877  
    2.439198598676418 2.3666085803103916 2.2921793265674966  
    2.216319397115431 2.139512376984672 2.0623175559873004  
    1.985078078137048 1.9077884158735139 1.830525832926705  
    1.753347567844004 1.6762907599485264 1.5992024478854985  
    1.5222035540550058 1.4457520851395211 1.3703338398339238  
    1.2964540227287662 1.2245720660515955 1.1549354146740038  
    1.0877212994011387 1.0230804611646536 0.9611355532948669  
    0.9018191365915655 0.8449969752695196 0.7906537830948189  
    0.7387547258070528 0.6892479946659531 0.6422112009442678  
    0.5977385940368124 0.5557798844423021 0.5162700358671173  
    0.4791314770680983 0.44427062275804863 0.41160128484721226  
    0.38104275886761374 0.352507498748732 0.3259028070542286  
    0.30114148356901804 0.2780957411155844 0.256615327237169  
    0.2365591817026485 0.2177963086556785 0.20013705660087114  
    0.18346467364404584 0.16776315288489055 0.15301354463408684  
    0.13919413429471592 0.12638085376429747 0.11462759283046012  
    0.10387651116387078 0.09406884397938951 0.08514555682800096  
    0.0770234031518679 0.06961092465096697 0.06284175341893292  
    0.056655680688260504 0.05099830387483761 0.04581811265231514  
    0.04107233289960312 0.03672621757195183 0.0327480731201722  
    0.02910904616083569 0.025784776562960368 0.022754112321867293  
    0.019996164132336264 0.017491486817978213 0.015221972144516661  
    0.013171833010922146 0.011324698857295328 0.009663985678338113  
    0.008174908449780399 0.0068443267525456885 0.0056566837278625845  
    0.004601360201424095 0.0036736383799306537 0.002868715680978416  
    0.0021817711587014065 0.0016155357225223134 0.0011641184266851963  
    0.0008120738007062451 0.0005458261543433754 0.0003522059577051243  
    6.991653263143982e-05 7.0759086489965295e-06 2.398562556904271e-07  
    8.670178516534307e-10 9.03097606931261e-16 
  _NZ_0 = 0.06329376138281441 0.06329376138281441 0.06318468701919046  
    0.06306783264928856 0.06294330071879425 0.06281119367339308  
    0.06267161395877058 0.06252466404352566 0.06237044637334389  
    0.062209063393910774 0.06204061755091188 0.061865211335859475  
    0.06168294714861237 0.06149392748068284 0.06129825475484306  
    0.06109603146260532 0.06088736000382841 0.06067234287002462  
    0.06045108248396611 0.06022368133716518 0.05999024185239399  
    0.059750866475338074 0.05950565767459636 0.059254717918767755  
    0.05899814960771106 0.058736055255851925 0.058468537263049146  
    0.05819569809790165 0.05791764022900834 0.05763446610205476  
    0.05734627813981307 0.05705317883379557 0.05675527062968779  
    0.05645265595026192 0.05614543728703022 0.055833717039851495  
    0.0555175977231514 0.055197181736788746 0.054872571572275805  
    0.054543869652384745 0.05421117842280112 0.053874600375037204  
    0.053534237931865174 0.053190193538970566 0.05284256966495229  
    0.05249146873258253 0.05213699321046018 0.05177924554427079  
    0.05141832817969991 0.05105434351660632 0.050687394023588954  
    0.05031758212341996 0.049945010193044787 0.04956978063232221  
    0.049191995795284285 0.04881175801304972 0.048429169525083686  
    0.04804433250211126 0.047657348977377306 0.04726832077790631  
    0.04687734952450244 0.04648453640261578 0.04608998202486213  
    0.04569378624771599 0.0452960477132432 0.04489686343666015  
    0.044496327981452484 0.044094532428273304 0.04369156283974727  
    0.043287498037873545 0.04288240648780723 0.04247634162353147  
    0.042069335363373254 0.04166138866969419 0.04125245807582789  
    0.04084243620971387 0.04043112427493794 0.04001819227311874  
    0.03960312263701289 0.03918512991914678 0.038763047187318815  
    0.03833516611217734 0.03789901399719917 0.03745104667076667  
    0.03698623448736517 0.036497520517992155 0.035975148271827295  
    0.03540590023905903 0.03477239080714267 0.03405274634430267  
    0.0332213106564251 0.032251379079326896 0.031121122479000646  
    0.02982319150599231 0.028376224240665243 0.026832846649028765  
    0.025276634063410408 0.023804423640410396 0.022500314855737353  
    0.021414975606335106 0.02056009008958043 
  PNBE = 0.0 
  PNBI = 0.0 
  PRFE = 12.511377806266605 
  PRFI = 27.509587721062843 
  PFUSE = 43.18537032974169 
  PFUSI = 14.116639604946464 
  PEI = 2.168925809327488 
  PRAD = -30.40607712851929 
  AREA = 241.655535 
/










