 # generated by zfastran.py Ver+Oct2009
@R INFLAG 1 []
  1.000000000e+00
@R TIME0 1 [s]
  0.000000000e+00
@R IP 1 []
  9.999999995e+00
@R BCENTR 1 []
  1.100000000e+01
@R RMAJOR 1 []
  4.550000000e+00
@R AMINOR 1 []
  1.109004299e+00
@R ELONGB 1 []
  1.349882662e+00
@R TRIANB 1 []
 -3.221831818e-01
@R RHO 101 []
  0.000000000e+00  1.000000000e-02  2.000000000e-02  3.000000000e-02
  4.000000000e-02  5.000000000e-02  6.000000000e-02  7.000000000e-02
  8.000000000e-02  9.000000000e-02  1.000000000e-01  1.100000000e-01
  1.200000000e-01  1.300000000e-01  1.400000000e-01  1.500000000e-01
  1.600000000e-01  1.700000000e-01  1.800000000e-01  1.900000000e-01
  2.000000000e-01  2.100000000e-01  2.200000000e-01  2.300000000e-01
  2.400000000e-01  2.500000000e-01  2.600000000e-01  2.700000000e-01
  2.800000000e-01  2.900000000e-01  3.000000000e-01  3.100000000e-01
  3.200000000e-01  3.300000000e-01  3.400000000e-01  3.500000000e-01
  3.600000000e-01  3.700000000e-01  3.800000000e-01  3.900000000e-01
  4.000000000e-01  4.100000000e-01  4.200000000e-01  4.300000000e-01
  4.400000000e-01  4.500000000e-01  4.600000000e-01  4.700000000e-01
  4.800000000e-01  4.900000000e-01  5.000000000e-01  5.100000000e-01
  5.200000000e-01  5.300000000e-01  5.400000000e-01  5.500000000e-01
  5.600000000e-01  5.700000000e-01  5.800000000e-01  5.900000000e-01
  6.000000000e-01  6.100000000e-01  6.200000000e-01  6.300000000e-01
  6.400000000e-01  6.500000000e-01  6.600000000e-01  6.700000000e-01
  6.800000000e-01  6.900000000e-01  7.000000000e-01  7.100000000e-01
  7.200000000e-01  7.300000000e-01  7.400000000e-01  7.500000000e-01
  7.600000000e-01  7.700000000e-01  7.800000000e-01  7.900000000e-01
  8.000000000e-01  8.100000000e-01  8.200000000e-01  8.300000000e-01
  8.400000000e-01  8.500000000e-01  8.600000000e-01  8.700000000e-01
  8.800000000e-01  8.900000000e-01  9.000000000e-01  9.100000000e-01
  9.200000000e-01  9.300000000e-01  9.400000000e-01  9.500000000e-01
  9.600000000e-01  9.700000000e-01  9.800000000e-01  9.900000000e-01
  1.000000000e+00
@R AMAIN 1 []
  2.500000000e+00
@R ZMAIN 1 []
  1.000000000e+00
@I NIMP 1 []
                1
@R AIMP 1 []
  8.300000000e+01
@R ZIMP 1 []
  3.600000000e+01
@R FIMP 1 []
  1.236763902e-03
@R ENE 101 []
  2.762277393e+01  2.762277393e+01  2.757846936e+01  2.753107480e+01
  2.748062933e+01  2.742717202e+01  2.737074191e+01  2.731137808e+01
  2.724911960e+01  2.718400553e+01  2.711607492e+01  2.704536685e+01
  2.697192039e+01  2.689577458e+01  2.681696851e+01  2.673554123e+01
  2.665153180e+01  2.656497930e+01  2.647592278e+01  2.638440132e+01
  2.629045396e+01  2.619411979e+01  2.609543786e+01  2.599444724e+01
  2.589118699e+01  2.578569618e+01  2.567801386e+01  2.556817912e+01
  2.545623100e+01  2.534220857e+01  2.522615090e+01  2.510809706e+01
  2.498808610e+01  2.486615709e+01  2.474234909e+01  2.461670118e+01
  2.448925241e+01  2.436004184e+01  2.422910855e+01  2.409649160e+01
  2.396223004e+01  2.382636295e+01  2.368892939e+01  2.354996843e+01
  2.340951912e+01  2.326762053e+01  2.312431173e+01  2.297963178e+01
  2.283361975e+01  2.268631470e+01  2.253775569e+01  2.238798178e+01
  2.223703205e+01  2.208494556e+01  2.193176137e+01  2.177751854e+01
  2.162225615e+01  2.146601324e+01  2.130882890e+01  2.115074218e+01
  2.099179214e+01  2.083201786e+01  2.067145839e+01  2.051015280e+01
  2.034814015e+01  2.018545952e+01  2.002214995e+01  1.985825053e+01
  1.969380030e+01  1.952883834e+01  1.936340371e+01  1.919753547e+01
  1.903127269e+01  1.886465442e+01  1.869771972e+01  1.853050763e+01
  1.836305717e+01  1.819540729e+01  1.802759684e+01  1.785966439e+01
  1.769164789e+01  1.752358405e+01  1.735550673e+01  1.718744365e+01
  1.701940910e+01  1.685138814e+01  1.668330201e+01  1.651493301e+01
  1.634576110e+01  1.617460934e+01  1.599887885e+01  1.581291440e+01
  1.560459306e+01  1.534857328e+01  1.499458496e+01  1.445394201e+01
  1.360891210e+01  1.240518740e+01  1.101627130e+01  9.804787057e+00
  8.995343210e+00
@R TE 101 []
  1.881349899e+01  1.881349899e+01  1.874769404e+01  1.867654684e+01
  1.860016813e+01  1.851866863e+01  1.843215910e+01  1.834075026e+01
  1.824455286e+01  1.814367762e+01  1.803823529e+01  1.792833661e+01
  1.781409231e+01  1.769561312e+01  1.757300979e+01  1.744639305e+01
  1.731587364e+01  1.718156229e+01  1.704356975e+01  1.690200674e+01
  1.675698401e+01  1.660861230e+01  1.645700233e+01  1.630226485e+01
  1.614451059e+01  1.598385030e+01  1.582039470e+01  1.565425454e+01
  1.548554055e+01  1.531436347e+01  1.514083403e+01  1.496506298e+01
  1.478716104e+01  1.460723896e+01  1.442540747e+01  1.424177732e+01
  1.405645923e+01  1.386956394e+01  1.368120220e+01  1.349148473e+01
  1.330052228e+01  1.310842558e+01  1.291530537e+01  1.272127238e+01
  1.252643736e+01  1.233091104e+01  1.213480415e+01  1.193822743e+01
  1.174129163e+01  1.154410747e+01  1.134678570e+01  1.114943705e+01
  1.095217225e+01  1.075510205e+01  1.055833719e+01  1.036198839e+01
  1.016616640e+01  9.970981944e+00  9.776545773e+00  9.582968619e+00
  9.390361218e+00  9.198834307e+00  9.008498623e+00  8.819464903e+00
  8.631843885e+00  8.445746305e+00  8.261282899e+00  8.078564406e+00
  7.897701561e+00  7.718805102e+00  7.541985766e+00  7.367354289e+00
  7.195021409e+00  7.025097862e+00  6.857694384e+00  6.692921709e+00
  6.530890572e+00  6.371711698e+00  6.215495797e+00  6.062353544e+00
  5.912395526e+00  5.765732114e+00  5.622473170e+00  5.482727316e+00
  5.346600191e+00  5.214190238e+00  5.085578542e+00  4.960804298e+00
  4.839805611e+00  4.722276667e+00  4.607323640e+00  4.492639526e+00
  4.372548958e+00  4.233518305e+00  4.044663161e+00  3.741993157e+00
  3.221569572e+00  2.406970787e+00  1.426272870e+00  5.996588162e-01
  9.664111306e-02
@R TI 101 []
  1.901366756e+01  1.901366756e+01  1.894695701e+01  1.887483020e+01
  1.879739940e+01  1.871477688e+01  1.862707493e+01  1.853440580e+01
  1.843688178e+01  1.833461512e+01  1.822771812e+01  1.811630303e+01
  1.800048214e+01  1.788036771e+01  1.775607201e+01  1.762770732e+01
  1.749538591e+01  1.735922006e+01  1.721932203e+01  1.707580410e+01
  1.692877853e+01  1.677835761e+01  1.662465361e+01  1.646777879e+01
  1.630784543e+01  1.614496580e+01  1.597925218e+01  1.581081683e+01
  1.563977203e+01  1.546623005e+01  1.529030317e+01  1.511210365e+01
  1.493174376e+01  1.474933579e+01  1.456499200e+01  1.437882467e+01
  1.419094606e+01  1.400146846e+01  1.381050412e+01  1.361816533e+01
  1.342456436e+01  1.322981348e+01  1.303402495e+01  1.283731107e+01
  1.263978408e+01  1.244155628e+01  1.224273993e+01  1.204344730e+01
  1.184379066e+01  1.164388230e+01  1.144383447e+01  1.124375946e+01
  1.104376953e+01  1.084397695e+01  1.064449401e+01  1.044543297e+01
  1.024690611e+01  1.004902569e+01  9.851903989e+00  9.655653280e+00
  9.460385835e+00  9.266213926e+00  9.073249826e+00  8.881605806e+00
  8.691394140e+00  8.502727099e+00  8.315716956e+00  8.130475982e+00
  7.947116452e+00  7.765750636e+00  7.586490807e+00  7.409449238e+00
  7.234738200e+00  7.062469966e+00  6.892756808e+00  6.725710995e+00
  6.561444796e+00  6.400070473e+00  6.241700273e+00  6.086446406e+00
  5.934420999e+00  5.785735967e+00  5.640502725e+00  5.498831472e+00
  5.360829476e+00  5.226596925e+00  5.096216908e+00  4.969731191e+00
  4.847081698e+00  4.727969115e+00  4.611511824e+00  4.495426815e+00
  4.374085922e+00  4.234043967e+00  4.044560572e+00  3.741797389e+00
  3.221727600e+00  2.407293842e+00  1.426164137e+00  5.993649464e-01
  9.685720340e-02
@R ZEFF 101 []
  2.558322516e+00  2.558322516e+00  2.557528247e+00  2.556668858e+00
  2.555744874e+00  2.554756794e+00  2.553705098e+00  2.552590246e+00
  2.551412683e+00  2.550172849e+00  2.548871176e+00  2.547508094e+00
  2.546084039e+00  2.544599454e+00  2.543054793e+00  2.541450530e+00
  2.539787158e+00  2.538065198e+00  2.536285202e+00  2.534447762e+00
  2.532553508e+00  2.530603122e+00  2.528597340e+00  2.526536957e+00
  2.524422836e+00  2.522255911e+00  2.520037198e+00  2.517767798e+00
  2.515448908e+00  2.513081823e+00  2.510667947e+00  2.508208798e+00
  2.505706017e+00  2.503161373e+00  2.500576771e+00  2.497954258e+00
  2.495296028e+00  2.492604430e+00  2.489881970e+00  2.487131319e+00
  2.484355312e+00  2.481556953e+00  2.478739416e+00  2.475906043e+00
  2.473060342e+00  2.470205989e+00  2.467346814e+00  2.464486799e+00
  2.461630067e+00  2.458780872e+00  2.455943579e+00  2.453122653e+00
  2.450322639e+00  2.447548134e+00  2.444803772e+00  2.442094188e+00
  2.439423996e+00  2.436797753e+00  2.434219930e+00  2.431694876e+00
  2.429226786e+00  2.426819663e+00  2.424477284e+00  2.422203170e+00
  2.420000550e+00  2.417872332e+00  2.415821075e+00  2.413848972e+00
  2.411957819e+00  2.410149012e+00  2.408423529e+00  2.406781926e+00
  2.405224343e+00  2.403750504e+00  2.402359730e+00  2.401050957e+00
  2.399822757e+00  2.398673360e+00  2.397600688e+00  2.396602382e+00
  2.395675842e+00  2.394818256e+00  2.394026640e+00  2.393297871e+00
  2.392628712e+00  2.392015838e+00  2.391455826e+00  2.390945108e+00
  2.390479818e+00  2.390055420e+00  2.389665850e+00  2.389301624e+00
  2.388945875e+00  2.388567000e+00  2.388109727e+00  2.387506257e+00
  2.386777998e+00  2.386201212e+00  2.386013245e+00  2.386000048e+00
  2.386000000e+00
@R OMEGA 101 []
  4.992501875e+03  4.992501875e+03  4.978801804e+03  4.961079526e+03
  4.940120160e+03  4.916382264e+03  4.890178959e+03  4.861743180e+03
  4.831258024e+03  4.798873089e+03  4.764714177e+03  4.728889466e+03
  4.691493659e+03  4.652610886e+03  4.612316799e+03  4.570680145e+03
  4.527763951e+03  4.483626454e+03  4.438321832e+03  4.391900796e+03
  4.344411068e+03  4.295897774e+03  4.246403778e+03  4.195969955e+03
  4.144635428e+03  4.092437767e+03  4.039413164e+03  3.985596584e+03
  3.931021896e+03  3.875721988e+03  3.819728870e+03  3.763073767e+03
  3.705787199e+03  3.647899055e+03  3.589438660e+03  3.530434837e+03
  3.470915960e+03  3.410910006e+03  3.350444605e+03  3.289547080e+03
  3.228244492e+03  3.166563674e+03  3.104531273e+03  3.042173783e+03
  2.979517575e+03  2.916588934e+03  2.853414088e+03  2.790019238e+03
  2.726430588e+03  2.662674375e+03  2.598776897e+03  2.534764544e+03
  2.470663824e+03  2.406501396e+03  2.342304099e+03  2.278098979e+03
  2.213913327e+03  2.149774707e+03  2.085710992e+03  2.021750397e+03
  1.957921519e+03  1.894253376e+03  1.830775447e+03  1.767517715e+03
  1.704510722e+03  1.641785608e+03  1.579374179e+03  1.517308956e+03
  1.455623246e+03  1.394351213e+03  1.333527952e+03  1.273189580e+03
  1.213373329e+03  1.154117653e+03  1.095462349e+03  1.037448686e+03
  9.801195629e+02  9.235196753e+02  8.676957162e+02  8.126966008e+02
  7.585737302e+02  7.053812976e+02  6.531766492e+02  6.020207128e+02
  5.519785103e+02  5.031197796e+02  4.555197357e+02  4.092600162e+02
  3.644298727e+02  3.211276991e+02  2.794630303e+02  2.395592200e+02
  2.015571260e+02  1.656203590e+02  1.319430748e+02  1.007621703e+02
  7.237775876e+01  4.719105135e+01  2.578549737e+01  9.151104569e+00
 -2.470912364e-12
@R Q 101 []
  0.000000000e+00  0.000000000e+00  0.000000000e+00  0.000000000e+00
  0.000000000e+00  0.000000000e+00  0.000000000e+00  0.000000000e+00
  0.000000000e+00  0.000000000e+00  0.000000000e+00  0.000000000e+00
  0.000000000e+00  0.000000000e+00  0.000000000e+00  0.000000000e+00
  0.000000000e+00  0.000000000e+00  0.000000000e+00  0.000000000e+00
  0.000000000e+00  0.000000000e+00  0.000000000e+00  0.000000000e+00
  0.000000000e+00  0.000000000e+00  0.000000000e+00  0.000000000e+00
  0.000000000e+00  0.000000000e+00  0.000000000e+00  0.000000000e+00
  0.000000000e+00  0.000000000e+00  0.000000000e+00  0.000000000e+00
  0.000000000e+00  0.000000000e+00  0.000000000e+00  0.000000000e+00
  0.000000000e+00  0.000000000e+00  0.000000000e+00  0.000000000e+00
  0.000000000e+00  0.000000000e+00  0.000000000e+00  0.000000000e+00
  0.000000000e+00  0.000000000e+00  0.000000000e+00  0.000000000e+00
  0.000000000e+00  0.000000000e+00  0.000000000e+00  0.000000000e+00
  0.000000000e+00  0.000000000e+00  0.000000000e+00  0.000000000e+00
  0.000000000e+00  0.000000000e+00  0.000000000e+00  0.000000000e+00
  0.000000000e+00  0.000000000e+00  0.000000000e+00  0.000000000e+00
  0.000000000e+00  0.000000000e+00  0.000000000e+00  0.000000000e+00
  0.000000000e+00  0.000000000e+00  0.000000000e+00  0.000000000e+00
  0.000000000e+00  0.000000000e+00  0.000000000e+00  0.000000000e+00
  0.000000000e+00  0.000000000e+00  0.000000000e+00  0.000000000e+00
  0.000000000e+00  0.000000000e+00  0.000000000e+00  0.000000000e+00
  0.000000000e+00  0.000000000e+00  0.000000000e+00  0.000000000e+00
  0.000000000e+00  0.000000000e+00  0.000000000e+00  0.000000000e+00
  0.000000000e+00  0.000000000e+00  0.000000000e+00  0.000000000e+00
  0.000000000e+00
@R FP 101 []
  0.000000000e+00  0.000000000e+00  0.000000000e+00  0.000000000e+00
  0.000000000e+00  0.000000000e+00  0.000000000e+00  0.000000000e+00
  0.000000000e+00  0.000000000e+00  0.000000000e+00  0.000000000e+00
  0.000000000e+00  0.000000000e+00  0.000000000e+00  0.000000000e+00
  0.000000000e+00  0.000000000e+00  0.000000000e+00  0.000000000e+00
  0.000000000e+00  0.000000000e+00  0.000000000e+00  0.000000000e+00
  0.000000000e+00  0.000000000e+00  0.000000000e+00  0.000000000e+00
  0.000000000e+00  0.000000000e+00  0.000000000e+00  0.000000000e+00
  0.000000000e+00  0.000000000e+00  0.000000000e+00  0.000000000e+00
  0.000000000e+00  0.000000000e+00  0.000000000e+00  0.000000000e+00
  0.000000000e+00  0.000000000e+00  0.000000000e+00  0.000000000e+00
  0.000000000e+00  0.000000000e+00  0.000000000e+00  0.000000000e+00
  0.000000000e+00  0.000000000e+00  0.000000000e+00  0.000000000e+00
  0.000000000e+00  0.000000000e+00  0.000000000e+00  0.000000000e+00
  0.000000000e+00  0.000000000e+00  0.000000000e+00  0.000000000e+00
  0.000000000e+00  0.000000000e+00  0.000000000e+00  0.000000000e+00
  0.000000000e+00  0.000000000e+00  0.000000000e+00  0.000000000e+00
  0.000000000e+00  0.000000000e+00  0.000000000e+00  0.000000000e+00
  0.000000000e+00  0.000000000e+00  0.000000000e+00  0.000000000e+00
  0.000000000e+00  0.000000000e+00  0.000000000e+00  0.000000000e+00
  0.000000000e+00  0.000000000e+00  0.000000000e+00  0.000000000e+00
  0.000000000e+00  0.000000000e+00  0.000000000e+00  0.000000000e+00
  0.000000000e+00  0.000000000e+00  0.000000000e+00  0.000000000e+00
  0.000000000e+00  0.000000000e+00  0.000000000e+00  0.000000000e+00
  0.000000000e+00  0.000000000e+00  0.000000000e+00  0.000000000e+00
  0.000000000e+00
@R CURPAR 101 []
  3.651857775e+00  3.651624417e+00  3.650792919e+00  3.649183391e+00
  3.646787443e+00  3.643668372e+00  3.639851514e+00  3.635339666e+00
  3.630133589e+00  3.624233368e+00  3.617639004e+00  3.610350496e+00
  3.602367844e+00  3.593691049e+00  3.584320111e+00  3.574255028e+00
  3.563495802e+00  3.552042433e+00  3.539894920e+00  3.527053263e+00
  3.513517463e+00  3.499287519e+00  3.484363431e+00  3.468745200e+00
  3.452432825e+00  3.435426307e+00  3.417725645e+00  3.399330840e+00
  3.380241890e+00  3.360458798e+00  3.339981561e+00  3.318810181e+00
  3.296944658e+00  3.274384991e+00  3.251131180e+00  3.227183225e+00
  3.202541127e+00  3.177204886e+00  3.151174501e+00  3.124449972e+00
  3.097031299e+00  3.068918483e+00  3.040111524e+00  3.010610420e+00
  2.980415173e+00  2.949525783e+00  2.917942249e+00  2.885664571e+00
  2.852692750e+00  2.819026785e+00  2.784666677e+00  2.749612425e+00
  2.713864029e+00  2.677421490e+00  2.640284807e+00  2.602453980e+00
  2.563929010e+00  2.524709896e+00  2.484796639e+00  2.444189238e+00
  2.402887693e+00  2.360892005e+00  2.318202173e+00  2.274818198e+00
  2.230740079e+00  2.185967817e+00  2.140501410e+00  2.094340861e+00
  2.047486167e+00  1.999937330e+00  1.951694350e+00  1.902757225e+00
  1.853125958e+00  1.802800546e+00  1.751780991e+00  1.700067292e+00
  1.647659450e+00  1.594557464e+00  1.540761335e+00  1.486271062e+00
  1.431086645e+00  1.375208085e+00  1.318635381e+00  1.261368534e+00
  1.203407542e+00  1.144752408e+00  1.085403129e+00  1.025359708e+00
  9.646221420e-01  9.031904329e-01  8.410645802e-01  7.782445838e-01
  7.147304439e-01  6.505221603e-01  5.856197332e-01  5.200570562e-01
  4.542069603e-01  3.898997071e-01  3.311903424e-01  2.862350537e-01
  2.685940447e-01
@R CURBEAM 101 []
  0.000000000e+00  0.000000000e+00  0.000000000e+00  0.000000000e+00
  0.000000000e+00  0.000000000e+00  0.000000000e+00  0.000000000e+00
  0.000000000e+00  0.000000000e+00  0.000000000e+00  0.000000000e+00
  0.000000000e+00  0.000000000e+00  0.000000000e+00  0.000000000e+00
  0.000000000e+00  0.000000000e+00  0.000000000e+00  0.000000000e+00
  0.000000000e+00  0.000000000e+00  0.000000000e+00  0.000000000e+00
  0.000000000e+00  0.000000000e+00  0.000000000e+00  0.000000000e+00
  0.000000000e+00  0.000000000e+00  0.000000000e+00  0.000000000e+00
  0.000000000e+00  0.000000000e+00  0.000000000e+00  0.000000000e+00
  0.000000000e+00  0.000000000e+00  0.000000000e+00  0.000000000e+00
  0.000000000e+00  0.000000000e+00  0.000000000e+00  0.000000000e+00
  0.000000000e+00  0.000000000e+00  0.000000000e+00  0.000000000e+00
  0.000000000e+00  0.000000000e+00  0.000000000e+00  0.000000000e+00
  0.000000000e+00  0.000000000e+00  0.000000000e+00  0.000000000e+00
  0.000000000e+00  0.000000000e+00  0.000000000e+00  0.000000000e+00
  0.000000000e+00  0.000000000e+00  0.000000000e+00  0.000000000e+00
  0.000000000e+00  0.000000000e+00  0.000000000e+00  0.000000000e+00
  0.000000000e+00  0.000000000e+00  0.000000000e+00  0.000000000e+00
  0.000000000e+00  0.000000000e+00  0.000000000e+00  0.000000000e+00
  0.000000000e+00  0.000000000e+00  0.000000000e+00  0.000000000e+00
  0.000000000e+00  0.000000000e+00  0.000000000e+00  0.000000000e+00
  0.000000000e+00  0.000000000e+00  0.000000000e+00  0.000000000e+00
  0.000000000e+00  0.000000000e+00  0.000000000e+00  0.000000000e+00
  0.000000000e+00  0.000000000e+00  0.000000000e+00  0.000000000e+00
  0.000000000e+00  0.000000000e+00  0.000000000e+00  0.000000000e+00
  0.000000000e+00
@R CURRF 101 []
  0.000000000e+00  0.000000000e+00  0.000000000e+00  0.000000000e+00
  0.000000000e+00  0.000000000e+00  0.000000000e+00  0.000000000e+00
  0.000000000e+00  0.000000000e+00  0.000000000e+00  0.000000000e+00
  0.000000000e+00  0.000000000e+00  0.000000000e+00  0.000000000e+00
  0.000000000e+00  0.000000000e+00  0.000000000e+00  0.000000000e+00
  0.000000000e+00  0.000000000e+00  0.000000000e+00  0.000000000e+00
  0.000000000e+00  0.000000000e+00  0.000000000e+00  0.000000000e+00
  0.000000000e+00  0.000000000e+00  0.000000000e+00  0.000000000e+00
  0.000000000e+00  0.000000000e+00  0.000000000e+00  0.000000000e+00
  0.000000000e+00  0.000000000e+00  0.000000000e+00  0.000000000e+00
  0.000000000e+00  0.000000000e+00  0.000000000e+00  0.000000000e+00
  0.000000000e+00  0.000000000e+00  0.000000000e+00  0.000000000e+00
  0.000000000e+00  0.000000000e+00  0.000000000e+00  0.000000000e+00
  0.000000000e+00  0.000000000e+00  0.000000000e+00  0.000000000e+00
  0.000000000e+00  0.000000000e+00  0.000000000e+00  0.000000000e+00
  0.000000000e+00  0.000000000e+00  0.000000000e+00  0.000000000e+00
  0.000000000e+00  0.000000000e+00  0.000000000e+00  0.000000000e+00
  0.000000000e+00  0.000000000e+00  0.000000000e+00  0.000000000e+00
  0.000000000e+00  0.000000000e+00  0.000000000e+00  0.000000000e+00
  0.000000000e+00  0.000000000e+00  0.000000000e+00  0.000000000e+00
  0.000000000e+00  0.000000000e+00  0.000000000e+00  0.000000000e+00
  0.000000000e+00  0.000000000e+00  0.000000000e+00  0.000000000e+00
  0.000000000e+00  0.000000000e+00  0.000000000e+00  0.000000000e+00
  0.000000000e+00  0.000000000e+00  0.000000000e+00  0.000000000e+00
  0.000000000e+00  0.000000000e+00  0.000000000e+00  0.000000000e+00
  0.000000000e+00
@R CURBOOT 101 []
  0.000000000e+00  0.000000000e+00  0.000000000e+00  0.000000000e+00
  0.000000000e+00  0.000000000e+00  0.000000000e+00  0.000000000e+00
  0.000000000e+00  0.000000000e+00  0.000000000e+00  0.000000000e+00
  0.000000000e+00  0.000000000e+00  0.000000000e+00  0.000000000e+00
  0.000000000e+00  0.000000000e+00  0.000000000e+00  0.000000000e+00
  0.000000000e+00  0.000000000e+00  0.000000000e+00  0.000000000e+00
  0.000000000e+00  0.000000000e+00  0.000000000e+00  0.000000000e+00
  0.000000000e+00  0.000000000e+00  0.000000000e+00  0.000000000e+00
  0.000000000e+00  0.000000000e+00  0.000000000e+00  0.000000000e+00
  0.000000000e+00  0.000000000e+00  0.000000000e+00  0.000000000e+00
  0.000000000e+00  0.000000000e+00  0.000000000e+00  0.000000000e+00
  0.000000000e+00  0.000000000e+00  0.000000000e+00  0.000000000e+00
  0.000000000e+00  0.000000000e+00  0.000000000e+00  0.000000000e+00
  0.000000000e+00  0.000000000e+00  0.000000000e+00  0.000000000e+00
  0.000000000e+00  0.000000000e+00  0.000000000e+00  0.000000000e+00
  0.000000000e+00  0.000000000e+00  0.000000000e+00  0.000000000e+00
  0.000000000e+00  0.000000000e+00  0.000000000e+00  0.000000000e+00
  0.000000000e+00  0.000000000e+00  0.000000000e+00  0.000000000e+00
  0.000000000e+00  0.000000000e+00  0.000000000e+00  0.000000000e+00
  0.000000000e+00  0.000000000e+00  0.000000000e+00  0.000000000e+00
  0.000000000e+00  0.000000000e+00  0.000000000e+00  0.000000000e+00
  0.000000000e+00  0.000000000e+00  0.000000000e+00  0.000000000e+00
  0.000000000e+00  0.000000000e+00  0.000000000e+00  0.000000000e+00
  0.000000000e+00  0.000000000e+00  0.000000000e+00  0.000000000e+00
  0.000000000e+00  0.000000000e+00  0.000000000e+00  0.000000000e+00
  0.000000000e+00
@R ENBEAM 101 []
  0.000000000e+00  0.000000000e+00  0.000000000e+00  0.000000000e+00
  0.000000000e+00  0.000000000e+00  0.000000000e+00  0.000000000e+00
  0.000000000e+00  0.000000000e+00  0.000000000e+00  0.000000000e+00
  0.000000000e+00  0.000000000e+00  0.000000000e+00  0.000000000e+00
  0.000000000e+00  0.000000000e+00  0.000000000e+00  0.000000000e+00
  0.000000000e+00  0.000000000e+00  0.000000000e+00  0.000000000e+00
  0.000000000e+00  0.000000000e+00  0.000000000e+00  0.000000000e+00
  0.000000000e+00  0.000000000e+00  0.000000000e+00  0.000000000e+00
  0.000000000e+00  0.000000000e+00  0.000000000e+00  0.000000000e+00
  0.000000000e+00  0.000000000e+00  0.000000000e+00  0.000000000e+00
  0.000000000e+00  0.000000000e+00  0.000000000e+00  0.000000000e+00
  0.000000000e+00  0.000000000e+00  0.000000000e+00  0.000000000e+00
  0.000000000e+00  0.000000000e+00  0.000000000e+00  0.000000000e+00
  0.000000000e+00  0.000000000e+00  0.000000000e+00  0.000000000e+00
  0.000000000e+00  0.000000000e+00  0.000000000e+00  0.000000000e+00
  0.000000000e+00  0.000000000e+00  0.000000000e+00  0.000000000e+00
  0.000000000e+00  0.000000000e+00  0.000000000e+00  0.000000000e+00
  0.000000000e+00  0.000000000e+00  0.000000000e+00  0.000000000e+00
  0.000000000e+00  0.000000000e+00  0.000000000e+00  0.000000000e+00
  0.000000000e+00  0.000000000e+00  0.000000000e+00  0.000000000e+00
  0.000000000e+00  0.000000000e+00  0.000000000e+00  0.000000000e+00
  0.000000000e+00  0.000000000e+00  0.000000000e+00  0.000000000e+00
  0.000000000e+00  0.000000000e+00  0.000000000e+00  0.000000000e+00
  0.000000000e+00  0.000000000e+00  0.000000000e+00  0.000000000e+00
  0.000000000e+00  0.000000000e+00  0.000000000e+00  0.000000000e+00
  0.000000000e+00
@R WBEAM 101 []
  0.000000000e+00  0.000000000e+00  0.000000000e+00  0.000000000e+00
  0.000000000e+00  0.000000000e+00  0.000000000e+00  0.000000000e+00
  0.000000000e+00  0.000000000e+00  0.000000000e+00  0.000000000e+00
  0.000000000e+00  0.000000000e+00  0.000000000e+00  0.000000000e+00
  0.000000000e+00  0.000000000e+00  0.000000000e+00  0.000000000e+00
  0.000000000e+00  0.000000000e+00  0.000000000e+00  0.000000000e+00
  0.000000000e+00  0.000000000e+00  0.000000000e+00  0.000000000e+00
  0.000000000e+00  0.000000000e+00  0.000000000e+00  0.000000000e+00
  0.000000000e+00  0.000000000e+00  0.000000000e+00  0.000000000e+00
  0.000000000e+00  0.000000000e+00  0.000000000e+00  0.000000000e+00
  0.000000000e+00  0.000000000e+00  0.000000000e+00  0.000000000e+00
  0.000000000e+00  0.000000000e+00  0.000000000e+00  0.000000000e+00
  0.000000000e+00  0.000000000e+00  0.000000000e+00  0.000000000e+00
  0.000000000e+00  0.000000000e+00  0.000000000e+00  0.000000000e+00
  0.000000000e+00  0.000000000e+00  0.000000000e+00  0.000000000e+00
  0.000000000e+00  0.000000000e+00  0.000000000e+00  0.000000000e+00
  0.000000000e+00  0.000000000e+00  0.000000000e+00  0.000000000e+00
  0.000000000e+00  0.000000000e+00  0.000000000e+00  0.000000000e+00
  0.000000000e+00  0.000000000e+00  0.000000000e+00  0.000000000e+00
  0.000000000e+00  0.000000000e+00  0.000000000e+00  0.000000000e+00
  0.000000000e+00  0.000000000e+00  0.000000000e+00  0.000000000e+00
  0.000000000e+00  0.000000000e+00  0.000000000e+00  0.000000000e+00
  0.000000000e+00  0.000000000e+00  0.000000000e+00  0.000000000e+00
  0.000000000e+00  0.000000000e+00  0.000000000e+00  0.000000000e+00
  0.000000000e+00  0.000000000e+00  0.000000000e+00  0.000000000e+00
  0.000000000e+00
@R QBEAME 101 []
  0.000000000e+00  0.000000000e+00  0.000000000e+00  0.000000000e+00
  0.000000000e+00  0.000000000e+00  0.000000000e+00  0.000000000e+00
  0.000000000e+00  0.000000000e+00  0.000000000e+00  0.000000000e+00
  0.000000000e+00  0.000000000e+00  0.000000000e+00  0.000000000e+00
  0.000000000e+00  0.000000000e+00  0.000000000e+00  0.000000000e+00
  0.000000000e+00  0.000000000e+00  0.000000000e+00  0.000000000e+00
  0.000000000e+00  0.000000000e+00  0.000000000e+00  0.000000000e+00
  0.000000000e+00  0.000000000e+00  0.000000000e+00  0.000000000e+00
  0.000000000e+00  0.000000000e+00  0.000000000e+00  0.000000000e+00
  0.000000000e+00  0.000000000e+00  0.000000000e+00  0.000000000e+00
  0.000000000e+00  0.000000000e+00  0.000000000e+00  0.000000000e+00
  0.000000000e+00  0.000000000e+00  0.000000000e+00  0.000000000e+00
  0.000000000e+00  0.000000000e+00  0.000000000e+00  0.000000000e+00
  0.000000000e+00  0.000000000e+00  0.000000000e+00  0.000000000e+00
  0.000000000e+00  0.000000000e+00  0.000000000e+00  0.000000000e+00
  0.000000000e+00  0.000000000e+00  0.000000000e+00  0.000000000e+00
  0.000000000e+00  0.000000000e+00  0.000000000e+00  0.000000000e+00
  0.000000000e+00  0.000000000e+00  0.000000000e+00  0.000000000e+00
  0.000000000e+00  0.000000000e+00  0.000000000e+00  0.000000000e+00
  0.000000000e+00  0.000000000e+00  0.000000000e+00  0.000000000e+00
  0.000000000e+00  0.000000000e+00  0.000000000e+00  0.000000000e+00
  0.000000000e+00  0.000000000e+00  0.000000000e+00  0.000000000e+00
  0.000000000e+00  0.000000000e+00  0.000000000e+00  0.000000000e+00
  0.000000000e+00  0.000000000e+00  0.000000000e+00  0.000000000e+00
  0.000000000e+00  0.000000000e+00  0.000000000e+00  0.000000000e+00
  0.000000000e+00
@R QBEAMI 101 []
  0.000000000e+00  0.000000000e+00  0.000000000e+00  0.000000000e+00
  0.000000000e+00  0.000000000e+00  0.000000000e+00  0.000000000e+00
  0.000000000e+00  0.000000000e+00  0.000000000e+00  0.000000000e+00
  0.000000000e+00  0.000000000e+00  0.000000000e+00  0.000000000e+00
  0.000000000e+00  0.000000000e+00  0.000000000e+00  0.000000000e+00
  0.000000000e+00  0.000000000e+00  0.000000000e+00  0.000000000e+00
  0.000000000e+00  0.000000000e+00  0.000000000e+00  0.000000000e+00
  0.000000000e+00  0.000000000e+00  0.000000000e+00  0.000000000e+00
  0.000000000e+00  0.000000000e+00  0.000000000e+00  0.000000000e+00
  0.000000000e+00  0.000000000e+00  0.000000000e+00  0.000000000e+00
  0.000000000e+00  0.000000000e+00  0.000000000e+00  0.000000000e+00
  0.000000000e+00  0.000000000e+00  0.000000000e+00  0.000000000e+00
  0.000000000e+00  0.000000000e+00  0.000000000e+00  0.000000000e+00
  0.000000000e+00  0.000000000e+00  0.000000000e+00  0.000000000e+00
  0.000000000e+00  0.000000000e+00  0.000000000e+00  0.000000000e+00
  0.000000000e+00  0.000000000e+00  0.000000000e+00  0.000000000e+00
  0.000000000e+00  0.000000000e+00  0.000000000e+00  0.000000000e+00
  0.000000000e+00  0.000000000e+00  0.000000000e+00  0.000000000e+00
  0.000000000e+00  0.000000000e+00  0.000000000e+00  0.000000000e+00
  0.000000000e+00  0.000000000e+00  0.000000000e+00  0.000000000e+00
  0.000000000e+00  0.000000000e+00  0.000000000e+00  0.000000000e+00
  0.000000000e+00  0.000000000e+00  0.000000000e+00  0.000000000e+00
  0.000000000e+00  0.000000000e+00  0.000000000e+00  0.000000000e+00
  0.000000000e+00  0.000000000e+00  0.000000000e+00  0.000000000e+00
  0.000000000e+00  0.000000000e+00  0.000000000e+00  0.000000000e+00
  0.000000000e+00
@R ENALP 101 []
  0.000000000e+00  0.000000000e+00  0.000000000e+00  0.000000000e+00
  0.000000000e+00  0.000000000e+00  0.000000000e+00  0.000000000e+00
  0.000000000e+00  0.000000000e+00  0.000000000e+00  0.000000000e+00
  0.000000000e+00  0.000000000e+00  0.000000000e+00  0.000000000e+00
  0.000000000e+00  0.000000000e+00  0.000000000e+00  0.000000000e+00
  0.000000000e+00  0.000000000e+00  0.000000000e+00  0.000000000e+00
  0.000000000e+00  0.000000000e+00  0.000000000e+00  0.000000000e+00
  0.000000000e+00  0.000000000e+00  0.000000000e+00  0.000000000e+00
  0.000000000e+00  0.000000000e+00  0.000000000e+00  0.000000000e+00
  0.000000000e+00  0.000000000e+00  0.000000000e+00  0.000000000e+00
  0.000000000e+00  0.000000000e+00  0.000000000e+00  0.000000000e+00
  0.000000000e+00  0.000000000e+00  0.000000000e+00  0.000000000e+00
  0.000000000e+00  0.000000000e+00  0.000000000e+00  0.000000000e+00
  0.000000000e+00  0.000000000e+00  0.000000000e+00  0.000000000e+00
  0.000000000e+00  0.000000000e+00  0.000000000e+00  0.000000000e+00
  0.000000000e+00  0.000000000e+00  0.000000000e+00  0.000000000e+00
  0.000000000e+00  0.000000000e+00  0.000000000e+00  0.000000000e+00
  0.000000000e+00  0.000000000e+00  0.000000000e+00  0.000000000e+00
  0.000000000e+00  0.000000000e+00  0.000000000e+00  0.000000000e+00
  0.000000000e+00  0.000000000e+00  0.000000000e+00  0.000000000e+00
  0.000000000e+00  0.000000000e+00  0.000000000e+00  0.000000000e+00
  0.000000000e+00  0.000000000e+00  0.000000000e+00  0.000000000e+00
  0.000000000e+00  0.000000000e+00  0.000000000e+00  0.000000000e+00
  0.000000000e+00  0.000000000e+00  0.000000000e+00  0.000000000e+00
  0.000000000e+00  0.000000000e+00  0.000000000e+00  0.000000000e+00
  0.000000000e+00
@R WALP 101 []
  0.000000000e+00  0.000000000e+00  0.000000000e+00  0.000000000e+00
  0.000000000e+00  0.000000000e+00  0.000000000e+00  0.000000000e+00
  0.000000000e+00  0.000000000e+00  0.000000000e+00  0.000000000e+00
  0.000000000e+00  0.000000000e+00  0.000000000e+00  0.000000000e+00
  0.000000000e+00  0.000000000e+00  0.000000000e+00  0.000000000e+00
  0.000000000e+00  0.000000000e+00  0.000000000e+00  0.000000000e+00
  0.000000000e+00  0.000000000e+00  0.000000000e+00  0.000000000e+00
  0.000000000e+00  0.000000000e+00  0.000000000e+00  0.000000000e+00
  0.000000000e+00  0.000000000e+00  0.000000000e+00  0.000000000e+00
  0.000000000e+00  0.000000000e+00  0.000000000e+00  0.000000000e+00
  0.000000000e+00  0.000000000e+00  0.000000000e+00  0.000000000e+00
  0.000000000e+00  0.000000000e+00  0.000000000e+00  0.000000000e+00
  0.000000000e+00  0.000000000e+00  0.000000000e+00  0.000000000e+00
  0.000000000e+00  0.000000000e+00  0.000000000e+00  0.000000000e+00
  0.000000000e+00  0.000000000e+00  0.000000000e+00  0.000000000e+00
  0.000000000e+00  0.000000000e+00  0.000000000e+00  0.000000000e+00
  0.000000000e+00  0.000000000e+00  0.000000000e+00  0.000000000e+00
  0.000000000e+00  0.000000000e+00  0.000000000e+00  0.000000000e+00
  0.000000000e+00  0.000000000e+00  0.000000000e+00  0.000000000e+00
  0.000000000e+00  0.000000000e+00  0.000000000e+00  0.000000000e+00
  0.000000000e+00  0.000000000e+00  0.000000000e+00  0.000000000e+00
  0.000000000e+00  0.000000000e+00  0.000000000e+00  0.000000000e+00
  0.000000000e+00  0.000000000e+00  0.000000000e+00  0.000000000e+00
  0.000000000e+00  0.000000000e+00  0.000000000e+00  0.000000000e+00
  0.000000000e+00  0.000000000e+00  0.000000000e+00  0.000000000e+00
  0.000000000e+00
@R QTFUSE 101 []
  1.842417419e+00  1.839991829e+00  1.832534520e+00  1.822103557e+00
  1.810933748e+00  1.799022774e+00  1.786378787e+00  1.773012159e+00
  1.758931775e+00  1.744148961e+00  1.728672921e+00  1.712508197e+00
  1.695660310e+00  1.678138374e+00  1.659951126e+00  1.641107467e+00
  1.621614509e+00  1.601482539e+00  1.580721735e+00  1.559339967e+00
  1.537351225e+00  1.514765657e+00  1.491593261e+00  1.467848612e+00
  1.443546237e+00  1.418700474e+00  1.393325528e+00  1.367438041e+00
  1.341056147e+00  1.314198589e+00  1.286885285e+00  1.259137307e+00
  1.230977086e+00  1.202428442e+00  1.173516793e+00  1.144270382e+00
  1.114715847e+00  1.084881297e+00  1.054799281e+00  1.024504398e+00
  9.940313977e-01  9.634128662e-01  9.326875571e-01  9.018975849e-01
  8.710791434e-01  8.402765873e-01  8.095330234e-01  7.788905962e-01
  7.483969868e-01  7.180968683e-01  6.880373775e-01  6.582662934e-01
  6.288296549e-01  5.997770814e-01  5.711541405e-01  5.430072324e-01
  5.153841569e-01  4.883258808e-01  4.618790546e-01  4.360838656e-01
  4.109764677e-01  3.865963471e-01  3.629769809e-01  3.401466681e-01
  3.181327174e-01  2.969601202e-01  2.766474509e-01  2.572086000e-01
  2.386552654e-01  2.209946220e-01  2.042296088e-01  1.883575209e-01
  1.733717351e-01  1.592628232e-01  1.460167432e-01  1.336160865e-01
  1.220395694e-01  1.112626573e-01  1.012587055e-01  9.199860258e-02
  8.345112817e-02  7.558362766e-02  6.836181344e-02  6.175049119e-02
  5.571422705e-02  5.021692704e-02  4.522200262e-02  4.069162832e-02
  3.658517846e-02  3.285562356e-02  2.944093359e-02  2.624638251e-02
  2.311081952e-02  1.975747519e-02  1.578759486e-02  1.094814120e-02
  5.851108019e-03  2.048236631e-03  3.688874820e-04  1.986389128e-05
  1.311264816e-07
@R QTFUSI 101 []
  8.090506972e-01  8.073969359e-01  8.023150003e-01  7.952170103e-01
  7.876391681e-01  7.795908093e-01  7.710861368e-01  7.621405732e-01
  7.527691246e-01  7.429880474e-01  7.328128721e-01  7.222573259e-01
  7.113357294e-01  7.000640640e-01  6.884582674e-01  6.765344384e-01
  6.643080229e-01  6.517958244e-01  6.390146464e-01  6.259803615e-01
  6.127113062e-01  5.992242407e-01  5.855358108e-01  5.716644046e-01
  5.576282632e-01  5.434454196e-01  5.291336981e-01  5.147116727e-01
  5.001982600e-01  4.856123486e-01  4.709729824e-01  4.562993133e-01
  4.416106409e-01  4.269263818e-01  4.122661011e-01  3.976498919e-01
  3.830967954e-01  3.686258347e-01  3.542569949e-01  3.400103101e-01
  3.259051991e-01  3.119596835e-01  2.981930717e-01  2.846249613e-01
  2.712722479e-01  2.581535257e-01  2.452861332e-01  2.326861473e-01
  2.203703929e-01  2.083537730e-01  1.966509136e-01  1.852755712e-01
  1.742399635e-01  1.635562154e-01  1.532342854e-01  1.432832483e-01
  1.337115159e-01  1.245246261e-01  1.157285609e-01  1.073266549e-01
  9.932027507e-02  9.171070704e-02  8.449690996e-02  7.767583458e-02
  7.124349879e-02  6.519473811e-02  5.952239718e-02  5.421784114e-02
  4.927160924e-02  4.467301226e-02  4.041031051e-02  3.647056409e-02
  3.284009322e-02  2.950480610e-02  2.644994737e-02  2.366043845e-02
  2.112088234e-02  1.881576131e-02  1.672970980e-02  1.484751056e-02
  1.315420814e-02  1.163525910e-02  1.027653344e-02  9.064446558e-03
  7.986068940e-03  7.029059255e-03  6.181679844e-03  5.432674441e-03
  4.771025798e-03  4.185432052e-03  3.663122416e-03  3.187528648e-03
  2.734124295e-03  2.265333977e-03  1.734345447e-03  1.127917005e-03
  5.473365875e-04  1.659488636e-04  2.370916473e-05  8.136436532e-07
  2.420717687e-09
@R QRFE 101 []
  0.000000000e+00  0.000000000e+00  0.000000000e+00  0.000000000e+00
  0.000000000e+00  0.000000000e+00  0.000000000e+00  0.000000000e+00
  0.000000000e+00  0.000000000e+00  0.000000000e+00  0.000000000e+00
  0.000000000e+00  0.000000000e+00  0.000000000e+00  0.000000000e+00
  0.000000000e+00  0.000000000e+00  0.000000000e+00  0.000000000e+00
  0.000000000e+00  0.000000000e+00  0.000000000e+00  0.000000000e+00
  0.000000000e+00  0.000000000e+00  0.000000000e+00  0.000000000e+00
  0.000000000e+00  0.000000000e+00  0.000000000e+00  0.000000000e+00
  0.000000000e+00  0.000000000e+00  0.000000000e+00  0.000000000e+00
  0.000000000e+00  0.000000000e+00  0.000000000e+00  0.000000000e+00
  0.000000000e+00  0.000000000e+00  0.000000000e+00  0.000000000e+00
  0.000000000e+00  0.000000000e+00  0.000000000e+00  0.000000000e+00
  0.000000000e+00  0.000000000e+00  0.000000000e+00  0.000000000e+00
  0.000000000e+00  0.000000000e+00  0.000000000e+00  0.000000000e+00
  0.000000000e+00  0.000000000e+00  0.000000000e+00  0.000000000e+00
  0.000000000e+00  0.000000000e+00  0.000000000e+00  0.000000000e+00
  0.000000000e+00  0.000000000e+00  0.000000000e+00  0.000000000e+00
  0.000000000e+00  0.000000000e+00  0.000000000e+00  0.000000000e+00
  0.000000000e+00  0.000000000e+00  0.000000000e+00  0.000000000e+00
  0.000000000e+00  0.000000000e+00  0.000000000e+00  0.000000000e+00
  0.000000000e+00  0.000000000e+00  0.000000000e+00  0.000000000e+00
  0.000000000e+00  0.000000000e+00  0.000000000e+00  0.000000000e+00
  0.000000000e+00  0.000000000e+00  0.000000000e+00  0.000000000e+00
  0.000000000e+00  0.000000000e+00  0.000000000e+00  0.000000000e+00
  0.000000000e+00  0.000000000e+00  0.000000000e+00  0.000000000e+00
  0.000000000e+00
@R QRFI 101 []
  0.000000000e+00  0.000000000e+00  0.000000000e+00  0.000000000e+00
  0.000000000e+00  0.000000000e+00  0.000000000e+00  0.000000000e+00
  0.000000000e+00  0.000000000e+00  0.000000000e+00  0.000000000e+00
  0.000000000e+00  0.000000000e+00  0.000000000e+00  0.000000000e+00
  0.000000000e+00  0.000000000e+00  0.000000000e+00  0.000000000e+00
  0.000000000e+00  0.000000000e+00  0.000000000e+00  0.000000000e+00
  0.000000000e+00  0.000000000e+00  0.000000000e+00  0.000000000e+00
  0.000000000e+00  0.000000000e+00  0.000000000e+00  0.000000000e+00
  0.000000000e+00  0.000000000e+00  0.000000000e+00  0.000000000e+00
  0.000000000e+00  0.000000000e+00  0.000000000e+00  0.000000000e+00
  0.000000000e+00  0.000000000e+00  0.000000000e+00  0.000000000e+00
  0.000000000e+00  0.000000000e+00  0.000000000e+00  0.000000000e+00
  0.000000000e+00  0.000000000e+00  0.000000000e+00  0.000000000e+00
  0.000000000e+00  0.000000000e+00  0.000000000e+00  0.000000000e+00
  0.000000000e+00  0.000000000e+00  0.000000000e+00  0.000000000e+00
  0.000000000e+00  0.000000000e+00  0.000000000e+00  0.000000000e+00
  0.000000000e+00  0.000000000e+00  0.000000000e+00  0.000000000e+00
  0.000000000e+00  0.000000000e+00  0.000000000e+00  0.000000000e+00
  0.000000000e+00  0.000000000e+00  0.000000000e+00  0.000000000e+00
  0.000000000e+00  0.000000000e+00  0.000000000e+00  0.000000000e+00
  0.000000000e+00  0.000000000e+00  0.000000000e+00  0.000000000e+00
  0.000000000e+00  0.000000000e+00  0.000000000e+00  0.000000000e+00
  0.000000000e+00  0.000000000e+00  0.000000000e+00  0.000000000e+00
  0.000000000e+00  0.000000000e+00  0.000000000e+00  0.000000000e+00
  0.000000000e+00  0.000000000e+00  0.000000000e+00  0.000000000e+00
  0.000000000e+00
@R QRAD 101 []
 -0.000000000e+00 -0.000000000e+00 -0.000000000e+00 -0.000000000e+00
 -0.000000000e+00 -0.000000000e+00 -0.000000000e+00 -0.000000000e+00
 -0.000000000e+00 -0.000000000e+00 -0.000000000e+00 -0.000000000e+00
 -0.000000000e+00 -0.000000000e+00 -0.000000000e+00 -0.000000000e+00
 -0.000000000e+00 -0.000000000e+00 -0.000000000e+00 -0.000000000e+00
 -0.000000000e+00 -0.000000000e+00 -0.000000000e+00 -0.000000000e+00
 -0.000000000e+00 -0.000000000e+00 -0.000000000e+00 -0.000000000e+00
 -0.000000000e+00 -0.000000000e+00 -0.000000000e+00 -0.000000000e+00
 -0.000000000e+00 -0.000000000e+00 -0.000000000e+00 -0.000000000e+00
 -0.000000000e+00 -0.000000000e+00 -0.000000000e+00 -0.000000000e+00
 -0.000000000e+00 -0.000000000e+00 -0.000000000e+00 -0.000000000e+00
 -0.000000000e+00 -0.000000000e+00 -0.000000000e+00 -0.000000000e+00
 -0.000000000e+00 -0.000000000e+00 -0.000000000e+00 -0.000000000e+00
 -0.000000000e+00 -0.000000000e+00 -0.000000000e+00 -0.000000000e+00
 -0.000000000e+00 -0.000000000e+00 -0.000000000e+00 -0.000000000e+00
 -0.000000000e+00 -0.000000000e+00 -0.000000000e+00 -0.000000000e+00
 -0.000000000e+00 -0.000000000e+00 -0.000000000e+00 -0.000000000e+00
 -0.000000000e+00 -0.000000000e+00 -0.000000000e+00 -0.000000000e+00
 -0.000000000e+00 -0.000000000e+00 -0.000000000e+00 -0.000000000e+00
 -0.000000000e+00 -0.000000000e+00 -0.000000000e+00 -0.000000000e+00
 -0.000000000e+00 -0.000000000e+00 -0.000000000e+00 -0.000000000e+00
 -0.000000000e+00 -0.000000000e+00 -0.000000000e+00 -0.000000000e+00
 -0.000000000e+00 -0.000000000e+00 -0.000000000e+00 -0.000000000e+00
 -0.000000000e+00 -0.000000000e+00 -0.000000000e+00 -0.000000000e+00
 -0.000000000e+00 -0.000000000e+00 -0.000000000e+00 -0.000000000e+00
 -0.000000000e+00
@R QOHM 101 []
  0.000000000e+00  0.000000000e+00  0.000000000e+00  0.000000000e+00
  0.000000000e+00  0.000000000e+00  0.000000000e+00  0.000000000e+00
  0.000000000e+00  0.000000000e+00  0.000000000e+00  0.000000000e+00
  0.000000000e+00  0.000000000e+00  0.000000000e+00  0.000000000e+00
  0.000000000e+00  0.000000000e+00  0.000000000e+00  0.000000000e+00
  0.000000000e+00  0.000000000e+00  0.000000000e+00  0.000000000e+00
  0.000000000e+00  0.000000000e+00  0.000000000e+00  0.000000000e+00
  0.000000000e+00  0.000000000e+00  0.000000000e+00  0.000000000e+00
  0.000000000e+00  0.000000000e+00  0.000000000e+00  0.000000000e+00
  0.000000000e+00  0.000000000e+00  0.000000000e+00  0.000000000e+00
  0.000000000e+00  0.000000000e+00  0.000000000e+00  0.000000000e+00
  0.000000000e+00  0.000000000e+00  0.000000000e+00  0.000000000e+00
  0.000000000e+00  0.000000000e+00  0.000000000e+00  0.000000000e+00
  0.000000000e+00  0.000000000e+00  0.000000000e+00  0.000000000e+00
  0.000000000e+00  0.000000000e+00  0.000000000e+00  0.000000000e+00
  0.000000000e+00  0.000000000e+00  0.000000000e+00  0.000000000e+00
  0.000000000e+00  0.000000000e+00  0.000000000e+00  0.000000000e+00
  0.000000000e+00  0.000000000e+00  0.000000000e+00  0.000000000e+00
  0.000000000e+00  0.000000000e+00  0.000000000e+00  0.000000000e+00
  0.000000000e+00  0.000000000e+00  0.000000000e+00  0.000000000e+00
  0.000000000e+00  0.000000000e+00  0.000000000e+00  0.000000000e+00
  0.000000000e+00  0.000000000e+00  0.000000000e+00  0.000000000e+00
  0.000000000e+00  0.000000000e+00  0.000000000e+00  0.000000000e+00
  0.000000000e+00  0.000000000e+00  0.000000000e+00  0.000000000e+00
  0.000000000e+00  0.000000000e+00  0.000000000e+00  0.000000000e+00
  0.000000000e+00
@R QIONE 101 []
  0.000000000e+00  0.000000000e+00  0.000000000e+00  0.000000000e+00
  0.000000000e+00  0.000000000e+00  0.000000000e+00  0.000000000e+00
  0.000000000e+00  0.000000000e+00  0.000000000e+00  0.000000000e+00
  0.000000000e+00  0.000000000e+00  0.000000000e+00  0.000000000e+00
  0.000000000e+00  0.000000000e+00  0.000000000e+00  0.000000000e+00
  0.000000000e+00  0.000000000e+00  0.000000000e+00  0.000000000e+00
  0.000000000e+00  0.000000000e+00  0.000000000e+00  0.000000000e+00
  0.000000000e+00  0.000000000e+00  0.000000000e+00  0.000000000e+00
  0.000000000e+00  0.000000000e+00  0.000000000e+00  0.000000000e+00
  0.000000000e+00  0.000000000e+00  0.000000000e+00  0.000000000e+00
  0.000000000e+00  0.000000000e+00  0.000000000e+00  0.000000000e+00
  0.000000000e+00  0.000000000e+00  0.000000000e+00  0.000000000e+00
  0.000000000e+00  0.000000000e+00  0.000000000e+00  0.000000000e+00
  0.000000000e+00  0.000000000e+00  0.000000000e+00  0.000000000e+00
  0.000000000e+00  0.000000000e+00  0.000000000e+00  0.000000000e+00
  0.000000000e+00  0.000000000e+00  0.000000000e+00  0.000000000e+00
  0.000000000e+00  0.000000000e+00  0.000000000e+00  0.000000000e+00
  0.000000000e+00  0.000000000e+00  0.000000000e+00  0.000000000e+00
  0.000000000e+00  0.000000000e+00  0.000000000e+00  0.000000000e+00
  0.000000000e+00  0.000000000e+00  0.000000000e+00  0.000000000e+00
  0.000000000e+00  0.000000000e+00  0.000000000e+00  0.000000000e+00
  0.000000000e+00  0.000000000e+00  0.000000000e+00  0.000000000e+00
  0.000000000e+00  0.000000000e+00  0.000000000e+00  0.000000000e+00
  0.000000000e+00  0.000000000e+00  0.000000000e+00  0.000000000e+00
  0.000000000e+00  0.000000000e+00  0.000000000e+00  0.000000000e+00
  0.000000000e+00
@R QIONI 101 []
  0.000000000e+00  0.000000000e+00  0.000000000e+00  0.000000000e+00
  0.000000000e+00  0.000000000e+00  0.000000000e+00  0.000000000e+00
  0.000000000e+00  0.000000000e+00  0.000000000e+00  0.000000000e+00
  0.000000000e+00  0.000000000e+00  0.000000000e+00  0.000000000e+00
  0.000000000e+00  0.000000000e+00  0.000000000e+00  0.000000000e+00
  0.000000000e+00  0.000000000e+00  0.000000000e+00  0.000000000e+00
  0.000000000e+00  0.000000000e+00  0.000000000e+00  0.000000000e+00
  0.000000000e+00  0.000000000e+00  0.000000000e+00  0.000000000e+00
  0.000000000e+00  0.000000000e+00  0.000000000e+00  0.000000000e+00
  0.000000000e+00  0.000000000e+00  0.000000000e+00  0.000000000e+00
  0.000000000e+00  0.000000000e+00  0.000000000e+00  0.000000000e+00
  0.000000000e+00  0.000000000e+00  0.000000000e+00  0.000000000e+00
  0.000000000e+00  0.000000000e+00  0.000000000e+00  0.000000000e+00
  0.000000000e+00  0.000000000e+00  0.000000000e+00  0.000000000e+00
  0.000000000e+00  0.000000000e+00  0.000000000e+00  0.000000000e+00
  0.000000000e+00  0.000000000e+00  0.000000000e+00  0.000000000e+00
  0.000000000e+00  0.000000000e+00  0.000000000e+00  0.000000000e+00
  0.000000000e+00  0.000000000e+00  0.000000000e+00  0.000000000e+00
  0.000000000e+00  0.000000000e+00  0.000000000e+00  0.000000000e+00
  0.000000000e+00  0.000000000e+00  0.000000000e+00  0.000000000e+00
  0.000000000e+00  0.000000000e+00  0.000000000e+00  0.000000000e+00
  0.000000000e+00  0.000000000e+00  0.000000000e+00  0.000000000e+00
  0.000000000e+00  0.000000000e+00  0.000000000e+00  0.000000000e+00
  0.000000000e+00  0.000000000e+00  0.000000000e+00  0.000000000e+00
  0.000000000e+00  0.000000000e+00  0.000000000e+00  0.000000000e+00
  0.000000000e+00
@R QCX 101 []
  0.000000000e+00  0.000000000e+00  0.000000000e+00  0.000000000e+00
  0.000000000e+00  0.000000000e+00  0.000000000e+00  0.000000000e+00
  0.000000000e+00  0.000000000e+00  0.000000000e+00  0.000000000e+00
  0.000000000e+00  0.000000000e+00  0.000000000e+00  0.000000000e+00
  0.000000000e+00  0.000000000e+00  0.000000000e+00  0.000000000e+00
  0.000000000e+00  0.000000000e+00  0.000000000e+00  0.000000000e+00
  0.000000000e+00  0.000000000e+00  0.000000000e+00  0.000000000e+00
  0.000000000e+00  0.000000000e+00  0.000000000e+00  0.000000000e+00
  0.000000000e+00  0.000000000e+00  0.000000000e+00  0.000000000e+00
  0.000000000e+00  0.000000000e+00  0.000000000e+00  0.000000000e+00
  0.000000000e+00  0.000000000e+00  0.000000000e+00  0.000000000e+00
  0.000000000e+00  0.000000000e+00  0.000000000e+00  0.000000000e+00
  0.000000000e+00  0.000000000e+00  0.000000000e+00  0.000000000e+00
  0.000000000e+00  0.000000000e+00  0.000000000e+00  0.000000000e+00
  0.000000000e+00  0.000000000e+00  0.000000000e+00  0.000000000e+00
  0.000000000e+00  0.000000000e+00  0.000000000e+00  0.000000000e+00
  0.000000000e+00  0.000000000e+00  0.000000000e+00  0.000000000e+00
  0.000000000e+00  0.000000000e+00  0.000000000e+00  0.000000000e+00
  0.000000000e+00  0.000000000e+00  0.000000000e+00  0.000000000e+00
  0.000000000e+00  0.000000000e+00  0.000000000e+00  0.000000000e+00
  0.000000000e+00  0.000000000e+00  0.000000000e+00  0.000000000e+00
  0.000000000e+00  0.000000000e+00  0.000000000e+00  0.000000000e+00
  0.000000000e+00  0.000000000e+00  0.000000000e+00  0.000000000e+00
  0.000000000e+00  0.000000000e+00  0.000000000e+00  0.000000000e+00
  0.000000000e+00  0.000000000e+00  0.000000000e+00  0.000000000e+00
  0.000000000e+00
@R STORQUEB 101 []
  0.000000000e+00  0.000000000e+00  0.000000000e+00  0.000000000e+00
  0.000000000e+00  0.000000000e+00  0.000000000e+00  0.000000000e+00
  0.000000000e+00  0.000000000e+00  0.000000000e+00  0.000000000e+00
  0.000000000e+00  0.000000000e+00  0.000000000e+00  0.000000000e+00
  0.000000000e+00  0.000000000e+00  0.000000000e+00  0.000000000e+00
  0.000000000e+00  0.000000000e+00  0.000000000e+00  0.000000000e+00
  0.000000000e+00  0.000000000e+00  0.000000000e+00  0.000000000e+00
  0.000000000e+00  0.000000000e+00  0.000000000e+00  0.000000000e+00
  0.000000000e+00  0.000000000e+00  0.000000000e+00  0.000000000e+00
  0.000000000e+00  0.000000000e+00  0.000000000e+00  0.000000000e+00
  0.000000000e+00  0.000000000e+00  0.000000000e+00  0.000000000e+00
  0.000000000e+00  0.000000000e+00  0.000000000e+00  0.000000000e+00
  0.000000000e+00  0.000000000e+00  0.000000000e+00  0.000000000e+00
  0.000000000e+00  0.000000000e+00  0.000000000e+00  0.000000000e+00
  0.000000000e+00  0.000000000e+00  0.000000000e+00  0.000000000e+00
  0.000000000e+00  0.000000000e+00  0.000000000e+00  0.000000000e+00
  0.000000000e+00  0.000000000e+00  0.000000000e+00  0.000000000e+00
  0.000000000e+00  0.000000000e+00  0.000000000e+00  0.000000000e+00
  0.000000000e+00  0.000000000e+00  0.000000000e+00  0.000000000e+00
  0.000000000e+00  0.000000000e+00  0.000000000e+00  0.000000000e+00
  0.000000000e+00  0.000000000e+00  0.000000000e+00  0.000000000e+00
  0.000000000e+00  0.000000000e+00  0.000000000e+00  0.000000000e+00
  0.000000000e+00  0.000000000e+00  0.000000000e+00  0.000000000e+00
  0.000000000e+00  0.000000000e+00  0.000000000e+00  0.000000000e+00
  0.000000000e+00  0.000000000e+00  0.000000000e+00  0.000000000e+00
  0.000000000e+00
@R STORQUE 101 []
  0.000000000e+00  0.000000000e+00  0.000000000e+00  0.000000000e+00
  0.000000000e+00  0.000000000e+00  0.000000000e+00  0.000000000e+00
  0.000000000e+00  0.000000000e+00  0.000000000e+00  0.000000000e+00
  0.000000000e+00  0.000000000e+00  0.000000000e+00  0.000000000e+00
  0.000000000e+00  0.000000000e+00  0.000000000e+00  0.000000000e+00
  0.000000000e+00  0.000000000e+00  0.000000000e+00  0.000000000e+00
  0.000000000e+00  0.000000000e+00  0.000000000e+00  0.000000000e+00
  0.000000000e+00  0.000000000e+00  0.000000000e+00  0.000000000e+00
  0.000000000e+00  0.000000000e+00  0.000000000e+00  0.000000000e+00
  0.000000000e+00  0.000000000e+00  0.000000000e+00  0.000000000e+00
  0.000000000e+00  0.000000000e+00  0.000000000e+00  0.000000000e+00
  0.000000000e+00  0.000000000e+00  0.000000000e+00  0.000000000e+00
  0.000000000e+00  0.000000000e+00  0.000000000e+00  0.000000000e+00
  0.000000000e+00  0.000000000e+00  0.000000000e+00  0.000000000e+00
  0.000000000e+00  0.000000000e+00  0.000000000e+00  0.000000000e+00
  0.000000000e+00  0.000000000e+00  0.000000000e+00  0.000000000e+00
  0.000000000e+00  0.000000000e+00  0.000000000e+00  0.000000000e+00
  0.000000000e+00  0.000000000e+00  0.000000000e+00  0.000000000e+00
  0.000000000e+00  0.000000000e+00  0.000000000e+00  0.000000000e+00
  0.000000000e+00  0.000000000e+00  0.000000000e+00  0.000000000e+00
  0.000000000e+00  0.000000000e+00  0.000000000e+00  0.000000000e+00
  0.000000000e+00  0.000000000e+00  0.000000000e+00  0.000000000e+00
  0.000000000e+00  0.000000000e+00  0.000000000e+00  0.000000000e+00
  0.000000000e+00  0.000000000e+00  0.000000000e+00  0.000000000e+00
  0.000000000e+00  0.000000000e+00  0.000000000e+00  0.000000000e+00
  0.000000000e+00
@R SION 101 []
  0.000000000e+00  0.000000000e+00  0.000000000e+00  0.000000000e+00
  0.000000000e+00  0.000000000e+00  0.000000000e+00  0.000000000e+00
  0.000000000e+00  0.000000000e+00  0.000000000e+00  0.000000000e+00
  0.000000000e+00  0.000000000e+00  0.000000000e+00  0.000000000e+00
  0.000000000e+00  0.000000000e+00  0.000000000e+00  0.000000000e+00
  0.000000000e+00  0.000000000e+00  0.000000000e+00  0.000000000e+00
  0.000000000e+00  0.000000000e+00  0.000000000e+00  0.000000000e+00
  0.000000000e+00  0.000000000e+00  0.000000000e+00  0.000000000e+00
  0.000000000e+00  0.000000000e+00  0.000000000e+00  0.000000000e+00
  0.000000000e+00  0.000000000e+00  0.000000000e+00  0.000000000e+00
  0.000000000e+00  0.000000000e+00  0.000000000e+00  0.000000000e+00
  0.000000000e+00  0.000000000e+00  0.000000000e+00  0.000000000e+00
  0.000000000e+00  0.000000000e+00  0.000000000e+00  0.000000000e+00
  0.000000000e+00  0.000000000e+00  0.000000000e+00  0.000000000e+00
  0.000000000e+00  0.000000000e+00  0.000000000e+00  0.000000000e+00
  0.000000000e+00  0.000000000e+00  0.000000000e+00  0.000000000e+00
  0.000000000e+00  0.000000000e+00  0.000000000e+00  0.000000000e+00
  0.000000000e+00  0.000000000e+00  0.000000000e+00  0.000000000e+00
  0.000000000e+00  0.000000000e+00  0.000000000e+00  0.000000000e+00
  0.000000000e+00  0.000000000e+00  0.000000000e+00  0.000000000e+00
  0.000000000e+00  0.000000000e+00  0.000000000e+00  0.000000000e+00
  0.000000000e+00  0.000000000e+00  0.000000000e+00  0.000000000e+00
  0.000000000e+00  0.000000000e+00  0.000000000e+00  0.000000000e+00
  0.000000000e+00  0.000000000e+00  0.000000000e+00  0.000000000e+00
  0.000000000e+00  0.000000000e+00  0.000000000e+00  0.000000000e+00
  0.000000000e+00
@R CHIE 101 []
  0.000000000e+00  0.000000000e+00  0.000000000e+00  0.000000000e+00
  0.000000000e+00  0.000000000e+00  0.000000000e+00  0.000000000e+00
  0.000000000e+00  0.000000000e+00  0.000000000e+00  0.000000000e+00
  0.000000000e+00  0.000000000e+00  0.000000000e+00  0.000000000e+00
  0.000000000e+00  0.000000000e+00  0.000000000e+00  0.000000000e+00
  0.000000000e+00  0.000000000e+00  0.000000000e+00  0.000000000e+00
  0.000000000e+00  0.000000000e+00  0.000000000e+00  0.000000000e+00
  0.000000000e+00  0.000000000e+00  0.000000000e+00  0.000000000e+00
  0.000000000e+00  0.000000000e+00  0.000000000e+00  0.000000000e+00
  0.000000000e+00  0.000000000e+00  0.000000000e+00  0.000000000e+00
  0.000000000e+00  0.000000000e+00  0.000000000e+00  0.000000000e+00
  0.000000000e+00  0.000000000e+00  0.000000000e+00  0.000000000e+00
  0.000000000e+00  0.000000000e+00  0.000000000e+00  0.000000000e+00
  0.000000000e+00  0.000000000e+00  0.000000000e+00  0.000000000e+00
  0.000000000e+00  0.000000000e+00  0.000000000e+00  0.000000000e+00
  0.000000000e+00  0.000000000e+00  0.000000000e+00  0.000000000e+00
  0.000000000e+00  0.000000000e+00  0.000000000e+00  0.000000000e+00
  0.000000000e+00  0.000000000e+00  0.000000000e+00  0.000000000e+00
  0.000000000e+00  0.000000000e+00  0.000000000e+00  0.000000000e+00
  0.000000000e+00  0.000000000e+00  0.000000000e+00  0.000000000e+00
  0.000000000e+00  0.000000000e+00  0.000000000e+00  0.000000000e+00
  0.000000000e+00  0.000000000e+00  0.000000000e+00  0.000000000e+00
  0.000000000e+00  0.000000000e+00  0.000000000e+00  0.000000000e+00
  0.000000000e+00  0.000000000e+00  0.000000000e+00  0.000000000e+00
  0.000000000e+00  0.000000000e+00  0.000000000e+00  0.000000000e+00
  0.000000000e+00
@R CHII 101 []
  0.000000000e+00  0.000000000e+00  0.000000000e+00  0.000000000e+00
  0.000000000e+00  0.000000000e+00  0.000000000e+00  0.000000000e+00
  0.000000000e+00  0.000000000e+00  0.000000000e+00  0.000000000e+00
  0.000000000e+00  0.000000000e+00  0.000000000e+00  0.000000000e+00
  0.000000000e+00  0.000000000e+00  0.000000000e+00  0.000000000e+00
  0.000000000e+00  0.000000000e+00  0.000000000e+00  0.000000000e+00
  0.000000000e+00  0.000000000e+00  0.000000000e+00  0.000000000e+00
  0.000000000e+00  0.000000000e+00  0.000000000e+00  0.000000000e+00
  0.000000000e+00  0.000000000e+00  0.000000000e+00  0.000000000e+00
  0.000000000e+00  0.000000000e+00  0.000000000e+00  0.000000000e+00
  0.000000000e+00  0.000000000e+00  0.000000000e+00  0.000000000e+00
  0.000000000e+00  0.000000000e+00  0.000000000e+00  0.000000000e+00
  0.000000000e+00  0.000000000e+00  0.000000000e+00  0.000000000e+00
  0.000000000e+00  0.000000000e+00  0.000000000e+00  0.000000000e+00
  0.000000000e+00  0.000000000e+00  0.000000000e+00  0.000000000e+00
  0.000000000e+00  0.000000000e+00  0.000000000e+00  0.000000000e+00
  0.000000000e+00  0.000000000e+00  0.000000000e+00  0.000000000e+00
  0.000000000e+00  0.000000000e+00  0.000000000e+00  0.000000000e+00
  0.000000000e+00  0.000000000e+00  0.000000000e+00  0.000000000e+00
  0.000000000e+00  0.000000000e+00  0.000000000e+00  0.000000000e+00
  0.000000000e+00  0.000000000e+00  0.000000000e+00  0.000000000e+00
  0.000000000e+00  0.000000000e+00  0.000000000e+00  0.000000000e+00
  0.000000000e+00  0.000000000e+00  0.000000000e+00  0.000000000e+00
  0.000000000e+00  0.000000000e+00  0.000000000e+00  0.000000000e+00
  0.000000000e+00  0.000000000e+00  0.000000000e+00  0.000000000e+00
  0.000000000e+00
