  PS-state 101   5   1   1   1
   2   1
   3   1
  83  36
   2   1
   4   2
  Sqrt(Psi / Psilim)
 0.000000000E+00 0.117935931E-01 0.235862434E-01 0.353769555E-01 0.471647338E-01
 0.589485222E-01 0.707272196E-01 0.824996700E-01 0.942647091E-01 0.106021095E+00
 0.117767619E+00 0.129503151E+00 0.141226701E+00 0.152937045E+00 0.164633521E+00
 0.176314649E+00 0.187981134E+00 0.199629787E+00 0.211260855E+00 0.222871141E+00
 0.234461524E+00 0.246030575E+00 0.257576233E+00 0.269098293E+00 0.280596039E+00
 0.292068352E+00 0.303513715E+00 0.314931267E+00 0.326320119E+00 0.337679311E+00
 0.349007847E+00 0.360304711E+00 0.371568905E+00 0.382799432E+00 0.393995262E+00
 0.405155303E+00 0.416278759E+00 0.427364835E+00 0.438412414E+00 0.449420232E+00
 0.460387033E+00 0.471312562E+00 0.482195515E+00 0.493034233E+00 0.503828581E+00
 0.514577101E+00 0.525278374E+00 0.535932203E+00 0.546536470E+00 0.557091194E+00
 0.567594200E+00 0.578045451E+00 0.588442802E+00 0.598786083E+00 0.609073408E+00
 0.619303987E+00 0.629476916E+00 0.639590371E+00 0.649643829E+00 0.659635941E+00
 0.669565164E+00 0.679430749E+00 0.689231544E+00 0.698965860E+00 0.708632721E+00
 0.718231112E+00 0.727759659E+00 0.737216834E+00 0.746601528E+00 0.755912581E+00
 0.765148761E+00 0.774308491E+00 0.783390434E+00 0.792393336E+00 0.801315900E+00
 0.810156802E+00 0.818914546E+00 0.827587579E+00 0.836174524E+00 0.844673981E+00
 0.853084524E+00 0.861404699E+00 0.869632801E+00 0.877767147E+00 0.885806131E+00
 0.893748121E+00 0.901591546E+00 0.909334810E+00 0.916976159E+00 0.924513945E+00
 0.931946089E+00 0.939269958E+00 0.946482483E+00 0.953581150E+00 0.960564419E+00
 0.967431958E+00 0.974183335E+00 0.980818518E+00 0.987336250E+00 0.993732228E+00
 0.100000000E+01
       n_e
 0.276227739E+15 0.276077246E+15 0.275612541E+15 0.275038937E+15 0.274420068E+15
 0.273760962E+15 0.273062321E+15 0.272324862E+15 0.271549316E+15 0.270733611E+15
 0.269879429E+15 0.268989589E+15 0.268064853E+15 0.267106009E+15 0.266113809E+15
 0.265085812E+15 0.264025167E+15 0.262933795E+15 0.261812385E+15 0.260661963E+15
 0.259483163E+15 0.258274570E+15 0.257038363E+15 0.255776499E+15 0.254489781E+15
 0.253179054E+15 0.251845218E+15 0.250489097E+15 0.249109015E+15 0.247708346E+15
 0.246288065E+15 0.244849016E+15 0.243392041E+15 0.241917981E+15 0.240427680E+15
 0.238921743E+15 0.237399741E+15 0.235864109E+15 0.234315694E+15 0.232755357E+15
 0.231183959E+15 0.229602212E+15 0.228010974E+15 0.226411152E+15 0.224803424E+15
 0.223188657E+15 0.221567398E+15 0.219940242E+15 0.218308627E+15 0.216673165E+15
 0.215034800E+15 0.213394139E+15 0.211752108E+15 0.210109313E+15 0.208466625E+15
 0.206824730E+15 0.205184322E+15 0.203546233E+15 0.201911077E+15 0.200279587E+15
 0.198652517E+15 0.197030483E+15 0.195414149E+15 0.193804260E+15 0.192201426E+15
 0.190606253E+15 0.189019389E+15 0.187441497E+15 0.185873151E+15 0.184314921E+15
 0.182767371E+15 0.181231008E+15 0.179706506E+15 0.178194414E+15 0.176695237E+15
 0.175209453E+15 0.173737535E+15 0.172279912E+15 0.170836911E+15 0.169408766E+15
 0.167995353E+15 0.166596004E+15 0.165209295E+15 0.163832608E+15 0.162462036E+15
 0.161084568E+15 0.159675377E+15 0.158204389E+15 0.156628731E+15 0.154878679E+15
 0.152647246E+15 0.149805772E+15 0.146215517E+15 0.141297302E+15 0.134614206E+15
 0.126917900E+15 0.118165953E+15 0.109542055E+15 0.101744595E+15 0.952816889E+14
 0.940006513E+14
       t_e
 0.185129718E+02 0.184977573E+02 0.184486094E+02 0.183822426E+02 0.183038571E+02
 0.182147791E+02 0.181152058E+02 0.180053546E+02 0.178854616E+02 0.177550560E+02
 0.176146674E+02 0.174651243E+02 0.173067339E+02 0.171398206E+02 0.169647142E+02
 0.167810070E+02 0.165896512E+02 0.163912721E+02 0.161862263E+02 0.159749384E+02
 0.157577661E+02 0.155346807E+02 0.153063806E+02 0.150734901E+02 0.148364054E+02
 0.145955297E+02 0.143518455E+02 0.141073507E+02 0.138635497E+02 0.136208306E+02
 0.133794581E+02 0.131396575E+02 0.129016143E+02 0.126655135E+02 0.124315439E+02
 0.121998418E+02 0.119705450E+02 0.117436797E+02 0.115194807E+02 0.112982174E+02
 0.110802263E+02 0.108656914E+02 0.106545943E+02 0.104468555E+02 0.102422787E+02
 0.100405837E+02 0.984164987E+01 0.964545274E+01 0.945194577E+01 0.926121447E+01
 0.907348580E+01 0.888890489E+01 0.870759927E+01 0.852966097E+01 0.835520015E+01
 0.818424922E+01 0.801677922E+01 0.785275677E+01 0.769211180E+01 0.753475435E+01
 0.738059389E+01 0.722955854E+01 0.708159945E+01 0.693668324E+01 0.679478671E+01
 0.665590296E+01 0.652002479E+01 0.638713787E+01 0.625722099E+01 0.613025510E+01
 0.600621975E+01 0.588524412E+01 0.576718583E+01 0.565197232E+01 0.553954785E+01
 0.542984986E+01 0.532283547E+01 0.521848145E+01 0.511677057E+01 0.501775632E+01
 0.492164889E+01 0.482818411E+01 0.473734641E+01 0.464908506E+01 0.456331031E+01
 0.448009530E+01 0.439887090E+01 0.431861950E+01 0.423802507E+01 0.415510091E+01
 0.406013380E+01 0.394595966E+01 0.379168154E+01 0.353340462E+01 0.311035015E+01
 0.259596585E+01 0.198992962E+01 0.139082794E+01 0.857648249E+00 0.432433432E+00
 0.348149965E+00
n_i_01
 0.127904492E+15 0.127835355E+15 0.127622026E+15 0.127359052E+15 0.127075569E+15
 0.126773785E+15 0.126454255E+15 0.126117734E+15 0.125765025E+15 0.125395791E+15
 0.125010944E+15 0.124611440E+15 0.124197301E+15 0.123768561E+15 0.123325284E+15
 0.122866114E+15 0.122392115E+15 0.121903849E+15 0.121401499E+15 0.120885554E+15
 0.120356298E+15 0.119813021E+15 0.119256687E+15 0.118688161E+15 0.118107767E+15
 0.117515855E+15 0.116912792E+15 0.116298914E+15 0.115673354E+15 0.115037698E+15
 0.114392381E+15 0.113737775E+15 0.113074253E+15 0.112402188E+15 0.111721959E+15
 0.111033832E+15 0.110337565E+15 0.109634334E+15 0.108924528E+15 0.108208547E+15
 0.107486783E+15 0.106759577E+15 0.106027365E+15 0.105290613E+15 0.104549688E+15
 0.103805047E+15 0.103056975E+15 0.102305770E+15 0.101552134E+15 0.100796367E+15
 0.100038918E+15 0.992800729E+14 0.985202721E+14 0.977598066E+14 0.969990902E+14
 0.962384558E+14 0.954782449E+14 0.947188647E+14 0.939606191E+14 0.932038701E+14
 0.924489876E+14 0.916962733E+14 0.909460508E+14 0.901986783E+14 0.894544516E+14
 0.887136615E+14 0.879766191E+14 0.872436400E+14 0.865149999E+14 0.857909705E+14
 0.850718206E+14 0.843577867E+14 0.836491931E+14 0.829463018E+14 0.822493528E+14
 0.815585745E+14 0.808741911E+14 0.801964060E+14 0.795253752E+14 0.788612096E+14
 0.782038496E+14 0.775529942E+14 0.769079833E+14 0.762676000E+14 0.756300283E+14
 0.749892079E+14 0.743335843E+14 0.736491638E+14 0.729159895E+14 0.721016035E+14
 0.710630935E+14 0.697405715E+14 0.680695213E+14 0.657805100E+14 0.626699742E+14
 0.590876008E+14 0.550134807E+14 0.509986609E+14 0.473685204E+14 0.443596357E+14
 0.437632330E+14
t_i_01
 0.188273995E+02 0.188115363E+02 0.187600270E+02 0.186898017E+02 0.186061330E+02
 0.185105097E+02 0.184031614E+02 0.182843440E+02 0.181543382E+02 0.180126434E+02
 0.178598775E+02 0.176969895E+02 0.175243515E+02 0.173423569E+02 0.171514069E+02
 0.169511069E+02 0.167425442E+02 0.165264451E+02 0.163032450E+02 0.160734524E+02
 0.158375032E+02 0.155954386E+02 0.153480575E+02 0.150960699E+02 0.148399470E+02
 0.145801665E+02 0.143181997E+02 0.140572194E+02 0.137996118E+02 0.135452903E+02
 0.132942421E+02 0.130464925E+02 0.128020938E+02 0.125611007E+02 0.123235651E+02
 0.120895545E+02 0.118592730E+02 0.116325701E+02 0.114095498E+02 0.111903617E+02
 0.109752502E+02 0.107643004E+02 0.105573583E+02 0.103541970E+02 0.101544724E+02
 0.995777278E+01 0.976389423E+01 0.957275205E+01 0.938423522E+01 0.919830938E+01
 0.901508207E+01 0.883468646E+01 0.865729316E+01 0.848305055E+01 0.831215677E+01
 0.814471777E+01 0.798071857E+01 0.782011280E+01 0.766280856E+01 0.750867345E+01
 0.735757424E+01 0.720941818E+01 0.706414707E+01 0.692171872E+01 0.678210453E+01
 0.664529982E+01 0.651130624E+01 0.638012008E+01 0.625173062E+01 0.612612952E+01
 0.600330986E+01 0.588340971E+01 0.576631402E+01 0.565197018E+01 0.554034877E+01
 0.543141397E+01 0.532513478E+01 0.522148523E+01 0.512043842E+01 0.502203662E+01
 0.492645066E+01 0.483338459E+01 0.474280084E+01 0.465463730E+01 0.456879957E+01
 0.448531994E+01 0.440361139E+01 0.432268862E+01 0.424127309E+01 0.415742318E+01
 0.406156482E+01 0.394663644E+01 0.379181099E+01 0.353341046E+01 0.311047562E+01
 0.259617395E+01 0.199004768E+01 0.139075562E+01 0.857484891E+00 0.432373953E+00
 0.348111075E+00
n_i_02
 0.127904492E+15 0.127835355E+15 0.127622026E+15 0.127359052E+15 0.127075569E+15
 0.126773785E+15 0.126454255E+15 0.126117734E+15 0.125765025E+15 0.125395791E+15
 0.125010944E+15 0.124611440E+15 0.124197301E+15 0.123768561E+15 0.123325284E+15
 0.122866114E+15 0.122392115E+15 0.121903849E+15 0.121401499E+15 0.120885554E+15
 0.120356298E+15 0.119813021E+15 0.119256687E+15 0.118688161E+15 0.118107767E+15
 0.117515855E+15 0.116912792E+15 0.116298914E+15 0.115673354E+15 0.115037698E+15
 0.114392381E+15 0.113737775E+15 0.113074253E+15 0.112402188E+15 0.111721959E+15
 0.111033832E+15 0.110337565E+15 0.109634334E+15 0.108924528E+15 0.108208547E+15
 0.107486783E+15 0.106759577E+15 0.106027365E+15 0.105290613E+15 0.104549688E+15
 0.103805047E+15 0.103056975E+15 0.102305770E+15 0.101552134E+15 0.100796367E+15
 0.100038918E+15 0.992800729E+14 0.985202721E+14 0.977598066E+14 0.969990902E+14
 0.962384558E+14 0.954782449E+14 0.947188647E+14 0.939606191E+14 0.932038701E+14
 0.924489876E+14 0.916962733E+14 0.909460508E+14 0.901986783E+14 0.894544516E+14
 0.887136615E+14 0.879766191E+14 0.872436400E+14 0.865149999E+14 0.857909705E+14
 0.850718206E+14 0.843577867E+14 0.836491931E+14 0.829463018E+14 0.822493528E+14
 0.815585745E+14 0.808741911E+14 0.801964060E+14 0.795253752E+14 0.788612096E+14
 0.782038496E+14 0.775529942E+14 0.769079833E+14 0.762676000E+14 0.756300283E+14
 0.749892079E+14 0.743335843E+14 0.736491638E+14 0.729159895E+14 0.721016035E+14
 0.710630935E+14 0.697405715E+14 0.680695213E+14 0.657805100E+14 0.626699742E+14
 0.590876008E+14 0.550134807E+14 0.509986609E+14 0.473685204E+14 0.443596357E+14
 0.437632330E+14
t_i_02
 0.188273995E+02 0.188115363E+02 0.187600270E+02 0.186898017E+02 0.186061330E+02
 0.185105097E+02 0.184031614E+02 0.182843440E+02 0.181543382E+02 0.180126434E+02
 0.178598775E+02 0.176969895E+02 0.175243515E+02 0.173423569E+02 0.171514069E+02
 0.169511069E+02 0.167425442E+02 0.165264451E+02 0.163032450E+02 0.160734524E+02
 0.158375032E+02 0.155954386E+02 0.153480575E+02 0.150960699E+02 0.148399470E+02
 0.145801665E+02 0.143181997E+02 0.140572194E+02 0.137996118E+02 0.135452903E+02
 0.132942421E+02 0.130464925E+02 0.128020938E+02 0.125611007E+02 0.123235651E+02
 0.120895545E+02 0.118592730E+02 0.116325701E+02 0.114095498E+02 0.111903617E+02
 0.109752502E+02 0.107643004E+02 0.105573583E+02 0.103541970E+02 0.101544724E+02
 0.995777278E+01 0.976389423E+01 0.957275205E+01 0.938423522E+01 0.919830938E+01
 0.901508207E+01 0.883468646E+01 0.865729316E+01 0.848305055E+01 0.831215677E+01
 0.814471777E+01 0.798071857E+01 0.782011280E+01 0.766280856E+01 0.750867345E+01
 0.735757424E+01 0.720941818E+01 0.706414707E+01 0.692171872E+01 0.678210453E+01
 0.664529982E+01 0.651130624E+01 0.638012008E+01 0.625173062E+01 0.612612952E+01
 0.600330986E+01 0.588340971E+01 0.576631402E+01 0.565197018E+01 0.554034877E+01
 0.543141397E+01 0.532513478E+01 0.522148523E+01 0.512043842E+01 0.502203662E+01
 0.492645066E+01 0.483338459E+01 0.474280084E+01 0.465463730E+01 0.456879957E+01
 0.448531994E+01 0.440361139E+01 0.432268862E+01 0.424127309E+01 0.415742318E+01
 0.406156482E+01 0.394663644E+01 0.379181099E+01 0.353341046E+01 0.311047562E+01
 0.259617395E+01 0.199004768E+01 0.139075562E+01 0.857484891E+00 0.432373953E+00
 0.348111075E+00
n_i_03
 0.567187661E+12 0.566848198E+12 0.565791354E+12 0.564467583E+12 0.563025840E+12
 0.561483124E+12 0.559828104E+12 0.558038723E+12 0.556090736E+12 0.553945234E+12
 0.551598337E+12 0.549075277E+12 0.546395884E+12 0.543580217E+12 0.540645574E+12
 0.537599535E+12 0.534470452E+12 0.531280462E+12 0.528038518E+12 0.524745972E+12
 0.521404626E+12 0.518014676E+12 0.514583035E+12 0.511116037E+12 0.507617937E+12
 0.504092916E+12 0.500545393E+12 0.496979699E+12 0.493397425E+12 0.489804171E+12
 0.486202871E+12 0.482596266E+12 0.478987081E+12 0.475377915E+12 0.471771162E+12
 0.468168853E+12 0.464572523E+12 0.460984504E+12 0.457406587E+12 0.453840618E+12
 0.450288698E+12 0.446751609E+12 0.443228979E+12 0.439720140E+12 0.436223567E+12
 0.432737868E+12 0.429262448E+12 0.425797280E+12 0.422343307E+12 0.418900832E+12
 0.415471258E+12 0.412055378E+12 0.408654552E+12 0.405269442E+12 0.401901236E+12
 0.398550505E+12 0.395217548E+12 0.391902893E+12 0.388606631E+12 0.385329069E+12
 0.382070613E+12 0.378831563E+12 0.375612439E+12 0.372413981E+12 0.369236752E+12
 0.366081382E+12 0.362948642E+12 0.359839353E+12 0.356754199E+12 0.353693888E+12
 0.350659150E+12 0.347650952E+12 0.344670000E+12 0.341716967E+12 0.338792529E+12
 0.335897333E+12 0.333032035E+12 0.330197234E+12 0.327393354E+12 0.324620756E+12
 0.321879278E+12 0.319167097E+12 0.316481347E+12 0.313816881E+12 0.311166090E+12
 0.308504235E+12 0.305783556E+12 0.302946154E+12 0.299909791E+12 0.296540895E+12
 0.292251653E+12 0.286795254E+12 0.279902060E+12 0.270452272E+12 0.257618254E+12
 0.242852743E+12 0.226083099E+12 0.209575920E+12 0.194654295E+12 0.182289378E+12
 0.179838480E+12
t_i_03
 0.188273995E+02 0.188115363E+02 0.187600270E+02 0.186898017E+02 0.186061330E+02
 0.185105097E+02 0.184031614E+02 0.182843440E+02 0.181543382E+02 0.180126434E+02
 0.178598775E+02 0.176969895E+02 0.175243515E+02 0.173423569E+02 0.171514069E+02
 0.169511069E+02 0.167425442E+02 0.165264451E+02 0.163032450E+02 0.160734524E+02
 0.158375032E+02 0.155954386E+02 0.153480575E+02 0.150960699E+02 0.148399470E+02
 0.145801665E+02 0.143181997E+02 0.140572194E+02 0.137996118E+02 0.135452903E+02
 0.132942421E+02 0.130464925E+02 0.128020938E+02 0.125611007E+02 0.123235651E+02
 0.120895545E+02 0.118592730E+02 0.116325701E+02 0.114095498E+02 0.111903617E+02
 0.109752502E+02 0.107643004E+02 0.105573583E+02 0.103541970E+02 0.101544724E+02
 0.995777278E+01 0.976389423E+01 0.957275205E+01 0.938423522E+01 0.919830938E+01
 0.901508207E+01 0.883468646E+01 0.865729316E+01 0.848305055E+01 0.831215677E+01
 0.814471777E+01 0.798071857E+01 0.782011280E+01 0.766280856E+01 0.750867345E+01
 0.735757424E+01 0.720941818E+01 0.706414707E+01 0.692171872E+01 0.678210453E+01
 0.664529982E+01 0.651130624E+01 0.638012008E+01 0.625173062E+01 0.612612952E+01
 0.600330986E+01 0.588340971E+01 0.576631402E+01 0.565197018E+01 0.554034877E+01
 0.543141397E+01 0.532513478E+01 0.522148523E+01 0.512043842E+01 0.502203662E+01
 0.492645066E+01 0.483338459E+01 0.474280084E+01 0.465463730E+01 0.456879957E+01
 0.448531994E+01 0.440361139E+01 0.432268862E+01 0.424127309E+01 0.415742318E+01
 0.406156482E+01 0.394663644E+01 0.379181099E+01 0.353341046E+01 0.311047562E+01
 0.259617395E+01 0.199004768E+01 0.139075562E+01 0.857484891E+00 0.432373953E+00
 0.348111075E+00
n_i_04
 0.000000000E+00 0.000000000E+00 0.000000000E+00 0.000000000E+00 0.000000000E+00
 0.000000000E+00 0.000000000E+00 0.000000000E+00 0.000000000E+00 0.000000000E+00
 0.000000000E+00 0.000000000E+00 0.000000000E+00 0.000000000E+00 0.000000000E+00
 0.000000000E+00 0.000000000E+00 0.000000000E+00 0.000000000E+00 0.000000000E+00
 0.000000000E+00 0.000000000E+00 0.000000000E+00 0.000000000E+00 0.000000000E+00
 0.000000000E+00 0.000000000E+00 0.000000000E+00 0.000000000E+00 0.000000000E+00
 0.000000000E+00 0.000000000E+00 0.000000000E+00 0.000000000E+00 0.000000000E+00
 0.000000000E+00 0.000000000E+00 0.000000000E+00 0.000000000E+00 0.000000000E+00
 0.000000000E+00 0.000000000E+00 0.000000000E+00 0.000000000E+00 0.000000000E+00
 0.000000000E+00 0.000000000E+00 0.000000000E+00 0.000000000E+00 0.000000000E+00
 0.000000000E+00 0.000000000E+00 0.000000000E+00 0.000000000E+00 0.000000000E+00
 0.000000000E+00 0.000000000E+00 0.000000000E+00 0.000000000E+00 0.000000000E+00
 0.000000000E+00 0.000000000E+00 0.000000000E+00 0.000000000E+00 0.000000000E+00
 0.000000000E+00 0.000000000E+00 0.000000000E+00 0.000000000E+00 0.000000000E+00
 0.000000000E+00 0.000000000E+00 0.000000000E+00 0.000000000E+00 0.000000000E+00
 0.000000000E+00 0.000000000E+00 0.000000000E+00 0.000000000E+00 0.000000000E+00
 0.000000000E+00 0.000000000E+00 0.000000000E+00 0.000000000E+00 0.000000000E+00
 0.000000000E+00 0.000000000E+00 0.000000000E+00 0.000000000E+00 0.000000000E+00
 0.000000000E+00 0.000000000E+00 0.000000000E+00 0.000000000E+00 0.000000000E+00
 0.000000000E+00 0.000000000E+00 0.000000000E+00 0.000000000E+00 0.000000000E+00
 0.000000000E+00
t_i_04
 0.000000000E+00 0.000000000E+00 0.000000000E+00 0.000000000E+00 0.000000000E+00
 0.000000000E+00 0.000000000E+00 0.000000000E+00 0.000000000E+00 0.000000000E+00
 0.000000000E+00 0.000000000E+00 0.000000000E+00 0.000000000E+00 0.000000000E+00
 0.000000000E+00 0.000000000E+00 0.000000000E+00 0.000000000E+00 0.000000000E+00
 0.000000000E+00 0.000000000E+00 0.000000000E+00 0.000000000E+00 0.000000000E+00
 0.000000000E+00 0.000000000E+00 0.000000000E+00 0.000000000E+00 0.000000000E+00
 0.000000000E+00 0.000000000E+00 0.000000000E+00 0.000000000E+00 0.000000000E+00
 0.000000000E+00 0.000000000E+00 0.000000000E+00 0.000000000E+00 0.000000000E+00
 0.000000000E+00 0.000000000E+00 0.000000000E+00 0.000000000E+00 0.000000000E+00
 0.000000000E+00 0.000000000E+00 0.000000000E+00 0.000000000E+00 0.000000000E+00
 0.000000000E+00 0.000000000E+00 0.000000000E+00 0.000000000E+00 0.000000000E+00
 0.000000000E+00 0.000000000E+00 0.000000000E+00 0.000000000E+00 0.000000000E+00
 0.000000000E+00 0.000000000E+00 0.000000000E+00 0.000000000E+00 0.000000000E+00
 0.000000000E+00 0.000000000E+00 0.000000000E+00 0.000000000E+00 0.000000000E+00
 0.000000000E+00 0.000000000E+00 0.000000000E+00 0.000000000E+00 0.000000000E+00
 0.000000000E+00 0.000000000E+00 0.000000000E+00 0.000000000E+00 0.000000000E+00
 0.000000000E+00 0.000000000E+00 0.000000000E+00 0.000000000E+00 0.000000000E+00
 0.000000000E+00 0.000000000E+00 0.000000000E+00 0.000000000E+00 0.000000000E+00
 0.000000000E+00 0.000000000E+00 0.000000000E+00 0.000000000E+00 0.000000000E+00
 0.000000000E+00 0.000000000E+00 0.000000000E+00 0.000000000E+00 0.000000000E+00
 0.000000000E+00
n_i_05
 0.000000000E+00 0.000000000E+00 0.000000000E+00 0.000000000E+00 0.000000000E+00
 0.000000000E+00 0.000000000E+00 0.000000000E+00 0.000000000E+00 0.000000000E+00
 0.000000000E+00 0.000000000E+00 0.000000000E+00 0.000000000E+00 0.000000000E+00
 0.000000000E+00 0.000000000E+00 0.000000000E+00 0.000000000E+00 0.000000000E+00
 0.000000000E+00 0.000000000E+00 0.000000000E+00 0.000000000E+00 0.000000000E+00
 0.000000000E+00 0.000000000E+00 0.000000000E+00 0.000000000E+00 0.000000000E+00
 0.000000000E+00 0.000000000E+00 0.000000000E+00 0.000000000E+00 0.000000000E+00
 0.000000000E+00 0.000000000E+00 0.000000000E+00 0.000000000E+00 0.000000000E+00
 0.000000000E+00 0.000000000E+00 0.000000000E+00 0.000000000E+00 0.000000000E+00
 0.000000000E+00 0.000000000E+00 0.000000000E+00 0.000000000E+00 0.000000000E+00
 0.000000000E+00 0.000000000E+00 0.000000000E+00 0.000000000E+00 0.000000000E+00
 0.000000000E+00 0.000000000E+00 0.000000000E+00 0.000000000E+00 0.000000000E+00
 0.000000000E+00 0.000000000E+00 0.000000000E+00 0.000000000E+00 0.000000000E+00
 0.000000000E+00 0.000000000E+00 0.000000000E+00 0.000000000E+00 0.000000000E+00
 0.000000000E+00 0.000000000E+00 0.000000000E+00 0.000000000E+00 0.000000000E+00
 0.000000000E+00 0.000000000E+00 0.000000000E+00 0.000000000E+00 0.000000000E+00
 0.000000000E+00 0.000000000E+00 0.000000000E+00 0.000000000E+00 0.000000000E+00
 0.000000000E+00 0.000000000E+00 0.000000000E+00 0.000000000E+00 0.000000000E+00
 0.000000000E+00 0.000000000E+00 0.000000000E+00 0.000000000E+00 0.000000000E+00
 0.000000000E+00 0.000000000E+00 0.000000000E+00 0.000000000E+00 0.000000000E+00
 0.000000000E+00
t_i_05
 0.000000000E+00 0.000000000E+00 0.000000000E+00 0.000000000E+00 0.000000000E+00
 0.000000000E+00 0.000000000E+00 0.000000000E+00 0.000000000E+00 0.000000000E+00
 0.000000000E+00 0.000000000E+00 0.000000000E+00 0.000000000E+00 0.000000000E+00
 0.000000000E+00 0.000000000E+00 0.000000000E+00 0.000000000E+00 0.000000000E+00
 0.000000000E+00 0.000000000E+00 0.000000000E+00 0.000000000E+00 0.000000000E+00
 0.000000000E+00 0.000000000E+00 0.000000000E+00 0.000000000E+00 0.000000000E+00
 0.000000000E+00 0.000000000E+00 0.000000000E+00 0.000000000E+00 0.000000000E+00
 0.000000000E+00 0.000000000E+00 0.000000000E+00 0.000000000E+00 0.000000000E+00
 0.000000000E+00 0.000000000E+00 0.000000000E+00 0.000000000E+00 0.000000000E+00
 0.000000000E+00 0.000000000E+00 0.000000000E+00 0.000000000E+00 0.000000000E+00
 0.000000000E+00 0.000000000E+00 0.000000000E+00 0.000000000E+00 0.000000000E+00
 0.000000000E+00 0.000000000E+00 0.000000000E+00 0.000000000E+00 0.000000000E+00
 0.000000000E+00 0.000000000E+00 0.000000000E+00 0.000000000E+00 0.000000000E+00
 0.000000000E+00 0.000000000E+00 0.000000000E+00 0.000000000E+00 0.000000000E+00
 0.000000000E+00 0.000000000E+00 0.000000000E+00 0.000000000E+00 0.000000000E+00
 0.000000000E+00 0.000000000E+00 0.000000000E+00 0.000000000E+00 0.000000000E+00
 0.000000000E+00 0.000000000E+00 0.000000000E+00 0.000000000E+00 0.000000000E+00
 0.000000000E+00 0.000000000E+00 0.000000000E+00 0.000000000E+00 0.000000000E+00
 0.000000000E+00 0.000000000E+00 0.000000000E+00 0.000000000E+00 0.000000000E+00
 0.000000000E+00 0.000000000E+00 0.000000000E+00 0.000000000E+00 0.000000000E+00
 0.000000000E+00
