@I NRHO 1 []
101
@R RHOB 1 []
1.262344e+00
@R RHO 101 []
0.000000e+00 1.000000e-02 2.000000e-02 3.000000e-02 4.000000e-02 
5.000000e-02 6.000000e-02 7.000000e-02 8.000000e-02 9.000000e-02 
1.000000e-01 1.100000e-01 1.200000e-01 1.300000e-01 1.400000e-01 
1.500000e-01 1.600000e-01 1.700000e-01 1.800000e-01 1.900000e-01 
2.000000e-01 2.100000e-01 2.200000e-01 2.300000e-01 2.400000e-01 
2.500000e-01 2.600000e-01 2.700000e-01 2.800000e-01 2.900000e-01 
3.000000e-01 3.100000e-01 3.200000e-01 3.300000e-01 3.400000e-01 
3.500000e-01 3.600000e-01 3.700000e-01 3.800000e-01 3.900000e-01 
4.000000e-01 4.100000e-01 4.200000e-01 4.300000e-01 4.400000e-01 
4.500000e-01 4.600000e-01 4.700000e-01 4.800000e-01 4.900000e-01 
5.000000e-01 5.100000e-01 5.200000e-01 5.300000e-01 5.400000e-01 
5.500000e-01 5.600000e-01 5.700000e-01 5.800000e-01 5.900000e-01 
6.000000e-01 6.100000e-01 6.200000e-01 6.300000e-01 6.400000e-01 
6.500000e-01 6.600000e-01 6.700000e-01 6.800000e-01 6.900000e-01 
7.000000e-01 7.100000e-01 7.200000e-01 7.300000e-01 7.400000e-01 
7.500000e-01 7.600000e-01 7.700000e-01 7.800000e-01 7.900000e-01 
8.000000e-01 8.100000e-01 8.200000e-01 8.300000e-01 8.400000e-01 
8.500000e-01 8.600000e-01 8.700000e-01 8.800000e-01 8.900000e-01 
9.000000e-01 9.100000e-01 9.200000e-01 9.300000e-01 9.400000e-01 
9.500000e-01 9.600000e-01 9.700000e-01 9.800000e-01 9.900000e-01 
1.000000e+00 
@R VOLP 101 []
0.000000e+00 2.436832e+00 4.873426e+00 7.309543e+00 9.744952e+00 
1.217942e+01 1.461272e+01 1.704464e+01 1.947496e+01 2.190348e+01 
2.433002e+01 2.675439e+01 2.917641e+01 3.159593e+01 3.401281e+01 
3.642692e+01 3.883813e+01 4.124636e+01 4.365151e+01 4.605351e+01 
4.845231e+01 5.084786e+01 5.324013e+01 5.562912e+01 5.801485e+01 
6.039733e+01 6.277658e+01 6.515258e+01 6.752522e+01 6.989444e+01 
7.226039e+01 7.462335e+01 7.698361e+01 7.934131e+01 8.169648e+01 
8.404910e+01 8.639911e+01 8.874655e+01 9.109145e+01 9.343381e+01 
9.577367e+01 9.811103e+01 1.004459e+02 1.027782e+02 1.051080e+02 
1.074352e+02 1.097596e+02 1.120814e+02 1.144003e+02 1.167163e+02 
1.190292e+02 1.213391e+02 1.236457e+02 1.259490e+02 1.282488e+02 
1.305450e+02 1.328374e+02 1.351259e+02 1.374104e+02 1.396906e+02 
1.419666e+02 1.442381e+02 1.465050e+02 1.487672e+02 1.510246e+02 
1.532772e+02 1.555250e+02 1.577679e+02 1.600059e+02 1.622389e+02 
1.644668e+02 1.666895e+02 1.689068e+02 1.711186e+02 1.733249e+02 
1.755256e+02 1.777207e+02 1.799103e+02 1.820943e+02 1.842729e+02 
1.864460e+02 1.886137e+02 1.907759e+02 1.929328e+02 1.950845e+02 
1.972321e+02 1.993770e+02 2.015198e+02 2.036587e+02 2.057876e+02 
2.078957e+02 2.099719e+02 2.120125e+02 2.140211e+02 2.160052e+02 
2.179723e+02 2.199368e+02 2.219346e+02 2.240325e+02 2.262904e+02 
2.287347e+02 
@R IPOL 101 []
1.014793e+00 1.014793e+00 1.014795e+00 1.014797e+00 1.014801e+00 
1.014806e+00 1.014812e+00 1.014819e+00 1.014826e+00 1.014833e+00 
1.014840e+00 1.014846e+00 1.014851e+00 1.014855e+00 1.014856e+00 
1.014855e+00 1.014851e+00 1.014843e+00 1.014831e+00 1.014814e+00 
1.014791e+00 1.014763e+00 1.014728e+00 1.014686e+00 1.014637e+00 
1.014579e+00 1.014513e+00 1.014438e+00 1.014353e+00 1.014260e+00 
1.014159e+00 1.014047e+00 1.013923e+00 1.013787e+00 1.013639e+00 
1.013478e+00 1.013306e+00 1.013122e+00 1.012928e+00 1.012722e+00 
1.012506e+00 1.012280e+00 1.012044e+00 1.011798e+00 1.011544e+00 
1.011281e+00 1.011011e+00 1.010733e+00 1.010448e+00 1.010157e+00 
1.009861e+00 1.009560e+00 1.009254e+00 1.008945e+00 1.008633e+00 
1.008318e+00 1.008001e+00 1.007683e+00 1.007365e+00 1.007046e+00 
1.006728e+00 1.006411e+00 1.006096e+00 1.005782e+00 1.005471e+00 
1.005163e+00 1.004858e+00 1.004556e+00 1.004258e+00 1.003965e+00 
1.003676e+00 1.003393e+00 1.003116e+00 1.002845e+00 1.002581e+00 
1.002324e+00 1.002075e+00 1.001835e+00 1.001603e+00 1.001380e+00 
1.001167e+00 1.000963e+00 1.000770e+00 1.000588e+00 1.000417e+00 
1.000257e+00 1.000109e+00 9.999732e-01 9.998516e-01 9.997468e-01 
9.996657e-01 9.996187e-01 9.996109e-01 9.996385e-01 9.996959e-01 
9.997737e-01 9.998579e-01 9.999331e-01 9.999881e-01 1.000018e+00 
1.000013e+00 
@R G11 101 []
0.000000e+00 2.444542e+00 4.889321e+00 7.334313e+00 9.779940e+00 
1.222654e+01 1.467375e+01 1.712113e+01 1.956933e+01 2.201917e+01 
2.447051e+01 2.692265e+01 2.937703e+01 3.183101e+01 3.428898e+01 
3.674019e+01 3.919675e+01 4.165722e+01 4.412114e+01 4.659371e+01 
4.905288e+01 5.152557e+01 5.400288e+01 5.647422e+01 5.894591e+01 
6.142240e+01 6.390422e+01 6.638632e+01 6.886963e+01 7.135477e+01 
7.384172e+01 7.633031e+01 7.882062e+01 8.131274e+01 8.380806e+01 
8.630262e+01 8.879509e+01 9.129051e+01 9.379131e+01 9.629983e+01 
9.880180e+01 1.013006e+02 1.038187e+02 1.063292e+02 1.088372e+02 
1.113636e+02 1.138783e+02 1.164074e+02 1.189346e+02 1.214681e+02 
1.240068e+02 1.265476e+02 1.291002e+02 1.316476e+02 1.342167e+02 
1.367757e+02 1.393503e+02 1.419393e+02 1.445180e+02 1.471197e+02 
1.497334e+02 1.523397e+02 1.549667e+02 1.576124e+02 1.602583e+02 
1.629112e+02 1.655862e+02 1.682788e+02 1.709779e+02 1.736864e+02 
1.764138e+02 1.791660e+02 1.819341e+02 1.847177e+02 1.875183e+02 
1.903398e+02 1.931916e+02 1.960711e+02 1.989729e+02 2.019011e+02 
2.048558e+02 2.078456e+02 2.108790e+02 2.139511e+02 2.170609e+02 
2.202106e+02 2.234036e+02 2.266574e+02 2.299754e+02 2.333593e+02 
2.368247e+02 2.404055e+02 2.441176e+02 2.479417e+02 2.518740e+02 
2.559499e+02 2.601626e+02 2.644638e+02 2.688940e+02 2.734748e+02 
2.782212e+02 
@R G22 101 []
0.000000e+00 1.247860e-02 2.495853e-02 3.743981e-02 4.992470e-02 
6.241509e-02 7.490918e-02 8.740499e-02 9.990592e-02 1.124163e-01 
1.249357e-01 1.374607e-01 1.499987e-01 1.625366e-01 1.750970e-01 
1.876252e-01 2.001834e-01 2.127644e-01 2.253662e-01 2.380157e-01 
2.506006e-01 2.632587e-01 2.759448e-01 2.886053e-01 3.012729e-01 
3.139709e-01 3.267021e-01 3.394408e-01 3.521918e-01 3.649585e-01 
3.777416e-01 3.905415e-01 4.033595e-01 4.161965e-01 4.290600e-01 
4.419296e-01 4.547983e-01 4.676921e-01 4.806237e-01 4.936051e-01 
5.065636e-01 5.195165e-01 5.325792e-01 5.456138e-01 5.586467e-01 
5.717849e-01 5.848737e-01 5.980472e-01 6.112218e-01 6.244396e-01 
6.376941e-01 6.509702e-01 6.643172e-01 6.776474e-01 6.910993e-01 
7.045087e-01 7.180077e-01 7.315904e-01 7.451289e-01 7.587947e-01 
7.725306e-01 7.862366e-01 8.000571e-01 8.139825e-01 8.279159e-01 
8.418936e-01 8.559927e-01 8.701906e-01 8.844294e-01 8.987236e-01 
9.131214e-01 9.276535e-01 9.422724e-01 9.569747e-01 9.717685e-01 
9.866721e-01 1.001734e+00 1.016938e+00 1.032258e+00 1.047713e+00 
1.063301e+00 1.079064e+00 1.095045e+00 1.111215e+00 1.127568e+00 
1.144117e+00 1.160882e+00 1.177953e+00 1.195332e+00 1.212987e+00 
1.230943e+00 1.249324e+00 1.268188e+00 1.287442e+00 1.307093e+00 
1.327342e+00 1.348197e+00 1.369556e+00 1.391902e+00 1.415528e+00 
1.440507e+00 
@R G33 101 []
9.169355e-01 9.169498e-01 9.169928e-01 9.170644e-01 9.171644e-01 
9.172926e-01 9.174489e-01 9.176330e-01 9.178444e-01 9.180830e-01 
9.183482e-01 9.186395e-01 9.189565e-01 9.192987e-01 9.196653e-01 
9.200560e-01 9.204700e-01 9.209064e-01 9.213648e-01 9.218444e-01 
9.223442e-01 9.228637e-01 9.234021e-01 9.239584e-01 9.245315e-01 
9.251206e-01 9.257251e-01 9.263450e-01 9.269807e-01 9.276318e-01 
9.282966e-01 9.289727e-01 9.296582e-01 9.303518e-01 9.310531e-01 
9.317625e-01 9.324804e-01 9.332066e-01 9.339409e-01 9.346830e-01 
9.354327e-01 9.361898e-01 9.369542e-01 9.377259e-01 9.385049e-01 
9.392913e-01 9.400853e-01 9.408869e-01 9.416963e-01 9.425137e-01 
9.433392e-01 9.441730e-01 9.450151e-01 9.458657e-01 9.467251e-01 
9.475933e-01 9.484706e-01 9.493571e-01 9.502530e-01 9.511583e-01 
9.520730e-01 9.529972e-01 9.539308e-01 9.548736e-01 9.558252e-01 
9.567853e-01 9.577533e-01 9.587285e-01 9.597105e-01 9.606991e-01 
9.616940e-01 9.626949e-01 9.637018e-01 9.647144e-01 9.657321e-01 
9.667545e-01 9.677808e-01 9.688102e-01 9.698416e-01 9.708740e-01 
9.719065e-01 9.729387e-01 9.739697e-01 9.749988e-01 9.760236e-01 
9.770394e-01 9.780384e-01 9.790165e-01 9.799812e-01 9.809580e-01 
9.819868e-01 9.831066e-01 9.843325e-01 9.856499e-01 9.870277e-01 
9.884416e-01 9.898418e-01 9.910834e-01 9.918814e-01 9.919878e-01 
9.913268e-01 
@R GRADRHO 101 []
1.005474e+00 9.976567e-01 9.976955e-01 9.977453e-01 9.978296e-01 
9.979457e-01 9.980702e-01 9.981920e-01 9.983315e-01 9.985054e-01 
9.987036e-01 9.989081e-01 9.991437e-01 9.993640e-01 9.996383e-01 
9.998103e-01 1.000054e+00 1.000342e+00 1.000662e+00 1.001064e+00 
1.001313e+00 1.001692e+00 1.002101e+00 1.002441e+00 1.002777e+00 
1.003144e+00 1.003542e+00 1.003930e+00 1.004316e+00 1.004704e+00 
1.005095e+00 1.005485e+00 1.005873e+00 1.006260e+00 1.006653e+00 
1.007029e+00 1.007382e+00 1.007739e+00 1.008115e+00 1.008519e+00 
1.008875e+00 1.009204e+00 1.009617e+00 1.009980e+00 1.010319e+00 
1.010731e+00 1.011077e+00 1.011475e+00 1.011852e+00 1.012242e+00 
1.012641e+00 1.013036e+00 1.013465e+00 1.013859e+00 1.014323e+00 
1.014735e+00 1.015190e+00 1.015682e+00 1.016122e+00 1.016628e+00 
1.017158e+00 1.017645e+00 1.018184e+00 1.018766e+00 1.019328e+00 
1.019891e+00 1.020501e+00 1.021142e+00 1.021777e+00 1.022414e+00 
1.023078e+00 1.023785e+00 1.024506e+00 1.025237e+00 1.025980e+00 
1.026742e+00 1.027546e+00 1.028379e+00 1.029224e+00 1.030087e+00 
1.030963e+00 1.031868e+00 1.032818e+00 1.033794e+00 1.034787e+00 
1.035792e+00 1.036808e+00 1.037862e+00 1.038957e+00 1.040097e+00 
1.041329e+00 1.042746e+00 1.044376e+00 1.046149e+00 1.048018e+00 
1.050012e+00 1.052049e+00 1.053906e+00 1.055407e+00 1.056274e+00 
1.056342e+00 
@R AREA 101 []
0.000000e+00 2.431265e+00 4.862420e+00 7.293438e+00 9.724211e+00 
1.215461e+01 1.458458e+01 1.701408e+01 1.944310e+01 2.187153e+01 
2.429927e+01 2.672628e+01 2.915250e+01 3.157785e+01 3.400236e+01 
3.642589e+01 3.884879e+01 4.127049e+01 4.369132e+01 4.611073e+01 
4.852909e+01 5.094635e+01 5.336224e+01 5.577689e+01 5.819036e+01 
6.060266e+01 6.301369e+01 6.542343e+01 6.783193e+01 7.023920e+01 
7.264523e+01 7.505005e+01 7.745368e+01 7.985616e+01 8.225752e+01 
8.465779e+01 8.705708e+01 8.945542e+01 9.185282e+01 9.424927e+01 
9.664478e+01 9.903957e+01 1.014336e+02 1.038267e+02 1.062192e+02 
1.086110e+02 1.110021e+02 1.133928e+02 1.157827e+02 1.181722e+02 
1.205612e+02 1.229498e+02 1.253378e+02 1.277256e+02 1.301130e+02 
1.325001e+02 1.348870e+02 1.372736e+02 1.396600e+02 1.420464e+02 
1.444325e+02 1.468187e+02 1.492050e+02 1.515912e+02 1.539776e+02 
1.563642e+02 1.587511e+02 1.611384e+02 1.635261e+02 1.659144e+02 
1.683034e+02 1.706932e+02 1.730839e+02 1.754757e+02 1.778688e+02 
1.802633e+02 1.826594e+02 1.850572e+02 1.874571e+02 1.898592e+02 
1.922639e+02 1.946715e+02 1.970823e+02 1.994966e+02 2.019148e+02 
2.043374e+02 2.067651e+02 2.091983e+02 2.116378e+02 2.140841e+02 
2.165378e+02 2.189992e+02 2.214684e+02 2.239455e+02 2.264313e+02 
2.289266e+02 2.314324e+02 2.339510e+02 2.364860e+02 2.390441e+02 
2.416344e+02 
@R A 101 []
0.000000e+00 1.129585e-02 2.259127e-02 3.388648e-02 4.518179e-02 
5.647685e-02 6.777154e-02 7.906623e-02 9.036093e-02 1.016553e-01 
1.129493e-01 1.242431e-01 1.355363e-01 1.468289e-01 1.581214e-01 
1.694131e-01 1.807059e-01 1.919973e-01 2.032888e-01 2.145780e-01 
2.258667e-01 2.371548e-01 2.484407e-01 2.597252e-01 2.710086e-01 
2.822907e-01 2.935709e-01 3.048491e-01 3.161253e-01 3.273996e-01 
3.386716e-01 3.499415e-01 3.612090e-01 3.724738e-01 3.837358e-01 
3.949946e-01 4.062503e-01 4.175030e-01 4.287523e-01 4.399978e-01 
4.512392e-01 4.624771e-01 4.737109e-01 4.849399e-01 4.961649e-01 
5.073850e-01 5.186002e-01 5.298106e-01 5.410152e-01 5.522150e-01 
5.634084e-01 5.745965e-01 5.857780e-01 5.969535e-01 6.081222e-01 
6.192838e-01 6.304388e-01 6.415859e-01 6.527255e-01 6.638573e-01 
6.749805e-01 6.860951e-01 6.972012e-01 7.082976e-01 7.193844e-01 
7.304613e-01 7.415279e-01 7.525835e-01 7.636278e-01 7.746604e-01 
7.856810e-01 7.966889e-01 8.076834e-01 8.186641e-01 8.296306e-01 
8.405824e-01 8.515188e-01 8.624389e-01 8.733423e-01 8.842282e-01 
8.950961e-01 9.059452e-01 9.167746e-01 9.275833e-01 9.383705e-01 
9.491354e-01 9.598771e-01 9.705947e-01 9.812869e-01 9.919535e-01 
1.002594e+00 1.013207e+00 1.023795e+00 1.034358e+00 1.044899e+00 
1.055419e+00 1.065916e+00 1.076385e+00 1.086813e+00 1.097186e+00 
1.107491e+00 
@R RTOR 101 []
4.751623e+00 4.751604e+00 4.751544e+00 4.751445e+00 4.751307e+00 
4.751130e+00 4.750913e+00 4.750657e+00 4.750363e+00 4.750031e+00 
4.749661e+00 4.749253e+00 4.748809e+00 4.748327e+00 4.747809e+00 
4.747256e+00 4.746668e+00 4.746045e+00 4.745388e+00 4.744698e+00 
4.743975e+00 4.743221e+00 4.742435e+00 4.741618e+00 4.740772e+00 
4.739897e+00 4.738993e+00 4.738062e+00 4.737103e+00 4.736118e+00 
4.735107e+00 4.734070e+00 4.733009e+00 4.731924e+00 4.730817e+00 
4.729688e+00 4.728537e+00 4.727366e+00 4.726175e+00 4.724963e+00 
4.723733e+00 4.722483e+00 4.721214e+00 4.719927e+00 4.718622e+00 
4.717298e+00 4.715956e+00 4.714597e+00 4.713219e+00 4.711823e+00 
4.710408e+00 4.708976e+00 4.707525e+00 4.706056e+00 4.704568e+00 
4.703061e+00 4.701534e+00 4.699989e+00 4.698423e+00 4.696837e+00 
4.695231e+00 4.693604e+00 4.691956e+00 4.690286e+00 4.688594e+00 
4.686880e+00 4.685143e+00 4.683383e+00 4.681600e+00 4.679792e+00 
4.677961e+00 4.676105e+00 4.674223e+00 4.672316e+00 4.670382e+00 
4.668422e+00 4.666434e+00 4.664418e+00 4.662373e+00 4.660299e+00 
4.658195e+00 4.656060e+00 4.653893e+00 4.651694e+00 4.649460e+00 
4.647192e+00 4.644888e+00 4.642549e+00 4.640172e+00 4.637756e+00 
4.635299e+00 4.632795e+00 4.630238e+00 4.627622e+00 4.624938e+00 
4.622184e+00 4.619354e+00 4.616453e+00 4.613487e+00 4.610467e+00 
4.607408e+00 
@R SHIFT 101 []
2.016234e-01 2.016036e-01 2.015442e-01 2.014452e-01 2.013069e-01 
2.011295e-01 2.009129e-01 2.006574e-01 2.003635e-01 2.000312e-01 
1.996610e-01 1.992533e-01 1.988085e-01 1.983270e-01 1.978095e-01 
1.972563e-01 1.966678e-01 1.960449e-01 1.953881e-01 1.946981e-01 
1.939754e-01 1.932207e-01 1.924348e-01 1.916183e-01 1.907720e-01 
1.898967e-01 1.889930e-01 1.880617e-01 1.871032e-01 1.861180e-01 
1.851066e-01 1.840701e-01 1.830090e-01 1.819242e-01 1.808168e-01 
1.796875e-01 1.785371e-01 1.773659e-01 1.761745e-01 1.749633e-01 
1.737327e-01 1.724830e-01 1.712144e-01 1.699273e-01 1.686219e-01 
1.672982e-01 1.659564e-01 1.645965e-01 1.632186e-01 1.618226e-01 
1.604085e-01 1.589760e-01 1.575252e-01 1.560558e-01 1.545677e-01 
1.530606e-01 1.515343e-01 1.499885e-01 1.484229e-01 1.468371e-01 
1.452310e-01 1.436039e-01 1.419557e-01 1.402859e-01 1.385941e-01 
1.368800e-01 1.351431e-01 1.333831e-01 1.315997e-01 1.297924e-01 
1.279608e-01 1.261045e-01 1.242230e-01 1.223158e-01 1.203823e-01 
1.184220e-01 1.164341e-01 1.144182e-01 1.123735e-01 1.102994e-01 
1.081951e-01 1.060600e-01 1.038931e-01 1.016935e-01 9.946022e-02 
9.719210e-02 9.488842e-02 9.254858e-02 9.017185e-02 8.775635e-02 
8.529899e-02 8.279517e-02 8.023836e-02 7.762152e-02 7.493841e-02 
7.218409e-02 6.935436e-02 6.645268e-02 6.348655e-02 6.046723e-02 
5.740772e-02 
@R ELONG 101 []
1.285980e+00 1.285986e+00 1.286005e+00 1.286019e+00 1.285998e+00 
1.285959e+00 1.285917e+00 1.285870e+00 1.285822e+00 1.285770e+00 
1.285714e+00 1.285653e+00 1.285591e+00 1.285529e+00 1.285462e+00 
1.285394e+00 1.285325e+00 1.285256e+00 1.285186e+00 1.285118e+00 
1.285051e+00 1.284986e+00 1.284924e+00 1.284866e+00 1.284813e+00 
1.284764e+00 1.284722e+00 1.284686e+00 1.284657e+00 1.284636e+00 
1.284623e+00 1.284619e+00 1.284625e+00 1.284641e+00 1.284669e+00 
1.284710e+00 1.284765e+00 1.284834e+00 1.284916e+00 1.285014e+00 
1.285127e+00 1.285255e+00 1.285399e+00 1.285559e+00 1.285736e+00 
1.285930e+00 1.286141e+00 1.286369e+00 1.286615e+00 1.286879e+00 
1.287160e+00 1.287461e+00 1.287780e+00 1.288117e+00 1.288474e+00 
1.288851e+00 1.289247e+00 1.289663e+00 1.290100e+00 1.290558e+00 
1.291037e+00 1.291537e+00 1.292060e+00 1.292606e+00 1.293175e+00 
1.293769e+00 1.294387e+00 1.295031e+00 1.295702e+00 1.296401e+00 
1.297128e+00 1.297886e+00 1.298675e+00 1.299496e+00 1.300351e+00 
1.301241e+00 1.302169e+00 1.303135e+00 1.304142e+00 1.305191e+00 
1.306286e+00 1.307428e+00 1.308620e+00 1.309865e+00 1.311166e+00 
1.312526e+00 1.313949e+00 1.315441e+00 1.317005e+00 1.318649e+00 
1.320374e+00 1.322181e+00 1.324066e+00 1.326026e+00 1.328060e+00 
1.330171e+00 1.332362e+00 1.334648e+00 1.337069e+00 1.339699e+00 
1.342633e+00 
@R TRIAG 101 []
0.000000e+00 3.142355e-02 2.977285e-02 2.811220e-02 2.645165e-02 
2.478711e-02 2.311193e-02 2.142795e-02 1.973466e-02 1.803032e-02 
1.631537e-02 1.458896e-02 1.284921e-02 1.109617e-02 9.330062e-03 
7.549282e-03 5.752233e-03 3.939133e-03 2.109104e-03 2.614893e-04 
-1.604411e-03 -3.489195e-03 -5.393675e-03 -7.318453e-03 -9.263588e-03 
-1.122953e-02 -1.321696e-02 -1.522679e-02 -1.726027e-02 -1.931858e-02 
-2.140206e-02 -2.351072e-02 -2.564506e-02 -2.780550e-02 -2.999229e-02 
-3.220613e-02 -3.444855e-02 -3.672081e-02 -3.902303e-02 -4.135537e-02 
-4.371822e-02 -4.611218e-02 -4.853761e-02 -5.099494e-02 -5.348497e-02 
-5.600839e-02 -5.856611e-02 -6.115888e-02 -6.378713e-02 -6.645188e-02 
-6.915391e-02 -7.189442e-02 -7.467397e-02 -7.749377e-02 -8.035485e-02 
-8.325852e-02 -8.620602e-02 -8.919848e-02 -9.223745e-02 -9.532449e-02 
-9.846108e-02 -1.016489e-01 -1.048899e-01 -1.081858e-01 -1.115392e-01 
-1.149534e-01 -1.184307e-01 -1.219735e-01 -1.255848e-01 -1.292674e-01 
-1.330242e-01 -1.368585e-01 -1.407737e-01 -1.447735e-01 -1.488617e-01 
-1.530426e-01 -1.573204e-01 -1.617003e-01 -1.661874e-01 -1.707872e-01 
-1.755059e-01 -1.803505e-01 -1.853284e-01 -1.904478e-01 -1.957182e-01 
-2.011506e-01 -2.067567e-01 -2.125464e-01 -2.185325e-01 -2.247297e-01 
-2.311533e-01 -2.378191e-01 -2.447449e-01 -2.519480e-01 -2.594358e-01 
-2.671944e-01 -2.752400e-01 -2.836164e-01 -2.924396e-01 -3.018898e-01 
-3.121870e-01 
