  3-Apr-25 07/09/2014
     1               1
  0.100000000E+01
*   1.000             1               0 MAR   3   2 CLC    40   41
  0.000000000E+00 0.170000000E+03 0.200000000E+01 0.679320679E+06
  0.679320679E+06 0.170934996E+03-0.343080747E+00 0.448691622E+02
  0.139780810E+01-0.519273761E+00-0.489673810E+00 0.927317140E+07
  0.177057149E+03 0.140627862E+01 0.305571726E+01 0.101083054E+01
  0.640663117E+00 0.872299302E+00 0.100000000E+11 0.903361890E+00
  0.100000000E+11 0.100000000E+11 0.254661364E+01-0.105793444E+01
  0.867023690E+02 0.125289006E+03 0.760704325E+02
  0.000000000E+00 0.000000000E+00 0.000000000E+00
  0.895428898E+02 0.863078976E+02
  0.000000000E+00 0.000000000E+00
  0.205102627E+01 0.249845910E+00 0.207241820E+01 0.111159697E+01
  0.768428819E+00 0.288567000E+01-0.500000000E+02-0.500000000E+02
 -0.500000000E+02 0.288478180E+00 0.844349057E+04 0.221336930E+06
  0.983148865E-04 0.132344342E+01 0.115345034E+01 0.521865958E-02
  0.129818894E+01 0.172779126E+03 0.000000000E+00 0.000000000E+00
 -0.999000000E+03-0.999000000E+03-0.999000000E+03-0.999000000E+03
 -0.100000000E+03-0.500000000E+02 0.193045273E+01 0.191136469E+01
  0.100000000E+03 0.380503537E+02 0.100000000E+03 0.903361890E+00
  0.177883374E+03 0.178097254E+01 0.448956298E+00 0.000000000E+00
  0.102712303E+01 0.162058233E+01 0.354851485E+06 0.000000000E+00
  0.000000000E+00 0.000000000E+00 0.904314300E+00 0.100000000E+02
    44   60   18    6
  0.186705743E+00 0.147956980E+00 0.177664271E+00 0.134413899E+00
  0.530082607E-01-0.939577929E-02 0.515531467E+00-0.710400228E-01
 -0.420764520E+00 0.243943045E+00 0.154019556E+00 0.354878150E-01
 -0.336778287E-01-0.735988844E-01-0.681402399E-01 0.533556042E+00
 -0.939226683E-01-0.430395310E-01 0.222754200E+00 0.168749370E+00
  0.164758370E+00 0.154175324E+00 0.875261818E-01 0.123957348E-01
 -0.296479714E+00 0.384936013E+00 0.413082934E+00 0.322597842E-01
  0.826233986E-01 0.207349592E+00 0.973297316E-01 0.199570881E-02
 -0.451541759E-01-0.693917353E-01 0.779826003E-01 0.452836363E+00
  0.447051807E+00-0.304442372E-01 0.375883878E-01-0.445964151E-01
 -0.246504716E-01 0.616744636E-02 0.464191390E-01 0.105649584E+00
  0.105867699E+00 0.212919170E+00 0.205058595E+00-0.122338228E+00
 -0.213651162E+00-0.901416836E-02 0.288218829E+00 0.592363075E+00
  0.267737237E+00-0.142166961E+00-0.301514798E+00-0.707287983E-01
  0.233613384E+00 0.311056892E+00 0.246357388E+00-0.185633834E-01
  0.103331928E+00 0.211071920E+00 0.149525072E+00 0.200861949E+00
  0.239004836E+00 0.232122613E+00 0.314752093E+00-0.918375096E-01
 -0.292663347E+00-0.270349157E+00-0.526841372E-01 0.289597899E+00
  0.344569859E+00 0.269812335E+00 0.376152011E+00 0.705888723E+00
  0.278908160E+00 0.399691264E-01-0.175682253E+00-0.241889936E+00
 -0.536836422E-01 0.957629401E-01 0.309771405E+00 0.244172268E+00
  0.346373571E+00 0.108682573E+00-0.513268775E-01-0.234138000E+00
 -0.285426700E+00-0.924716812E-01 0.310447012E+00 0.234080031E+00
  0.237979180E+00 0.201050297E+00 0.146496070E+00 0.208586219E+00
  0.105556836E+00-0.153790926E-01 0.108279330E+00 0.213068567E+00
  0.207169715E+00-0.109965207E+00-0.219011512E+00-0.684704865E-02
  0.556011104E+05-0.176160088E+05 0.227208302E+06 0.206979010E+06
  0.801287128E+05-0.300508625E+06 0.571466117E+06-0.571022418E+05
 -0.699849813E+06 0.315973536E+06 0.104189019E+06-0.813130220E+05
 -0.100240196E+06-0.105065490E+06-0.388063086E+06 0.538958171E+06
 -0.139266017E+06-0.186161720E+06
  0.000000000E+00 0.000000000E+00 0.000000000E+00 0.000000000E+00
  0.000000000E+00 0.000000000E+00
  0.000000000E+00 0.000000000E+00 0.000000000E+00 0.000000000E+00
  0.000000000E+00 0.000000000E+00 0.000000000E+00 0.000000000E+00
  0.000000000E+00 0.000000000E+00 0.623753015E+02 0.000000000E+00
  0.246439837E+00 0.833701503E+00 0.400000006E+02-0.166178201E+00
 -0.103104354E+01 0.000000000E+00 0.999000000E+03 0.191573910E+01
 -0.100000000E+02 0.115345034E+01 0.000000000E+00 0.427380630E-01
 -0.100000000E+02 0.000000000E+00 0.262961151E+01 0.000000000E+00
  0.125362246E+00 0.317130560E+01 0.126091577E+01 0.215634466E+01
  0.377169218E+02 0.327136400E+01-0.890000000E+02-0.890000000E+02
 -0.890000000E+02-0.890000000E+02-0.890000000E+02-0.890000000E+02
 -0.890000000E+02-0.890000000E+02-0.890000000E+02-0.890000000E+02
 -0.890000000E+02-0.890000000E+02-0.890000000E+02-0.890000000E+02
 -0.890000000E+02 0.000000000E+00 0.461378911E+00 0.791302591E+00
  0.147750140E+03 0.184937500E+03 0.000000000E+00 0.810714383E+00
  0.100000000E+01 0.000000000E+00 0.000000000E+00 0.000000000E+00
                                            EQG
