 # generated by zfastran.py Ver+Oct2009
@R INFLAG 1 []
  1.000000000e+00
@R TIME0 1 [s]
  0.000000000e+00
@R IP 1 []
  9.999999995e+00
@R BCENTR 1 []
  1.100000000e+01
@R RMAJOR 1 []
  4.550000000e+00
@R AMINOR 1 []
  1.107357504e+00
@R ELONGB 1 []
  1.342270181e+00
@R TRIANB 1 []
 -3.120768111e-01
@R RHO 101 []
  0.000000000e+00  1.000000000e-02  2.000000000e-02  3.000000000e-02
  4.000000000e-02  5.000000000e-02  6.000000000e-02  7.000000000e-02
  8.000000000e-02  9.000000000e-02  1.000000000e-01  1.100000000e-01
  1.200000000e-01  1.300000000e-01  1.400000000e-01  1.500000000e-01
  1.600000000e-01  1.700000000e-01  1.800000000e-01  1.900000000e-01
  2.000000000e-01  2.100000000e-01  2.200000000e-01  2.300000000e-01
  2.400000000e-01  2.500000000e-01  2.600000000e-01  2.700000000e-01
  2.800000000e-01  2.900000000e-01  3.000000000e-01  3.100000000e-01
  3.200000000e-01  3.300000000e-01  3.400000000e-01  3.500000000e-01
  3.600000000e-01  3.700000000e-01  3.800000000e-01  3.900000000e-01
  4.000000000e-01  4.100000000e-01  4.200000000e-01  4.300000000e-01
  4.400000000e-01  4.500000000e-01  4.600000000e-01  4.700000000e-01
  4.800000000e-01  4.900000000e-01  5.000000000e-01  5.100000000e-01
  5.200000000e-01  5.300000000e-01  5.400000000e-01  5.500000000e-01
  5.600000000e-01  5.700000000e-01  5.800000000e-01  5.900000000e-01
  6.000000000e-01  6.100000000e-01  6.200000000e-01  6.300000000e-01
  6.400000000e-01  6.500000000e-01  6.600000000e-01  6.700000000e-01
  6.800000000e-01  6.900000000e-01  7.000000000e-01  7.100000000e-01
  7.200000000e-01  7.300000000e-01  7.400000000e-01  7.500000000e-01
  7.600000000e-01  7.700000000e-01  7.800000000e-01  7.900000000e-01
  8.000000000e-01  8.100000000e-01  8.200000000e-01  8.300000000e-01
  8.400000000e-01  8.500000000e-01  8.600000000e-01  8.700000000e-01
  8.800000000e-01  8.900000000e-01  9.000000000e-01  9.100000000e-01
  9.200000000e-01  9.300000000e-01  9.400000000e-01  9.500000000e-01
  9.600000000e-01  9.700000000e-01  9.800000000e-01  9.900000000e-01
  1.000000000e+00
@R AMAIN 1 []
  2.500000000e+00
@R ZMAIN 1 []
  1.000000000e+00
@I NIMP 1 []
                1
@R AIMP 1 []
  8.300000000e+01
@R ZIMP 1 []
  3.600000000e+01
@R FIMP 1 []
  2.459599352e-03
@R ENE 101 []
  2.762306735e+01  2.762306735e+01  2.757546442e+01  2.752446609e+01
  2.747011707e+01  2.741246207e+01  2.735154580e+01  2.728741298e+01
  2.722010832e+01  2.714967653e+01  2.707616232e+01  2.699961042e+01
  2.692006552e+01  2.683757235e+01  2.675217561e+01  2.666392003e+01
  2.657285030e+01  2.647901115e+01  2.638244728e+01  2.628320342e+01
  2.618132427e+01  2.607685454e+01  2.596983895e+01  2.586032222e+01
  2.574834904e+01  2.563396415e+01  2.551721224e+01  2.539813803e+01
  2.527678624e+01  2.515320158e+01  2.502742875e+01  2.489951248e+01
  2.476949748e+01  2.463742845e+01  2.450335012e+01  2.436730718e+01
  2.422934437e+01  2.408950638e+01  2.394783794e+01  2.380438375e+01
  2.365918852e+01  2.351229698e+01  2.336375383e+01  2.321360378e+01
  2.306189155e+01  2.290866184e+01  2.275395937e+01  2.259782885e+01
  2.244031499e+01  2.228146248e+01  2.212131604e+01  2.195992037e+01
  2.179732015e+01  2.163356007e+01  2.146868480e+01  2.130273900e+01
  2.113576729e+01  2.096781426e+01  2.079892444e+01  2.062914227e+01
  2.045851210e+01  2.028707809e+01  2.011488415e+01  1.994197386e+01
  1.976839027e+01  1.959417572e+01  1.941937148e+01  1.924401730e+01
  1.906815074e+01  1.889180620e+01  1.871501356e+01  1.853779614e+01
  1.836016787e+01  1.818212917e+01  1.800366107e+01  1.782471671e+01
  1.764520933e+01  1.746499491e+01  1.728384757e+01  1.710142452e+01
  1.691721648e+01  1.673047789e+01  1.654012960e+01  1.634462484e+01
  1.614176854e+01  1.592848087e+01  1.570050384e+01  1.545206898e+01
  1.517558875e+01  1.486151692e+01  1.449865645e+01  1.407535272e+01
  1.358207892e+01  1.301562760e+01  1.238413291e+01  1.171056221e+01
  1.103138998e+01  1.038887851e+01  9.819731030e+00  9.346060347e+00
  8.972965753e+00
@R TE 101 []
  1.951811865e+01  1.951811865e+01  1.948017392e+01  1.943017476e+01
  1.936821928e+01  1.929442848e+01  1.920894587e+01  1.911193716e+01
  1.900358975e+01  1.888411219e+01  1.875373353e+01  1.861270266e+01
  1.846128750e+01  1.829977418e+01  1.812846617e+01  1.794768327e+01
  1.775776064e+01  1.755904774e+01  1.735190722e+01  1.713671382e+01
  1.691385316e+01  1.668372061e+01  1.644672000e+01  1.620326249e+01
  1.595376529e+01  1.569865041e+01  1.543834348e+01  1.517327251e+01
  1.490386665e+01  1.463055507e+01  1.435376572e+01  1.407615619e+01
  1.380017399e+01  1.352593039e+01  1.325353664e+01  1.298310402e+01
  1.271477512e+01  1.244874947e+01  1.218522375e+01  1.192439465e+01
  1.166645887e+01  1.141187173e+01  1.116107674e+01  1.091425290e+01
  1.067157920e+01  1.043323460e+01  1.019927693e+01  9.969644530e+00
  9.744337184e+00  9.523354686e+00  9.306696820e+00  9.094283111e+00
  8.885898121e+00  8.681339204e+00  8.480403713e+00  8.282889005e+00
  8.088229506e+00  7.896011732e+00  7.706261170e+00  7.519003304e+00
  7.334263616e+00  7.152385043e+00  6.973763234e+00  6.798502720e+00
  6.626708012e+00  6.458483586e+00  6.293796990e+00  6.132454521e+00
  5.974318644e+00  5.819251646e+00  5.667115527e+00  5.517672862e+00
  5.370681338e+00  5.225994486e+00  5.083464244e+00  4.942940087e+00
  4.804253812e+00  4.667276421e+00  4.531906344e+00  4.398028166e+00
  4.265505162e+00  4.134161853e+00  4.003809307e+00  3.874205902e+00
  3.744992467e+00  3.615631990e+00  3.485277304e+00  3.352797036e+00
  3.216608054e+00  3.074399313e+00  2.922998636e+00  2.759103840e+00
  2.578797737e+00  2.378505139e+00  2.158118764e+00  1.923139121e+00
  1.438300093e+00  9.885116223e-01  6.078188840e-01  3.107984791e-01
  9.381087106e-02
@R TI 101 []
  2.156683195e+01  2.156683195e+01  2.152011292e+01  2.145571366e+01
  2.137379628e+01  2.127457053e+01  2.115829296e+01  2.102526587e+01
  2.087583589e+01  2.071039255e+01  2.052936643e+01  2.033322731e+01
  2.012248196e+01  1.989767192e+01  1.965937103e+01  1.940818283e+01
  1.914473792e+01  1.886969112e+01  1.858371862e+01  1.828751506e+01
  1.798179052e+01  1.766726755e+01  1.734467815e+01  1.701476077e+01
  1.667825736e+01  1.633591048e+01  1.598846038e+01  1.563664233e+01
  1.528118384e+01  1.492280220e+01  1.456220197e+01  1.420614704e+01
  1.386082105e+01  1.352604718e+01  1.320164862e+01  1.288744856e+01
  1.258268103e+01  1.228643145e+01  1.199830010e+01  1.171788726e+01
  1.144479320e+01  1.117899210e+01  1.092056860e+01  1.066928870e+01
  1.042491841e+01  1.018722372e+01  9.956192864e+00  9.731760701e+00
  9.513613105e+00  9.301435962e+00  9.094915155e+00  8.893735747e+00
  8.697445354e+00  8.505523715e+00  8.317450557e+00  8.132705613e+00
  7.950411351e+00  7.770010172e+00  7.591461702e+00  7.414725563e+00
  7.239761375e+00  7.067189353e+00  6.897730582e+00  6.731495968e+00
  6.568596401e+00  6.409142734e+00  6.253101003e+00  6.100237423e+00
  5.950362993e+00  5.803288530e+00  5.658824575e+00  5.516671812e+00
  5.376552809e+00  5.238309815e+00  5.101783511e+00  4.966812163e+00
  4.833293249e+00  4.701168932e+00  4.570334785e+00  4.440672731e+00
  4.312043652e+00  4.184325119e+00  4.057274354e+00  3.930487912e+00
  3.803445902e+00  3.675452076e+00  3.545186651e+00  3.411079303e+00
  3.271441030e+00  3.123855814e+00  2.965044190e+00  2.792724947e+00
  2.604064969e+00  2.395453163e+00  2.166730481e+00  1.923358188e+00
  1.438325931e+00  9.883266268e-01  6.075777711e-01  3.107215441e-01
  9.406899116e-02
@R ZEFF 101 []
  4.099095184e+00  4.099095184e+00  4.098710199e+00  4.098228559e+00
  4.097670216e+00  4.097055292e+00  4.096380503e+00  4.095546569e+00
  4.094425554e+00  4.092879497e+00  4.090752133e+00  4.087808919e+00
  4.084047120e+00  4.079658640e+00  4.074885924e+00  4.070043593e+00
  4.065207151e+00  4.060216645e+00  4.055099547e+00  4.049889390e+00
  4.044625972e+00  4.039333129e+00  4.034008245e+00  4.028655079e+00
  4.023275920e+00  4.017871551e+00  4.012427891e+00  4.006952188e+00
  4.001478516e+00  3.996043853e+00  3.990687507e+00  3.985445981e+00
  3.980339504e+00  3.975383135e+00  3.970590207e+00  3.965972155e+00
  3.961525096e+00  3.957239630e+00  3.953116182e+00  3.949153650e+00
  3.945349573e+00  3.941712540e+00  3.938252880e+00  3.934968834e+00
  3.931857420e+00  3.928914575e+00  3.926134815e+00  3.923513245e+00
  3.921045407e+00  3.918726178e+00  3.916549900e+00  3.914511317e+00
  3.912601361e+00  3.910808672e+00  3.909122457e+00  3.907532581e+00
  3.906023087e+00  3.904584500e+00  3.903216760e+00  3.901919551e+00
  3.900692307e+00  3.899544100e+00  3.898482144e+00  3.897502730e+00
  3.896601950e+00  3.895775758e+00  3.895017489e+00  3.894319405e+00
  3.893676132e+00  3.893082764e+00  3.892534842e+00  3.892028063e+00
  3.891558923e+00  3.891124668e+00  3.890722788e+00  3.890350997e+00
  3.890007434e+00  3.889690535e+00  3.889398709e+00  3.889130471e+00
  3.888884437e+00  3.888659444e+00  3.888454213e+00  3.888267381e+00
  3.888097742e+00  3.887944235e+00  3.887805427e+00  3.887680419e+00
  3.887569004e+00  3.887470913e+00  3.887385815e+00  3.887314408e+00
  3.887256273e+00  3.887209638e+00  3.887173002e+00  3.887145005e+00
  3.887097529e+00  3.887086215e+00  3.887084902e+00  3.887084853e+00
  3.887084853e+00
@R OMEGA 101 []
  4.992501875e+03  4.992501875e+03  4.978801804e+03  4.961079526e+03
  4.940120160e+03  4.916382264e+03  4.890178959e+03  4.861743180e+03
  4.831258024e+03  4.798873089e+03  4.764714177e+03  4.728889466e+03
  4.691493659e+03  4.652610886e+03  4.612316799e+03  4.570680145e+03
  4.527763951e+03  4.483626454e+03  4.438321832e+03  4.391900796e+03
  4.344411068e+03  4.295897774e+03  4.246403778e+03  4.195969955e+03
  4.144635428e+03  4.092437767e+03  4.039413164e+03  3.985596584e+03
  3.931021896e+03  3.875721988e+03  3.819728870e+03  3.763073767e+03
  3.705787199e+03  3.647899055e+03  3.589438660e+03  3.530434837e+03
  3.470915960e+03  3.410910006e+03  3.350444605e+03  3.289547080e+03
  3.228244492e+03  3.166563674e+03  3.104531273e+03  3.042173783e+03
  2.979517575e+03  2.916588934e+03  2.853414088e+03  2.790019238e+03
  2.726430588e+03  2.662674375e+03  2.598776897e+03  2.534764544e+03
  2.470663824e+03  2.406501396e+03  2.342304099e+03  2.278098979e+03
  2.213913327e+03  2.149774707e+03  2.085710992e+03  2.021750397e+03
  1.957921519e+03  1.894253376e+03  1.830775447e+03  1.767517715e+03
  1.704510722e+03  1.641785608e+03  1.579374179e+03  1.517308956e+03
  1.455623246e+03  1.394351213e+03  1.333527952e+03  1.273189580e+03
  1.213373329e+03  1.154117653e+03  1.095462349e+03  1.037448686e+03
  9.801195629e+02  9.235196753e+02  8.676957162e+02  8.126966008e+02
  7.585737302e+02  7.053812976e+02  6.531766492e+02  6.020207128e+02
  5.519785103e+02  5.031197796e+02  4.555197357e+02  4.092600162e+02
  3.644298727e+02  3.211276991e+02  2.794630303e+02  2.395592200e+02
  2.015571260e+02  1.656203590e+02  1.319430748e+02  1.007621703e+02
  7.237775876e+01  4.719105135e+01  2.578549737e+01  9.151104569e+00
  9.485745522e-13
@R Q 101 []
  0.000000000e+00  0.000000000e+00  0.000000000e+00  0.000000000e+00
  0.000000000e+00  0.000000000e+00  0.000000000e+00  0.000000000e+00
  0.000000000e+00  0.000000000e+00  0.000000000e+00  0.000000000e+00
  0.000000000e+00  0.000000000e+00  0.000000000e+00  0.000000000e+00
  0.000000000e+00  0.000000000e+00  0.000000000e+00  0.000000000e+00
  0.000000000e+00  0.000000000e+00  0.000000000e+00  0.000000000e+00
  0.000000000e+00  0.000000000e+00  0.000000000e+00  0.000000000e+00
  0.000000000e+00  0.000000000e+00  0.000000000e+00  0.000000000e+00
  0.000000000e+00  0.000000000e+00  0.000000000e+00  0.000000000e+00
  0.000000000e+00  0.000000000e+00  0.000000000e+00  0.000000000e+00
  0.000000000e+00  0.000000000e+00  0.000000000e+00  0.000000000e+00
  0.000000000e+00  0.000000000e+00  0.000000000e+00  0.000000000e+00
  0.000000000e+00  0.000000000e+00  0.000000000e+00  0.000000000e+00
  0.000000000e+00  0.000000000e+00  0.000000000e+00  0.000000000e+00
  0.000000000e+00  0.000000000e+00  0.000000000e+00  0.000000000e+00
  0.000000000e+00  0.000000000e+00  0.000000000e+00  0.000000000e+00
  0.000000000e+00  0.000000000e+00  0.000000000e+00  0.000000000e+00
  0.000000000e+00  0.000000000e+00  0.000000000e+00  0.000000000e+00
  0.000000000e+00  0.000000000e+00  0.000000000e+00  0.000000000e+00
  0.000000000e+00  0.000000000e+00  0.000000000e+00  0.000000000e+00
  0.000000000e+00  0.000000000e+00  0.000000000e+00  0.000000000e+00
  0.000000000e+00  0.000000000e+00  0.000000000e+00  0.000000000e+00
  0.000000000e+00  0.000000000e+00  0.000000000e+00  0.000000000e+00
  0.000000000e+00  0.000000000e+00  0.000000000e+00  0.000000000e+00
  0.000000000e+00  0.000000000e+00  0.000000000e+00  0.000000000e+00
  0.000000000e+00
@R FP 101 []
  0.000000000e+00  0.000000000e+00  0.000000000e+00  0.000000000e+00
  0.000000000e+00  0.000000000e+00  0.000000000e+00  0.000000000e+00
  0.000000000e+00  0.000000000e+00  0.000000000e+00  0.000000000e+00
  0.000000000e+00  0.000000000e+00  0.000000000e+00  0.000000000e+00
  0.000000000e+00  0.000000000e+00  0.000000000e+00  0.000000000e+00
  0.000000000e+00  0.000000000e+00  0.000000000e+00  0.000000000e+00
  0.000000000e+00  0.000000000e+00  0.000000000e+00  0.000000000e+00
  0.000000000e+00  0.000000000e+00  0.000000000e+00  0.000000000e+00
  0.000000000e+00  0.000000000e+00  0.000000000e+00  0.000000000e+00
  0.000000000e+00  0.000000000e+00  0.000000000e+00  0.000000000e+00
  0.000000000e+00  0.000000000e+00  0.000000000e+00  0.000000000e+00
  0.000000000e+00  0.000000000e+00  0.000000000e+00  0.000000000e+00
  0.000000000e+00  0.000000000e+00  0.000000000e+00  0.000000000e+00
  0.000000000e+00  0.000000000e+00  0.000000000e+00  0.000000000e+00
  0.000000000e+00  0.000000000e+00  0.000000000e+00  0.000000000e+00
  0.000000000e+00  0.000000000e+00  0.000000000e+00  0.000000000e+00
  0.000000000e+00  0.000000000e+00  0.000000000e+00  0.000000000e+00
  0.000000000e+00  0.000000000e+00  0.000000000e+00  0.000000000e+00
  0.000000000e+00  0.000000000e+00  0.000000000e+00  0.000000000e+00
  0.000000000e+00  0.000000000e+00  0.000000000e+00  0.000000000e+00
  0.000000000e+00  0.000000000e+00  0.000000000e+00  0.000000000e+00
  0.000000000e+00  0.000000000e+00  0.000000000e+00  0.000000000e+00
  0.000000000e+00  0.000000000e+00  0.000000000e+00  0.000000000e+00
  0.000000000e+00  0.000000000e+00  0.000000000e+00  0.000000000e+00
  0.000000000e+00  0.000000000e+00  0.000000000e+00  0.000000000e+00
  0.000000000e+00
@R CURPAR 101 []
  3.682148507e+00  3.681958002e+00  3.681257279e+00  3.679838477e+00
  3.677625858e+00  3.674635110e+00  3.670886617e+00  3.666395750e+00
  3.661176340e+00  3.655238826e+00  3.648590457e+00  3.641235843e+00
  3.633177670e+00  3.624417375e+00  3.614955663e+00  3.604792854e+00
  3.593929079e+00  3.582364388e+00  3.570098799e+00  3.557132317e+00
  3.543464943e+00  3.529096679e+00  3.514027523e+00  3.498257476e+00
  3.481786538e+00  3.464614710e+00  3.446741990e+00  3.428168380e+00
  3.408893879e+00  3.388918486e+00  3.368242203e+00  3.346865028e+00
  3.324786963e+00  3.302008006e+00  3.278528159e+00  3.254347420e+00
  3.229465791e+00  3.203883271e+00  3.177599859e+00  3.150615557e+00
  3.122930364e+00  3.094544280e+00  3.065457305e+00  3.035669439e+00
  3.005180682e+00  2.973991034e+00  2.942100495e+00  2.909509065e+00
  2.876216744e+00  2.842223532e+00  2.807529430e+00  2.772134436e+00
  2.736038551e+00  2.699241776e+00  2.661744109e+00  2.623545552e+00
  2.584646103e+00  2.545045763e+00  2.504744532e+00  2.463742411e+00
  2.422039398e+00  2.379635495e+00  2.336530701e+00  2.292725016e+00
  2.248218439e+00  2.203010972e+00  2.157102613e+00  2.110493364e+00
  2.063183224e+00  2.015172193e+00  1.966460271e+00  1.917047458e+00
  1.866933754e+00  1.816119159e+00  1.764603673e+00  1.712387296e+00
  1.659470028e+00  1.605851869e+00  1.551532819e+00  1.496512879e+00
  1.440792049e+00  1.384370337e+00  1.327247774e+00  1.269424478e+00
  1.210900872e+00  1.151678306e+00  1.091760713e+00  1.031158587e+00
  9.698975927e-01  9.080354650e-01  8.456918877e-01  7.830957857e-01
  7.206515123e-01  6.590185376e-01  5.991897556e-01  5.425406719e-01
  4.908153216e-01  4.460847932e-01  4.102520279e-01  3.856196460e-01
  3.764818897e-01
@R CURBEAM 101 []
  0.000000000e+00  0.000000000e+00  0.000000000e+00  0.000000000e+00
  0.000000000e+00  0.000000000e+00  0.000000000e+00  0.000000000e+00
  0.000000000e+00  0.000000000e+00  0.000000000e+00  0.000000000e+00
  0.000000000e+00  0.000000000e+00  0.000000000e+00  0.000000000e+00
  0.000000000e+00  0.000000000e+00  0.000000000e+00  0.000000000e+00
  0.000000000e+00  0.000000000e+00  0.000000000e+00  0.000000000e+00
  0.000000000e+00  0.000000000e+00  0.000000000e+00  0.000000000e+00
  0.000000000e+00  0.000000000e+00  0.000000000e+00  0.000000000e+00
  0.000000000e+00  0.000000000e+00  0.000000000e+00  0.000000000e+00
  0.000000000e+00  0.000000000e+00  0.000000000e+00  0.000000000e+00
  0.000000000e+00  0.000000000e+00  0.000000000e+00  0.000000000e+00
  0.000000000e+00  0.000000000e+00  0.000000000e+00  0.000000000e+00
  0.000000000e+00  0.000000000e+00  0.000000000e+00  0.000000000e+00
  0.000000000e+00  0.000000000e+00  0.000000000e+00  0.000000000e+00
  0.000000000e+00  0.000000000e+00  0.000000000e+00  0.000000000e+00
  0.000000000e+00  0.000000000e+00  0.000000000e+00  0.000000000e+00
  0.000000000e+00  0.000000000e+00  0.000000000e+00  0.000000000e+00
  0.000000000e+00  0.000000000e+00  0.000000000e+00  0.000000000e+00
  0.000000000e+00  0.000000000e+00  0.000000000e+00  0.000000000e+00
  0.000000000e+00  0.000000000e+00  0.000000000e+00  0.000000000e+00
  0.000000000e+00  0.000000000e+00  0.000000000e+00  0.000000000e+00
  0.000000000e+00  0.000000000e+00  0.000000000e+00  0.000000000e+00
  0.000000000e+00  0.000000000e+00  0.000000000e+00  0.000000000e+00
  0.000000000e+00  0.000000000e+00  0.000000000e+00  0.000000000e+00
  0.000000000e+00  0.000000000e+00  0.000000000e+00  0.000000000e+00
  0.000000000e+00
@R CURRF 101 []
  2.681398464e-01  4.808402783e-01  8.322291391e-01  8.874175583e-01
  6.960165845e-01  6.086338061e-01  6.603055836e-01  6.273914012e-01
  5.122537294e-01  4.991087407e-01  5.492875683e-01  4.805845083e-01
  3.624781564e-01  3.734572068e-01  4.159572387e-01  3.333468670e-01
  2.294960552e-01  2.431862021e-01  2.867173979e-01  2.410695251e-01
  1.791974280e-01  2.003162677e-01  2.437845071e-01  2.231940749e-01
  1.769922148e-01  1.656049461e-01  1.616710535e-01  1.314265418e-01
  1.106223694e-01  1.238199984e-01  1.303785926e-01  9.949487592e-02
  6.376881539e-02  6.202695480e-02  7.599449634e-02  6.985041950e-02
  4.987215746e-02  4.347978326e-02  5.082865169e-02  5.089882382e-02
  4.025243523e-02  3.405704006e-02  3.579225816e-02  3.485622636e-02
  2.801085524e-02  2.341180470e-02  2.427334248e-02  2.389130509e-02
  1.882249818e-02  1.460240434e-02  1.536681773e-02  1.716819659e-02
  1.502373514e-02  1.028915435e-02  7.773138321e-03  8.540804220e-03
  9.204786777e-03  7.716138934e-03  5.349690782e-03  4.313988138e-03
  4.974069464e-03  5.565774231e-03  5.072028502e-03  3.834061311e-03
  3.312168067e-03  3.970228269e-03  4.665092413e-03  4.465888158e-03
  3.521179550e-03  3.253211165e-03  4.020351059e-03  4.545879275e-03
  4.005357053e-03  2.999465995e-03  2.647278610e-03  3.248867762e-03
  3.875075358e-03  3.639388365e-03  2.774574476e-03  2.104160739e-03
  2.234492255e-03  2.936040820e-03  3.087762461e-03  2.499874871e-03
  1.858896560e-03  1.593188830e-03  1.949154828e-03  2.531432795e-03
  2.704537459e-03  2.315448638e-03  1.648713352e-03  1.187339364e-03
  1.314482331e-03  1.822070915e-03  1.263190999e-03  2.262477293e-04
 -5.107030393e-05 -1.173758539e-04 -4.680947373e-05  9.929496754e-05
  1.891711827e-04
@R CURBOOT 101 []
  0.000000000e+00  0.000000000e+00  0.000000000e+00  0.000000000e+00
  0.000000000e+00  0.000000000e+00  0.000000000e+00  0.000000000e+00
  0.000000000e+00  0.000000000e+00  0.000000000e+00  0.000000000e+00
  0.000000000e+00  0.000000000e+00  0.000000000e+00  0.000000000e+00
  0.000000000e+00  0.000000000e+00  0.000000000e+00  0.000000000e+00
  0.000000000e+00  0.000000000e+00  0.000000000e+00  0.000000000e+00
  0.000000000e+00  0.000000000e+00  0.000000000e+00  0.000000000e+00
  0.000000000e+00  0.000000000e+00  0.000000000e+00  0.000000000e+00
  0.000000000e+00  0.000000000e+00  0.000000000e+00  0.000000000e+00
  0.000000000e+00  0.000000000e+00  0.000000000e+00  0.000000000e+00
  0.000000000e+00  0.000000000e+00  0.000000000e+00  0.000000000e+00
  0.000000000e+00  0.000000000e+00  0.000000000e+00  0.000000000e+00
  0.000000000e+00  0.000000000e+00  0.000000000e+00  0.000000000e+00
  0.000000000e+00  0.000000000e+00  0.000000000e+00  0.000000000e+00
  0.000000000e+00  0.000000000e+00  0.000000000e+00  0.000000000e+00
  0.000000000e+00  0.000000000e+00  0.000000000e+00  0.000000000e+00
  0.000000000e+00  0.000000000e+00  0.000000000e+00  0.000000000e+00
  0.000000000e+00  0.000000000e+00  0.000000000e+00  0.000000000e+00
  0.000000000e+00  0.000000000e+00  0.000000000e+00  0.000000000e+00
  0.000000000e+00  0.000000000e+00  0.000000000e+00  0.000000000e+00
  0.000000000e+00  0.000000000e+00  0.000000000e+00  0.000000000e+00
  0.000000000e+00  0.000000000e+00  0.000000000e+00  0.000000000e+00
  0.000000000e+00  0.000000000e+00  0.000000000e+00  0.000000000e+00
  0.000000000e+00  0.000000000e+00  0.000000000e+00  0.000000000e+00
  0.000000000e+00  0.000000000e+00  0.000000000e+00  0.000000000e+00
  0.000000000e+00
@R ENBEAM 101 []
  0.000000000e+00  0.000000000e+00  0.000000000e+00  0.000000000e+00
  0.000000000e+00  0.000000000e+00  0.000000000e+00  0.000000000e+00
  0.000000000e+00  0.000000000e+00  0.000000000e+00  0.000000000e+00
  0.000000000e+00  0.000000000e+00  0.000000000e+00  0.000000000e+00
  0.000000000e+00  0.000000000e+00  0.000000000e+00  0.000000000e+00
  0.000000000e+00  0.000000000e+00  0.000000000e+00  0.000000000e+00
  0.000000000e+00  0.000000000e+00  0.000000000e+00  0.000000000e+00
  0.000000000e+00  0.000000000e+00  0.000000000e+00  0.000000000e+00
  0.000000000e+00  0.000000000e+00  0.000000000e+00  0.000000000e+00
  0.000000000e+00  0.000000000e+00  0.000000000e+00  0.000000000e+00
  0.000000000e+00  0.000000000e+00  0.000000000e+00  0.000000000e+00
  0.000000000e+00  0.000000000e+00  0.000000000e+00  0.000000000e+00
  0.000000000e+00  0.000000000e+00  0.000000000e+00  0.000000000e+00
  0.000000000e+00  0.000000000e+00  0.000000000e+00  0.000000000e+00
  0.000000000e+00  0.000000000e+00  0.000000000e+00  0.000000000e+00
  0.000000000e+00  0.000000000e+00  0.000000000e+00  0.000000000e+00
  0.000000000e+00  0.000000000e+00  0.000000000e+00  0.000000000e+00
  0.000000000e+00  0.000000000e+00  0.000000000e+00  0.000000000e+00
  0.000000000e+00  0.000000000e+00  0.000000000e+00  0.000000000e+00
  0.000000000e+00  0.000000000e+00  0.000000000e+00  0.000000000e+00
  0.000000000e+00  0.000000000e+00  0.000000000e+00  0.000000000e+00
  0.000000000e+00  0.000000000e+00  0.000000000e+00  0.000000000e+00
  0.000000000e+00  0.000000000e+00  0.000000000e+00  0.000000000e+00
  0.000000000e+00  0.000000000e+00  0.000000000e+00  0.000000000e+00
  0.000000000e+00  0.000000000e+00  0.000000000e+00  0.000000000e+00
  0.000000000e+00
@R WBEAM 101 []
  0.000000000e+00  0.000000000e+00  0.000000000e+00  0.000000000e+00
  0.000000000e+00  0.000000000e+00  0.000000000e+00  0.000000000e+00
  0.000000000e+00  0.000000000e+00  0.000000000e+00  0.000000000e+00
  0.000000000e+00  0.000000000e+00  0.000000000e+00  0.000000000e+00
  0.000000000e+00  0.000000000e+00  0.000000000e+00  0.000000000e+00
  0.000000000e+00  0.000000000e+00  0.000000000e+00  0.000000000e+00
  0.000000000e+00  0.000000000e+00  0.000000000e+00  0.000000000e+00
  0.000000000e+00  0.000000000e+00  0.000000000e+00  0.000000000e+00
  0.000000000e+00  0.000000000e+00  0.000000000e+00  0.000000000e+00
  0.000000000e+00  0.000000000e+00  0.000000000e+00  0.000000000e+00
  0.000000000e+00  0.000000000e+00  0.000000000e+00  0.000000000e+00
  0.000000000e+00  0.000000000e+00  0.000000000e+00  0.000000000e+00
  0.000000000e+00  0.000000000e+00  0.000000000e+00  0.000000000e+00
  0.000000000e+00  0.000000000e+00  0.000000000e+00  0.000000000e+00
  0.000000000e+00  0.000000000e+00  0.000000000e+00  0.000000000e+00
  0.000000000e+00  0.000000000e+00  0.000000000e+00  0.000000000e+00
  0.000000000e+00  0.000000000e+00  0.000000000e+00  0.000000000e+00
  0.000000000e+00  0.000000000e+00  0.000000000e+00  0.000000000e+00
  0.000000000e+00  0.000000000e+00  0.000000000e+00  0.000000000e+00
  0.000000000e+00  0.000000000e+00  0.000000000e+00  0.000000000e+00
  0.000000000e+00  0.000000000e+00  0.000000000e+00  0.000000000e+00
  0.000000000e+00  0.000000000e+00  0.000000000e+00  0.000000000e+00
  0.000000000e+00  0.000000000e+00  0.000000000e+00  0.000000000e+00
  0.000000000e+00  0.000000000e+00  0.000000000e+00  0.000000000e+00
  0.000000000e+00  0.000000000e+00  0.000000000e+00  0.000000000e+00
  0.000000000e+00
@R QBEAME 101 []
  0.000000000e+00  0.000000000e+00  0.000000000e+00  0.000000000e+00
  0.000000000e+00  0.000000000e+00  0.000000000e+00  0.000000000e+00
  0.000000000e+00  0.000000000e+00  0.000000000e+00  0.000000000e+00
  0.000000000e+00  0.000000000e+00  0.000000000e+00  0.000000000e+00
  0.000000000e+00  0.000000000e+00  0.000000000e+00  0.000000000e+00
  0.000000000e+00  0.000000000e+00  0.000000000e+00  0.000000000e+00
  0.000000000e+00  0.000000000e+00  0.000000000e+00  0.000000000e+00
  0.000000000e+00  0.000000000e+00  0.000000000e+00  0.000000000e+00
  0.000000000e+00  0.000000000e+00  0.000000000e+00  0.000000000e+00
  0.000000000e+00  0.000000000e+00  0.000000000e+00  0.000000000e+00
  0.000000000e+00  0.000000000e+00  0.000000000e+00  0.000000000e+00
  0.000000000e+00  0.000000000e+00  0.000000000e+00  0.000000000e+00
  0.000000000e+00  0.000000000e+00  0.000000000e+00  0.000000000e+00
  0.000000000e+00  0.000000000e+00  0.000000000e+00  0.000000000e+00
  0.000000000e+00  0.000000000e+00  0.000000000e+00  0.000000000e+00
  0.000000000e+00  0.000000000e+00  0.000000000e+00  0.000000000e+00
  0.000000000e+00  0.000000000e+00  0.000000000e+00  0.000000000e+00
  0.000000000e+00  0.000000000e+00  0.000000000e+00  0.000000000e+00
  0.000000000e+00  0.000000000e+00  0.000000000e+00  0.000000000e+00
  0.000000000e+00  0.000000000e+00  0.000000000e+00  0.000000000e+00
  0.000000000e+00  0.000000000e+00  0.000000000e+00  0.000000000e+00
  0.000000000e+00  0.000000000e+00  0.000000000e+00  0.000000000e+00
  0.000000000e+00  0.000000000e+00  0.000000000e+00  0.000000000e+00
  0.000000000e+00  0.000000000e+00  0.000000000e+00  0.000000000e+00
  0.000000000e+00  0.000000000e+00  0.000000000e+00  0.000000000e+00
  0.000000000e+00
@R QBEAMI 101 []
  0.000000000e+00  0.000000000e+00  0.000000000e+00  0.000000000e+00
  0.000000000e+00  0.000000000e+00  0.000000000e+00  0.000000000e+00
  0.000000000e+00  0.000000000e+00  0.000000000e+00  0.000000000e+00
  0.000000000e+00  0.000000000e+00  0.000000000e+00  0.000000000e+00
  0.000000000e+00  0.000000000e+00  0.000000000e+00  0.000000000e+00
  0.000000000e+00  0.000000000e+00  0.000000000e+00  0.000000000e+00
  0.000000000e+00  0.000000000e+00  0.000000000e+00  0.000000000e+00
  0.000000000e+00  0.000000000e+00  0.000000000e+00  0.000000000e+00
  0.000000000e+00  0.000000000e+00  0.000000000e+00  0.000000000e+00
  0.000000000e+00  0.000000000e+00  0.000000000e+00  0.000000000e+00
  0.000000000e+00  0.000000000e+00  0.000000000e+00  0.000000000e+00
  0.000000000e+00  0.000000000e+00  0.000000000e+00  0.000000000e+00
  0.000000000e+00  0.000000000e+00  0.000000000e+00  0.000000000e+00
  0.000000000e+00  0.000000000e+00  0.000000000e+00  0.000000000e+00
  0.000000000e+00  0.000000000e+00  0.000000000e+00  0.000000000e+00
  0.000000000e+00  0.000000000e+00  0.000000000e+00  0.000000000e+00
  0.000000000e+00  0.000000000e+00  0.000000000e+00  0.000000000e+00
  0.000000000e+00  0.000000000e+00  0.000000000e+00  0.000000000e+00
  0.000000000e+00  0.000000000e+00  0.000000000e+00  0.000000000e+00
  0.000000000e+00  0.000000000e+00  0.000000000e+00  0.000000000e+00
  0.000000000e+00  0.000000000e+00  0.000000000e+00  0.000000000e+00
  0.000000000e+00  0.000000000e+00  0.000000000e+00  0.000000000e+00
  0.000000000e+00  0.000000000e+00  0.000000000e+00  0.000000000e+00
  0.000000000e+00  0.000000000e+00  0.000000000e+00  0.000000000e+00
  0.000000000e+00  0.000000000e+00  0.000000000e+00  0.000000000e+00
  0.000000000e+00
@R ENALP 101 []
  0.000000000e+00  0.000000000e+00  0.000000000e+00  0.000000000e+00
  0.000000000e+00  0.000000000e+00  0.000000000e+00  0.000000000e+00
  0.000000000e+00  0.000000000e+00  0.000000000e+00  0.000000000e+00
  0.000000000e+00  0.000000000e+00  0.000000000e+00  0.000000000e+00
  0.000000000e+00  0.000000000e+00  0.000000000e+00  0.000000000e+00
  0.000000000e+00  0.000000000e+00  0.000000000e+00  0.000000000e+00
  0.000000000e+00  0.000000000e+00  0.000000000e+00  0.000000000e+00
  0.000000000e+00  0.000000000e+00  0.000000000e+00  0.000000000e+00
  0.000000000e+00  0.000000000e+00  0.000000000e+00  0.000000000e+00
  0.000000000e+00  0.000000000e+00  0.000000000e+00  0.000000000e+00
  0.000000000e+00  0.000000000e+00  0.000000000e+00  0.000000000e+00
  0.000000000e+00  0.000000000e+00  0.000000000e+00  0.000000000e+00
  0.000000000e+00  0.000000000e+00  0.000000000e+00  0.000000000e+00
  0.000000000e+00  0.000000000e+00  0.000000000e+00  0.000000000e+00
  0.000000000e+00  0.000000000e+00  0.000000000e+00  0.000000000e+00
  0.000000000e+00  0.000000000e+00  0.000000000e+00  0.000000000e+00
  0.000000000e+00  0.000000000e+00  0.000000000e+00  0.000000000e+00
  0.000000000e+00  0.000000000e+00  0.000000000e+00  0.000000000e+00
  0.000000000e+00  0.000000000e+00  0.000000000e+00  0.000000000e+00
  0.000000000e+00  0.000000000e+00  0.000000000e+00  0.000000000e+00
  0.000000000e+00  0.000000000e+00  0.000000000e+00  0.000000000e+00
  0.000000000e+00  0.000000000e+00  0.000000000e+00  0.000000000e+00
  0.000000000e+00  0.000000000e+00  0.000000000e+00  0.000000000e+00
  0.000000000e+00  0.000000000e+00  0.000000000e+00  0.000000000e+00
  0.000000000e+00  0.000000000e+00  0.000000000e+00  0.000000000e+00
  0.000000000e+00
@R WALP 101 []
  0.000000000e+00  0.000000000e+00  0.000000000e+00  0.000000000e+00
  0.000000000e+00  0.000000000e+00  0.000000000e+00  0.000000000e+00
  0.000000000e+00  0.000000000e+00  0.000000000e+00  0.000000000e+00
  0.000000000e+00  0.000000000e+00  0.000000000e+00  0.000000000e+00
  0.000000000e+00  0.000000000e+00  0.000000000e+00  0.000000000e+00
  0.000000000e+00  0.000000000e+00  0.000000000e+00  0.000000000e+00
  0.000000000e+00  0.000000000e+00  0.000000000e+00  0.000000000e+00
  0.000000000e+00  0.000000000e+00  0.000000000e+00  0.000000000e+00
  0.000000000e+00  0.000000000e+00  0.000000000e+00  0.000000000e+00
  0.000000000e+00  0.000000000e+00  0.000000000e+00  0.000000000e+00
  0.000000000e+00  0.000000000e+00  0.000000000e+00  0.000000000e+00
  0.000000000e+00  0.000000000e+00  0.000000000e+00  0.000000000e+00
  0.000000000e+00  0.000000000e+00  0.000000000e+00  0.000000000e+00
  0.000000000e+00  0.000000000e+00  0.000000000e+00  0.000000000e+00
  0.000000000e+00  0.000000000e+00  0.000000000e+00  0.000000000e+00
  0.000000000e+00  0.000000000e+00  0.000000000e+00  0.000000000e+00
  0.000000000e+00  0.000000000e+00  0.000000000e+00  0.000000000e+00
  0.000000000e+00  0.000000000e+00  0.000000000e+00  0.000000000e+00
  0.000000000e+00  0.000000000e+00  0.000000000e+00  0.000000000e+00
  0.000000000e+00  0.000000000e+00  0.000000000e+00  0.000000000e+00
  0.000000000e+00  0.000000000e+00  0.000000000e+00  0.000000000e+00
  0.000000000e+00  0.000000000e+00  0.000000000e+00  0.000000000e+00
  0.000000000e+00  0.000000000e+00  0.000000000e+00  0.000000000e+00
  0.000000000e+00  0.000000000e+00  0.000000000e+00  0.000000000e+00
  0.000000000e+00  0.000000000e+00  0.000000000e+00  0.000000000e+00
  0.000000000e+00
@R QTFUSE 101 []
  2.208501098e+00  2.207115151e+00  2.202917190e+00  2.197409202e+00
  2.192216805e+00  2.187436802e+00  2.182733286e+00  2.177028616e+00
  2.168747956e+00  2.156117410e+00  2.137003387e+00  2.109441702e+00
  2.073158000e+00  2.029831213e+00  1.982192744e+00  1.932859139e+00
  1.882708702e+00  1.831189323e+00  1.778148384e+00  1.724004626e+00
  1.669149458e+00  1.613799013e+00  1.557988062e+00  1.501720413e+00
  1.445019821e+00  1.387857302e+00  1.330181465e+00  1.272093390e+00
  1.213908077e+00  1.156038913e+00  1.098910399e+00  1.042893999e+00
  9.882511729e-01  9.351647702e-01  8.837862408e-01  8.342111558e-01
  7.864320553e-01  7.403937667e-01  6.960751316e-01  6.534682827e-01
  6.125851731e-01  5.734953683e-01  5.362696408e-01  5.009216696e-01
  4.674269160e-01  4.357429370e-01  4.058228486e-01  3.776191486e-01
  3.510825178e-01  3.261606229e-01  3.027958462e-01  2.809214567e-01
  2.604468781e-01  2.412612207e-01  2.232529796e-01  2.063021388e-01
  1.902773696e-01  1.750900855e-01  1.607114633e-01  1.471335700e-01
  1.343698736e-01  1.224735755e-01  1.114848283e-01  1.013857893e-01
  9.213066601e-02  8.366638838e-02  7.592548662e-02  6.883564735e-02
  6.233477247e-02  5.637016759e-02  5.089330830e-02  4.585996018e-02
  4.123214609e-02  3.697805158e-02  3.306960578e-02  2.948159412e-02
  2.619220700e-02  2.318209558e-02  2.043287927e-02  1.792705217e-02
  1.564851303e-02  1.358231600e-02  1.171354974e-02  1.002730248e-02
  8.509771514e-03  7.147684279e-03  5.928064617e-03  4.841270501e-03
  3.881904111e-03  3.046010904e-03  2.331559536e-03  1.738208797e-03
  1.260541563e-03  8.862366702e-04  6.013719491e-04  3.529614571e-04
  1.340161835e-04  2.286974423e-05  2.070510845e-06  6.682437772e-08
  4.835629556e-10
@R QTFUSI 101 []
  1.089444124e+00  1.087696548e+00  1.082468031e+00  1.074537460e+00
  1.064746658e+00  1.053230081e+00  1.040007800e+00  1.024911124e+00
  1.007654228e+00  9.879136503e-01  9.652761358e-01  9.394045283e-01
  9.104981804e-01  8.793546910e-01  8.470873075e-01  8.147159636e-01
  7.825716072e-01  7.504337742e-01  7.182280858e-01  6.860920841e-01
  6.541715697e-01  6.225971109e-01  5.914534811e-01  5.607878981e-01
  5.306364902e-01  5.010185306e-01  4.719474725e-01  4.434788378e-01
  4.157233261e-01  3.888126592e-01  3.628727301e-01  3.380022299e-01
  3.142582149e-01  2.916703310e-01  2.702560064e-01  2.500143379e-01
  2.309152996e-01  2.129157467e-01  1.959808410e-01  1.800781046e-01
  1.651809102e-01  1.512789483e-01  1.383589807e-01  1.263877190e-01
  1.153204449e-01  1.051082387e-01  9.570093960e-02  8.704959650e-02
  7.910768356e-02  7.183043264e-02  6.517370478e-02  5.909304826e-02
  5.354047860e-02  4.846605920e-02  4.382274974e-02  3.956428508e-02
  3.564428787e-02  3.202847843e-02  2.869792737e-02  2.563913365e-02
  2.284290844e-02  2.030747420e-02  1.802798872e-02  1.598859674e-02
  1.416902052e-02  1.254880925e-02  1.110617625e-02  9.819860842e-03
  8.671751194e-03  7.646508151e-03  6.730457861e-03  5.911460612e-03
  5.179098353e-03  4.524542315e-03  3.940061534e-03  3.418784625e-03
  2.954696243e-03  2.542473667e-03  2.177257693e-03  1.854587522e-03
  1.570417312e-03  1.321063748e-03  1.103083728e-03  9.132566068e-04
  7.486632310e-04  6.066132721e-04  4.846134287e-04  3.806036053e-04
  2.929732655e-04  2.202762914e-04  1.612370093e-04  1.147149084e-04
  7.923164715e-05  5.293256134e-05  3.403472721e-05  1.884494920e-05
  6.546357390e-06  8.725679448e-07  5.744929368e-08  1.208414890e-09
  4.748263112e-12
@R QRFE 101 []
  5.528717438e-01  8.763456800e-01  1.379791353e+00  1.407067541e+00
  1.103215547e+00  1.003978008e+00  1.097286711e+00  1.029047861e+00
  8.544097923e-01  8.643977651e-01  9.472174042e-01  8.172601240e-01
  6.407451285e-01  6.927272745e-01  7.583479829e-01  5.962574912e-01
  4.298218541e-01  4.802467968e-01  5.557824928e-01  4.618369058e-01
  3.627567076e-01  4.261745683e-01  5.128432558e-01  4.703544596e-01
  3.897092905e-01  3.762717403e-01  3.634892648e-01  2.994697003e-01
  2.719257731e-01  3.146298805e-01  3.270581134e-01  2.575622449e-01
  1.916901220e-01  2.085048962e-01  2.514338575e-01  2.384732793e-01
  1.934873848e-01  1.830111841e-01  2.017649916e-01  1.964181758e-01
  1.626380202e-01  1.397648372e-01  1.352743112e-01  1.237721948e-01
  1.023242588e-01  9.263492029e-02  9.594875180e-02  9.034655185e-02
  7.130609261e-02  5.963835180e-02  6.478743606e-02  6.981451659e-02
  6.023064832e-02  4.501162610e-02  4.029056411e-02  4.598898206e-02
  4.930911137e-02  4.330368200e-02  3.441697803e-02  3.142580152e-02
  3.374565664e-02  3.388474500e-02  2.797113376e-02  2.112997827e-02
  1.930193959e-02  2.158233289e-02  2.194530656e-02  1.796206558e-02
  1.352613843e-02  1.257261786e-02  1.478441840e-02  1.610208326e-02
  1.407298943e-02  1.071563298e-02  9.572097632e-03  1.146940971e-02
  1.324847829e-02  1.222876360e-02  9.337487667e-03  7.315219029e-03
  7.986188100e-03  1.007147326e-02  1.017818286e-02  8.165068400e-03
  6.293283613e-03  5.815420525e-03  7.070854701e-03  8.528890513e-03
  8.541124703e-03  7.061323648e-03  5.189816746e-03  4.357103977e-03
  5.116225078e-03  5.996713835e-03  3.827645811e-03  9.981266902e-04
  2.624405693e-04  2.266066733e-05  1.049467208e-04  2.674172835e-04
  3.373207816e-04
@R QRFI 101 []
  2.711648292e+00  3.320709121e+00  4.872228002e+00  5.922997552e+00
  5.907645820e+00  6.659406537e+00  8.592726434e+00  9.161111887e+00
  7.491575794e+00  6.129402767e+00  5.957527333e+00  5.163880767e+00
  3.642022853e+00  2.492302729e+00  1.862781012e+00  1.634501115e+00
  1.507841877e+00  1.223030244e+00  8.320351689e-01  5.526732529e-01
  4.912788948e-01  5.000797426e-01  5.105168438e-01  5.996727355e-01
  7.420458315e-01  8.517292548e-01  8.899575298e-01  8.111609694e-01
  6.097653191e-01  4.112774635e-01  3.247995199e-01  3.040032331e-01
  2.572980377e-01  1.778504139e-01  1.086732390e-01  7.082700097e-02
  6.916734283e-02  1.002843051e-01  1.375882188e-01  1.424390856e-01
  1.107316420e-01  7.714431172e-02  6.755396106e-02  8.203763920e-02
  1.035883725e-01  1.095562610e-01  8.843959438e-02  5.199256561e-02
  2.306958482e-02  1.330838002e-02  1.660651123e-02  2.062618006e-02
  1.991346297e-02  1.685346074e-02  1.461358240e-02  1.412239349e-02
  1.487377429e-02  1.482981899e-02  1.309020972e-02  1.263852998e-02
  1.456445580e-02  1.392907328e-02  8.902055433e-03  6.613760685e-03
  1.130966878e-02  1.568481694e-02  1.290674532e-02  7.776860033e-03
  7.229395225e-03  9.167827154e-03  8.607158595e-03  6.588691056e-03
  6.187812068e-03  6.022788918e-03  3.859866997e-03  1.776943489e-03
  2.638279210e-03  5.017923780e-03  5.674553103e-03  4.414838972e-03
  3.339649611e-03  3.189538421e-03  3.184644896e-03  3.217641639e-03
  3.851518106e-03  4.687718141e-03  4.564702411e-03  3.372165421e-03
  2.266334293e-03  2.028150686e-03  2.188054445e-03  1.907608505e-03
  1.126942211e-03  4.269783759e-04  1.928080933e-04  2.784972992e-04
  3.592736174e-04  3.064303915e-04  1.893258528e-04  1.451835140e-04
  1.599945434e-04
@R QRAD 101 []
 -0.000000000e+00 -0.000000000e+00 -0.000000000e+00 -0.000000000e+00
 -0.000000000e+00 -0.000000000e+00 -0.000000000e+00 -0.000000000e+00
 -0.000000000e+00 -0.000000000e+00 -0.000000000e+00 -0.000000000e+00
 -0.000000000e+00 -0.000000000e+00 -0.000000000e+00 -0.000000000e+00
 -0.000000000e+00 -0.000000000e+00 -0.000000000e+00 -0.000000000e+00
 -0.000000000e+00 -0.000000000e+00 -0.000000000e+00 -0.000000000e+00
 -0.000000000e+00 -0.000000000e+00 -0.000000000e+00 -0.000000000e+00
 -0.000000000e+00 -0.000000000e+00 -0.000000000e+00 -0.000000000e+00
 -0.000000000e+00 -0.000000000e+00 -0.000000000e+00 -0.000000000e+00
 -0.000000000e+00 -0.000000000e+00 -0.000000000e+00 -0.000000000e+00
 -0.000000000e+00 -0.000000000e+00 -0.000000000e+00 -0.000000000e+00
 -0.000000000e+00 -0.000000000e+00 -0.000000000e+00 -0.000000000e+00
 -0.000000000e+00 -0.000000000e+00 -0.000000000e+00 -0.000000000e+00
 -0.000000000e+00 -0.000000000e+00 -0.000000000e+00 -0.000000000e+00
 -0.000000000e+00 -0.000000000e+00 -0.000000000e+00 -0.000000000e+00
 -0.000000000e+00 -0.000000000e+00 -0.000000000e+00 -0.000000000e+00
 -0.000000000e+00 -0.000000000e+00 -0.000000000e+00 -0.000000000e+00
 -0.000000000e+00 -0.000000000e+00 -0.000000000e+00 -0.000000000e+00
 -0.000000000e+00 -0.000000000e+00 -0.000000000e+00 -0.000000000e+00
 -0.000000000e+00 -0.000000000e+00 -0.000000000e+00 -0.000000000e+00
 -0.000000000e+00 -0.000000000e+00 -0.000000000e+00 -0.000000000e+00
 -0.000000000e+00 -0.000000000e+00 -0.000000000e+00 -0.000000000e+00
 -0.000000000e+00 -0.000000000e+00 -0.000000000e+00 -0.000000000e+00
 -0.000000000e+00 -0.000000000e+00 -0.000000000e+00 -0.000000000e+00
 -0.000000000e+00 -0.000000000e+00 -0.000000000e+00 -0.000000000e+00
 -0.000000000e+00
@R QOHM 101 []
  0.000000000e+00  0.000000000e+00  0.000000000e+00  0.000000000e+00
  0.000000000e+00  0.000000000e+00  0.000000000e+00  0.000000000e+00
  0.000000000e+00  0.000000000e+00  0.000000000e+00  0.000000000e+00
  0.000000000e+00  0.000000000e+00  0.000000000e+00  0.000000000e+00
  0.000000000e+00  0.000000000e+00  0.000000000e+00  0.000000000e+00
  0.000000000e+00  0.000000000e+00  0.000000000e+00  0.000000000e+00
  0.000000000e+00  0.000000000e+00  0.000000000e+00  0.000000000e+00
  0.000000000e+00  0.000000000e+00  0.000000000e+00  0.000000000e+00
  0.000000000e+00  0.000000000e+00  0.000000000e+00  0.000000000e+00
  0.000000000e+00  0.000000000e+00  0.000000000e+00  0.000000000e+00
  0.000000000e+00  0.000000000e+00  0.000000000e+00  0.000000000e+00
  0.000000000e+00  0.000000000e+00  0.000000000e+00  0.000000000e+00
  0.000000000e+00  0.000000000e+00  0.000000000e+00  0.000000000e+00
  0.000000000e+00  0.000000000e+00  0.000000000e+00  0.000000000e+00
  0.000000000e+00  0.000000000e+00  0.000000000e+00  0.000000000e+00
  0.000000000e+00  0.000000000e+00  0.000000000e+00  0.000000000e+00
  0.000000000e+00  0.000000000e+00  0.000000000e+00  0.000000000e+00
  0.000000000e+00  0.000000000e+00  0.000000000e+00  0.000000000e+00
  0.000000000e+00  0.000000000e+00  0.000000000e+00  0.000000000e+00
  0.000000000e+00  0.000000000e+00  0.000000000e+00  0.000000000e+00
  0.000000000e+00  0.000000000e+00  0.000000000e+00  0.000000000e+00
  0.000000000e+00  0.000000000e+00  0.000000000e+00  0.000000000e+00
  0.000000000e+00  0.000000000e+00  0.000000000e+00  0.000000000e+00
  0.000000000e+00  0.000000000e+00  0.000000000e+00  0.000000000e+00
  0.000000000e+00  0.000000000e+00  0.000000000e+00  0.000000000e+00
  0.000000000e+00
@R QIONE 101 []
  0.000000000e+00  0.000000000e+00  0.000000000e+00  0.000000000e+00
  0.000000000e+00  0.000000000e+00  0.000000000e+00  0.000000000e+00
  0.000000000e+00  0.000000000e+00  0.000000000e+00  0.000000000e+00
  0.000000000e+00  0.000000000e+00  0.000000000e+00  0.000000000e+00
  0.000000000e+00  0.000000000e+00  0.000000000e+00  0.000000000e+00
  0.000000000e+00  0.000000000e+00  0.000000000e+00  0.000000000e+00
  0.000000000e+00  0.000000000e+00  0.000000000e+00  0.000000000e+00
  0.000000000e+00  0.000000000e+00  0.000000000e+00  0.000000000e+00
  0.000000000e+00  0.000000000e+00  0.000000000e+00  0.000000000e+00
  0.000000000e+00  0.000000000e+00  0.000000000e+00  0.000000000e+00
  0.000000000e+00  0.000000000e+00  0.000000000e+00  0.000000000e+00
  0.000000000e+00  0.000000000e+00  0.000000000e+00  0.000000000e+00
  0.000000000e+00  0.000000000e+00  0.000000000e+00  0.000000000e+00
  0.000000000e+00  0.000000000e+00  0.000000000e+00  0.000000000e+00
  0.000000000e+00  0.000000000e+00  0.000000000e+00  0.000000000e+00
  0.000000000e+00  0.000000000e+00  0.000000000e+00  0.000000000e+00
  0.000000000e+00  0.000000000e+00  0.000000000e+00  0.000000000e+00
  0.000000000e+00  0.000000000e+00  0.000000000e+00  0.000000000e+00
  0.000000000e+00  0.000000000e+00  0.000000000e+00  0.000000000e+00
  0.000000000e+00  0.000000000e+00  0.000000000e+00  0.000000000e+00
  0.000000000e+00  0.000000000e+00  0.000000000e+00  0.000000000e+00
  0.000000000e+00  0.000000000e+00  0.000000000e+00  0.000000000e+00
  0.000000000e+00  0.000000000e+00  0.000000000e+00  0.000000000e+00
  0.000000000e+00  0.000000000e+00  0.000000000e+00  0.000000000e+00
  0.000000000e+00  0.000000000e+00  0.000000000e+00  0.000000000e+00
  0.000000000e+00
@R QIONI 101 []
  0.000000000e+00  0.000000000e+00  0.000000000e+00  0.000000000e+00
  0.000000000e+00  0.000000000e+00  0.000000000e+00  0.000000000e+00
  0.000000000e+00  0.000000000e+00  0.000000000e+00  0.000000000e+00
  0.000000000e+00  0.000000000e+00  0.000000000e+00  0.000000000e+00
  0.000000000e+00  0.000000000e+00  0.000000000e+00  0.000000000e+00
  0.000000000e+00  0.000000000e+00  0.000000000e+00  0.000000000e+00
  0.000000000e+00  0.000000000e+00  0.000000000e+00  0.000000000e+00
  0.000000000e+00  0.000000000e+00  0.000000000e+00  0.000000000e+00
  0.000000000e+00  0.000000000e+00  0.000000000e+00  0.000000000e+00
  0.000000000e+00  0.000000000e+00  0.000000000e+00  0.000000000e+00
  0.000000000e+00  0.000000000e+00  0.000000000e+00  0.000000000e+00
  0.000000000e+00  0.000000000e+00  0.000000000e+00  0.000000000e+00
  0.000000000e+00  0.000000000e+00  0.000000000e+00  0.000000000e+00
  0.000000000e+00  0.000000000e+00  0.000000000e+00  0.000000000e+00
  0.000000000e+00  0.000000000e+00  0.000000000e+00  0.000000000e+00
  0.000000000e+00  0.000000000e+00  0.000000000e+00  0.000000000e+00
  0.000000000e+00  0.000000000e+00  0.000000000e+00  0.000000000e+00
  0.000000000e+00  0.000000000e+00  0.000000000e+00  0.000000000e+00
  0.000000000e+00  0.000000000e+00  0.000000000e+00  0.000000000e+00
  0.000000000e+00  0.000000000e+00  0.000000000e+00  0.000000000e+00
  0.000000000e+00  0.000000000e+00  0.000000000e+00  0.000000000e+00
  0.000000000e+00  0.000000000e+00  0.000000000e+00  0.000000000e+00
  0.000000000e+00  0.000000000e+00  0.000000000e+00  0.000000000e+00
  0.000000000e+00  0.000000000e+00  0.000000000e+00  0.000000000e+00
  0.000000000e+00  0.000000000e+00  0.000000000e+00  0.000000000e+00
  0.000000000e+00
@R QCX 101 []
  0.000000000e+00  0.000000000e+00  0.000000000e+00  0.000000000e+00
  0.000000000e+00  0.000000000e+00  0.000000000e+00  0.000000000e+00
  0.000000000e+00  0.000000000e+00  0.000000000e+00  0.000000000e+00
  0.000000000e+00  0.000000000e+00  0.000000000e+00  0.000000000e+00
  0.000000000e+00  0.000000000e+00  0.000000000e+00  0.000000000e+00
  0.000000000e+00  0.000000000e+00  0.000000000e+00  0.000000000e+00
  0.000000000e+00  0.000000000e+00  0.000000000e+00  0.000000000e+00
  0.000000000e+00  0.000000000e+00  0.000000000e+00  0.000000000e+00
  0.000000000e+00  0.000000000e+00  0.000000000e+00  0.000000000e+00
  0.000000000e+00  0.000000000e+00  0.000000000e+00  0.000000000e+00
  0.000000000e+00  0.000000000e+00  0.000000000e+00  0.000000000e+00
  0.000000000e+00  0.000000000e+00  0.000000000e+00  0.000000000e+00
  0.000000000e+00  0.000000000e+00  0.000000000e+00  0.000000000e+00
  0.000000000e+00  0.000000000e+00  0.000000000e+00  0.000000000e+00
  0.000000000e+00  0.000000000e+00  0.000000000e+00  0.000000000e+00
  0.000000000e+00  0.000000000e+00  0.000000000e+00  0.000000000e+00
  0.000000000e+00  0.000000000e+00  0.000000000e+00  0.000000000e+00
  0.000000000e+00  0.000000000e+00  0.000000000e+00  0.000000000e+00
  0.000000000e+00  0.000000000e+00  0.000000000e+00  0.000000000e+00
  0.000000000e+00  0.000000000e+00  0.000000000e+00  0.000000000e+00
  0.000000000e+00  0.000000000e+00  0.000000000e+00  0.000000000e+00
  0.000000000e+00  0.000000000e+00  0.000000000e+00  0.000000000e+00
  0.000000000e+00  0.000000000e+00  0.000000000e+00  0.000000000e+00
  0.000000000e+00  0.000000000e+00  0.000000000e+00  0.000000000e+00
  0.000000000e+00  0.000000000e+00  0.000000000e+00  0.000000000e+00
  0.000000000e+00
@R STORQUEB 101 []
  0.000000000e+00  0.000000000e+00  0.000000000e+00  0.000000000e+00
  0.000000000e+00  0.000000000e+00  0.000000000e+00  0.000000000e+00
  0.000000000e+00  0.000000000e+00  0.000000000e+00  0.000000000e+00
  0.000000000e+00  0.000000000e+00  0.000000000e+00  0.000000000e+00
  0.000000000e+00  0.000000000e+00  0.000000000e+00  0.000000000e+00
  0.000000000e+00  0.000000000e+00  0.000000000e+00  0.000000000e+00
  0.000000000e+00  0.000000000e+00  0.000000000e+00  0.000000000e+00
  0.000000000e+00  0.000000000e+00  0.000000000e+00  0.000000000e+00
  0.000000000e+00  0.000000000e+00  0.000000000e+00  0.000000000e+00
  0.000000000e+00  0.000000000e+00  0.000000000e+00  0.000000000e+00
  0.000000000e+00  0.000000000e+00  0.000000000e+00  0.000000000e+00
  0.000000000e+00  0.000000000e+00  0.000000000e+00  0.000000000e+00
  0.000000000e+00  0.000000000e+00  0.000000000e+00  0.000000000e+00
  0.000000000e+00  0.000000000e+00  0.000000000e+00  0.000000000e+00
  0.000000000e+00  0.000000000e+00  0.000000000e+00  0.000000000e+00
  0.000000000e+00  0.000000000e+00  0.000000000e+00  0.000000000e+00
  0.000000000e+00  0.000000000e+00  0.000000000e+00  0.000000000e+00
  0.000000000e+00  0.000000000e+00  0.000000000e+00  0.000000000e+00
  0.000000000e+00  0.000000000e+00  0.000000000e+00  0.000000000e+00
  0.000000000e+00  0.000000000e+00  0.000000000e+00  0.000000000e+00
  0.000000000e+00  0.000000000e+00  0.000000000e+00  0.000000000e+00
  0.000000000e+00  0.000000000e+00  0.000000000e+00  0.000000000e+00
  0.000000000e+00  0.000000000e+00  0.000000000e+00  0.000000000e+00
  0.000000000e+00  0.000000000e+00  0.000000000e+00  0.000000000e+00
  0.000000000e+00  0.000000000e+00  0.000000000e+00  0.000000000e+00
  0.000000000e+00
@R STORQUE 101 []
  0.000000000e+00  0.000000000e+00  0.000000000e+00  0.000000000e+00
  0.000000000e+00  0.000000000e+00  0.000000000e+00  0.000000000e+00
  0.000000000e+00  0.000000000e+00  0.000000000e+00  0.000000000e+00
  0.000000000e+00  0.000000000e+00  0.000000000e+00  0.000000000e+00
  0.000000000e+00  0.000000000e+00  0.000000000e+00  0.000000000e+00
  0.000000000e+00  0.000000000e+00  0.000000000e+00  0.000000000e+00
  0.000000000e+00  0.000000000e+00  0.000000000e+00  0.000000000e+00
  0.000000000e+00  0.000000000e+00  0.000000000e+00  0.000000000e+00
  0.000000000e+00  0.000000000e+00  0.000000000e+00  0.000000000e+00
  0.000000000e+00  0.000000000e+00  0.000000000e+00  0.000000000e+00
  0.000000000e+00  0.000000000e+00  0.000000000e+00  0.000000000e+00
  0.000000000e+00  0.000000000e+00  0.000000000e+00  0.000000000e+00
  0.000000000e+00  0.000000000e+00  0.000000000e+00  0.000000000e+00
  0.000000000e+00  0.000000000e+00  0.000000000e+00  0.000000000e+00
  0.000000000e+00  0.000000000e+00  0.000000000e+00  0.000000000e+00
  0.000000000e+00  0.000000000e+00  0.000000000e+00  0.000000000e+00
  0.000000000e+00  0.000000000e+00  0.000000000e+00  0.000000000e+00
  0.000000000e+00  0.000000000e+00  0.000000000e+00  0.000000000e+00
  0.000000000e+00  0.000000000e+00  0.000000000e+00  0.000000000e+00
  0.000000000e+00  0.000000000e+00  0.000000000e+00  0.000000000e+00
  0.000000000e+00  0.000000000e+00  0.000000000e+00  0.000000000e+00
  0.000000000e+00  0.000000000e+00  0.000000000e+00  0.000000000e+00
  0.000000000e+00  0.000000000e+00  0.000000000e+00  0.000000000e+00
  0.000000000e+00  0.000000000e+00  0.000000000e+00  0.000000000e+00
  0.000000000e+00  0.000000000e+00  0.000000000e+00  0.000000000e+00
  0.000000000e+00
@R SION 101 []
  0.000000000e+00  0.000000000e+00  0.000000000e+00  0.000000000e+00
  0.000000000e+00  0.000000000e+00  0.000000000e+00  0.000000000e+00
  0.000000000e+00  0.000000000e+00  0.000000000e+00  0.000000000e+00
  0.000000000e+00  0.000000000e+00  0.000000000e+00  0.000000000e+00
  0.000000000e+00  0.000000000e+00  0.000000000e+00  0.000000000e+00
  0.000000000e+00  0.000000000e+00  0.000000000e+00  0.000000000e+00
  0.000000000e+00  0.000000000e+00  0.000000000e+00  0.000000000e+00
  0.000000000e+00  0.000000000e+00  0.000000000e+00  0.000000000e+00
  0.000000000e+00  0.000000000e+00  0.000000000e+00  0.000000000e+00
  0.000000000e+00  0.000000000e+00  0.000000000e+00  0.000000000e+00
  0.000000000e+00  0.000000000e+00  0.000000000e+00  0.000000000e+00
  0.000000000e+00  0.000000000e+00  0.000000000e+00  0.000000000e+00
  0.000000000e+00  0.000000000e+00  0.000000000e+00  0.000000000e+00
  0.000000000e+00  0.000000000e+00  0.000000000e+00  0.000000000e+00
  0.000000000e+00  0.000000000e+00  0.000000000e+00  0.000000000e+00
  0.000000000e+00  0.000000000e+00  0.000000000e+00  0.000000000e+00
  0.000000000e+00  0.000000000e+00  0.000000000e+00  0.000000000e+00
  0.000000000e+00  0.000000000e+00  0.000000000e+00  0.000000000e+00
  0.000000000e+00  0.000000000e+00  0.000000000e+00  0.000000000e+00
  0.000000000e+00  0.000000000e+00  0.000000000e+00  0.000000000e+00
  0.000000000e+00  0.000000000e+00  0.000000000e+00  0.000000000e+00
  0.000000000e+00  0.000000000e+00  0.000000000e+00  0.000000000e+00
  0.000000000e+00  0.000000000e+00  0.000000000e+00  0.000000000e+00
  0.000000000e+00  0.000000000e+00  0.000000000e+00  0.000000000e+00
  0.000000000e+00  0.000000000e+00  0.000000000e+00  0.000000000e+00
  0.000000000e+00
@R CHIE 101 []
  0.000000000e+00  0.000000000e+00  0.000000000e+00  0.000000000e+00
  0.000000000e+00  0.000000000e+00  0.000000000e+00  0.000000000e+00
  0.000000000e+00  0.000000000e+00  0.000000000e+00  0.000000000e+00
  0.000000000e+00  0.000000000e+00  0.000000000e+00  0.000000000e+00
  0.000000000e+00  0.000000000e+00  0.000000000e+00  0.000000000e+00
  0.000000000e+00  0.000000000e+00  0.000000000e+00  0.000000000e+00
  0.000000000e+00  0.000000000e+00  0.000000000e+00  0.000000000e+00
  0.000000000e+00  0.000000000e+00  0.000000000e+00  0.000000000e+00
  0.000000000e+00  0.000000000e+00  0.000000000e+00  0.000000000e+00
  0.000000000e+00  0.000000000e+00  0.000000000e+00  0.000000000e+00
  0.000000000e+00  0.000000000e+00  0.000000000e+00  0.000000000e+00
  0.000000000e+00  0.000000000e+00  0.000000000e+00  0.000000000e+00
  0.000000000e+00  0.000000000e+00  0.000000000e+00  0.000000000e+00
  0.000000000e+00  0.000000000e+00  0.000000000e+00  0.000000000e+00
  0.000000000e+00  0.000000000e+00  0.000000000e+00  0.000000000e+00
  0.000000000e+00  0.000000000e+00  0.000000000e+00  0.000000000e+00
  0.000000000e+00  0.000000000e+00  0.000000000e+00  0.000000000e+00
  0.000000000e+00  0.000000000e+00  0.000000000e+00  0.000000000e+00
  0.000000000e+00  0.000000000e+00  0.000000000e+00  0.000000000e+00
  0.000000000e+00  0.000000000e+00  0.000000000e+00  0.000000000e+00
  0.000000000e+00  0.000000000e+00  0.000000000e+00  0.000000000e+00
  0.000000000e+00  0.000000000e+00  0.000000000e+00  0.000000000e+00
  0.000000000e+00  0.000000000e+00  0.000000000e+00  0.000000000e+00
  0.000000000e+00  0.000000000e+00  0.000000000e+00  0.000000000e+00
  0.000000000e+00  0.000000000e+00  0.000000000e+00  0.000000000e+00
  0.000000000e+00
@R CHII 101 []
  0.000000000e+00  0.000000000e+00  0.000000000e+00  0.000000000e+00
  0.000000000e+00  0.000000000e+00  0.000000000e+00  0.000000000e+00
  0.000000000e+00  0.000000000e+00  0.000000000e+00  0.000000000e+00
  0.000000000e+00  0.000000000e+00  0.000000000e+00  0.000000000e+00
  0.000000000e+00  0.000000000e+00  0.000000000e+00  0.000000000e+00
  0.000000000e+00  0.000000000e+00  0.000000000e+00  0.000000000e+00
  0.000000000e+00  0.000000000e+00  0.000000000e+00  0.000000000e+00
  0.000000000e+00  0.000000000e+00  0.000000000e+00  0.000000000e+00
  0.000000000e+00  0.000000000e+00  0.000000000e+00  0.000000000e+00
  0.000000000e+00  0.000000000e+00  0.000000000e+00  0.000000000e+00
  0.000000000e+00  0.000000000e+00  0.000000000e+00  0.000000000e+00
  0.000000000e+00  0.000000000e+00  0.000000000e+00  0.000000000e+00
  0.000000000e+00  0.000000000e+00  0.000000000e+00  0.000000000e+00
  0.000000000e+00  0.000000000e+00  0.000000000e+00  0.000000000e+00
  0.000000000e+00  0.000000000e+00  0.000000000e+00  0.000000000e+00
  0.000000000e+00  0.000000000e+00  0.000000000e+00  0.000000000e+00
  0.000000000e+00  0.000000000e+00  0.000000000e+00  0.000000000e+00
  0.000000000e+00  0.000000000e+00  0.000000000e+00  0.000000000e+00
  0.000000000e+00  0.000000000e+00  0.000000000e+00  0.000000000e+00
  0.000000000e+00  0.000000000e+00  0.000000000e+00  0.000000000e+00
  0.000000000e+00  0.000000000e+00  0.000000000e+00  0.000000000e+00
  0.000000000e+00  0.000000000e+00  0.000000000e+00  0.000000000e+00
  0.000000000e+00  0.000000000e+00  0.000000000e+00  0.000000000e+00
  0.000000000e+00  0.000000000e+00  0.000000000e+00  0.000000000e+00
  0.000000000e+00  0.000000000e+00  0.000000000e+00  0.000000000e+00
  0.000000000e+00
