&INSTATE
  DENSITY_MODEL = 1 
  MODEL_SHAPE = 0 
  NBDRY = 15 
  USE_INPED = 0 
  R0 = 4.55 
  A0 = 1.2 
  KAPPA = 1.4 
  DELTA = -0.5 
  B0 = 11.0 
  IP = 10.0 
  N_ION = 2 
  Z_ION = 1 1 
  A_ION = 2 3 
  F_ION = 0.5 0.5 
  N_IMP = 1 
  Z_IMP = 36 
  A_IMP = 84 
  F_IMP = 0.0011 
  N_MIN = 0 
  Z_MIN = 1 
  A_MIN = 1 
  N_BEAM = 1 
  Z_BEAM = 1 
  A_BEAM = 2 
  N_FUSION = 1 
  Z_FUSION = 2 
  A_FUSION = 4 
  NRHO = 101 
  NE_AXIS = 27.6 
  NE_PED = 14.424 
  NE_SEP = 9.0 
  NE_ALPHA = 1.5 
  NE_BETA = 1.1 
  NE_FIT = 1 
  NE_XMID = 0.95 
  NE_XWID = 0.1 
  TE_AXIS = 18.8 
  TE_PED = 3.7455 
  TE_SEP = 0.08 
  TE_ALPHA = 1.5 
  TE_BETA = 1.5 
  TE_FIT = 1 
  TE_XMID = 0.95 
  TE_XWID = 0.1 
  TI_AXIS = 19.0 
  TI_PED = 3.7455 
  TI_SEP = 0.08 
  TI_ALPHA = 1.5 
  TI_BETA = 1.5 
  TI_FIT = 1 
  TI_XMID = 0.95 
  TI_XWID = 0.1 
  ZEFF_AXIS = 2.26 
  OMEGA_AXIS = 5000.0 
  OMEGA_SEP = 0.0 
  OMEGA_ALPHA = 1.5 
  OMEGA_BETA = 1.5 
  JPAR_AXIS = 1.0 
  JPAR_SEP = 0.05 
  JPAR_ALPHA = 2.0 
  JPAR_BETA = 1.0 
  NBEAM_AXIS = 0.0 
  NBEAM_SEP = 0.0 
  NBEAM_ALPHA = 1.5 
  NBEAM_BETA = 1.5 
  TBEAMI = 20.0 20.0 20.0 20.0 20.0 20.0 20.0 20.0 20.0 20.0 20.0 20.0  
    20.0 20.0 20.0 20.0 20.0 20.0 20.0 20.0 20.0 20.0 20.0 20.0 20.0  
    20.0 20.0 20.0 20.0 20.0 20.0 20.0 20.0 20.0 20.0 20.0 20.0 20.0  
    20.0 20.0 20.0 20.0 20.0 20.0 20.0 20.0 20.0 20.0 20.0 20.0 20.0  
    20.0 20.0 20.0 20.0 20.0 20.0 20.0 20.0 20.0 20.0 20.0 20.0 20.0  
    20.0 20.0 20.0 20.0 20.0 20.0 20.0 20.0 20.0 20.0 20.0 20.0 20.0  
    20.0 20.0 20.0 20.0 20.0 20.0 20.0 20.0 20.0 20.0 20.0 20.0 20.0  
    20.0 20.0 20.0 20.0 20.0 20.0 20.0 20.0 20.0 20.0 20.0 
  BETAN_PED = -1.0 
  XMID = 0.95 
  XWID = 0.1 
  PRESSURE_MODEL = 'full' 
  H98_TARGET = 0.8 
  BETAN_TARGET = 1.25 
  BETAN_BEAM_TARGET = 0.0 
  CURRENT_MODEL = 'broad' 
  RHO_JBDRY = 0.85 
  RHO_JPEAK = 0.65 
  JAXIS = 0.6 
  JAXIS_PRIME = 1.0 
  JBDRY_PRIME = -1.0 
  RBDRY = 5.75 5.717889612279765 5.599231274196216 5.333894952548324  
    4.862048988436734 4.215741544340384 3.606248672667517  
    3.3499999999999996 3.606248672667517 4.215741544340384  
    4.862048988436735 5.333894952548324 5.599231274196216  
    5.717889612279765 5.75 
  ZBDRY = 0.0 0.7289246817174976 1.3134768905462901 1.6378788924654637  
    1.6378788924654637 1.3134768905462901 0.7289246817174978  
    2.0574066225675533e-16 -0.7289246817174975 -1.31347689054629  
    -1.6378788924654637 -1.6378788924654637 -1.3134768905462901  
    -0.728924681717498 0.0 
  NLIM = 5 
  RLIM = 6.0 3.5 3.5 6.0 6.0 
  ZLIM = 1.93 1.93 -1.93 -1.93 1.93 
  NE = 27.62306735 27.62306735 27.57546442 27.52446609 27.47011707  
    27.41246207 27.3515458 27.28741298 27.22010832 27.14967653  
    27.07616232 26.99961042 26.92006552 26.83757235 26.75217561  
    26.66392003 26.5728503 26.47901115 26.38244728 26.28320342  
    26.18132427 26.07685454 25.96983895 25.86032222 25.74834904  
    25.63396415 25.51721224 25.39813803 25.27678624 25.15320158  
    25.02742875 24.89951248 24.76949748 24.63742845 24.50335012  
    24.36730718 24.22934437 24.08950638 23.94783794 23.80438375  
    23.65918852 23.51229698 23.36375383 23.21360378 23.06189155  
    22.90866184 22.75395937 22.59782885 22.44031499 22.28146248  
    22.12131604 21.95992037 21.79732015 21.63356007 21.4686848  
    21.302739 21.13576729 20.967814259999997 20.79892444 20.62914227  
    20.4585121 20.28707809 20.11488415 19.94197386 19.76839027  
    19.59417572 19.41937148 19.2440173 19.06815074 18.891806199999998  
    18.71501356 18.53779614 18.36016787 18.18212917 18.00366107  
    17.82471671 17.64520933 17.46499491 17.28384757 17.10142452  
    16.91721648 16.73047789 16.540129599999997 16.344624839999998  
    16.14176854 15.92848087 15.70050384 15.45206898 15.17558875  
    14.86151692 14.49865645 14.07535272 13.58207892 13.0156276  
    12.384132909999993 11.710562209999994 11.03138998 10.38887851  
    9.81973103 9.346060347 8.972965753 
  TE = 18.38537655722882 18.377794542687838 18.355067254560407  
    18.317250882029132 18.264438816497698 18.19676126729743  
    18.114384726779598 18.017511287869038 17.906377817994223  
    17.78125499411963 17.642446204382225 17.490286322569496  
    17.32514036236666 17.147402018940408 16.957492106011642  
    16.755856897096336 16.542966380058147 16.31931243451644  
    16.08540694198631 15.841779838891357 15.588977122784584  
    15.327558822236824 15.05809694090619 14.781173386286303  
    14.497377893547052 14.207305954730908 13.911556763352765  
    13.610731184174403 13.305429757589492 12.996250747664847  
    12.683788242442699 12.3727384400128 12.067587449800287  
    11.76860998465056 11.476080757409008 11.190274480921031  
    10.911389560030669 10.639300769533309 10.373797377201353  
    10.11466865080721 9.861703858123288 9.614942765189108  
    9.374487673221417 9.140221652758457 8.912027774338476  
    8.689789108499719 8.473368046260441 8.262587719915489  
    8.057272311917995 7.857246004721084 7.662332980777887  
    7.472148765572453 7.286372414894652 7.10492340665634  
    6.927721218769374 6.754685329145611 6.585737899102615  
    6.4207992862870045 6.25978626310421 6.102615601959664  
    5.949204075258799 5.799387131722388 5.653032013984413  
    5.5101031853201246 5.37056510900477 5.234382248313599  
    5.101559335289022 4.9720119253380135 4.84557071678267  
    4.722066407945088 4.601329697147366 4.483010187141799  
    4.366732881919368 4.252291581660189 4.1394800865443875  
    4.02809219675208 3.9179503297720584 3.808919128137504  
    3.7008557295951277 3.5936172718916377 3.4870608927737443  
    3.380961084177738 3.275131136701426 3.1694863860837916  
    3.0639421680638215 2.958413818380498 2.852780692595024  
    2.7470794112986225 2.641461207775311 2.536077315309108  
    2.431078967184031 2.3274639927484824 2.225622647861832  
    2.124794805574553 2.0242203389371167 1.9231391209999946 1.438300093  
    0.9885116223 0.607818884 0.3107984791 0.09381087106 
  TI = 21.444503165211653 21.433178079641458 21.39923869573574  
    21.342792442594117 21.26401773906416 21.16316305414421  
    21.040545601260867 20.896549676023913 20.731624649648833  
    20.546282632709204 20.341095826215877 20.116693579195488  
    19.873759173938204 19.613026361886213 19.33527567472517  
    19.041330536608005 18.732053204573397 18.408340565112702  
    18.071119815483435 17.721344058762725 17.359987841780093  
    16.9880426649687 16.606512492832994 16.216409293156172  
    15.81874863227314 15.41454535272598 15.004809358413194  
    14.590541530957116 14.17272979946338 13.752345384150436  
    13.330339232506114 12.917862046639513 12.524941365324644  
    12.150826151733256 11.7947653690371 11.456007980407929  
    11.133113161624834 10.824482308183963 10.529127712832638  
    10.246061668318191 9.974296467387951 9.712955121207575  
    9.461453842143987 9.219244724746424 8.985779863564128  
    8.76051135314633 8.543136605922308 8.333413693833581  
    8.13088570069773 7.935095710332348 7.7455868065550195  
    7.561538549155442 7.382209515624434 7.207261316331276  
    7.036355561645243 6.869153861935612 6.70555203519049  
    6.545609992451789 6.389235483669488 6.23633625879357  
    6.086820067774015 5.940453205532142 5.797078827136176  
    5.656719972756462 5.519399682563343 5.385140996727163  
    5.254169042595055 5.126534055115755 5.001996735862016  
    4.88031778640659 4.7612579083222295 4.644338034232111  
    4.529064028674812 4.415173991096194 4.302406020942114  
    4.19049821765843 4.079304528413937 3.9687662278333056  
    3.858752406546196 3.749132155182274 3.639774564371203  
    3.5306140928464 3.421496785783972 3.3121591134776174  
    3.2023375462210373 3.09176855430793 2.9797493048586943  
    2.8657518795686565 2.7497751205939047 2.6318178700905306  
    2.5118789702146227 2.392110203168677 2.274147970400374  
    2.1572180429335805 2.0405461917921657 1.9233581879999946  
    1.438325931 0.9883266268 0.6075777711 0.3107215441 0.09406899116 
  OMEGA = 4992.501875 4992.501875 4978.801804 4961.079526 4940.12016  
    4916.382264 4890.178959 4861.74318 4831.258024 4798.873089  
    4764.714177 4728.889466 4691.493659 4652.610886 4612.316799  
    4570.680145 4527.763951 4483.626454 4438.321832 4391.900796  
    4344.411068 4295.897774 4246.403778 4195.969955 4144.635428  
    4092.437767 4039.413164 3985.596584 3931.021896 3875.721988  
    3819.72887 3763.073767 3705.787199 3647.899055 3589.43866  
    3530.4348369999993 3470.91596 3410.910006 3350.444605 3289.54708  
    3228.244492 3166.5636739999995 3104.531273 3042.173783 2979.517575  
    2916.588934 2853.414088 2790.0192379999994 2726.430588 2662.674375  
    2598.776897 2534.764544 2470.663824 2406.501396 2342.304099  
    2278.098979 2213.913327 2149.7747069999996 2085.710992 2021.750397  
    1957.921519 1894.253376 1830.775447 1767.517715 1704.510722  
    1641.785608 1579.374179 1517.308956 1455.623246 1394.3512129999992  
    1333.5279519999992 1273.18958 1213.373329 1154.117653 1095.462349  
    1037.448686 980.1195629 923.5196753 867.6957162 812.6966008  
    758.5737302 705.3812976 653.1766491999995 602.0207127999994  
    551.9785103 503.1197796 455.5197357 409.2600162 364.4298727  
    321.1276991 279.4630303 239.55922 201.557126 165.620359  
    131.94307479999964 100.76217029999968 72.37775876 47.19105135  
    25.78549737 9.151104569 1.801225835e-12 
  ZEFF = 2.386 2.386 2.3859999999999997 2.386 2.386 2.386 2.386 2.386  
    2.386 2.386 2.386 2.386 2.386 2.3860000000000006 2.386 2.386 2.386  
    2.386 2.386 2.386 2.386 2.386 2.386 2.386 2.386 2.386 2.386 2.386  
    2.3859999999999997 2.386 2.386 2.386 2.386 2.386 2.386 2.386 2.386  
    2.386 2.3859999999999997 2.386 2.386 2.386 2.3859999999999997 2.386  
    2.386 2.3860000000000006 2.386 2.386 2.386 2.386 2.386 2.386 2.386  
    2.386 2.386 2.386 2.386 2.386 2.386 2.3859999999999997 2.386 2.386  
    2.386 2.386 2.386 2.386 2.3859999999999997 2.3859999999999997 2.386  
    2.386 2.3860000000000006 2.3860000000000006 2.386 2.386 2.386 2.386  
    2.386 2.386 2.386 2.3860000000000006 2.386 2.386 2.3859999999999997  
    2.386 2.386 2.386 2.386 2.386 2.386 2.386 2.386 2.3859999999999997  
    2.386 2.386 2.3860000000000006 2.386 2.386 2.386 2.386 2.386  
    2.3860000000000006 
  J_OH = 0.0 0.0 0.0 0.0 0.0 0.0 0.0 0.0 0.0 0.0 0.0 0.0 0.0 0.0 0.0  
    0.0 0.0 0.0 0.0 0.0 0.0 0.0 0.0 0.0 0.0 0.0 0.0 0.0 0.0 0.0 0.0 0.0  
    0.0 0.0 0.0 0.0 0.0 0.0 0.0 0.0 0.0 0.0 0.0 0.0 0.0 0.0 0.0 0.0 0.0  
    0.0 0.0 0.0 0.0 0.0 0.0 0.0 0.0 0.0 0.0 0.0 0.0 0.0 0.0 0.0 0.0 0.0  
    0.0 0.0 0.0 0.0 0.0 0.0 0.0 0.0 0.0 0.0 0.0 0.0 0.0 0.0 0.0 0.0 0.0  
    0.0 0.0 0.0 0.0 0.0 0.0 0.0 0.0 0.0 0.0 0.0 0.0 0.0 0.0 0.0 0.0 0.0  
    0.0 
  J_BS = 146268.4164814021 219402.62472210315 333417.04735236976  
    399851.8225793779 443692.7095055632 476355.45516824845  
    502766.2345077506 525289.3250652953 545152.012682092  
    563032.3449136481 579331.6842104984 594301.130013013  
    608086.7200920959 620758.7662713658 632345.3667832448  
    642854.4496305468 652287.0929268129 660642.485945071  
    667914.8526404354 674092.5098223928 679167.1558768866  
    683142.6898328967 686035.2198852733 687868.250776132  
    688666.3818706766 688451.048415243 687238.8001098234  
    685042.0940721115 681875.2473981178 677759.9151640319  
    668737.165442018 651251.1670199462 629916.0961287593  
    608929.6579903152 588290.0148724857 568160.1724952498  
    548887.0118948559 530570.1784679577 513117.6146504628  
    496512.2078223917 480604.0653713979 465165.5080049092  
    450200.5766160506 435794.1134198717 421936.55299394147  
    408580.61225004756 395684.3733187069 383284.2080525799  
    371410.9192188493 360054.6789526037 349360.5420810563  
    339428.5078739272 330027.04923565994 320971.6623787413  
    312256.246667425 303829.2571375744 295609.6179693337  
    287593.12029380706 279806.32789819024 272245.4899958229  
    264964.3520185002 257988.85618888034 251216.624546425  
    244574.2644081651 238060.4822499075 231621.44740619397  
    225269.65729867853 219154.7095181608 213357.76804481106  
    207873.67481112073 202806.92903845088 198271.4982910071  
    194167.77514656636 190388.71042014725 186934.6830954565  
    183777.39010710915 180862.09056534868 178187.9915054675  
    175792.48224558504 173705.9326091496 171987.14411042587  
    170713.83913773848 169953.95712716843 169799.43481881372  
    170388.61909567128 171987.18823210918 174803.74836808356  
    178832.62116247648 184134.993847206 190808.49311302716  
    198061.84332696057 205025.9836529739 211680.73100527204  
    216925.52340082443 218359.81067097714 369723.98362662864  
    475237.4081760238 369018.9481379473 247743.7318416934  
    133823.58327113363 28895.569151070278 
  J_NB = 0.0 0.0 0.0 0.0 0.0 0.0 0.0 0.0 0.0 0.0 0.0 0.0 0.0 0.0 0.0  
    0.0 0.0 0.0 0.0 0.0 0.0 0.0 0.0 0.0 0.0 0.0 0.0 0.0 0.0 0.0 0.0 0.0  
    0.0 0.0 0.0 0.0 0.0 0.0 0.0 0.0 0.0 0.0 0.0 0.0 0.0 0.0 0.0 0.0 0.0  
    0.0 0.0 0.0 0.0 0.0 0.0 0.0 0.0 0.0 0.0 0.0 0.0 0.0 0.0 0.0 0.0 0.0  
    0.0 0.0 0.0 0.0 0.0 0.0 0.0 0.0 0.0 0.0 0.0 0.0 0.0 0.0 0.0 0.0 0.0  
    0.0 0.0 0.0 0.0 0.0 0.0 0.0 0.0 0.0 0.0 0.0 0.0 0.0 0.0 0.0 0.0 0.0  
    0.0 
  J_EC = 0.0 0.0 0.0 0.0 0.0 0.0 0.0 0.0 0.0 0.0 0.0 0.0 0.0 0.0 0.0  
    0.0 0.0 0.0 0.0 0.0 0.0 0.0 0.0 0.0 0.0 0.0 0.0 0.0 0.0 0.0 0.0 0.0  
    0.0 0.0 0.0 0.0 0.0 0.0 0.0 0.0 0.0 0.0 0.0 0.0 0.0 0.0 0.0 0.0 0.0  
    0.0 0.0 0.0 0.0 0.0 0.0 0.0 0.0 0.0 0.0 0.0 0.0 0.0 0.0 0.0 0.0 0.0  
    0.0 0.0 0.0 0.0 0.0 0.0 0.0 0.0 0.0 0.0 0.0 0.0 0.0 0.0 0.0 0.0 0.0  
    0.0 0.0 0.0 0.0 0.0 0.0 0.0 0.0 0.0 0.0 0.0 0.0 0.0 0.0 0.0 0.0 0.0  
    0.0 
  J_IC = 0.0 0.0 0.0 0.0 0.0 0.0 0.0 0.0 0.0 0.0 0.0 0.0 0.0 0.0 0.0  
    0.0 0.0 0.0 0.0 0.0 0.0 0.0 0.0 0.0 0.0 0.0 0.0 0.0 0.0 0.0 0.0 0.0  
    0.0 0.0 0.0 0.0 0.0 0.0 0.0 0.0 0.0 0.0 0.0 0.0 0.0 0.0 0.0 0.0 0.0  
    0.0 0.0 0.0 0.0 0.0 0.0 0.0 0.0 0.0 0.0 0.0 0.0 0.0 0.0 0.0 0.0 0.0  
    0.0 0.0 0.0 0.0 0.0 0.0 0.0 0.0 0.0 0.0 0.0 0.0 0.0 0.0 0.0 0.0 0.0  
    0.0 0.0 0.0 0.0 0.0 0.0 0.0 0.0 0.0 0.0 0.0 0.0 0.0 0.0 0.0 0.0 0.0  
    0.0 
  J_LH = 0.0 0.0 0.0 0.0 0.0 0.0 0.0 0.0 0.0 0.0 0.0 0.0 0.0 0.0 0.0  
    0.0 0.0 0.0 0.0 0.0 0.0 0.0 0.0 0.0 0.0 0.0 0.0 0.0 0.0 0.0 0.0 0.0  
    0.0 0.0 0.0 0.0 0.0 0.0 0.0 0.0 0.0 0.0 0.0 0.0 0.0 0.0 0.0 0.0 0.0  
    0.0 0.0 0.0 0.0 0.0 0.0 0.0 0.0 0.0 0.0 0.0 0.0 0.0 0.0 0.0 0.0 0.0  
    0.0 0.0 0.0 0.0 0.0 0.0 0.0 0.0 0.0 0.0 0.0 0.0 0.0 0.0 0.0 0.0 0.0  
    0.0 0.0 0.0 0.0 0.0 0.0 0.0 0.0 0.0 0.0 0.0 0.0 0.0 0.0 0.0 0.0 0.0  
    0.0 
  PE_NB = 0.0 0.0 0.0 0.0 0.0 0.0 0.0 0.0 0.0 0.0 0.0 0.0 0.0 0.0 0.0  
    0.0 0.0 0.0 0.0 0.0 0.0 0.0 0.0 0.0 0.0 0.0 0.0 0.0 0.0 0.0 0.0 0.0  
    0.0 0.0 0.0 0.0 0.0 0.0 0.0 0.0 0.0 0.0 0.0 0.0 0.0 0.0 0.0 0.0 0.0  
    0.0 0.0 0.0 0.0 0.0 0.0 0.0 0.0 0.0 0.0 0.0 0.0 0.0 0.0 0.0 0.0 0.0  
    0.0 0.0 0.0 0.0 0.0 0.0 0.0 0.0 0.0 0.0 0.0 0.0 0.0 0.0 0.0 0.0 0.0  
    0.0 0.0 0.0 0.0 0.0 0.0 0.0 0.0 0.0 0.0 0.0 0.0 0.0 0.0 0.0 0.0 0.0  
    0.0 
  PE_EC = 0.0 0.0 0.0 0.0 0.0 0.0 0.0 0.0 0.0 0.0 0.0 0.0 0.0 0.0 0.0  
    0.0 0.0 0.0 0.0 0.0 0.0 0.0 0.0 0.0 0.0 0.0 0.0 0.0 0.0 0.0 0.0 0.0  
    0.0 0.0 0.0 0.0 0.0 0.0 0.0 0.0 0.0 0.0 0.0 0.0 0.0 0.0 0.0 0.0 0.0  
    0.0 0.0 0.0 0.0 0.0 0.0 0.0 0.0 0.0 0.0 0.0 0.0 0.0 0.0 0.0 0.0 0.0  
    0.0 0.0 0.0 0.0 0.0 0.0 0.0 0.0 0.0 0.0 0.0 0.0 0.0 0.0 0.0 0.0 0.0  
    0.0 0.0 0.0 0.0 0.0 0.0 0.0 0.0 0.0 0.0 0.0 0.0 0.0 0.0 0.0 0.0 0.0  
    0.0 
  PE_IC = 0.0 0.0 0.0 0.0 0.0 0.0 0.0 0.0 0.0 0.0 0.0 0.0 0.0 0.0 0.0  
    0.0 0.0 0.0 0.0 0.0 0.0 0.0 0.0 0.0 0.0 0.0 0.0 0.0 0.0 0.0 0.0 0.0  
    0.0 0.0 0.0 0.0 0.0 0.0 0.0 0.0 0.0 0.0 0.0 0.0 0.0 0.0 0.0 0.0 0.0  
    0.0 0.0 0.0 0.0 0.0 0.0 0.0 0.0 0.0 0.0 0.0 0.0 0.0 0.0 0.0 0.0 0.0  
    0.0 0.0 0.0 0.0 0.0 0.0 0.0 0.0 0.0 0.0 0.0 0.0 0.0 0.0 0.0 0.0 0.0  
    0.0 0.0 0.0 0.0 0.0 0.0 0.0 0.0 0.0 0.0 0.0 0.0 0.0 0.0 0.0 0.0 0.0  
    0.0 
  PE_LH = 0.0 0.0 0.0 0.0 0.0 0.0 0.0 0.0 0.0 0.0 0.0 0.0 0.0 0.0 0.0  
    0.0 0.0 0.0 0.0 0.0 0.0 0.0 0.0 0.0 0.0 0.0 0.0 0.0 0.0 0.0 0.0 0.0  
    0.0 0.0 0.0 0.0 0.0 0.0 0.0 0.0 0.0 0.0 0.0 0.0 0.0 0.0 0.0 0.0 0.0  
    0.0 0.0 0.0 0.0 0.0 0.0 0.0 0.0 0.0 0.0 0.0 0.0 0.0 0.0 0.0 0.0 0.0  
    0.0 0.0 0.0 0.0 0.0 0.0 0.0 0.0 0.0 0.0 0.0 0.0 0.0 0.0 0.0 0.0 0.0  
    0.0 0.0 0.0 0.0 0.0 0.0 0.0 0.0 0.0 0.0 0.0 0.0 0.0 0.0 0.0 0.0 0.0  
    0.0 
  PE_FUS = 1939706.6119494555 1939564.2718807785 1933637.617615624  
    1927306.2068684292 1920736.3702314545 1914093.4102978662  
    1907374.3426278175 1899894.875619345 1890777.2817165267  
    1879098.9986638718 1863864.5971175088 1843137.6421803324  
    1816133.8653258525 1783522.7462003843 1746050.8771070016  
    1704609.3171188028 1659963.5068812582 1612533.9241051879  
    1562926.8912830136 1511876.1634709244 1460248.778201556  
    1408416.237200263 1356091.4020177969 1303239.2238412146  
    1249807.2958914898 1195727.5276146743 1140924.4978280386  
    1085655.6695079566 1030370.1422455875 975549.0179465357  
    921696.2193096952 869372.729884269 818887.9887890886  
    770360.2198983913 723881.8869880103 679519.5351967702  
    637239.0021615276 596964.0237107275 558664.0160529158  
    522290.9022619079 487781.9836839636 455068.92007361935  
    424105.6102183707 394845.912223689 367234.9922466935  
    341211.06348019803 316733.804594476 293760.4715042609  
    272219.0211567427 252035.2678874689 233134.12405746424  
    215406.60737181493 198760.38520645478 183145.09266015704  
    168510.46095909693 154806.7904898431 142008.31805729424  
    130094.9420548653 119025.4887992717 108758.2441987158  
    99251.32344111612 90452.30661247182 82314.087046768  
    74802.59991905901 67883.69474603779 61523.386511800774  
    55696.0955707425 50369.40521943065 45501.71940790288  
    41054.53982057253 36992.349017233355 33276.41777399976  
    29872.11735430812 26754.035447889528 23899.02918367638  
    21286.064200251974 18898.08321728021 16720.54979584765  
    14738.448322286338 12937.715458800461 11305.17863346876  
    9829.231715756792 8497.869465225464 7298.945472983192  
    6221.5442738209795 5255.8867922817835 4390.569558127592  
    3617.5801877445915 2933.042663107401 2333.207961285747  
    1814.575816567394 1379.4318285106488 1024.4655422837495  
    739.9617433234023 517.8172378460505 350.23905498354526  
    70.3429907395423 7.1989382646983495 0.24642871958294219  
    0.0008979450320377325 9.41220832300723e-10 
  PE_IONIZATION = 0.0 0.0 0.0 0.0 0.0 0.0 0.0 0.0 0.0 0.0 0.0 0.0 0.0  
    0.0 0.0 0.0 0.0 0.0 0.0 0.0 0.0 0.0 0.0 0.0 0.0 0.0 0.0 0.0 0.0 0.0  
    0.0 0.0 0.0 0.0 0.0 0.0 0.0 0.0 0.0 0.0 0.0 0.0 0.0 0.0 0.0 0.0 0.0  
    0.0 0.0 0.0 0.0 0.0 0.0 0.0 0.0 0.0 0.0 0.0 0.0 0.0 0.0 0.0 0.0 0.0  
    0.0 0.0 0.0 0.0 0.0 0.0 0.0 0.0 0.0 0.0 0.0 0.0 0.0 0.0 0.0 0.0 0.0  
    0.0 0.0 0.0 0.0 0.0 0.0 0.0 0.0 0.0 0.0 0.0 0.0 0.0 0.0 0.0 0.0 0.0  
    0.0 0.0 0.0 
  P_RAD = 0.0 0.0 0.0 0.0 0.0 0.0 0.0 0.0 0.0 0.0 0.0 0.0 0.0 0.0 0.0  
    0.0 0.0 0.0 0.0 0.0 0.0 0.0 0.0 0.0 0.0 0.0 0.0 0.0 0.0 0.0 0.0 0.0  
    0.0 0.0 0.0 0.0 0.0 0.0 0.0 0.0 0.0 0.0 0.0 0.0 0.0 0.0 0.0 0.0 0.0  
    0.0 0.0 0.0 0.0 0.0 0.0 0.0 0.0 0.0 0.0 0.0 0.0 0.0 0.0 0.0 0.0 0.0  
    0.0 0.0 0.0 0.0 0.0 0.0 0.0 0.0 0.0 0.0 0.0 0.0 0.0 0.0 0.0 0.0 0.0  
    0.0 0.0 0.0 0.0 0.0 0.0 0.0 0.0 0.0 0.0 0.0 0.0 0.0 0.0 0.0 0.0 0.0  
    0.0 
  PI_NB = 0.0 0.0 0.0 0.0 0.0 0.0 0.0 0.0 0.0 0.0 0.0 0.0 0.0 0.0 0.0  
    0.0 0.0 0.0 0.0 0.0 0.0 0.0 0.0 0.0 0.0 0.0 0.0 0.0 0.0 0.0 0.0 0.0  
    0.0 0.0 0.0 0.0 0.0 0.0 0.0 0.0 0.0 0.0 0.0 0.0 0.0 0.0 0.0 0.0 0.0  
    0.0 0.0 0.0 0.0 0.0 0.0 0.0 0.0 0.0 0.0 0.0 0.0 0.0 0.0 0.0 0.0 0.0  
    0.0 0.0 0.0 0.0 0.0 0.0 0.0 0.0 0.0 0.0 0.0 0.0 0.0 0.0 0.0 0.0 0.0  
    0.0 0.0 0.0 0.0 0.0 0.0 0.0 0.0 0.0 0.0 0.0 0.0 0.0 0.0 0.0 0.0 0.0  
    0.0 
  PI_IC = 0.0 0.0 0.0 0.0 0.0 0.0 0.0 0.0 0.0 0.0 0.0 0.0 0.0 0.0 0.0  
    0.0 0.0 0.0 0.0 0.0 0.0 0.0 0.0 0.0 0.0 0.0 0.0 0.0 0.0 0.0 0.0 0.0  
    0.0 0.0 0.0 0.0 0.0 0.0 0.0 0.0 0.0 0.0 0.0 0.0 0.0 0.0 0.0 0.0 0.0  
    0.0 0.0 0.0 0.0 0.0 0.0 0.0 0.0 0.0 0.0 0.0 0.0 0.0 0.0 0.0 0.0 0.0  
    0.0 0.0 0.0 0.0 0.0 0.0 0.0 0.0 0.0 0.0 0.0 0.0 0.0 0.0 0.0 0.0 0.0  
    0.0 0.0 0.0 0.0 0.0 0.0 0.0 0.0 0.0 0.0 0.0 0.0 0.0 0.0 0.0 0.0 0.0  
    0.0 
  PI_LH = 0.0 0.0 0.0 0.0 0.0 0.0 0.0 0.0 0.0 0.0 0.0 0.0 0.0 0.0 0.0  
    0.0 0.0 0.0 0.0 0.0 0.0 0.0 0.0 0.0 0.0 0.0 0.0 0.0 0.0 0.0 0.0 0.0  
    0.0 0.0 0.0 0.0 0.0 0.0 0.0 0.0 0.0 0.0 0.0 0.0 0.0 0.0 0.0 0.0 0.0  
    0.0 0.0 0.0 0.0 0.0 0.0 0.0 0.0 0.0 0.0 0.0 0.0 0.0 0.0 0.0 0.0 0.0  
    0.0 0.0 0.0 0.0 0.0 0.0 0.0 0.0 0.0 0.0 0.0 0.0 0.0 0.0 0.0 0.0 0.0  
    0.0 0.0 0.0 0.0 0.0 0.0 0.0 0.0 0.0 0.0 0.0 0.0 0.0 0.0 0.0 0.0 0.0  
    0.0 
  PI_FUS = 884319.0020564352 883652.8601267537 879226.6785700659  
    873377.2374778878 866156.6982791285 857617.2374855698  
    847764.5779446965 836419.8473035413 823359.3909148861  
    808358.1389090933 791182.947299498 771402.7427645139  
    749066.2079689361 724642.6997666534 698612.8905839608  
    671488.0218244367 643678.7406972172 615389.6599619339  
    586877.9462222182 558432.2792921858 530372.1692530293  
    502848.8722157559 475786.3126181883 449180.5198548548  
    423023.18236639537 397302.5552484618 372023.1110698232  
    347293.0909967795 323256.2030424694 300055.97990221303  
    277832.1998623452 256739.50408560925 236849.59910471633  
    218164.1979840044 200674.1351405338 184360.1287606216  
    169174.23607065383 155052.92147312983 141943.76301359842  
    129791.63804294194 118539.84952207992 108134.8924858883  
    98530.43937631336 89679.5480909688 81535.16351320088  
    74050.68743381085 67185.99535653321 60901.796653549434  
    55154.62733283144 49902.889018350164 45107.0639511889  
    40722.23403772147 36710.015642770035 33043.305483828335  
    29696.333764549534 26644.71556889604 23869.54068094205  
    21353.555446215738 19076.63770077647 17019.661422442066  
    15164.527874587842 13492.322652399858 11986.163226476145  
    10632.334651322817 9417.87427741214 8330.581374939116  
    7360.143737043931 6495.8264097593255 5726.301241479554  
    5041.401071547905 4432.018332455404 3889.1556383864463  
    3404.9577273891487 2973.3121102897107 2588.7735080642246  
    2246.4935025260565 1942.377695559329 1672.867039925315  
    1434.570884299634 1224.4036386434022 1039.5574900229517  
    877.5229084924414 735.9298788019978 612.5718296629369  
    505.4834677803953 412.91451807986886 333.0994554492571  
    264.6653113890185 206.61996480411645 158.01093431634544  
    117.9346416525535 85.90927202908584 61.04545739265234  
    42.103918287547856 28.06544695810626 18.027774338290136  
    2.761514961862407 0.19960280452938847 0.004363971624612564  
    8.60518018200128e-06 3.0542199894662926e-12 
  PI_IONIZATION = 0.0 0.0 0.0 0.0 0.0 0.0 0.0 0.0 0.0 0.0 0.0 0.0 0.0  
    0.0 0.0 0.0 0.0 0.0 0.0 0.0 0.0 0.0 0.0 0.0 0.0 0.0 0.0 0.0 0.0 0.0  
    0.0 0.0 0.0 0.0 0.0 0.0 0.0 0.0 0.0 0.0 0.0 0.0 0.0 0.0 0.0 0.0 0.0  
    0.0 0.0 0.0 0.0 0.0 0.0 0.0 0.0 0.0 0.0 0.0 0.0 0.0 0.0 0.0 0.0 0.0  
    0.0 0.0 0.0 0.0 0.0 0.0 0.0 0.0 0.0 0.0 0.0 0.0 0.0 0.0 0.0 0.0 0.0  
    0.0 0.0 0.0 0.0 0.0 0.0 0.0 0.0 0.0 0.0 0.0 0.0 0.0 0.0 0.0 0.0 0.0  
    0.0 0.0 0.0 
  PI_CX = 0.0 0.0 0.0 0.0 0.0 0.0 0.0 0.0 0.0 0.0 0.0 0.0 0.0 0.0 0.0  
    0.0 0.0 0.0 0.0 0.0 0.0 0.0 0.0 0.0 0.0 0.0 0.0 0.0 0.0 0.0 0.0 0.0  
    0.0 0.0 0.0 0.0 0.0 0.0 0.0 0.0 0.0 0.0 0.0 0.0 0.0 0.0 0.0 0.0 0.0  
    0.0 0.0 0.0 0.0 0.0 0.0 0.0 0.0 0.0 0.0 0.0 0.0 0.0 0.0 0.0 0.0 0.0  
    0.0 0.0 0.0 0.0 0.0 0.0 0.0 0.0 0.0 0.0 0.0 0.0 0.0 0.0 0.0 0.0 0.0  
    0.0 0.0 0.0 0.0 0.0 0.0 0.0 0.0 0.0 0.0 0.0 0.0 0.0 0.0 0.0 0.0 0.0  
    0.0 
  P_OHM = 0.0 0.0 0.0 0.0 0.0 0.0 0.0 0.0 0.0 0.0 0.0 0.0 0.0 0.0 0.0  
    0.0 0.0 0.0 0.0 0.0 0.0 0.0 0.0 0.0 0.0 0.0 0.0 0.0 0.0 0.0 0.0 0.0  
    0.0 0.0 0.0 0.0 0.0 0.0 0.0 0.0 0.0 0.0 0.0 0.0 0.0 0.0 0.0 0.0 0.0  
    0.0 0.0 0.0 0.0 0.0 0.0 0.0 0.0 0.0 0.0 0.0 0.0 0.0 0.0 0.0 0.0 0.0  
    0.0 0.0 0.0 0.0 0.0 0.0 0.0 0.0 0.0 0.0 0.0 0.0 0.0 0.0 0.0 0.0 0.0  
    0.0 0.0 0.0 0.0 0.0 0.0 0.0 0.0 0.0 0.0 0.0 0.0 0.0 0.0 0.0 0.0 0.0  
    0.0 
  P_EI = 0.0 0.0 0.0 0.0 0.0 0.0 0.0 0.0 0.0 0.0 0.0 0.0 0.0 0.0 0.0  
    0.0 0.0 0.0 0.0 0.0 0.0 0.0 0.0 0.0 0.0 0.0 0.0 0.0 0.0 0.0 0.0 0.0  
    0.0 0.0 0.0 0.0 0.0 0.0 0.0 0.0 0.0 0.0 0.0 0.0 0.0 0.0 0.0 0.0 0.0  
    0.0 0.0 0.0 0.0 0.0 0.0 0.0 0.0 0.0 0.0 0.0 0.0 0.0 0.0 0.0 0.0 0.0  
    0.0 0.0 0.0 0.0 0.0 0.0 0.0 0.0 0.0 0.0 0.0 0.0 0.0 0.0 0.0 0.0 0.0  
    0.0 0.0 0.0 0.0 0.0 0.0 0.0 0.0 0.0 0.0 0.0 0.0 0.0 0.0 0.0 0.0 0.0  
    0.0 
  TORQUE_NB = 0.0 0.0 0.0 0.0 0.0 0.0 0.0 0.0 0.0 0.0 0.0 0.0 0.0 0.0  
    0.0 0.0 0.0 0.0 0.0 0.0 0.0 0.0 0.0 0.0 0.0 0.0 0.0 0.0 0.0 0.0 0.0  
    0.0 0.0 0.0 0.0 0.0 0.0 0.0 0.0 0.0 0.0 0.0 0.0 0.0 0.0 0.0 0.0 0.0  
    0.0 0.0 0.0 0.0 0.0 0.0 0.0 0.0 0.0 0.0 0.0 0.0 0.0 0.0 0.0 0.0 0.0  
    0.0 0.0 0.0 0.0 0.0 0.0 0.0 0.0 0.0 0.0 0.0 0.0 0.0 0.0 0.0 0.0 0.0  
    0.0 0.0 0.0 0.0 0.0 0.0 0.0 0.0 0.0 0.0 0.0 0.0 0.0 0.0 0.0 0.0 0.0  
    0.0 0.0 
  TORQUE_IN = 0.0 0.0 0.0 0.0 0.0 0.0 0.0 0.0 0.0 0.0 0.0 0.0 0.0 0.0  
    0.0 0.0 0.0 0.0 0.0 0.0 0.0 0.0 0.0 0.0 0.0 0.0 0.0 0.0 0.0 0.0 0.0  
    0.0 0.0 0.0 0.0 0.0 0.0 0.0 0.0 0.0 0.0 0.0 0.0 0.0 0.0 0.0 0.0 0.0  
    0.0 0.0 0.0 0.0 0.0 0.0 0.0 0.0 0.0 0.0 0.0 0.0 0.0 0.0 0.0 0.0 0.0  
    0.0 0.0 0.0 0.0 0.0 0.0 0.0 0.0 0.0 0.0 0.0 0.0 0.0 0.0 0.0 0.0 0.0  
    0.0 0.0 0.0 0.0 0.0 0.0 0.0 0.0 0.0 0.0 0.0 0.0 0.0 0.0 0.0 0.0 0.0  
    0.0 0.0 
  SE_NB = 0.0 0.0 0.0 0.0 0.0 0.0 0.0 0.0 0.0 0.0 0.0 0.0 0.0 0.0 0.0  
    0.0 0.0 0.0 0.0 0.0 0.0 0.0 0.0 0.0 0.0 0.0 0.0 0.0 0.0 0.0 0.0 0.0  
    0.0 0.0 0.0 0.0 0.0 0.0 0.0 0.0 0.0 0.0 0.0 0.0 0.0 0.0 0.0 0.0 0.0  
    0.0 0.0 0.0 0.0 0.0 0.0 0.0 0.0 0.0 0.0 0.0 0.0 0.0 0.0 0.0 0.0 0.0  
    0.0 0.0 0.0 0.0 0.0 0.0 0.0 0.0 0.0 0.0 0.0 0.0 0.0 0.0 0.0 0.0 0.0  
    0.0 0.0 0.0 0.0 0.0 0.0 0.0 0.0 0.0 0.0 0.0 0.0 0.0 0.0 0.0 0.0 0.0  
    0.0 
  SE_IONIZATION = 0.0 0.0 0.0 0.0 0.0 0.0 0.0 0.0 0.0 0.0 0.0 0.0 0.0  
    0.0 0.0 0.0 0.0 0.0 0.0 0.0 0.0 0.0 0.0 0.0 0.0 0.0 0.0 0.0 0.0 0.0  
    0.0 0.0 0.0 0.0 0.0 0.0 0.0 0.0 0.0 0.0 0.0 0.0 0.0 0.0 0.0 0.0 0.0  
    0.0 0.0 0.0 0.0 0.0 0.0 0.0 0.0 0.0 0.0 0.0 0.0 0.0 0.0 0.0 0.0 0.0  
    0.0 0.0 0.0 0.0 0.0 0.0 0.0 0.0 0.0 0.0 0.0 0.0 0.0 0.0 0.0 0.0 0.0  
    0.0 0.0 0.0 0.0 0.0 0.0 0.0 0.0 0.0 0.0 0.0 0.0 0.0 0.0 0.0 0.0 0.0  
    0.0 0.0 0.0 
  SI_NB = 0.0 0.0 0.0 0.0 0.0 0.0 0.0 0.0 0.0 0.0 0.0 0.0 0.0 0.0 0.0  
    0.0 0.0 0.0 0.0 0.0 0.0 0.0 0.0 0.0 0.0 0.0 0.0 0.0 0.0 0.0 0.0 0.0  
    0.0 0.0 0.0 0.0 0.0 0.0 0.0 0.0 0.0 0.0 0.0 0.0 0.0 0.0 0.0 0.0 0.0  
    0.0 0.0 0.0 0.0 0.0 0.0 0.0 0.0 0.0 0.0 0.0 0.0 0.0 0.0 0.0 0.0 0.0  
    0.0 0.0 0.0 0.0 0.0 0.0 0.0 0.0 0.0 0.0 0.0 0.0 0.0 0.0 0.0 0.0 0.0  
    0.0 0.0 0.0 0.0 0.0 0.0 0.0 0.0 0.0 0.0 0.0 0.0 0.0 0.0 0.0 0.0 0.0  
    0.0 
  SI_IONIZATION = 0.0 0.0 0.0 0.0 0.0 0.0 0.0 0.0 0.0 0.0 0.0 0.0 0.0  
    0.0 0.0 0.0 0.0 0.0 0.0 0.0 0.0 0.0 0.0 0.0 0.0 0.0 0.0 0.0 0.0 0.0  
    0.0 0.0 0.0 0.0 0.0 0.0 0.0 0.0 0.0 0.0 0.0 0.0 0.0 0.0 0.0 0.0 0.0  
    0.0 0.0 0.0 0.0 0.0 0.0 0.0 0.0 0.0 0.0 0.0 0.0 0.0 0.0 0.0 0.0 0.0  
    0.0 0.0 0.0 0.0 0.0 0.0 0.0 0.0 0.0 0.0 0.0 0.0 0.0 0.0 0.0 0.0 0.0  
    0.0 0.0 0.0 0.0 0.0 0.0 0.0 0.0 0.0 0.0 0.0 0.0 0.0 0.0 0.0 0.0 0.0  
    0.0 0.0 0.0 
  SE_PELLET = 0.0 0.0 0.0 0.0 0.0 0.0 0.0 0.0 0.0 0.0 0.0 0.0 0.0 0.0  
    0.0 0.0 0.0 0.0 0.0 0.0 0.0 0.0 0.0 0.0 0.0 0.0 0.0 0.0 0.0 0.0 0.0  
    0.0 0.0 0.0 0.0 0.0 0.0 0.0 0.0 0.0 0.0 0.0 0.0 0.0 0.0 0.0 0.0 0.0  
    0.0 0.0 0.0 0.0 0.0 0.0 0.0 0.0 0.0 0.0 0.0 0.0 0.0 0.0 0.0 0.0 0.0  
    0.0 0.0 0.0 0.0 0.0 0.0 0.0 0.0 0.0 0.0 0.0 0.0 0.0 0.0 0.0 0.0 0.0  
    0.0 0.0 0.0 0.0 0.0 0.0 0.0 0.0 0.0 0.0 0.0 0.0 0.0 0.0 0.0 0.0 0.0  
    0.0 0.0 
  Q = 0.0 0.0 0.0 0.0 0.0 0.0 0.0 0.0 0.0 0.0 0.0 0.0 0.0 0.0 0.0 0.0  
    0.0 0.0 0.0 0.0 0.0 0.0 0.0 0.0 0.0 0.0 0.0 0.0 0.0 0.0 0.0 0.0 0.0  
    0.0 0.0 0.0 0.0 0.0 0.0 0.0 0.0 0.0 0.0 0.0 0.0 0.0 0.0 0.0 0.0 0.0  
    0.0 0.0 0.0 0.0 0.0 0.0 0.0 0.0 0.0 0.0 0.0 0.0 0.0 0.0 0.0 0.0 0.0  
    0.0 0.0 0.0 0.0 0.0 0.0 0.0 0.0 0.0 0.0 0.0 0.0 0.0 0.0 0.0 0.0 0.0  
    0.0 0.0 0.0 0.0 0.0 0.0 0.0 0.0 0.0 0.0 0.0 0.0 0.0 0.0 0.0 0.0 0.0 
  PSIPOL = 0.0 0.0 0.0 0.0 0.0 0.0 0.0 0.0 0.0 0.0 0.0 0.0 0.0 0.0 0.0  
    0.0 0.0 0.0 0.0 0.0 0.0 0.0 0.0 0.0 0.0 0.0 0.0 0.0 0.0 0.0 0.0 0.0  
    0.0 0.0 0.0 0.0 0.0 0.0 0.0 0.0 0.0 0.0 0.0 0.0 0.0 0.0 0.0 0.0 0.0  
    0.0 0.0 0.0 0.0 0.0 0.0 0.0 0.0 0.0 0.0 0.0 0.0 0.0 0.0 0.0 0.0 0.0  
    0.0 0.0 0.0 0.0 0.0 0.0 0.0 0.0 0.0 0.0 0.0 0.0 0.0 0.0 0.0 0.0 0.0  
    0.0 0.0 0.0 0.0 0.0 0.0 0.0 0.0 0.0 0.0 0.0 0.0 0.0 0.0 0.0 0.0 0.0  
    0.0 
  PSI = 0.0 0.0 0.0 0.0 0.0 0.0 0.0 0.0 0.0 0.0 0.0 0.0 0.0 0.0 0.0 0.0  
    0.0 0.0 0.0 0.0 0.0 0.0 0.0 0.0 0.0 0.0 0.0 0.0 0.0 0.0 0.0 0.0 0.0  
    0.0 0.0 0.0 0.0 0.0 0.0 0.0 0.0 0.0 0.0 0.0 0.0 0.0 0.0 0.0 0.0 0.0  
    0.0 0.0 0.0 0.0 0.0 0.0 0.0 0.0 0.0 0.0 0.0 0.0 0.0 0.0 0.0 0.0 0.0  
    0.0 0.0 0.0 0.0 0.0 0.0 0.0 0.0 0.0 0.0 0.0 0.0 0.0 0.0 0.0 0.0 0.0  
    0.0 0.0 0.0 0.0 0.0 0.0 0.0 0.0 0.0 0.0 0.0 0.0 0.0 0.0 0.0 0.0 0.0 
  DENSITY_BEAM = 0.0 0.0 0.0 0.0 0.0 0.0 0.0 0.0 0.0 0.0 0.0 0.0 0.0  
    0.0 0.0 0.0 0.0 0.0 0.0 0.0 0.0 0.0 0.0 0.0 0.0 0.0 0.0 0.0 0.0 0.0  
    0.0 0.0 0.0 0.0 0.0 0.0 0.0 0.0 0.0 0.0 0.0 0.0 0.0 0.0 0.0 0.0 0.0  
    0.0 0.0 0.0 0.0 0.0 0.0 0.0 0.0 0.0 0.0 0.0 0.0 0.0 0.0 0.0 0.0 0.0  
    0.0 0.0 0.0 0.0 0.0 0.0 0.0 0.0 0.0 0.0 0.0 0.0 0.0 0.0 0.0 0.0 0.0  
    0.0 0.0 0.0 0.0 0.0 0.0 0.0 0.0 0.0 0.0 0.0 0.0 0.0 0.0 0.0 0.0 0.0  
    0.0 0.0 0.0 
  WBEAM = 0.0 0.0 0.0 0.0 0.0 0.0 0.0 0.0 0.0 0.0 0.0 0.0 0.0 0.0 0.0  
    0.0 0.0 0.0 0.0 0.0 0.0 0.0 0.0 0.0 0.0 0.0 0.0 0.0 0.0 0.0 0.0 0.0  
    0.0 0.0 0.0 0.0 0.0 0.0 0.0 0.0 0.0 0.0 0.0 0.0 0.0 0.0 0.0 0.0 0.0  
    0.0 0.0 0.0 0.0 0.0 0.0 0.0 0.0 0.0 0.0 0.0 0.0 0.0 0.0 0.0 0.0 0.0  
    0.0 0.0 0.0 0.0 0.0 0.0 0.0 0.0 0.0 0.0 0.0 0.0 0.0 0.0 0.0 0.0 0.0  
    0.0 0.0 0.0 0.0 0.0 0.0 0.0 0.0 0.0 0.0 0.0 0.0 0.0 0.0 0.0 0.0 0.0  
    0.0 
  TBEAM = 0.0 0.0 0.0 0.0 0.0 0.0 0.0 0.0 0.0 0.0 0.0 0.0 0.0 0.0 0.0  
    0.0 0.0 0.0 0.0 0.0 0.0 0.0 0.0 0.0 0.0 0.0 0.0 0.0 0.0 0.0 0.0 0.0  
    0.0 0.0 0.0 0.0 0.0 0.0 0.0 0.0 0.0 0.0 0.0 0.0 0.0 0.0 0.0 0.0 0.0  
    0.0 0.0 0.0 0.0 0.0 0.0 0.0 0.0 0.0 0.0 0.0 0.0 0.0 0.0 0.0 0.0 0.0  
    0.0 0.0 0.0 0.0 0.0 0.0 0.0 0.0 0.0 0.0 0.0 0.0 0.0 0.0 0.0 0.0 0.0  
    0.0 0.0 0.0 0.0 0.0 0.0 0.0 0.0 0.0 0.0 0.0 0.0 0.0 0.0 0.0 0.0 0.0  
    0.0 
  DENSITY_ALPHA = 0.0 0.0 0.0 0.0 0.0 0.0 0.0 0.0 0.0 0.0 0.0 0.0 0.0  
    0.0 0.0 0.0 0.0 0.0 0.0 0.0 0.0 0.0 0.0 0.0 0.0 0.0 0.0 0.0 0.0 0.0  
    0.0 0.0 0.0 0.0 0.0 0.0 0.0 0.0 0.0 0.0 0.0 0.0 0.0 0.0 0.0 0.0 0.0  
    0.0 0.0 0.0 0.0 0.0 0.0 0.0 0.0 0.0 0.0 0.0 0.0 0.0 0.0 0.0 0.0 0.0  
    0.0 0.0 0.0 0.0 0.0 0.0 0.0 0.0 0.0 0.0 0.0 0.0 0.0 0.0 0.0 0.0 0.0  
    0.0 0.0 0.0 0.0 0.0 0.0 0.0 0.0 0.0 0.0 0.0 0.0 0.0 0.0 0.0 0.0 0.0  
    0.0 0.0 0.0 
  WALPHA = 0.0 0.0 0.0 0.0 0.0 0.0 0.0 0.0 0.0 0.0 0.0 0.0 0.0 0.0 0.0  
    0.0 0.0 0.0 0.0 0.0 0.0 0.0 0.0 0.0 0.0 0.0 0.0 0.0 0.0 0.0 0.0 0.0  
    0.0 0.0 0.0 0.0 0.0 0.0 0.0 0.0 0.0 0.0 0.0 0.0 0.0 0.0 0.0 0.0 0.0  
    0.0 0.0 0.0 0.0 0.0 0.0 0.0 0.0 0.0 0.0 0.0 0.0 0.0 0.0 0.0 0.0 0.0  
    0.0 0.0 0.0 0.0 0.0 0.0 0.0 0.0 0.0 0.0 0.0 0.0 0.0 0.0 0.0 0.0 0.0  
    0.0 0.0 0.0 0.0 0.0 0.0 0.0 0.0 0.0 0.0 0.0 0.0 0.0 0.0 0.0 0.0 0.0  
    0.0 
  TALPHA = 0.0 0.0 0.0 0.0 0.0 0.0 0.0 0.0 0.0 0.0 0.0 0.0 0.0 0.0 0.0  
    0.0 0.0 0.0 0.0 0.0 0.0 0.0 0.0 0.0 0.0 0.0 0.0 0.0 0.0 0.0 0.0 0.0  
    0.0 0.0 0.0 0.0 0.0 0.0 0.0 0.0 0.0 0.0 0.0 0.0 0.0 0.0 0.0 0.0 0.0  
    0.0 0.0 0.0 0.0 0.0 0.0 0.0 0.0 0.0 0.0 0.0 0.0 0.0 0.0 0.0 0.0 0.0  
    0.0 0.0 0.0 0.0 0.0 0.0 0.0 0.0 0.0 0.0 0.0 0.0 0.0 0.0 0.0 0.0 0.0  
    0.0 0.0 0.0 0.0 0.0 0.0 0.0 0.0 0.0 0.0 0.0 0.0 0.0 0.0 0.0 0.0 0.0  
    0.0 
  CHIE = 0.0 0.0 0.0 0.0 0.0 0.0 0.0 0.0 0.0 0.0 0.0 0.0 0.0 0.0 0.0  
    0.0 0.0 0.0 0.0 0.0 0.0 0.0 0.0 0.0 0.0 0.0 0.0 0.0 0.0 0.0 0.0 0.0  
    0.0 0.0 0.0 0.0 0.0 0.0 0.0 0.0 0.0 0.0 0.0 0.0 0.0 0.0 0.0 0.0 0.0  
    0.0 0.0 0.0 0.0 0.0 0.0 0.0 0.0 0.0 0.0 0.0 0.0 0.0 0.0 0.0 0.0 0.0  
    0.0 0.0 0.0 0.0 0.0 0.0 0.0 0.0 0.0 0.0 0.0 0.0 0.0 0.0 0.0 0.0 0.0  
    0.0 0.0 0.0 0.0 0.0 0.0 0.0 0.0 0.0 0.0 0.0 0.0 0.0 0.0 0.0 0.0 0.0  
    0.0 
  CHII = 0.0 0.0 0.0 0.0 0.0 0.0 0.0 0.0 0.0 0.0 0.0 0.0 0.0 0.0 0.0  
    0.0 0.0 0.0 0.0 0.0 0.0 0.0 0.0 0.0 0.0 0.0 0.0 0.0 0.0 0.0 0.0 0.0  
    0.0 0.0 0.0 0.0 0.0 0.0 0.0 0.0 0.0 0.0 0.0 0.0 0.0 0.0 0.0 0.0 0.0  
    0.0 0.0 0.0 0.0 0.0 0.0 0.0 0.0 0.0 0.0 0.0 0.0 0.0 0.0 0.0 0.0 0.0  
    0.0 0.0 0.0 0.0 0.0 0.0 0.0 0.0 0.0 0.0 0.0 0.0 0.0 0.0 0.0 0.0 0.0  
    0.0 0.0 0.0 0.0 0.0 0.0 0.0 0.0 0.0 0.0 0.0 0.0 0.0 0.0 0.0 0.0 0.0  
    0.0 
  P_EQ = 0.0 0.0 0.0 0.0 0.0 0.0 0.0 0.0 0.0 0.0 0.0 0.0 0.0 0.0 0.0  
    0.0 0.0 0.0 0.0 0.0 0.0 0.0 0.0 0.0 0.0 0.0 0.0 0.0 0.0 0.0 0.0 0.0  
    0.0 0.0 0.0 0.0 0.0 0.0 0.0 0.0 0.0 0.0 0.0 0.0 0.0 0.0 0.0 0.0 0.0  
    0.0 0.0 0.0 0.0 0.0 0.0 0.0 0.0 0.0 0.0 0.0 0.0 0.0 0.0 0.0 0.0 0.0  
    0.0 0.0 0.0 0.0 0.0 0.0 0.0 0.0 0.0 0.0 0.0 0.0 0.0 0.0 0.0 0.0 0.0  
    0.0 0.0 0.0 0.0 0.0 0.0 0.0 0.0 0.0 0.0 0.0 0.0 0.0 0.0 0.0 0.0 0.0  
    0.0 
  J_TOT = 3695091.909367661 3695091.909367661 3694572.471204082  
    3693160.9986599702 3690986.8763121255 3688038.4419031595  
    3684327.6228099456 3679865.92421905 3674663.8588696457  
    3668730.940050307 3662075.053315891 3654702.3656964777  
    3646617.42499222 3637823.400381782 3628322.3828077773  
    3618115.6791093685 3607204.0631353613 3595587.969581726  
    3583267.6305531226 3570243.1631023115 3556514.622754187  
    3542082.0352705666 3526945.4119064976 3511104.7566636647  
    3494560.0710427947 3477311.355794267 3459358.611418323  
    3440701.8379149367 3421341.035033971 3401276.202775272  
    3380507.341389102 3359034.4508754383 3336857.5309843766  
    3313976.5822159327 3290391.6045700624 3266102.5972965253  
    3241109.56064554 3215412.4951172215 3189011.4004612924  
    3161906.2764277905 3134097.123266871 3105583.9412287306  
    3076366.7298128745 3046445.4887692616 3015820.21859811  
    2984490.919299804 2952457.590873982 2919720.233320624  
    2886278.846389759 2852133.43033155 2817283.985145891  
    2781730.5108325607 2745473.0076417145 2708511.4750732826  
    2670845.9128773273 2632476.3215535814 2593402.7011027667  
    2553625.051524929 2513143.372819239 2471957.664735795  
    2430067.927774194 2387474.161935722 2344176.3664706172  
    2300174.541627628 2255468.687656844 2210058.8043084824  
    2163944.8920827233 2117126.9509796053 2069604.9804996136  
    2021378.9806414023 1972448.9514056859 1922814.8930423488  
    1872476.8058013828 1821434.6896838483 1769688.5449385813  
    1717238.373066414 1664084.1793205081 1610225.9802079746  
    1555663.8244998176 1500397.847508811 1444428.4036444249  
    1387756.3725512316 1330383.8236641742 1272315.3698122264  
    1213560.7658921124 1154139.600486017 1094089.238186014  
    1033477.4094007093 972420.8172412622 911110.603673982  
    849844.2917969043 789061.8037280042 729380.5124067793  
    671621.7185746054 616818.9407934515 566197.627874518  
    521131.2356478426 483012.3847087628 453194.4138444003  
    433529.1720961146 419527.1639676537 
  RHO = 0.0 0.01 0.02 0.03 0.04 0.05 0.06 0.07 0.08 0.09 0.1 0.11 0.12  
    0.13 0.14 0.15 0.16 0.17 0.18 0.19 0.2 0.21 0.22 0.23 0.24 0.25  
    0.26 0.27 0.28 0.29 0.3 0.31 0.32 0.33 0.34 0.35 0.36 0.37 0.38  
    0.39 0.4 0.41 0.42 0.43 0.44 0.45 0.46 0.47 0.48 0.49 0.5 0.51 0.52  
    0.53 0.54 0.55 0.56 0.57 0.58 0.59 0.6 0.61 0.62 0.63 0.64 0.65  
    0.66 0.67 0.68 0.69 0.7 0.71 0.72 0.73 0.74 0.75 0.76 0.77 0.78  
    0.79 0.8 0.81 0.82 0.83 0.84 0.85 0.86 0.87 0.88 0.89 0.9 0.91 0.92  
    0.93 0.94 0.95 0.96 0.97 0.98 0.99 1.0 
  MODEL_PROFILE_NE = 'ped' 
  MODEL_PROFILE_TE = 'ped' 
  MODEL_PROFILE_TI = 'ped' 
  MODEL_PROFILE_DENSITY_BEAM = 'parab' 
  MODEL_PROFILE_J_TOT = 'parab' 
  MODEL_PROFILE_OMEGA = 'parab' 
  MODEL_PROFILE_ZEFF = 'const' 
  MODEL_PROFILE_TBEAMI = 'const' 
  MODEL_PROFILE_DENSITY_ALPHA = 'zero' 
  MODEL_PROFILE_WALPHA = 'zero' 
  MODEL_PROFILE_WBEAM = 'derived' 
  J_TOT_AXIS = 1.0 
  J_TOT_SEP = 0.05 
  J_TOT_ALPHA = 2.0 
  J_TOT_BETA = 1.0 
  DENSITY_BEAM_AXIS = 0.0 
  DENSITY_BEAM_SEP = 0.0 
  DENSITY_BEAM_ALPHA = 1.5 
  DENSITY_BEAM_BETA = 1.5 
  TBEAMI_AXIS = 20.0 
  DENSITY_ION_0 = 13.26459694147 13.26459694147 13.241738014484  
    13.217248616418 13.191150217014 13.163464286014 13.134212293160001  
    13.103415712996 13.071096015264 13.037274669706001  
    13.001973146064001 12.965212923684 12.927015462704 12.88740224247  
    12.846394727922 12.804014398406 12.760282714059999 12.71522115423  
    12.668851183856 12.621194282284 12.572271914454001 12.522105550108  
    12.47071666379 12.418126730044 12.364357209008 12.309429584830001  
    12.253365317647999 12.196185882005999 12.137912752447999  
    12.078567398716 12.018171285749998 11.956745892895999  
    11.894312689896 11.830893141690002 11.766508727624  
    11.701180907836001 11.634931166474 11.567780963676 11.499751778788  
    11.430865076749999 11.361142327304 11.290605009796 11.219274589166  
    11.147172535155999 11.07432032231 11.000739415568 10.926451289474  
    10.851477413769999 10.775839258198001 10.699558282896  
    10.622655962408 10.545153761674 10.46707313603 10.388435545614001  
    10.30926244096 10.2295752678 10.149395452658 10.068744407651998  
    9.987643516088 9.906114118053999 9.82417751042 9.741854898818001  
    9.659167368830001 9.576135847572 9.492781007654001 9.409123180744  
    9.325182184695999 9.24097710746 9.156525985348 9.07184533724  
    8.986949511512 8.901849706428 8.816552611174 8.731058427434  
    8.645358045814 8.559428964142 8.473229520266 8.386690555782002  
    8.299703603113999 8.212104054504 8.123647353696 8.033975482778  
    7.942570233919998 7.848688848167999 7.751277252908 7.648856513774  
    7.539381943967999 7.420083524196 7.28731771775 7.136500424984  
    6.96225482729 6.758984376143999 6.522114297384 6.25010437352  
    5.946860623381997 5.623411973241997 5.297273468396 4.988739460502  
    4.715434840606 4.4879781786294 4.3088181545906 
  DENSITY_ION_1 = 13.26459694147 13.26459694147 13.241738014484  
    13.217248616418 13.191150217014 13.163464286014 13.134212293160001  
    13.103415712996 13.071096015264 13.037274669706001  
    13.001973146064001 12.965212923684 12.927015462704 12.88740224247  
    12.846394727922 12.804014398406 12.760282714059999 12.71522115423  
    12.668851183856 12.621194282284 12.572271914454001 12.522105550108  
    12.47071666379 12.418126730044 12.364357209008 12.309429584830001  
    12.253365317647999 12.196185882005999 12.137912752447999  
    12.078567398716 12.018171285749998 11.956745892895999  
    11.894312689896 11.830893141690002 11.766508727624  
    11.701180907836001 11.634931166474 11.567780963676 11.499751778788  
    11.430865076749999 11.361142327304 11.290605009796 11.219274589166  
    11.147172535155999 11.07432032231 11.000739415568 10.926451289474  
    10.851477413769999 10.775839258198001 10.699558282896  
    10.622655962408 10.545153761674 10.46707313603 10.388435545614001  
    10.30926244096 10.2295752678 10.149395452658 10.068744407651998  
    9.987643516088 9.906114118053999 9.82417751042 9.741854898818001  
    9.659167368830001 9.576135847572 9.492781007654001 9.409123180744  
    9.325182184695999 9.24097710746 9.156525985348 9.07184533724  
    8.986949511512 8.901849706428 8.816552611174 8.731058427434  
    8.645358045814 8.559428964142 8.473229520266 8.386690555782002  
    8.299703603113999 8.212104054504 8.123647353696 8.033975482778  
    7.942570233919998 7.848688848167999 7.751277252908 7.648856513774  
    7.539381943967999 7.420083524196 7.28731771775 7.136500424984  
    6.96225482729 6.758984376143999 6.522114297384 6.25010437352  
    5.946860623381997 5.623411973241997 5.297273468396 4.988739460502  
    4.715434840606 4.4879781786294 4.3088181545906 
  DENSITY_IMP_0 = 0.030385374085 0.030385374085 0.030333010862  
    0.030276912699000003 0.030217128777000002 0.030153708277  
    0.03008670038 0.030016154278 0.029942119152000003  
    0.029864644183000003 0.029783778552000005 0.029699571462000002  
    0.029612072072000003 0.029521329585 0.029427393171  
    0.029330312033000003 0.02923013533 0.029126912265000002  
    0.029020692008000004 0.028911523762000003 0.028799456697000004  
    0.028684539994000002 0.028566822845000003 0.028446354442000003  
    0.028323183944 0.028197360565000003 0.028068933464000002  
    0.027937951833 0.027804464864 0.027668521738000003 0.027530171625  
    0.027389463728 0.027246447228 0.027101171295000004  
    0.026953685132000003 0.026804037898000004 0.026652278807000003  
    0.026498457018 0.026342621734 0.026184822125 0.026025107372000002  
    0.025863526678 0.025700129213 0.025534964158000002 0.025368080705  
    0.025199528024000002 0.025029355307 0.024857611735  
    0.024684346489000003 0.024509608728 0.024333447644 0.024155912407  
    0.023977052165000002 0.023796916077 0.02361555328 0.0234330129  
    0.023249344019 0.023064595686 0.022878816884 0.022692056497  
    0.02250436331 0.022315785899000004 0.022126372565000003  
    0.021936171246000002 0.021745229297000002 0.021553593292  
    0.021361308628 0.02116841903 0.020974965814 0.02078098682  
    0.020586514916000002 0.020391575754000003 0.020196184657000002  
    0.020000342087000002 0.019804027177 0.019607188381000003  
    0.019409730263 0.019211494401000003 0.019012232327 0.018811566972  
    0.018608938128 0.018403525679 0.018194142559999998  
    0.017979087323999998 0.017755945394 0.017521328957 0.017270554224  
    0.016997275878000002 0.016693147625 0.016347668612000002  
    0.015948522095 0.015482887992 0.014940286812000002 0.01431719036  
    0.013622546200999994 0.012881618430999994 0.012134528978  
    0.011427766361 0.010801704133 0.0102806663817 0.009870262328300001 
  DENSITY_TH = 26.559579257025 26.559579257025 26.51380903983  
    26.464774145535003 26.412517562805 26.357082280304997  
    26.298511286700002 26.236847580270002 26.17213414968  
    26.104413983595002 26.033730070680004 25.96012541883 25.88364299748  
    25.804325814524997 25.722216849015002 25.637359108845  
    25.549795563449997 25.459569220725 25.36672305972 25.27130008833  
    25.173343285605004 25.07289564021 24.970000150425 24.86469981453  
    24.75703760196 24.647056530225 24.534799568759997  
    24.420309715844997 24.30362996976 24.18480331917 24.063872743124996  
    23.940881249519997 23.815871827019997 23.688887454675005  
    23.55997114038 23.42916585357 23.296514611755 23.16206038437  
    23.025846179309998 22.887914975624998 22.74830976198  
    22.607073546269998 22.464249307545 22.319880034469996  
    22.174008725325 22.02667835916 21.877931934255002 21.727812439275  
    21.576362862885002 21.42362617452 21.26964537246 21.114463435755  
    20.958123324225003 20.800668007305003 20.642140435199998  
    20.4825835485 20.322040249335 20.160553410989998 19.998165849059998  
    19.834920292605 19.67085938415 19.506025583535003  
    19.340461110225004 19.174207866390002 19.007307244605002  
    18.839799954780002 18.671725678019996 18.50312263395 18.33402693651  
    18.1644716613 17.99448553794 17.824090988610003 17.653301407005  
    17.482117196955 17.310520118804998 17.138465116665 16.965868770795  
    16.792592605965 16.618419438554998 16.44301967598 16.26590364552  
    16.086354491235 15.903334610399996 15.715356783659999  
    15.520310451210001 15.315234356505 15.096034442159999  
    14.85716432427 14.591328583125 14.289348518579999 13.940458176675  
    13.53345164028 13.05916888158 12.5145259374 11.907343792964994  
    11.259705564914995 10.60668146577 9.988906687365 9.441671385345  
    8.9862370236405 8.627506571509501 
  NI = 26.52919388294 26.52919388294 26.483476028968 26.434497232836  
    26.382300434028 26.326928572028 26.268424586320002 26.206831425992  
    26.142192030528 26.074549339412002 26.003946292128003  
    25.930425847368 25.854030925408 25.77480448494 25.692789455844  
    25.608028796812 25.520565428119998 25.43044230846 25.337702367712  
    25.242388564568 25.144543828908002 25.044211100216 24.94143332758  
    24.836253460088 24.728714418016 24.618859169660002  
    24.506730635295998 24.392371764011997 24.275825504895998  
    24.157134797432 24.036342571499997 23.913491785791997  
    23.788625379792 23.661786283380003 23.533017455248  
    23.402361815672002 23.269862332948 23.135561927352 22.999503557576  
    22.861730153499998 22.722284654608 22.581210019592 22.438549178332  
    22.294345070311998 22.14864064462 22.001478831136 21.852902578948  
    21.702954827539997 21.551678516396002 21.399116565792  
    21.245311924816 21.090307523348 20.93414627206 20.776871091228003  
    20.61852488192 20.4591505356 20.298790905316 20.137488815303996  
    19.975287032176 19.812228236107998 19.64835502084  
    19.483709797636003 19.318334737660003 19.152271695144  
    18.985562015308002 18.818246361488 18.650364369391998  
    18.48195421492 18.313051970696 18.14369067448 17.973899023024  
    17.803699412856 17.633105222348 17.462116854868 17.290716091628  
    17.118857928284 16.946459040532 16.773381111564003  
    16.599407206227998 16.424208109008 16.247294707392 16.067950965556  
    15.885140467839996 15.697377696335998 15.502554505816  
    15.297713027548 15.078763887935999 14.840167048392 14.5746354355  
    14.273000849968 13.92450965458 13.517968752287999 13.044228594768  
    12.50020874704 11.893721246763993 11.246823946483994  
    10.594546936792 9.977478921004 9.430869681212 8.9759563572588  
    8.6176363091812 
  NZ = 0.030385374085 0.030385374085 0.030333010862  
    0.030276912699000003 0.030217128777000002 0.030153708277  
    0.03008670038 0.030016154278 0.029942119152000003  
    0.029864644183000003 0.029783778552000005 0.029699571462000002  
    0.029612072072000003 0.029521329585 0.029427393171  
    0.029330312033000003 0.02923013533 0.029126912265000002  
    0.029020692008000004 0.028911523762000003 0.028799456697000004  
    0.028684539994000002 0.028566822845000003 0.028446354442000003  
    0.028323183944 0.028197360565000003 0.028068933464000002  
    0.027937951833 0.027804464864 0.027668521738000003 0.027530171625  
    0.027389463728 0.027246447228 0.027101171295000004  
    0.026953685132000003 0.026804037898000004 0.026652278807000003  
    0.026498457018 0.026342621734 0.026184822125 0.026025107372000002  
    0.025863526678 0.025700129213 0.025534964158000002 0.025368080705  
    0.025199528024000002 0.025029355307 0.024857611735  
    0.024684346489000003 0.024509608728 0.024333447644 0.024155912407  
    0.023977052165000002 0.023796916077 0.02361555328 0.0234330129  
    0.023249344019 0.023064595686 0.022878816884 0.022692056497  
    0.02250436331 0.022315785899000004 0.022126372565000003  
    0.021936171246000002 0.021745229297000002 0.021553593292  
    0.021361308628 0.02116841903 0.020974965814 0.02078098682  
    0.020586514916000002 0.020391575754000003 0.020196184657000002  
    0.020000342087000002 0.019804027177 0.019607188381000003  
    0.019409730263 0.019211494401000003 0.019012232327 0.018811566972  
    0.018608938128 0.018403525679 0.018194142559999998  
    0.017979087323999998 0.017755945394 0.017521328957 0.017270554224  
    0.016997275878000002 0.016693147625 0.016347668612000002  
    0.015948522095 0.015482887992 0.014940286812000002 0.01431719036  
    0.013622546200999994 0.012881618430999994 0.012134528978  
    0.011427766361 0.010801704133 0.0102806663817 0.009870262328300001 
  DENSITY_HE = 2.506978263056837 2.50626040039815 2.4970693626150724  
    2.4862553320467042 2.4740123270693517 2.4605334659432576  
    2.44582119350572 2.429109109472327 2.409419313149697  
    2.385732864373111 2.3569589917155214 2.3209956845403683  
    2.2771900195359653 2.2265534266803146 2.1701758127071797  
    2.10930243395807 2.0449775685856966 1.9777561753966546  
    1.9084048637280118 1.8378313142986387 1.7670888649019139  
    1.6966415324762016 1.6261668011211494 1.5556299724242308  
    1.4849770897220855 1.4141372297618786 1.343047351892862  
    1.2720320770775018 1.201617644756933 1.1323585301500976  
    1.0648261176464962 0.9996556678792233 0.9371854494104845  
    0.8775217931828451 0.8207385276580681 0.7668775158006915  
    0.7158657685798682 0.667579140632064 0.6219439632202604  
    0.5788686438525139 0.5382472139893412 0.49997154737449395  
    0.46395962578125 0.4301288305337115 0.398388726561908  
    0.3686431117777134 0.34082058648690206 0.3148483335325143  
    0.2906238200389061 0.26804426971374506 0.2470079542062538  
    0.22737825498712863 0.20903914414051905 0.19192187225184743  
    0.17595895466645767 0.16108463773649911 0.14725928170972674  
    0.1344497360314288 0.12260158690628406 0.11166082546804876  
    0.10157420351986078 0.09227839398346462 0.08371659107388266  
    0.07584638172704361 0.0686259446925994 0.062014281883323585  
    0.05597953374866256 0.050483395562525166 0.0454788862174987  
    0.04092280484495277 0.03677553712397061 0.03299471484718276  
    0.029542623666874327 0.026391278170262066 0.023515299782805844  
    0.0208917114829236 0.01850173622854359 0.016329310051587005  
    0.014358092964014888 0.012572861105284707 0.010959427927265586  
    0.00950526226202753 0.008197602408584423 0.007023706377579493  
    0.005972139132033196 0.005032665341439528 0.0041935939878027335  
    0.003446593066000216 0.002787340846458026 0.002211663516185548  
    0.0017156515023005392 0.0013009062461167167 0.0009636992729512016  
    0.0006943054048483281 0.0004846259499647647 0.0003269414322814589  
    6.490101713548003e-05 6.568307057197921e-06 2.2264976137034338e-07  
    8.048208560189398e-10 8.3831236886558e-16 
  _NZ_0 = 0.08901544930921984 0.08901544930921984 0.08886204866950466  
    0.0886977063391816 0.08852256639641143 0.0883367729193549  
    0.0881404699861728 0.08793380170725093 0.08771691216075007  
    0.08748994542483099 0.08725304557765444 0.0870063567618313  
    0.08675002299107223 0.0864841884079881 0.08620899705851465  
    0.08592459308526272 0.08563112050194299 0.08532872345116634  
    0.08501754597886844 0.08469773222766021 0.08436942624347735  
    0.08403277210448061 0.08368791392105583 0.08333499580358883  
    0.08297416176579027 0.08260555598249604 0.08222932246741685  
    0.08184560533093851 0.08145454868344683 0.08105629660310257  
    0.08065099313584145 0.08023878242427435 0.07981980854656202  
    0.07939421554864022 0.07896214757311974 0.07852374863371134  
    0.07807916290525085 0.07762853440144901 0.07717200726491664  
    0.07670972554158947 0.0762418333096283 0.07576847471164394  
    0.07528979379357216 0.0748059346335737 0.07431704134203439  
    0.07382325796488995 0.07332472861252619 0.07282159736310387  
    0.07231400829478378 0.0718021054212766 0.07128603285296814  
    0.07076593463579413 0.07024195475124023 0.06971423721301709  
    0.06918292597038533 0.06864816494038053 0.06811009791113809  
    0.06756886857411824 0.06702462042743106 0.06647749667916113  
    0.06592764024736777 0.06537519343783446 0.06482029775071865  
    0.06426309362275139 0.06370371978273658 0.06314231267150011  
    0.06257900528178849 0.062013925708141876 0.061447194987816325  
    0.06087892397495475 0.060309208957981336 0.05973812508569296  
    0.059165717247572504 0.0585919867970717 0.058016872603286744  
    0.05744022365967293 0.056861760381769766 0.05628101866452886  
    0.05569727060871165 0.05510941157211888 0.05451580039783448  
    0.05391403451566063 0.053300636360238476 0.0526706214588162  
    0.052016916189198285 0.05132959578641301 0.05059493885999345  
    0.04979435649139661 0.04890339780144625 0.0478913000243028  
    0.04672198065204255 0.04535788262329055 0.04376830575323792  
    0.04194291402093268 0.03990791975854722 0.03773733537911096  
    0.035548700045975365 0.03347820416426521 0.03164412404515743  
    0.030117718301088243 0.028915419421715206 
  PNBE = 0.0 
  PNBI = 0.0 
  PRFE = 12.349979785831417 
  PRFI = 27.666842811945553 
  PFUSE = 35.70031465968885 
  PFUSI = 10.905483082560036 
  PEI = 12.171585105985091 
  PRAD = -37.7339433158258 
  AREA = 241.1196646 
/
















