&IN1
  ICONVR = 3 
  MXITER = -1 
  NXITER = 51 
  ERROR = 0.0001 
  RELAX = 0.5 
  IOUT = 4 
  ICURRT = 2 
  KPPFNC = 6 
  KPPCUR = 3 
  KFFFNC = 6 
  KFFCUR = 3 
  ISHOT = 1 
  ITIME = 1 
  ITIMEU = 0 
  ITEK = 0 
  ITRACE = 1 
  PLASMA = 10000000.0 
  BTOR = 11.0 
  RCENTR = 4.55 
  RZERO = 4.55 
  LIMITR = 5 
  XLIM = 5.8 3.3 3.3 5.8 5.8 
  YLIM = 1.6878788924654637 1.6878788924654637 -1.6878788924654637  
    -1.6878788924654637 1.6878788924654637 
  NBDRY = 15 
  RBDRY = 5.75 5.717889612279765 5.599231274196216 5.333894952548324  
    4.862048988436734 4.215741544340384 3.606248672667517  
    3.3499999999999996 3.606248672667517 4.215741544340384  
    4.862048988436735 5.333894952548324 5.599231274196216  
    5.717889612279765 5.75 
  ZBDRY = 0.0 0.7289246817174976 1.3134768905462901 1.6378788924654637  
    1.6378788924654637 1.3134768905462901 0.7289246817174978  
    2.0574066225675533e-16 -0.7289246817174975 -1.31347689054629  
    -1.6378788924654637 -1.6378788924654637 -1.3134768905462901  
    -0.728924681717498 -4.1148132451351065e-16 
  IERCHK = 0 
  NEXTRA = 0 
  SCRAPE = 0.01 
  PSIBRY = 0.0 
  CFCOIL = -10.0 
  ENP = 1.0 
  EMP = 1.0 
  FCURBD = 0 
  PCURBD = 0 
  FCZERO = 1.0 1.0 1.0 1.0 1.0 1.0 1.0 1.0 1.0 1.0 1.0 1.0 1.0 1.0 1.0  
    1.0 
  FCSUM = 1.0 1.0 1.0 1.0 1.0 1.0 1.0 1.0 1.0 1.0 1.0 1.0 1.0 1.0 1.0  
    1.0 
  IFREF = 2 
  PRBDRY = 6433.561381208724 
  KBETAPR = 1 
  FWTBDRY = 1.0 1.0 1.0 1.0 1.0 1.0 1.0 1.0 1.0 1.0 1.0 1.0 1.0 1.0 1.0 
  FWTBDRY(2) = 10.0 
  FWTBDRY(3) = 10.0 
  FWTBDRY(4) = 10.0 
  FWTBDRY(5) = 10.0 
  FWTBDRY(9) = 10.0 
  FWTBDRY(10) = 10.0 
  FWTBDRY(11) = 10.0 
  FWTBDRY(12) = 10.0 
/

&PROFILE_EXT
  NPSI_EXT = 257 
  PSIN_EXT = 0.0 0.00390625 0.0078125 0.01171875 0.015625 0.01953125  
    0.0234375 0.02734375 0.03125 0.03515625 0.0390625 0.04296875  
    0.046875 0.05078125 0.0546875 0.05859375 0.0625 0.06640625  
    0.0703125 0.07421875 0.078125 0.08203125 0.0859375 0.08984375  
    0.09375 0.09765625 0.1015625 0.10546875 0.109375 0.11328125  
    0.1171875 0.12109375 0.125 0.12890625 0.1328125 0.13671875 0.140625  
    0.14453125 0.1484375 0.15234375 0.15625 0.16015625 0.1640625  
    0.16796875 0.171875 0.17578125 0.1796875 0.18359375 0.1875  
    0.19140625 0.1953125 0.19921875 0.203125 0.20703125 0.2109375  
    0.21484375 0.21875 0.22265625 0.2265625 0.23046875 0.234375  
    0.23828125 0.2421875 0.24609375 0.25 0.25390625 0.2578125  
    0.26171875 0.265625 0.26953125 0.2734375 0.27734375 0.28125  
    0.28515625 0.2890625 0.29296875 0.296875 0.30078125 0.3046875  
    0.30859375 0.3125 0.31640625 0.3203125 0.32421875 0.328125  
    0.33203125 0.3359375 0.33984375 0.34375 0.34765625 0.3515625  
    0.35546875 0.359375 0.36328125 0.3671875 0.37109375 0.375  
    0.37890625 0.3828125 0.38671875 0.390625 0.39453125 0.3984375  
    0.40234375 0.40625 0.41015625 0.4140625 0.41796875 0.421875  
    0.42578125 0.4296875 0.43359375 0.4375 0.44140625 0.4453125  
    0.44921875 0.453125 0.45703125 0.4609375 0.46484375 0.46875  
    0.47265625 0.4765625 0.48046875 0.484375 0.48828125 0.4921875  
    0.49609375 0.5 0.50390625 0.5078125 0.51171875 0.515625 0.51953125  
    0.5234375 0.52734375 0.53125 0.53515625 0.5390625 0.54296875  
    0.546875 0.55078125 0.5546875 0.55859375 0.5625 0.56640625  
    0.5703125 0.57421875 0.578125 0.58203125 0.5859375 0.58984375  
    0.59375 0.59765625 0.6015625 0.60546875 0.609375 0.61328125  
    0.6171875 0.62109375 0.625 0.62890625 0.6328125 0.63671875 0.640625  
    0.64453125 0.6484375 0.65234375 0.65625 0.66015625 0.6640625  
    0.66796875 0.671875 0.67578125 0.6796875 0.68359375 0.6875  
    0.69140625 0.6953125 0.69921875 0.703125 0.70703125 0.7109375  
    0.71484375 0.71875 0.72265625 0.7265625 0.73046875 0.734375  
    0.73828125 0.7421875 0.74609375 0.75 0.75390625 0.7578125  
    0.76171875 0.765625 0.76953125 0.7734375 0.77734375 0.78125  
    0.78515625 0.7890625 0.79296875 0.796875 0.80078125 0.8046875  
    0.80859375 0.8125 0.81640625 0.8203125 0.82421875 0.828125  
    0.83203125 0.8359375 0.83984375 0.84375 0.84765625 0.8515625  
    0.85546875 0.859375 0.86328125 0.8671875 0.87109375 0.875  
    0.87890625 0.8828125 0.88671875 0.890625 0.89453125 0.8984375  
    0.90234375 0.90625 0.91015625 0.9140625 0.91796875 0.921875  
    0.92578125 0.9296875 0.93359375 0.9375 0.94140625 0.9453125  
    0.94921875 0.953125 0.95703125 0.9609375 0.96484375 0.96875  
    0.97265625 0.9765625 0.98046875 0.984375 0.98828125 0.9921875  
    0.99609375 1.0 
  PPRIME_EXT = 625048.613271492 617101.3960948281 609258.7086575946  
    601520.5509597913 593886.9230014181 586357.8247824752  
    578933.2563029625 571613.2175628801 564397.7085622279  
    557286.7293010058 550280.2797792142 543378.3599968525  
    536580.9699539212 529888.10965042 523299.7790863492  
    516815.9782617085 510436.707176498 504161.9658307178  
    497991.7542243678 491926.072357448 485964.9202299585  
    480108.2978418991 474356.20519327 468708.64228407113  
    463165.60911430244 457727.105683964 452216.02261933126  
    446639.20105802093 441269.2956471051 436096.59720773343  
    431117.3585522461 426308.0801056315 421647.1417189097  
    417130.696838762 412763.2044903737 408523.3335787391  
    404389.06637788966 400375.30666539015 396474.40016844135  
    392657.01933888474 388949.6017541629 385326.275862001  
    381777.87353536807 378325.9730150263 374930.76003592985  
    371623.1481974865 368373.9076669953 365194.2272434087  
    362077.2299588418 359016.5340108189 356016.69113255764  
    353067.77259247075 350172.4710380715 347327.8269514665  
    344527.6694140035 341778.84569259634 339067.5634881923  
    336404.97137747507 333779.06400172715 331192.6206966479  
    328649.6760530934 326131.244789709 323666.45608823973  
    321213.26605732273 318816.20451025397 316432.19552253635  
    314088.2688125906 311779.3823233502 309478.7504104268  
    307236.9180076137 304993.1316451662 302787.30166863353  
    300618.3381153948 298446.6859603849 296328.8216449481  
    294219.5611823531 292123.6680124545 290079.1722352095  
    288026.78249710274 286000.3516981135 284016.1924543673  
    282022.3456007476 280061.41593056265 278135.28179430275  
    276196.46653957013 274289.13609285245 272415.09944391623  
    270530.9111016373 268673.8739216719 266851.86474943545  
    265019.0769018954 263202.2997610441 261425.30062342325  
    259646.32154199795 257870.53577452927 256132.2627902461  
    254403.12650620186 252666.9321073231 250960.4675135921  
    249279.70240596618 247588.81960386335 245907.03624560777  
    244260.26330022188 242621.18242713928 240973.26629427238  
    239346.6750515102 237747.25833756392 236145.53113170047  
    234543.0589189933 232966.0321598119 231406.7911036315  
    229842.18891225103 228283.12709837774 226749.03101762504  
    225226.81542393524 223699.21249930112 222179.41377086373  
    220682.76676622854 219196.07273511039 217704.6707690627  
    216220.00321554748 214756.4799550221 213303.94717957568  
    211847.81165708203 210394.8824805459 208960.4990800109  
    207540.22806902824 206118.38625021337 204695.09870731187  
    203286.4423289889 201895.52556734643 200506.45502292295  
    199112.31379850756 197727.28551700374 196361.6156436869  
    195002.701147913 193638.2246978439 192276.67509045225  
    190931.97221114446 189598.91599598384 188264.10123110775  
    186927.9385153167 185601.44147501353 184288.60106244968  
    182981.2868477545 181673.04135394102 180365.09630567167  
    179067.3569883627 177783.09696707368 176501.64340103389  
    175215.93558590417 173933.79283539753 172665.7300665541  
    171406.18730945664 170145.06324298936 168882.96864122926  
    167627.39410071124 166382.5496703537 165143.91478682152  
    163905.45813290263 162664.9139354751 161430.1381580819  
    160208.0296055397 158990.67067295278 157769.92393531176  
    156549.11872704502 155336.97812527826 154133.79646666825  
    152933.1472046079 151731.79453074466 150529.79110546643  
    149334.2819005884 148149.15678706157 146966.66238051298  
    145780.19934393108 144594.1693468352 143417.30575136974  
    142247.89856288183 141078.8625387875 139908.06898502784  
    138737.7896613708 137574.49431774046 136419.33356340026  
    135264.92661227443 134106.14507144038 132948.59821829858  
    131800.632556112 130658.30776745011 129513.79118641549  
    128366.94194215597 127223.0321088554 126086.42352737609  
    124954.40502726141 123820.91290035998 122683.83446984758  
    121550.24754759969 120425.89537491943 119303.86465085366  
    118177.17652904685 117049.48068101172 115928.82131762302  
    114814.39573711756 113699.21793016556 112581.35301401296  
    111464.9515488323 110355.6320603442 109251.61251422555  
    108146.66999999393 107039.79535302722 105938.50629221498  
    104847.30577006584 103760.40559482967 102673.13708151566  
    101590.9594751125 100523.61150919601 99470.45933196705  
    98424.2751515471 97388.47554876609 96380.01849554152  
    95405.0403599158 94453.38133944295 93536.81772454828  
    92685.63243857352 91905.88119964988 91196.58857725447  
    90603.44158762136 90171.81496843444 89897.94198053279  
    89855.23225656414 90158.87303635798 90822.07729845983  
    91937.84726267194 93772.43113970365 96455.80381376488  
    100024.06430593696 104958.20219477592 111686.80131170162  
    120197.65209658834 130965.97354632121 144586.21789864637  
    161266.83405075074 180665.45717331773 201776.25120970927  
    224475.60922884275 247831.11432064016 267256.8548556104  
    279946.9450976985 285964.08174546086 283947.8546003046  
    272765.12871644757 252217.5608786088 224196.41536034018  
    190507.33695446007 150838.19914114836 104868.57245862049  
    52118.532607731664 -7411.920412360167 
  FFPRIM_EXT = 1.1374757547721734 1.3151221236485555 1.4887831896652917  
    1.6591877384887526 1.8263416660892782 1.9902523193398347  
    2.150925302208127 2.3083687464883473 2.4625874803084664  
    2.613594575205287 2.761388671133082 2.905975876069797  
    3.047362312080706 3.1855533570738293 3.320555340912067  
    3.4523729385405013 3.5810124576062026 3.7064789968767347  
    3.8287787995237244 3.9479153580861412 4.063896157496227  
    4.176724245952001 4.286406824570449 4.392946048983085  
    4.496348227215036 4.596609829814295 4.698731996880296  
    4.802524193542351 4.90030293783397 4.992358388606315  
    5.078812940968481 5.160329332734115 5.237520236794858  
    5.31049881137492 5.379146022339604 5.444062300517972  
    5.505872202843245 5.564159743928881 5.619143397627328  
    5.671648644766074 5.720937917859224 5.76773582049256  
    5.812306473998817 5.854043244111861 5.894066101611621  
    5.931510593716541 5.967195345329586 6.000811272413169  
    6.032549314248715 6.06259262022899 6.090811944899134  
    6.117488713837554 6.142546698843153 6.166071688873158  
    6.188234476161583 6.208847652496393 6.228293657335736  
    6.246266477643278 6.2630964640419995 6.278712515866021  
    6.292996281341905 6.306482548644732 6.318357058006955  
    6.32979231853602 6.339551868117525 6.34882893287455  
    6.356879513766438 6.363835528630057 6.370448996211918  
    6.375312393692054 6.380111383772352 6.3837436546306385  
    6.386232993583571 6.388680668396686 6.3895230565979  
    6.390005670287097 6.39000358888364 6.388459488629868  
    6.387014733918308 6.384736965519615 6.381168416209912  
    6.37774675472546 6.373300581959043 6.367771147005678  
    6.362471774593455 6.356185993792799 6.348858308165069  
    6.341688018394963 6.333651561688752 6.324525362999507  
    6.315571708288781 6.306057336490438 6.295324485914913  
    6.284519389181314 6.273504871874545 6.26133465285118  
    6.248785341007146 6.236304898920444 6.222883942446124  
    6.208627566125198 6.194520214025244 6.18003759861602  
    6.164465989055644 6.1485509081422265 6.132749242343057  
    6.116235412537874 6.0988442178738005 6.081381493419784  
    6.063808418250689 6.045407861402127 6.0263853246309065  
    6.007373019084596 5.9880752621024 5.9679591074470215  
    5.947379172728141 5.926808073760897 5.905888225134487  
    5.8841974339827665 5.862092046438257 5.839972843249809  
    5.817530151810102 5.794369289261468 5.770764203329731  
    5.747111244327777 5.723225961350906 5.698690072207375  
    5.673622138407095 5.6484465461208275 5.623160997393631  
    5.597329335162046 5.570864881899112 5.544194947860024  
    5.517507841934916 5.4904202967824585 5.462652735601937  
    5.4345430101691665 5.4064254482213965 5.378071083097366  
    5.349099859476981 5.319649189346508 5.290082194949939  
    5.260388808264983 5.230270363865483 5.1996151249179015  
    5.168640329177821 5.137520044398409 5.106221991078144  
    5.074478318182271 5.042196977766223 5.009661692419325  
    4.977063180497749 4.94419277442314 4.910766208015018  
    4.876927293104529 4.84294575446966 4.808806085540477  
    4.774306552828034 4.739331092178527 4.703998376229825  
    4.668469002154723 4.63280358532095 4.596790178156805  
    4.5602396317219185 4.523361351415214 4.486373741328215  
    4.4491873118887035 4.411565392461557 4.373495893637749  
    4.335148918648743 4.296610327239614 4.257878481130791  
    4.218760897861625 4.179148854094924 4.139244328291161  
    4.09922269802196 4.058967498537413 4.018244820131834  
    3.977093826706895 3.9356992858471136 3.8941170724684024  
    3.8522865447797665 3.810033002743708 3.7673202516034197  
    3.724340554534871 3.681229847752716 3.637838888840855  
    3.593941407188937 3.549635009304474 3.505125254455316  
    3.460416010243942 3.415365999090981 3.369853398392671  
    3.3239433724831793 3.2777945268760864 3.2314626472689563  
    3.1847579081700688 3.137520478886858 3.089927442704976  
    3.0421623000328983 2.9941268979649944 2.9456026041408645  
    2.8966034827333123 2.847310500950963 2.7977723238263827  
    2.747875511872757 2.6974655985523563 2.646582114982878  
    2.5953844727704682 2.543897273994939 2.4919184991430767  
    2.4393201443097245 2.386247316959736 2.3328212962001746  
    2.2788966024680235 2.2242087428140525 2.1687645633040336  
    2.1127513274896463 2.0560792142856164 1.9982970797206252  
    1.9392342450604345 1.8791547518716274 1.81775093389412  
    1.7542250277242084 1.6884142712892374 1.6203452693784324  
    1.5488234175362403 1.472660794653968 1.39196316018745  
    1.304815461099397 1.2082140957281282 1.101836092448138  
    0.98326114802225 0.8455322284232805 0.6852910976202393  
    0.5016484557041236 0.282020137277948 0.015216032055126125  
    -0.29834455333205956 -0.6710463330650613 -1.1185050198192399  
    -1.6462392430438957 -2.245261658057534 -2.889260952537649  
    -3.5754750390019083 -4.27986992163609 -4.882940383568001  
    -5.3121276367549175 -5.569911683372047 -5.621221954530267  
    -5.436160849862908 -5.008645689646313 -4.385957755174999  
    -3.61042695364008 -2.668250941311532 -1.5462484275237118  
    -0.21089077387840555 1.3378220196427293 
/

