@R IP 1 []
  9.999999995e+06
@R BCENTR 1 []
  1.100000000e+01
@R RMAJOR 1 []
  4.550000000e+00
@R AMINOR 1 []
  1.200943263e+00
@R KAPPA 1 []
  1.397675394e+00
@R DELTA 1 []
 -4.840576754e-01
@I NRHO 1 []
              101
@R RHOB 1 []
  1.382416240e+00
@R RHO 101 []
  0.000000000e+00  1.000000000e-02  2.000000000e-02  3.000000000e-02
  4.000000000e-02  5.000000000e-02  6.000000000e-02  7.000000000e-02
  8.000000000e-02  9.000000000e-02  1.000000000e-01  1.100000000e-01
  1.200000000e-01  1.300000000e-01  1.400000000e-01  1.500000000e-01
  1.600000000e-01  1.700000000e-01  1.800000000e-01  1.900000000e-01
  2.000000000e-01  2.100000000e-01  2.200000000e-01  2.300000000e-01
  2.400000000e-01  2.500000000e-01  2.600000000e-01  2.700000000e-01
  2.800000000e-01  2.900000000e-01  3.000000000e-01  3.100000000e-01
  3.200000000e-01  3.300000000e-01  3.400000000e-01  3.500000000e-01
  3.600000000e-01  3.700000000e-01  3.800000000e-01  3.900000000e-01
  4.000000000e-01  4.100000000e-01  4.200000000e-01  4.300000000e-01
  4.400000000e-01  4.500000000e-01  4.600000000e-01  4.700000000e-01
  4.800000000e-01  4.900000000e-01  5.000000000e-01  5.100000000e-01
  5.200000000e-01  5.300000000e-01  5.400000000e-01  5.500000000e-01
  5.600000000e-01  5.700000000e-01  5.800000000e-01  5.900000000e-01
  6.000000000e-01  6.100000000e-01  6.200000000e-01  6.300000000e-01
  6.400000000e-01  6.500000000e-01  6.600000000e-01  6.700000000e-01
  6.800000000e-01  6.900000000e-01  7.000000000e-01  7.100000000e-01
  7.200000000e-01  7.300000000e-01  7.400000000e-01  7.500000000e-01
  7.600000000e-01  7.700000000e-01  7.800000000e-01  7.900000000e-01
  8.000000000e-01  8.100000000e-01  8.200000000e-01  8.300000000e-01
  8.400000000e-01  8.500000000e-01  8.600000000e-01  8.700000000e-01
  8.800000000e-01  8.900000000e-01  9.000000000e-01  9.100000000e-01
  9.200000000e-01  9.300000000e-01  9.400000000e-01  9.500000000e-01
  9.600000000e-01  9.700000000e-01  9.800000000e-01  9.900000000e-01
  1.000000000e+00
@R VOLP 101 []
  0.000000000e+00  2.691908067e+00  5.383557397e+00  8.074693292e+00
  1.076505906e+01  1.345440378e+01  1.614248281e+01  1.882905114e+01
  2.151387446e+01  2.419672776e+01  2.687738669e+01  2.955564107e+01
  3.223129355e+01  3.490414681e+01  3.757402001e+01  4.024074785e+01
  4.290416393e+01  4.556412318e+01  4.822049389e+01  5.087314577e+01
  5.352196399e+01  5.616685133e+01  5.880770970e+01  6.144445134e+01
  6.407700537e+01  6.670529554e+01  6.932925821e+01  7.194886280e+01
  7.456408604e+01  7.717487952e+01  7.978117229e+01  8.238287408e+01
  8.497988528e+01  8.757212375e+01  9.015950778e+01  9.274194295e+01
  9.531934383e+01  9.789163231e+01  1.004587167e+02  1.030204973e+02
  1.055768944e+02  1.081278254e+02  1.106731860e+02  1.132128927e+02
  1.157468661e+02  1.182749994e+02  1.207972087e+02  1.233134104e+02
  1.258235100e+02  1.283274170e+02  1.308250543e+02  1.333163338e+02
  1.358011631e+02  1.382794620e+02  1.407511738e+02  1.432162084e+02
  1.456744867e+02  1.481259606e+02  1.505705706e+02  1.530082561e+02
  1.554389753e+02  1.578626987e+02  1.602793996e+02  1.626890675e+02
  1.650917067e+02  1.674873381e+02  1.698759937e+02  1.722577396e+02
  1.746326658e+02  1.770008755e+02  1.793625053e+02  1.817177500e+02
  1.840668408e+02  1.864100378e+02  1.887476695e+02  1.910801521e+02
  1.934079580e+02  1.957316232e+02  1.980517799e+02  2.003692030e+02
  2.026848245e+02  2.049997536e+02  2.073153586e+02  2.096332671e+02
  2.119552855e+02  2.142833381e+02  2.166194886e+02  2.189664050e+02
  2.213277572e+02  2.237084879e+02  2.261151738e+02  2.285559299e+02
  2.310396100e+02  2.335723605e+02  2.361445393e+02  2.387103307e+02
  2.411959951e+02  2.435844466e+02  2.460561262e+02  2.490322716e+02
  2.527847664e+02
@R IPOL 101 []
  1.009986603e+00  1.009986357e+00  1.009985604e+00  1.009984300e+00
  1.009982374e+00  1.009979725e+00  1.009976225e+00  1.009971721e+00
  1.009966036e+00  1.009958968e+00  1.009950296e+00  1.009939780e+00
  1.009927161e+00  1.009912165e+00  1.009894507e+00  1.009873893e+00
  1.009850019e+00  1.009822583e+00  1.009791275e+00  1.009755799e+00
  1.009715858e+00  1.009671157e+00  1.009621427e+00  1.009566412e+00
  1.009505867e+00  1.009439578e+00  1.009367352e+00  1.009288978e+00
  1.009204181e+00  1.009112836e+00  1.009015051e+00  1.008910949e+00
  1.008800656e+00  1.008684318e+00  1.008562079e+00  1.008434097e+00
  1.008300544e+00  1.008161599e+00  1.008017451e+00  1.007868283e+00
  1.007714304e+00  1.007555731e+00  1.007392772e+00  1.007225654e+00
  1.007054615e+00  1.006879878e+00  1.006701710e+00  1.006520348e+00
  1.006336049e+00  1.006149083e+00  1.005959710e+00  1.005768201e+00
  1.005574840e+00  1.005379889e+00  1.005183653e+00  1.004986398e+00
  1.004788424e+00  1.004590020e+00  1.004391473e+00  1.004193077e+00
  1.003995131e+00  1.003797927e+00  1.003601749e+00  1.003406909e+00
  1.003213689e+00  1.003022378e+00  1.002833269e+00  1.002646649e+00
  1.002462801e+00  1.002282004e+00  1.002104533e+00  1.001930659e+00
  1.001760654e+00  1.001594777e+00  1.001433283e+00  1.001276415e+00
  1.001124419e+00  1.000977528e+00  1.000835975e+00  1.000699967e+00
  1.000569716e+00  1.000445423e+00  1.000327273e+00  1.000215451e+00
  1.000110119e+00  1.000011440e+00  9.999195643e-01  9.998346520e-01
  9.997568728e-01  9.996864471e-01  9.996237388e-01  9.995694592e-01
  9.995251077e-01  9.994940431e-01  9.994835910e-01  9.995078779e-01
  9.995856736e-01  9.997190866e-01  9.998695017e-01  9.999797296e-01
  1.000000000e+00
@R G11 101 []
  0.000000000e+00  2.700918336e+00  5.402153530e+00  8.103681618e+00
  1.080573196e+01  1.350845737e+01  1.621209568e+01  1.891680146e+01
  2.162264223e+01  2.432984387e+01  2.703847943e+01  2.974845074e+01
  3.246119163e+01  3.517360604e+01  3.789126374e+01  4.059861960e+01
  4.331626797e+01  4.604054290e+01  4.876148503e+01  5.149937006e+01
  5.422347878e+01  5.695428045e+01  5.969667672e+01  6.243770131e+01
  6.517873230e+01  6.792259157e+01  7.067029678e+01  7.342256496e+01
  7.617911511e+01  7.893893733e+01  8.170237671e+01  8.446962137e+01
  8.723979101e+01  9.001299800e+01  9.279009572e+01  9.557234325e+01
  9.836155623e+01  1.011607658e+02  1.039581714e+02  1.067539406e+02
  1.095693767e+02  1.123892218e+02  1.152012721e+02  1.180372666e+02
  1.208716271e+02  1.237106758e+02  1.265649162e+02  1.294193659e+02
  1.322868978e+02  1.351630787e+02  1.380435569e+02  1.409408323e+02
  1.438406794e+02  1.467538837e+02  1.496846486e+02  1.526110090e+02
  1.555679277e+02  1.585272744e+02  1.614942692e+02  1.644911164e+02
  1.674959482e+02  1.705052468e+02  1.735431612e+02  1.766040428e+02
  1.796716415e+02  1.827549296e+02  1.858686611e+02  1.890085980e+02
  1.921642996e+02  1.953391861e+02  1.985421746e+02  2.017817639e+02
  2.050501714e+02  2.083457563e+02  2.116716708e+02  2.150318437e+02
  2.184386171e+02  2.218911732e+02  2.253840553e+02  2.289231798e+02
  2.325095662e+02  2.361590531e+02  2.398793742e+02  2.436635369e+02
  2.475177332e+02  2.514482121e+02  2.554830704e+02  2.596338269e+02
  2.638931030e+02  2.682684318e+02  2.727968343e+02  2.774996108e+02
  2.823742481e+02  2.875040123e+02  2.929780288e+02  2.988348839e+02
  3.051766857e+02  3.120147908e+02  3.193715388e+02  3.276563967e+02
  3.374756302e+02
@R G22 101 []
  0.000000000e+00  1.373308709e-02  2.746793155e-02  4.120455658e-02
  5.494426112e-02  6.868798351e-02  8.243709794e-02  9.619253095e-02
  1.099548091e-01  1.237252767e-01  1.375044667e-01  1.512920938e-01
  1.650956858e-01  1.788996814e-01  1.927326604e-01  2.065158301e-01
  2.203541787e-01  2.342293245e-01  2.480909533e-01  2.620424572e-01
  2.759278559e-01  2.898516787e-01  3.038391528e-01  3.178246087e-01
  3.318154408e-01  3.458263010e-01  3.598627028e-01  3.739287816e-01
  3.880235211e-01  4.021420504e-01  4.162863724e-01  4.304575792e-01
  4.446512539e-01  4.588681626e-01  4.731128492e-01  4.873918419e-01
  5.017145715e-01  5.160967175e-01  5.304781865e-01  5.448599286e-01
  5.593508783e-01  5.738733026e-01  5.883649298e-01  6.029880297e-01
  6.176121076e-01  6.322694995e-01  6.470139628e-01  6.617691001e-01
  6.766007272e-01  6.914862341e-01  7.064034509e-01  7.214164071e-01
  7.364521958e-01  7.515661158e-01  7.667797400e-01  7.819804773e-01
  7.973473368e-01  8.127361991e-01  8.281737445e-01  8.437735917e-01
  8.594234947e-01  8.751053021e-01  8.909426726e-01  9.069063457e-01
  9.229126921e-01  9.390075062e-01  9.552661470e-01  9.716664657e-01
  9.881544767e-01  1.004747201e+00  1.021489866e+00  1.038425674e+00
  1.055514030e+00  1.072745672e+00  1.090135989e+00  1.107704519e+00
  1.125513924e+00  1.143558703e+00  1.161809358e+00  1.180295128e+00
  1.199020100e+00  1.218064784e+00  1.237468244e+00  1.257193698e+00
  1.277270816e+00  1.297727123e+00  1.318701118e+00  1.340246595e+00
  1.362324552e+00  1.384979768e+00  1.408414492e+00  1.432748256e+00
  1.457959317e+00  1.484426274e+00  1.512469355e+00  1.541997475e+00
  1.573175973e+00  1.606020503e+00  1.641337523e+00  1.682437294e+00
  1.732808151e+00
@R G33 101 []
  9.133287152e-01  9.133436825e-01  9.133882595e-01  9.134621507e-01
  9.135656050e-01  9.136983747e-01  9.138601250e-01  9.140508390e-01
  9.142701659e-01  9.145176715e-01  9.147931836e-01  9.150962658e-01
  9.154263701e-01  9.157832214e-01  9.161663233e-01  9.165750499e-01
  9.170090503e-01  9.174677047e-01  9.179503623e-01  9.184565420e-01
  9.189856664e-01  9.195370383e-01  9.201101392e-01  9.207044301e-01
  9.213192554e-01  9.219541598e-01  9.226086068e-01  9.232817689e-01
  9.239729385e-01  9.246817101e-01  9.254078034e-01  9.261511713e-01
  9.269118666e-01  9.276897310e-01  9.284846121e-01  9.292964817e-01
  9.301252106e-01  9.309705936e-01  9.318325575e-01  9.327111034e-01
  9.336060254e-01  9.345171398e-01  9.354444608e-01  9.363878077e-01
  9.373469524e-01  9.383219114e-01  9.393124671e-01  9.403184344e-01
  9.413396918e-01  9.423760748e-01  9.434273325e-01  9.444932832e-01
  9.455737693e-01  9.466685632e-01  9.477772454e-01  9.488996668e-01
  9.500355746e-01  9.511845268e-01  9.523461730e-01  9.535201690e-01
  9.547060606e-01  9.559033381e-01  9.571114978e-01  9.583299325e-01
  9.595579931e-01  9.607949551e-01  9.620400508e-01  9.632923526e-01
  9.645508401e-01  9.658144619e-01  9.670820277e-01  9.683520857e-01
  9.696230447e-01  9.708932349e-01  9.721607011e-01  9.734231250e-01
  9.746779889e-01  9.759225658e-01  9.771537562e-01  9.783679008e-01
  9.795607160e-01  9.807272407e-01  9.818614889e-01  9.829564825e-01
  9.840047031e-01  9.849983767e-01  9.859294057e-01  9.867872754e-01
  9.875574077e-01  9.882201395e-01  9.887493284e-01  9.891129343e-01
  9.892763736e-01  9.892162665e-01  9.889725521e-01  9.887263987e-01
  9.887604310e-01  9.891317826e-01  9.891417478e-01  9.871845013e-01
  9.823337424e-01
@R GRADRHO 101 []
  1.006396665e+00  9.969159973e-01  9.969617108e-01  9.970163846e-01
  9.970907426e-01  9.971848496e-01  9.973026626e-01  9.974414367e-01
  9.975982980e-01  9.977752700e-01  9.979703381e-01  9.981795213e-01
  9.984234740e-01  9.986515636e-01  9.989426202e-01  9.990945745e-01
  9.993718392e-01  9.997134810e-01  1.000008026e+00  1.000460517e+00
  1.000764396e+00  1.001121517e+00  1.001566107e+00  1.001983184e+00
  1.002387268e+00  1.002800767e+00  1.003229951e+00  1.003678453e+00
  1.004142278e+00  1.004613142e+00  1.005092656e+00  1.005581401e+00
  1.006073449e+00  1.006569165e+00  1.007072972e+00  1.007590858e+00
  1.008131021e+00  1.008706782e+00  1.009257890e+00  1.009787094e+00
  1.010394360e+00  1.011005129e+00  1.011565346e+00  1.012214655e+00
  1.012839723e+00  1.013467793e+00  1.014140440e+00  1.014795968e+00
  1.015484560e+00  1.016187104e+00  1.016886349e+00  1.017627281e+00
  1.018356594e+00  1.019111922e+00  1.019905441e+00  1.020660936e+00
  1.021494577e+00  1.022310697e+00  1.023125780e+00  1.024007893e+00
  1.024885715e+00  1.025747710e+00  1.026664582e+00  1.027615625e+00
  1.028551154e+00  1.029495352e+00  1.030486493e+00  1.031508515e+00
  1.032529569e+00  1.033555912e+00  1.034607288e+00  1.035700916e+00
  1.036811504e+00  1.037929874e+00  1.039058502e+00  1.040201088e+00
  1.041380430e+00  1.042586068e+00  1.043796414e+00  1.045016059e+00
  1.046237107e+00  1.047483472e+00  1.048758253e+00  1.050030560e+00
  1.051295785e+00  1.052545698e+00  1.053814718e+00  1.055097481e+00
  1.056348432e+00  1.057551379e+00  1.058738177e+00  1.059890771e+00
  1.060918914e+00  1.061875252e+00  1.062866249e+00  1.064054558e+00
  1.065844211e+00  1.068310236e+00  1.070690944e+00  1.071346479e+00
  1.069545645e+00
@R AREA 101 []
  0.000000000e+00  2.683801858e+00  5.367427292e+00  8.050871807e+00
  1.073406505e+01  1.341694879e+01  1.609943385e+01  1.878143240e+01
  2.146287640e+01  2.414369792e+01  2.682382590e+01  2.950320108e+01
  3.218175146e+01  3.485939821e+01  3.753616896e+01  4.021192814e+01
  4.288711913e+01  4.556090607e+01  4.823381930e+01  5.090529356e+01
  5.357550518e+01  5.624462461e+01  5.891235711e+01  6.157867927e+01
  6.424366524e+01  6.690732653e+01  6.956964662e+01  7.223059712e+01
  7.489014934e+01  7.754829953e+01  8.020505805e+01  8.286042552e+01
  8.551441468e+01  8.816704914e+01  9.081834598e+01  9.346831123e+01
  9.611693304e+01  9.876417554e+01  1.014100311e+02  1.040546663e+02
  1.066980330e+02  1.093400154e+02  1.119807924e+02  1.146203871e+02
  1.172586431e+02  1.198958382e+02  1.225317915e+02  1.251666750e+02
  1.278004496e+02  1.304331916e+02  1.330649096e+02  1.356957272e+02
  1.383255690e+02  1.409546821e+02  1.435829092e+02  1.462105026e+02
  1.488374708e+02  1.514638291e+02  1.540898168e+02  1.567154352e+02
  1.593407569e+02  1.619659986e+02  1.645912952e+02  1.672166754e+02
  1.698423541e+02  1.724685546e+02  1.750954510e+02  1.777231658e+02
  1.803519612e+02  1.829821181e+02  1.856139350e+02  1.882476587e+02
  1.908835921e+02  1.935221248e+02  1.961636824e+02  1.988087324e+02
  2.014577577e+02  2.041112571e+02  2.067698649e+02  2.094342910e+02
  2.121053308e+02  2.147838712e+02  2.174708321e+02  2.201673311e+02
  2.228746711e+02  2.255943511e+02  2.283280768e+02  2.310777082e+02
  2.338455340e+02  2.366342482e+02  2.394469974e+02  2.422874179e+02
  2.451601948e+02  2.480712153e+02  2.510272844e+02  2.540355582e+02
  2.571017031e+02  2.602295877e+02  2.634274044e+02  2.667227899e+02
  2.701801361e+02
@R A 101 []
  0.000000000e+00  1.224649471e-02  2.449281402e-02  3.673916509e-02
  4.898550342e-02  6.123166751e-02  7.347779938e-02  8.572384849e-02
  9.796975931e-02  1.102155980e-01  1.224612582e-01  1.347067297e-01
  1.469520567e-01  1.591970384e-01  1.714419589e-01  1.836865250e-01
  1.959329070e-01  2.081773715e-01  2.204225413e-01  2.326659237e-01
  2.449083523e-01  2.571507393e-01  2.693917475e-01  2.816312201e-01
  2.938695383e-01  3.061067184e-01  3.183425376e-01  3.305768499e-01
  3.428094667e-01  3.550401630e-01  3.672687839e-01  3.794951910e-01
  3.917192775e-01  4.039409782e-01  4.161602296e-01  4.283768581e-01
  4.405905937e-01  4.528011153e-01  4.650081585e-01  4.772122311e-01
  4.894129071e-01  5.016094080e-01  5.138022602e-01  5.259912778e-01
  5.381754630e-01  5.503557680e-01  5.625309879e-01  5.747015790e-01
  5.868669772e-01  5.990270953e-01  6.111815481e-01  6.233304424e-01
  6.354729169e-01  6.476095807e-01  6.597391621e-01  6.718622153e-01
  6.839781092e-01  6.960862519e-01  7.081870260e-01  7.202796231e-01
  7.323635331e-01  7.444388820e-01  7.565053235e-01  7.685619252e-01
  7.806085684e-01  7.926451049e-01  8.046710310e-01  8.166854943e-01
  8.286882148e-01  8.406788571e-01  8.526570061e-01  8.646218635e-01
  8.765727487e-01  8.885091683e-01  9.004305531e-01  9.123363159e-01
  9.242256840e-01  9.360976367e-01  9.479513997e-01  9.597861616e-01
  9.716010413e-01  9.833950200e-01  9.951666216e-01  1.006914628e+00
  1.018637832e+00  1.030334860e+00  1.042004078e+00  1.053643140e+00
  1.065249799e+00  1.076821428e+00  1.088354770e+00  1.099846292e+00
  1.111293789e+00  1.122694059e+00  1.134040235e+00  1.145325223e+00
  1.156558784e+00  1.167766694e+00  1.178952281e+00  1.190041573e+00
  1.200943263e+00
@R RTOR 101 []
  4.760996263e+00  4.760974026e+00  4.760907738e+00  4.760797935e+00
  4.760644243e+00  4.760446728e+00  4.760205824e+00  4.759921539e+00
  4.759594024e+00  4.759223706e+00  4.758810792e+00  4.758355538e+00
  4.757858419e+00  4.757319745e+00  4.756739826e+00  4.756119213e+00
  4.755458180e+00  4.754757303e+00  4.754017012e+00  4.753237917e+00
  4.752420382e+00  4.751564951e+00  4.750672220e+00  4.749742638e+00
  4.748776757e+00  4.747775086e+00  4.746738056e+00  4.745666230e+00
  4.744560168e+00  4.743420359e+00  4.742247312e+00  4.741041472e+00
  4.739803131e+00  4.738532561e+00  4.737230032e+00  4.735895736e+00
  4.734529838e+00  4.733132535e+00  4.731703965e+00  4.730244109e+00
  4.728753091e+00  4.727231068e+00  4.725677950e+00  4.724093758e+00
  4.722478634e+00  4.720832387e+00  4.719155105e+00  4.717446684e+00
  4.715707117e+00  4.713936282e+00  4.712134129e+00  4.710300529e+00
  4.708435436e+00  4.706538571e+00  4.704609983e+00  4.702649380e+00
  4.700656617e+00  4.698631579e+00  4.696573961e+00  4.694483611e+00
  4.692360312e+00  4.690203764e+00  4.688013696e+00  4.685789898e+00
  4.683532040e+00  4.681239772e+00  4.678912759e+00  4.676550703e+00
  4.674153223e+00  4.671719905e+00  4.669250289e+00  4.666743985e+00
  4.664200585e+00  4.661619588e+00  4.659000450e+00  4.656342634e+00
  4.653645637e+00  4.650908948e+00  4.648131937e+00  4.645313974e+00
  4.642454403e+00  4.639552532e+00  4.636607726e+00  4.633619356e+00
  4.630586795e+00  4.627509382e+00  4.624386420e+00  4.621217140e+00
  4.618000619e+00  4.614736128e+00  4.611423148e+00  4.608061300e+00
  4.604649660e+00  4.601187805e+00  4.597677991e+00  4.594121491e+00
  4.590496971e+00  4.586764794e+00  4.582908012e+00  4.578980092e+00
  4.575043117e+00
@R SHIFT 101 []
  2.109962630e-01  2.109740261e-01  2.109077378e-01  2.107979348e-01
  2.106442433e-01  2.104467281e-01  2.102058236e-01  2.099215391e-01
  2.095940236e-01  2.092237064e-01  2.088107922e-01  2.083555383e-01
  2.078584188e-01  2.073197450e-01  2.067398258e-01  2.061192127e-01
  2.054581803e-01  2.047573026e-01  2.040170121e-01  2.032379166e-01
  2.024203824e-01  2.015649514e-01  2.006722200e-01  1.997426377e-01
  1.987767571e-01  1.977750857e-01  1.967380565e-01  1.956662299e-01
  1.945601679e-01  1.934203594e-01  1.922473120e-01  1.910414723e-01
  1.898031308e-01  1.885325614e-01  1.872300322e-01  1.858957364e-01
  1.845298384e-01  1.831325349e-01  1.817039655e-01  1.802441087e-01
  1.787530912e-01  1.772310675e-01  1.756779496e-01  1.740937582e-01
  1.724786336e-01  1.708323871e-01  1.691551052e-01  1.674466842e-01
  1.657071166e-01  1.639362816e-01  1.621341289e-01  1.603005295e-01
  1.584354357e-01  1.565385708e-01  1.546099835e-01  1.526493799e-01
  1.506566174e-01  1.486315785e-01  1.465739614e-01  1.444836114e-01
  1.423603123e-01  1.402037639e-01  1.380136956e-01  1.357898982e-01
  1.335320396e-01  1.312397716e-01  1.289127588e-01  1.265507030e-01
  1.241532230e-01  1.217199054e-01  1.192502894e-01  1.167439849e-01
  1.142005853e-01  1.116195884e-01  1.090004501e-01  1.063426339e-01
  1.036456375e-01  1.009089480e-01  9.813193737e-02  9.531397385e-02
  9.245440272e-02  8.955253240e-02  8.660772578e-02  8.361935601e-02
  8.058679496e-02  7.750938240e-02  7.438641960e-02  7.121713962e-02
  6.800061944e-02  6.473612792e-02  6.142314772e-02  5.806130003e-02
  5.464966033e-02  5.118780464e-02  4.767799117e-02  4.412149076e-02
  4.049697127e-02  3.676479438e-02  3.290801158e-02  2.898009200e-02
  2.504311748e-02
@R ELONG 101 []
  1.320955613e+00  1.320943862e+00  1.320908608e+00  1.320881494e+00
  1.320852522e+00  1.320829709e+00  1.320798719e+00  1.320761318e+00
  1.320719557e+00  1.320674335e+00  1.320625245e+00  1.320572710e+00
  1.320516061e+00  1.320457440e+00  1.320397307e+00  1.320334634e+00
  1.320270402e+00  1.320206168e+00  1.320141920e+00  1.320077888e+00
  1.320015145e+00  1.319954171e+00  1.319895758e+00  1.319840448e+00
  1.319788647e+00  1.319741148e+00  1.319699108e+00  1.319662518e+00
  1.319631781e+00  1.319607949e+00  1.319592002e+00  1.319584190e+00
  1.319584913e+00  1.319594664e+00  1.319613859e+00  1.319642772e+00
  1.319681721e+00  1.319730922e+00  1.319790887e+00  1.319861969e+00
  1.319944277e+00  1.320038131e+00  1.320144075e+00  1.320262440e+00
  1.320393381e+00  1.320537307e+00  1.320694781e+00  1.320866147e+00
  1.321051706e+00  1.321251965e+00  1.321467457e+00  1.321698694e+00
  1.321946138e+00  1.322210350e+00  1.322491938e+00  1.322791593e+00
  1.323109970e+00  1.323447694e+00  1.323805596e+00  1.324184564e+00
  1.324585426e+00  1.325009034e+00  1.325456460e+00  1.325928845e+00
  1.326427311e+00  1.326953021e+00  1.327507399e+00  1.328091951e+00
  1.328708203e+00  1.329357816e+00  1.330042725e+00  1.330764991e+00
  1.331526771e+00  1.332330456e+00  1.333178779e+00  1.334074699e+00
  1.335021412e+00  1.336022446e+00  1.337081792e+00  1.338203874e+00
  1.339393617e+00  1.340656570e+00  1.341999022e+00  1.343428121e+00
  1.344951975e+00  1.346579888e+00  1.348322412e+00  1.350191432e+00
  1.352201074e+00  1.354367327e+00  1.356709399e+00  1.359251690e+00
  1.362025262e+00  1.365075793e+00  1.368457564e+00  1.372205724e+00
  1.376300900e+00  1.380701325e+00  1.385478572e+00  1.390969695e+00
  1.397675394e+00
@R TRIAG 101 []
  0.000000000e+00  2.979225626e-02  2.759447540e-02  2.540264509e-02
  2.319761177e-02  2.098005134e-02  1.875382791e-02  1.651546514e-02
  1.426427361e-02  1.200083841e-02  9.723072320e-03  7.429872682e-03
  5.121408771e-03  2.795812239e-03  4.514410668e-04 -1.911776425e-03
 -4.295200625e-03 -6.699394358e-03 -9.125341987e-03 -1.157356879e-02
 -1.404533395e-02 -1.654121899e-02 -1.906184358e-02 -2.160826398e-02
 -2.418107249e-02 -2.678114938e-02 -2.940966065e-02 -3.206738707e-02
 -3.475511917e-02 -3.747363102e-02 -4.022329088e-02 -4.300468356e-02
 -4.581881716e-02 -4.866653841e-02 -5.154828511e-02 -5.446469349e-02
 -5.741656470e-02 -6.040461920e-02 -6.342960570e-02 -6.649261460e-02
 -6.959451924e-02 -7.273616541e-02 -7.591875741e-02 -7.914337019e-02
 -8.241089300e-02 -8.572299832e-02 -8.908060054e-02 -9.248517467e-02
 -9.593801344e-02 -9.944080862e-02 -1.029949834e-01 -1.066022910e-01
 -1.102644131e-01 -1.139836529e-01 -1.177626582e-01 -1.216043015e-01
 -1.255107218e-01 -1.294841217e-01 -1.335270469e-01 -1.376418315e-01
 -1.418311389e-01 -1.460980129e-01 -1.504454138e-01 -1.548763612e-01
 -1.593943687e-01 -1.640032987e-01 -1.687069934e-01 -1.735095201e-01
 -1.784155328e-01 -1.834302081e-01 -1.885589942e-01 -1.938077189e-01
 -1.991830134e-01 -2.046923810e-01 -2.103437487e-01 -2.161458049e-01
 -2.221085368e-01 -2.282432224e-01 -2.345628980e-01 -2.410817292e-01
 -2.478138607e-01 -2.547741591e-01 -2.619769019e-01 -2.694383136e-01
 -2.771781801e-01 -2.852235191e-01 -2.936107620e-01 -3.023802109e-01
 -3.115763060e-01 -3.212326107e-01 -3.313875273e-01 -3.421188364e-01
 -3.535635668e-01 -3.659187274e-01 -3.792552181e-01 -3.935632633e-01
 -4.089413419e-01 -4.255172252e-01 -4.431753474e-01 -4.621554531e-01
 -4.840576754e-01
@R PMHD 101 []
  1.575453810e+06  1.574875282e+06  1.573141567e+06  1.570258271e+06
  1.566234693e+06  1.561083780e+06  1.554822049e+06  1.547469487e+06
  1.539049399e+06  1.529588350e+06  1.519115932e+06  1.507664489e+06
  1.495269128e+06  1.481967481e+06  1.467798822e+06  1.452805211e+06
  1.437027034e+06  1.420513654e+06  1.403307498e+06  1.385458678e+06
  1.367013123e+06  1.348016875e+06  1.328519212e+06  1.308567059e+06
  1.288205871e+06  1.267480395e+06  1.246434383e+06  1.225114177e+06
  1.203573280e+06  1.181851788e+06  1.159969823e+06  1.137946879e+06
  1.115802457e+06  1.093555490e+06  1.071224837e+06  1.048829596e+06
  1.026388317e+06  1.003919415e+06  9.814410277e+05  9.589696057e+05
  9.365230609e+05  9.141194771e+05  8.917741446e+05  8.695035891e+05
  8.473257806e+05  8.252542642e+05  8.033054148e+05  7.814937326e+05
  7.598346804e+05  7.383414902e+05  7.170292136e+05  6.959100093e+05
  6.749986090e+05  6.543058465e+05  6.338459330e+05  6.136294237e+05
  5.936682004e+05  5.739739224e+05  5.545561687e+05  5.354258908e+05
  5.165931441e+05  4.980666005e+05  4.798551932e+05  4.619682355e+05
  4.444133808e+05  4.271979058e+05  4.103290885e+05  3.938142347e+05
  3.776594388e+05  3.618703410e+05  3.464522013e+05  3.314103431e+05
  3.167495181e+05  3.024736590e+05  2.885862905e+05  2.750905765e+05
  2.619894612e+05  2.492855704e+05  2.369807065e+05  2.250763334e+05
  2.135734985e+05  2.024727861e+05  1.917746621e+05  1.814789060e+05
  1.715846546e+05  1.620903194e+05  1.529933696e+05  1.442898753e+05
  1.359721667e+05  1.280254655e+05  1.204195849e+05  1.130895487e+05
  1.058900496e+05  9.849437345e+04  9.018909297e+04  7.960402991e+04
  6.492141623e+04  4.593317908e+04  2.636380058e+04  1.169109562e+04
  6.388324773e+03
@R QMHD 101 []
  1.164510226e+00  1.164587917e+00  1.164821124e+00  1.165210247e+00
  1.165755905e+00  1.166458882e+00  1.167320038e+00  1.168340204e+00
  1.169520047e+00  1.170859916e+00  1.172359666e+00  1.174018543e+00
  1.175836335e+00  1.177814047e+00  1.179952780e+00  1.182252500e+00
  1.184714028e+00  1.187339097e+00  1.190129300e+00  1.193082172e+00
  1.196200474e+00  1.199487856e+00  1.202943602e+00  1.206568015e+00
  1.210363733e+00  1.214333802e+00  1.218479758e+00  1.222803272e+00
  1.227306480e+00  1.231991231e+00  1.236861776e+00  1.241920663e+00
  1.247171243e+00  1.252617709e+00  1.258265202e+00  1.264115834e+00
  1.270173959e+00  1.276445447e+00  1.282934974e+00  1.289646797e+00
  1.296586471e+00  1.303759786e+00  1.311173345e+00  1.318832786e+00
  1.326744052e+00  1.334914687e+00  1.343351812e+00  1.352063562e+00
  1.361056988e+00  1.370340591e+00  1.379924293e+00  1.389817029e+00
  1.400027238e+00  1.410566532e+00  1.421446172e+00  1.432677566e+00
  1.444271793e+00  1.456241757e+00  1.468602437e+00  1.481367434e+00
  1.494551061e+00  1.508170020e+00  1.522241997e+00  1.536783975e+00
  1.551815550e+00  1.567356873e+00  1.583430315e+00  1.600058280e+00
  1.617265545e+00  1.635078615e+00  1.653525972e+00  1.672638045e+00
  1.692446770e+00  1.712986846e+00  1.734296645e+00  1.756417538e+00
  1.779393766e+00  1.803272364e+00  1.828106081e+00  1.853953214e+00
  1.880876849e+00  1.908946835e+00  1.938239724e+00  1.968841761e+00
  2.000847726e+00  2.034364993e+00  2.069512729e+00  2.106429948e+00
  2.145277581e+00  2.186235582e+00  2.229553039e+00  2.275537206e+00
  2.324530695e+00  2.376876953e+00  2.432855412e+00  2.492590705e+00
  2.556497773e+00  2.625077198e+00  2.700048862e+00  2.786228287e+00
  2.893637634e+00
@R ER 101 []
  0.000000000e+00  0.000000000e+00  0.000000000e+00  0.000000000e+00
  0.000000000e+00  0.000000000e+00  0.000000000e+00  0.000000000e+00
  0.000000000e+00  0.000000000e+00  0.000000000e+00  0.000000000e+00
  0.000000000e+00  0.000000000e+00  0.000000000e+00  0.000000000e+00
  0.000000000e+00  0.000000000e+00  0.000000000e+00  0.000000000e+00
  0.000000000e+00  0.000000000e+00  0.000000000e+00  0.000000000e+00
  0.000000000e+00  0.000000000e+00  0.000000000e+00  0.000000000e+00
  0.000000000e+00  0.000000000e+00  0.000000000e+00  0.000000000e+00
  0.000000000e+00  0.000000000e+00  0.000000000e+00  0.000000000e+00
  0.000000000e+00  0.000000000e+00  0.000000000e+00  0.000000000e+00
  0.000000000e+00  0.000000000e+00  0.000000000e+00  0.000000000e+00
  0.000000000e+00  0.000000000e+00  0.000000000e+00  0.000000000e+00
  0.000000000e+00  0.000000000e+00  0.000000000e+00  0.000000000e+00
  0.000000000e+00  0.000000000e+00  0.000000000e+00  0.000000000e+00
  0.000000000e+00  0.000000000e+00  0.000000000e+00  0.000000000e+00
  0.000000000e+00  0.000000000e+00  0.000000000e+00  0.000000000e+00
  0.000000000e+00  0.000000000e+00  0.000000000e+00  0.000000000e+00
  0.000000000e+00  0.000000000e+00  0.000000000e+00  0.000000000e+00
  0.000000000e+00  0.000000000e+00  0.000000000e+00  0.000000000e+00
  0.000000000e+00  0.000000000e+00  0.000000000e+00  0.000000000e+00
  0.000000000e+00  0.000000000e+00  0.000000000e+00  0.000000000e+00
  0.000000000e+00  0.000000000e+00  0.000000000e+00  0.000000000e+00
  0.000000000e+00  0.000000000e+00  0.000000000e+00  0.000000000e+00
  0.000000000e+00  0.000000000e+00  0.000000000e+00  0.000000000e+00
  0.000000000e+00  0.000000000e+00  0.000000000e+00  0.000000000e+00
  0.000000000e+00
@R NC1 101 []
  9.985000514e-01  9.362681586e-01  9.123824414e-01  8.949268341e-01
  8.807587659e-01  8.686674773e-01  8.580356413e-01  8.484987252e-01
  8.398195587e-01  8.318345477e-01  8.244255513e-01  8.175028956e-01
  8.109970735e-01  8.048543167e-01  7.990302373e-01  7.934885898e-01
  7.881983091e-01  7.831354941e-01  7.782770869e-01  7.736055370e-01
  7.691042899e-01  7.647586803e-01  7.605568843e-01  7.564879332e-01
  7.525418040e-01  7.487098292e-01  7.449842220e-01  7.413577354e-01
  7.378238092e-01  7.343767209e-01  7.310115388e-01  7.277240483e-01
  7.245102492e-01  7.213662383e-01  7.182884590e-01  7.152736863e-01
  7.123189400e-01  7.094213397e-01  7.065782579e-01  7.037871492e-01
  7.010456758e-01  6.983517149e-01  6.957030897e-01  6.930978667e-01
  6.905344290e-01  6.880107860e-01  6.855255029e-01  6.830768584e-01
  6.806634112e-01  6.782833244e-01  6.759357165e-01  6.736192375e-01
  6.713328886e-01  6.690752377e-01  6.668453196e-01  6.646419088e-01
  6.624640229e-01  6.603106716e-01  6.581807558e-01  6.560734697e-01
  6.539879317e-01  6.519231095e-01  6.498781245e-01  6.478521976e-01
  6.458444398e-01  6.438539631e-01  6.418799279e-01  6.399215689e-01
  6.379779970e-01  6.360483750e-01  6.341318380e-01  6.322275316e-01
  6.303345981e-01  6.284520411e-01  6.265788522e-01  6.247140761e-01
  6.228566831e-01  6.210052101e-01  6.191585130e-01  6.173156752e-01
  6.154749490e-01  6.136351514e-01  6.117946108e-01  6.099513380e-01
  6.081032370e-01  6.062482658e-01  6.043845638e-01  6.025096108e-01
  6.006194071e-01  5.987087028e-01  5.967718775e-01  5.948037566e-01
  5.927963738e-01  5.907408486e-01  5.886437784e-01  5.865825749e-01
  5.846759995e-01  5.829243018e-01  5.810198000e-01  5.784933362e-01
  5.751777313e-01
@R HFAC1 101 []
  1.000000000e+00  9.974287265e-01  9.948594255e-01  9.922920965e-01
  9.897268946e-01  9.871638097e-01  9.846027994e-01  9.820439392e-01
  9.794871402e-01  9.769322992e-01  9.743794401e-01  9.718284226e-01
  9.692790748e-01  9.667313844e-01  9.641851081e-01  9.616400949e-01
  9.590957600e-01  9.565526834e-01  9.540100354e-01  9.514682132e-01
  9.489267816e-01  9.463852541e-01  9.438437436e-01  9.413020517e-01
  9.387598206e-01  9.362168690e-01  9.336730067e-01  9.311278986e-01
  9.285812620e-01  9.260329573e-01  9.234829306e-01  9.209312650e-01
  9.183780220e-01  9.158231270e-01  9.132665162e-01  9.107081802e-01
  9.081480891e-01  9.055861738e-01  9.030224025e-01  9.004565943e-01
  8.978886694e-01  8.953186564e-01  8.927463439e-01  8.901715825e-01
  8.875944292e-01  8.850145321e-01  8.824319719e-01  8.798464309e-01
  8.772578651e-01  8.746660848e-01  8.720709282e-01  8.694721390e-01
  8.668697355e-01  8.642632775e-01  8.616527522e-01  8.590377841e-01
  8.564182505e-01  8.537939426e-01  8.511644169e-01  8.485295578e-01
  8.458891122e-01  8.432426295e-01  8.405897937e-01  8.379303815e-01
  8.352639494e-01  8.325900297e-01  8.299082167e-01  8.272181358e-01
  8.245192168e-01  8.218109063e-01  8.190926032e-01  8.163636962e-01
  8.136235043e-01  8.108712598e-01  8.081061012e-01  8.053270247e-01
  8.025330181e-01  7.997230735e-01  7.968959564e-01  7.940502323e-01
  7.911842461e-01  7.882961312e-01  7.853837615e-01  7.824445854e-01
  7.794759120e-01  7.764750924e-01  7.734395533e-01  7.703659484e-01
  7.672490660e-01  7.640816622e-01  7.608547418e-01  7.575583844e-01
  7.541812866e-01  7.507156123e-01  7.471760407e-01  7.436435505e-01
  7.402382107e-01  7.369628321e-01  7.334982476e-01  7.292620418e-01
  7.239820481e-01
@R HFAC2 101 []
  1.000000000e+00  9.948673558e-01  9.897583737e-01  9.846729212e-01
  9.796111741e-01  9.745729788e-01  9.695581208e-01  9.645666175e-01
  9.595981627e-01  9.546524263e-01  9.497293275e-01  9.448284683e-01
  9.399493921e-01  9.350919529e-01  9.302555661e-01  9.254398269e-01
  9.206435176e-01  9.158676191e-01  9.111104623e-01  9.063726870e-01
  9.016533734e-01  8.969515171e-01  8.922672339e-01  8.876000651e-01
  8.829492626e-01  8.783144106e-01  8.736950811e-01  8.690905860e-01
  8.645003368e-01  8.599240126e-01  8.553614611e-01  8.508127857e-01
  8.462780459e-01  8.417570520e-01  8.372496382e-01  8.327557380e-01
  8.282752494e-01  8.238079976e-01  8.193538757e-01  8.149125263e-01
  8.104837656e-01  8.060675946e-01  8.016636062e-01  7.972715036e-01
  7.928913470e-01  7.885224983e-01  7.841650554e-01  7.798184489e-01
  7.754825753e-01  7.711570842e-01  7.668416732e-01  7.625358914e-01
  7.582397512e-01  7.539524991e-01  7.496740900e-01  7.454038923e-01
  7.411416950e-01  7.368871437e-01  7.326395022e-01  7.283985780e-01
  7.241639613e-01  7.199349220e-01  7.157109515e-01  7.114916939e-01
  7.072764510e-01  7.030644899e-01  6.988551739e-01  6.946479249e-01
  6.904418638e-01  6.862361432e-01  6.820298427e-01  6.778220303e-01
  6.736116785e-01  6.693976288e-01  6.651785797e-01  6.609530191e-01
  6.567194311e-01  6.524763137e-01  6.482218197e-01  6.439538045e-01
  6.396698001e-01  6.353670271e-01  6.310423176e-01  6.266918689e-01
  6.223116705e-01  6.178977866e-01  6.134464415e-01  6.089526473e-01
  6.044086146e-01  5.998036034e-01  5.951242852e-01  5.903560565e-01
  5.854819090e-01  5.804896460e-01  5.754028239e-01  5.703499730e-01
  5.655217400e-01  5.609247110e-01  5.560563781e-01  5.500069659e-01
  5.423666024e-01
