@R IP 1 []
  9.999999995e+06
@R BCENTR 1 []
  1.100000000e+01
@R RMAJOR 1 []
  4.550000000e+00
@R AMINOR 1 []
  1.200916772e+00
@R KAPPA 1 []
  1.397726541e+00
@R DELTA 1 []
 -4.838925664e-01
@I NRHO 1 []
              101
@R RHOB 1 []
  1.382406977e+00
@R RHO 101 []
  0.000000000e+00  1.000000000e-02  2.000000000e-02  3.000000000e-02
  4.000000000e-02  5.000000000e-02  6.000000000e-02  7.000000000e-02
  8.000000000e-02  9.000000000e-02  1.000000000e-01  1.100000000e-01
  1.200000000e-01  1.300000000e-01  1.400000000e-01  1.500000000e-01
  1.600000000e-01  1.700000000e-01  1.800000000e-01  1.900000000e-01
  2.000000000e-01  2.100000000e-01  2.200000000e-01  2.300000000e-01
  2.400000000e-01  2.500000000e-01  2.600000000e-01  2.700000000e-01
  2.800000000e-01  2.900000000e-01  3.000000000e-01  3.100000000e-01
  3.200000000e-01  3.300000000e-01  3.400000000e-01  3.500000000e-01
  3.600000000e-01  3.700000000e-01  3.800000000e-01  3.900000000e-01
  4.000000000e-01  4.100000000e-01  4.200000000e-01  4.300000000e-01
  4.400000000e-01  4.500000000e-01  4.600000000e-01  4.700000000e-01
  4.800000000e-01  4.900000000e-01  5.000000000e-01  5.100000000e-01
  5.200000000e-01  5.300000000e-01  5.400000000e-01  5.500000000e-01
  5.600000000e-01  5.700000000e-01  5.800000000e-01  5.900000000e-01
  6.000000000e-01  6.100000000e-01  6.200000000e-01  6.300000000e-01
  6.400000000e-01  6.500000000e-01  6.600000000e-01  6.700000000e-01
  6.800000000e-01  6.900000000e-01  7.000000000e-01  7.100000000e-01
  7.200000000e-01  7.300000000e-01  7.400000000e-01  7.500000000e-01
  7.600000000e-01  7.700000000e-01  7.800000000e-01  7.900000000e-01
  8.000000000e-01  8.100000000e-01  8.200000000e-01  8.300000000e-01
  8.400000000e-01  8.500000000e-01  8.600000000e-01  8.700000000e-01
  8.800000000e-01  8.900000000e-01  9.000000000e-01  9.100000000e-01
  9.200000000e-01  9.300000000e-01  9.400000000e-01  9.500000000e-01
  9.600000000e-01  9.700000000e-01  9.800000000e-01  9.900000000e-01
  1.000000000e+00
@R VOLP 101 []
  0.000000000e+00  2.690581740e+00  5.380913681e+00  8.070749560e+00
  1.075984134e+01  1.344794659e+01  1.613482919e+01  1.882025201e+01
  2.150398799e+01  2.418581948e+01  2.686552922e+01  2.954291284e+01
  3.221777915e+01  3.488993655e+01  3.755920821e+01  4.022543305e+01
  4.288844891e+01  4.554811280e+01  4.820429547e+01  5.085686916e+01
  5.350571925e+01  5.615074890e+01  5.879186104e+01  6.142896650e+01
  6.406199290e+01  6.669086349e+01  6.931551148e+01  7.193590275e+01
  7.455201182e+01  7.716378680e+01  7.977115356e+01  8.237401989e+01
  8.497228432e+01  8.756586118e+01  9.015466637e+01  9.273860367e+01
  9.531758331e+01  9.789152349e+01  1.004603298e+02  1.030238975e+02
  1.055821434e+02  1.081349815e+02  1.106823025e+02  1.132240175e+02
  1.157600433e+02  1.182902698e+02  1.208146069e+02  1.233329630e+02
  1.258452421e+02  1.283513469e+02  1.308511944e+02  1.333446910e+02
  1.358317385e+02  1.383122507e+02  1.407861660e+02  1.432533879e+02
  1.457138299e+02  1.481674367e+02  1.506141453e+02  1.530538872e+02
  1.554866145e+02  1.579122906e+02  1.603308813e+02  1.627423715e+02
  1.651467569e+02  1.675440520e+02  1.699342828e+02  1.723175071e+02
  1.746938099e+02  1.770632862e+02  1.794260646e+02  1.817823324e+02
  1.841323144e+02  1.864762640e+02  1.888145008e+02  1.911474322e+02
  1.934755230e+02  1.957992977e+02  1.981193808e+02  2.004365388e+02
  2.027516982e+02  2.050659625e+02  2.073806929e+02  2.096975075e+02
  2.120181890e+02  2.143446138e+02  2.166787962e+02  2.190234102e+02
  2.213821491e+02  2.237599628e+02  2.261635081e+02  2.286009796e+02
  2.310809811e+02  2.336079665e+02  2.361676004e+02  2.387066734e+02
  2.411459764e+02  2.434714425e+02  2.458795731e+02  2.488005736e+02
  2.525048899e+02
@R IPOL 101 []
  1.010092356e+00  1.010091913e+00  1.010090570e+00  1.010088285e+00
  1.010084992e+00  1.010080595e+00  1.010074974e+00  1.010067986e+00
  1.010059465e+00  1.010049222e+00  1.010037051e+00  1.010022729e+00
  1.010006015e+00  1.009986652e+00  1.009964375e+00  1.009938909e+00
  1.009909971e+00  1.009877285e+00  1.009840558e+00  1.009799521e+00
  1.009753896e+00  1.009703411e+00  1.009647823e+00  1.009586894e+00
  1.009520400e+00  1.009448149e+00  1.009369970e+00  1.009285671e+00
  1.009195001e+00  1.009097852e+00  1.008994339e+00  1.008884598e+00
  1.008768759e+00  1.008646976e+00  1.008519404e+00  1.008386208e+00
  1.008247566e+00  1.008103667e+00  1.007954704e+00  1.007800867e+00
  1.007642366e+00  1.007479425e+00  1.007312264e+00  1.007141111e+00
  1.006966216e+00  1.006787792e+00  1.006606112e+00  1.006421434e+00
  1.006233995e+00  1.006044084e+00  1.005851955e+00  1.005657887e+00
  1.005462156e+00  1.005265039e+00  1.005066831e+00  1.004867802e+00
  1.004668250e+00  1.004468468e+00  1.004268733e+00  1.004069351e+00
  1.003870609e+00  1.003672796e+00  1.003476207e+00  1.003281133e+00
  1.003087865e+00  1.002896683e+00  1.002707873e+00  1.002521729e+00
  1.002338518e+00  1.002158518e+00  1.001981998e+00  1.001809227e+00
  1.001640465e+00  1.001475967e+00  1.001315981e+00  1.001160745e+00
  1.001010497e+00  1.000865467e+00  1.000725870e+00  1.000591915e+00
  1.000463803e+00  1.000341721e+00  1.000225856e+00  1.000116379e+00
  1.000013444e+00  9.999172074e-01  9.998278121e-01  9.997454145e-01
  9.996701852e-01  9.996023530e-01  9.995423313e-01  9.994909280e-01
  9.994498976e-01  9.994231450e-01  9.994191327e-01  9.994538392e-01
  9.995474729e-01  9.996998069e-01  9.998650658e-01  9.999811428e-01
  1.000000000e+00
@R G11 101 []
  0.000000000e+00  2.700034139e+00  5.400446301e+00  8.101213007e+00
  1.080251421e+01  1.350448986e+01  1.620727899e+01  1.891101023e+01
  2.161583761e+01  2.432203808e+01  2.702972001e+01  2.973874449e+01
  3.245043413e+01  3.516171336e+01  3.787823155e+01  4.058446197e+01
  4.330091800e+01  4.602396010e+01  4.874365386e+01  5.148022112e+01
  5.420301609e+01  5.693249091e+01  5.967351392e+01  6.241314298e+01
  6.515277536e+01  6.789521893e+01  7.064150203e+01  7.339236908e+01
  7.614751315e+01  7.890592300e+01  8.166796483e+01  8.443384229e+01
  8.720266916e+01  8.997453714e+01  9.275031174e+01  9.553124741e+01
  9.831913252e+01  1.011170989e+02  1.039133781e+02  1.067079628e+02
  1.095221083e+02  1.123409802e+02  1.151520364e+02  1.179868527e+02
  1.208204484e+02  1.236584240e+02  1.265119868e+02  1.293655917e+02
  1.322324982e+02  1.351080996e+02  1.379879912e+02  1.408849972e+02
  1.437842659e+02  1.466975351e+02  1.496277637e+02  1.525543243e+02
  1.555116463e+02  1.584706014e+02  1.614382973e+02  1.644358774e+02
  1.674407759e+02  1.704510156e+02  1.734901717e+02  1.765519420e+02
  1.796204301e+02  1.827053266e+02  1.858209998e+02  1.889624878e+02
  1.921199612e+02  1.952967440e+02  1.985024312e+02  2.017448466e+02
  2.050156891e+02  2.083141289e+02  2.116429457e+02  2.150067515e+02
  2.184175054e+02  2.218737268e+02  2.253705450e+02  2.289137927e+02
  2.325046887e+02  2.361592999e+02  2.398846184e+02  2.436736371e+02
  2.475329675e+02  2.514693034e+02  2.555108262e+02  2.596680838e+02
  2.639334377e+02  2.683147740e+02  2.728486504e+02  2.775558000e+02
  2.824356306e+02  2.875754598e+02  2.930663564e+02  2.989458059e+02
  3.053105486e+02  3.121615063e+02  3.195067519e+02  3.277257012e+02
  3.373918462e+02
@R G22 101 []
  0.000000000e+00  1.373383685e-02  2.746974394e-02  4.120774831e-02
  5.494890048e-02  6.869407551e-02  8.244414757e-02  9.619991118e-02
  1.099623312e-01  1.237330133e-01  1.375126712e-01  1.513008077e-01
  1.651043889e-01  1.789079511e-01  1.927404814e-01  2.065232482e-01
  2.203608669e-01  2.342350734e-01  2.480956561e-01  2.620457723e-01
  2.759297410e-01  2.898520363e-01  3.038377263e-01  3.178212230e-01
  3.318100101e-01  3.458186731e-01  3.598527644e-01  3.739165449e-01
  3.880088646e-01  4.021248328e-01  4.162665477e-01  4.304351806e-01
  4.446262792e-01  4.588404932e-01  4.730824296e-01  4.873585950e-01
  5.016782715e-01  5.160576498e-01  5.304367761e-01  5.448156932e-01
  5.593031210e-01  5.738234599e-01  5.883126776e-01  6.029322524e-01
  6.175546949e-01  6.322086554e-01  6.469514892e-01  6.617038807e-01
  6.765336444e-01  6.914172607e-01  7.063322682e-01  7.213443613e-01
  7.363773960e-01  7.514915515e-01  7.667020203e-01  7.819030204e-01
  7.972708544e-01  8.126562321e-01  8.280955155e-01  8.436968978e-01
  8.593445000e-01  8.750280561e-01  8.908682949e-01  9.068325766e-01
  9.228390484e-01  9.389371892e-01  9.552003762e-01  9.716027185e-01
  9.880933447e-01  1.004688766e+00  1.021437677e+00  1.038379793e+00
  1.055471829e+00  1.072708677e+00  1.090103788e+00  1.107680193e+00
  1.125498558e+00  1.143549928e+00  1.161807790e+00  1.180300944e+00
  1.199034522e+00  1.218090234e+00  1.237503327e+00  1.257236866e+00
  1.277322482e+00  1.297789630e+00  1.318776970e+00  1.340333549e+00
  1.362419684e+00  1.385082787e+00  1.408523757e+00  1.432859075e+00
  1.458073579e+00  1.484555453e+00  1.512611881e+00  1.542119714e+00
  1.573208871e+00  1.605870046e+00  1.640908642e+00  1.681528890e+00
  1.731071111e+00
@R G33 101 []
  9.136776700e-01  9.136923019e-01  9.137359333e-01  9.138083025e-01
  9.139096352e-01  9.140396834e-01  9.141981066e-01  9.143849078e-01
  9.145997657e-01  9.148422518e-01  9.151121993e-01  9.154092050e-01
  9.157327284e-01  9.160825036e-01  9.164580763e-01  9.168588401e-01
  9.172844529e-01  9.177343358e-01  9.182078604e-01  9.187045557e-01
  9.192238886e-01  9.197651894e-01  9.203279464e-01  9.209116638e-01
  9.215157187e-01  9.221396635e-01  9.227830022e-01  9.234449457e-01
  9.241247964e-01  9.248221738e-01  9.255368250e-01  9.262687067e-01
  9.270178804e-01  9.277842082e-01  9.285675405e-01  9.293678509e-01
  9.301850308e-01  9.310188887e-01  9.318693583e-01  9.327364608e-01
  9.336200037e-01  9.345198081e-01  9.354359026e-01  9.363681235e-01
  9.373162496e-01  9.382803059e-01  9.392600999e-01  9.402554630e-01
  9.412662814e-01  9.422924003e-01  9.433335896e-01  9.443896817e-01
  9.454605351e-01  9.465459304e-01  9.476454621e-01  9.487589973e-01
  9.498863053e-01  9.510269634e-01  9.521806258e-01  9.533469622e-01
  9.545255413e-01  9.557158726e-01  9.569174640e-01  9.581297255e-01
  9.593520287e-01  9.605836666e-01  9.618238857e-01  9.630717756e-01
  9.643263340e-01  9.655865301e-01  9.668511981e-01  9.681189038e-01
  9.693880761e-01  9.706570635e-01  9.719239362e-01  9.731864034e-01
  9.744419706e-01  9.756879482e-01  9.769212669e-01  9.781382845e-01
  9.793347308e-01  9.805056621e-01  9.816451035e-01  9.827461127e-01
  9.838012665e-01  9.848029913e-01  9.857433911e-01  9.866118908e-01
  9.873937723e-01  9.880693008e-01  9.886119055e-01  9.889890858e-01
  9.891670632e-01  9.891290275e-01  9.889331330e-01  9.887883809e-01
  9.889966895e-01  9.896033289e-01  9.898497566e-01  9.880958090e-01
  9.834159716e-01
@R GRADRHO 101 []
  1.006466199e+00  9.970105386e-01  9.970613348e-01  9.971210010e-01
  9.971975099e-01  9.972918721e-01  9.974061256e-01  9.975382180e-01
  9.976880527e-01  9.978587537e-01  9.980486998e-01  9.982528027e-01
  9.984899746e-01  9.987101949e-01  9.989934952e-01  9.991379160e-01
  9.994069527e-01  9.997399790e-01  1.000025799e+00  1.000469034e+00
  1.000763700e+00  1.001111541e+00  1.001546555e+00  1.001953926e+00
  1.002348326e+00  1.002752084e+00  1.003171531e+00  1.003610481e+00
  1.004064783e+00  1.004526135e+00  1.004996272e+00  1.005475878e+00
  1.005958978e+00  1.006445801e+00  1.006940849e+00  1.007450088e+00
  1.007981576e+00  1.008549146e+00  1.009092671e+00  1.009614032e+00
  1.010213025e+00  1.010817030e+00  1.011370396e+00  1.012012112e+00
  1.012631394e+00  1.013252421e+00  1.013919687e+00  1.014569196e+00
  1.015252675e+00  1.015950312e+00  1.016644659e+00  1.017381899e+00
  1.018106448e+00  1.018859320e+00  1.019648332e+00  1.020401867e+00
  1.021234236e+00  1.022046523e+00  1.022861342e+00  1.023743301e+00
  1.024618940e+00  1.025481475e+00  1.026399807e+00  1.027351286e+00
  1.028287309e+00  1.029234103e+00  1.030228788e+00  1.031253305e+00
  1.032277511e+00  1.033307407e+00  1.034364502e+00  1.035464206e+00
  1.036579925e+00  1.037704568e+00  1.038839677e+00  1.039990627e+00
  1.041179242e+00  1.042393502e+00  1.043613233e+00  1.044842850e+00
  1.046074946e+00  1.047333985e+00  1.048621429e+00  1.049906346e+00
  1.051184975e+00  1.052449957e+00  1.053735929e+00  1.055035753e+00
  1.056303983e+00  1.057525987e+00  1.058732896e+00  1.059904357e+00
  1.060952153e+00  1.061938331e+00  1.062986738e+00  1.064290149e+00
  1.066274780e+00  1.068994706e+00  1.071611417e+00  1.072443916e+00
  1.070759077e+00
@R AREA 101 []
  0.000000000e+00  2.682812571e+00  5.365445254e+00  8.047884036e+00
  1.073006601e+01  1.341194229e+01  1.609343207e+01  1.877445801e+01
  2.145495883e+01  2.413486884e+01  2.681411642e+01  2.949264169e+01
  3.217037676e+01  3.484724837e+01  3.752328630e+01  4.019835572e+01
  4.287290101e+01  4.554609005e+01  4.821845384e+01  5.088942940e+01
  5.355919409e+01  5.622791916e+01  5.889531098e+01  6.156134725e+01
  6.422610250e+01  6.688958864e+01  6.955178944e+01  7.221267659e+01
  7.487222095e+01  7.753041895e+01  8.018728056e+01  8.284280602e+01
  8.549700713e+01  8.814990728e+01  9.080152308e+01  9.345186016e+01
  9.610090627e+01  9.874862521e+01  1.013950071e+02  1.040402182e+02
  1.066842109e+02  1.093268688e+02  1.119683662e+02  1.146087300e+02
  1.172478004e+02  1.198858534e+02  1.225227110e+02  1.251585375e+02
  1.277933008e+02  1.304270667e+02  1.330598521e+02  1.356917705e+02
  1.383227525e+02  1.409530390e+02  1.435824728e+02  1.462113083e+02
  1.488395437e+02  1.514672013e+02  1.540945177e+02  1.567214857e+02
  1.593481837e+02  1.619748263e+02  1.646015412e+02  1.672283588e+02
  1.698554938e+02  1.724831674e+02  1.751115470e+02  1.777407567e+02
  1.803710580e+02  1.830027295e+02  1.856360671e+02  1.882713111e+02
  1.909087672e+02  1.935488227e+02  1.961919009e+02  1.988384669e+02
  2.014889968e+02  2.041439901e+02  2.068040795e+02  2.094699720e+02
  2.121424602e+02  2.148224258e+02  2.175107843e+02  2.202086530e+02
  2.229173309e+02  2.256383138e+02  2.283733000e+02  2.311241457e+02
  2.338931373e+02  2.366829607e+02  2.394967482e+02  2.423381290e+02
  2.452117884e+02  2.481235927e+02  2.510802244e+02  2.540884459e+02
  2.571530864e+02  2.602769305e+02  2.634672972e+02  2.667512722e+02
  2.701917229e+02
@R A 101 []
  0.000000000e+00  1.224689526e-02  2.449352693e-02  3.674012911e-02
  4.898666988e-02  6.123293565e-02  7.347913979e-02  8.572530481e-02
  9.797133572e-02  1.102172691e-01  1.224629771e-01  1.347084064e-01
  1.469536127e-01  1.591984216e-01  1.714430968e-01  1.836873367e-01
  1.959333166e-01  2.081772937e-01  2.204218863e-01  2.326646189e-01
  2.449063180e-01  2.571478867e-01  2.693879929e-01  2.816264775e-01
  2.938637173e-01  3.060997375e-01  3.183343198e-01  3.305673112e-01
  3.427985269e-01  3.550277477e-01  3.672548147e-01  3.794795956e-01
  3.917019853e-01  4.039219169e-01  4.161393316e-01  4.283540616e-01
  4.405658391e-01  4.527743444e-01  4.649793085e-01  4.771812434e-01
  4.893797302e-01  5.015739950e-01  5.137645514e-01  5.259512326e-01
  5.381330335e-01  5.503109039e-01  5.624836562e-01  5.746517188e-01
  5.868145694e-01  5.989720820e-01  6.111239166e-01  6.232701428e-01
  6.354099361e-01  6.475438825e-01  6.596707189e-01  6.717910187e-01
  6.839041131e-01  6.960094526e-01  7.081074194e-01  7.201971795e-01
  7.322782566e-01  7.443507766e-01  7.564143718e-01  7.684681313e-01
  7.805119489e-01  7.925456791e-01  8.045687992e-01  8.165804780e-01
  8.285804474e-01  8.405683785e-01  8.525438595e-01  8.645060793e-01
  8.764543870e-01  8.883882960e-01  9.003072443e-01  9.122106515e-01
  9.240977354e-01  9.359674981e-01  9.478191793e-01  9.596519806e-01
  9.714650361e-01  9.832573338e-01  9.950274075e-01  1.006774062e+00
  1.018496096e+00  1.030192146e+00  1.041860576e+00  1.053499091e+00
  1.065105515e+00  1.076677293e+00  1.088211195e+00  1.099703662e+00
  1.111152475e+00  1.122554508e+00  1.133903231e+00  1.145191933e+00
  1.156431987e+00  1.167653421e+00  1.178863093e+00  1.189982900e+00
  1.200916772e+00
@R RTOR 101 []
  4.760087008e+00  4.760065205e+00  4.760000112e+00  4.759892207e+00
  4.759741152e+00  4.759547016e+00  4.759310258e+00  4.759030876e+00
  4.758708976e+00  4.758344969e+00  4.757939060e+00  4.757491480e+00
  4.757002691e+00  4.756473001e+00  4.755902691e+00  4.755292284e+00
  4.754642044e+00  4.753952509e+00  4.753224089e+00  4.752457377e+00
  4.751652711e+00  4.750810599e+00  4.749931617e+00  4.749016186e+00
  4.748064823e+00  4.747078016e+00  4.746056171e+00  4.744999810e+00
  4.743909472e+00  4.742785627e+00  4.741628746e+00  4.740439252e+00
  4.739217416e+00  4.737963486e+00  4.736677710e+00  4.735360266e+00
  4.734011296e+00  4.732630978e+00  4.731219443e+00  4.729776652e+00
  4.728302712e+00  4.726797762e+00  4.725261704e+00  4.723694537e+00
  4.722096389e+00  4.720467061e+00  4.718806622e+00  4.717114957e+00
  4.715392041e+00  4.713637746e+00  4.711851996e+00  4.710034658e+00
  4.708185667e+00  4.706304736e+00  4.704391900e+00  4.702446851e+00
  4.700469438e+00  4.698459522e+00  4.696416789e+00  4.694341074e+00
  4.692232143e+00  4.690089686e+00  4.687913426e+00  4.685703136e+00
  4.683458467e+00  4.681179060e+00  4.678864574e+00  4.676514692e+00
  4.674129021e+00  4.671707135e+00  4.669248562e+00  4.666752902e+00
  4.664219733e+00  4.661648539e+00  4.659038765e+00  4.656389862e+00
  4.653701320e+00  4.650972610e+00  4.648203092e+00  4.645392124e+00
  4.642539041e+00  4.639643142e+00  4.636703779e+00  4.633720305e+00
  4.630692072e+00  4.627618403e+00  4.624498583e+00  4.621331842e+00
  4.618117252e+00  4.614854074e+00  4.611541793e+00  4.608179986e+00
  4.604767572e+00  4.601303874e+00  4.597790626e+00  4.594228651e+00
  4.590595157e+00  4.586846647e+00  4.582963186e+00  4.579003197e+00
  4.575035028e+00
@R SHIFT 101 []
  2.100870083e-01  2.100652054e-01  2.100001117e-01  2.098922072e-01
  2.097411524e-01  2.095470164e-01  2.093102583e-01  2.090308761e-01
  2.087089759e-01  2.083449687e-01  2.079390601e-01  2.074914804e-01
  2.070026911e-01  2.064730015e-01  2.059026909e-01  2.052922839e-01
  2.046420437e-01  2.039525093e-01  2.032240893e-01  2.024573769e-01
  2.016527109e-01  2.008105988e-01  1.999316168e-01  1.990161859e-01
  1.980648229e-01  1.970780160e-01  1.960561711e-01  1.949998095e-01
  1.939094725e-01  1.927856265e-01  1.916287464e-01  1.904392522e-01
  1.892174158e-01  1.879634861e-01  1.866777103e-01  1.853602659e-01
  1.840112956e-01  1.826309785e-01  1.812194429e-01  1.797766523e-01
  1.783027124e-01  1.767977625e-01  1.752617037e-01  1.736945369e-01
  1.720963886e-01  1.704670609e-01  1.688066218e-01  1.671149573e-01
  1.653920414e-01  1.636377456e-01  1.618519964e-01  1.600346584e-01
  1.581856667e-01  1.563047359e-01  1.543918998e-01  1.524468505e-01
  1.504694380e-01  1.484595222e-01  1.464167885e-01  1.443410736e-01
  1.422321430e-01  1.400896865e-01  1.379134261e-01  1.357031356e-01
  1.334584669e-01  1.311790604e-01  1.288645736e-01  1.265146921e-01
  1.241290208e-01  1.217071349e-01  1.192485619e-01  1.167529023e-01
  1.142197328e-01  1.116485391e-01  1.090387653e-01  1.063898622e-01
  1.037013196e-01  1.009726098e-01  9.820309203e-02  9.539212392e-02
  9.253904059e-02  8.964314154e-02  8.670377878e-02  8.372030474e-02
  8.069207233e-02  7.761840288e-02  7.449858339e-02  7.133184182e-02
  6.811725229e-02  6.485407411e-02  6.154179251e-02  5.817998609e-02
  5.476757202e-02  5.130387382e-02  4.779062600e-02  4.422865069e-02
  4.059515748e-02  3.684664674e-02  3.296318617e-02  2.900319697e-02
  2.503502764e-02
@R ELONG 101 []
  1.320491742e+00  1.320481576e+00  1.320451078e+00  1.320425030e+00
  1.320397105e+00  1.320377805e+00  1.320350460e+00  1.320316239e+00
  1.320278633e+00  1.320238981e+00  1.320196721e+00  1.320152298e+00
  1.320104846e+00  1.320056257e+00  1.320007018e+00  1.319955963e+00
  1.319903946e+00  1.319852610e+00  1.319801887e+00  1.319751832e+00
  1.319703511e+00  1.319657429e+00  1.319614308e+00  1.319574648e+00
  1.319538821e+00  1.319507555e+00  1.319481958e+00  1.319462021e+00
  1.319448087e+00  1.319441177e+00  1.319442257e+00  1.319451534e+00
  1.319469363e+00  1.319496235e+00  1.319532535e+00  1.319578509e+00
  1.319634456e+00  1.319700589e+00  1.319777403e+00  1.319865236e+00
  1.319964189e+00  1.320074560e+00  1.320196887e+00  1.320331498e+00
  1.320478537e+00  1.320638405e+00  1.320811664e+00  1.320998649e+00
  1.321199645e+00  1.321415148e+00  1.321645685e+00  1.321891756e+00
  1.322153813e+00  1.322432415e+00  1.322728170e+00  1.323041759e+00
  1.323373827e+00  1.323724991e+00  1.324096072e+00  1.324487944e+00
  1.324901431e+00  1.325337381e+00  1.325796857e+00  1.326280987e+00
  1.326790882e+00  1.327327699e+00  1.327892848e+00  1.328487827e+00
  1.329114150e+00  1.329773464e+00  1.330467691e+00  1.331198878e+00
  1.331969171e+00  1.332780948e+00  1.333636930e+00  1.334540062e+00
  1.335493523e+00  1.336500828e+00  1.337565951e+00  1.338693293e+00
  1.339887750e+00  1.341154836e+00  1.342500819e+00  1.343932843e+00
  1.345459003e+00  1.347088596e+00  1.348832142e+00  1.350701420e+00
  1.352710407e+00  1.354874837e+00  1.357213787e+00  1.359751840e+00
  1.362520552e+00  1.365566253e+00  1.368942457e+00  1.372679736e+00
  1.376750388e+00  1.381100615e+00  1.385794289e+00  1.391170664e+00
  1.397726541e+00
@R TRIAG 101 []
  0.000000000e+00  2.959524082e-02  2.738694744e-02  2.518303328e-02
  2.296634889e-02  2.073786653e-02  1.850185367e-02  1.625455688e-02
  1.399482595e-02  1.172300236e-02  9.436935801e-03  7.135242087e-03
  4.817979284e-03  2.483602657e-03  1.306144855e-04 -2.240928312e-03
 -4.632241459e-03 -7.043982953e-03 -9.477269845e-03 -1.193267096e-02
 -1.441154617e-02 -1.691453164e-02 -1.944217879e-02 -2.199552400e-02
 -2.457517199e-02 -2.718196298e-02 -2.981705000e-02 -3.248123809e-02
 -3.517527842e-02 -3.789992252e-02 -4.065557172e-02 -4.344283426e-02
 -4.626272285e-02 -4.911611321e-02 -5.200347714e-02 -5.492547758e-02
 -5.788294146e-02 -6.087660028e-02 -6.390719001e-02 -6.697580722e-02
 -7.008333405e-02 -7.323061458e-02 -7.641884649e-02 -7.964911639e-02
 -8.292230503e-02 -8.624007374e-02 -8.960335696e-02 -9.301364447e-02
 -9.647225787e-02 -9.998089463e-02 -1.035410011e-01 -1.071543150e-01
 -1.108225202e-01 -1.145479777e-01 -1.183334756e-01 -1.221816830e-01
 -1.260947269e-01 -1.300748289e-01 -1.341245302e-01 -1.382461676e-01
 -1.424424141e-01 -1.467163159e-01 -1.510708139e-01 -1.555089339e-01
 -1.600341845e-01 -1.646504206e-01 -1.693614722e-01 -1.741714322e-01
 -1.790849683e-01 -1.841072641e-01 -1.892437641e-01 -1.945002984e-01
 -1.998835137e-01 -2.054009135e-01 -2.110604194e-01 -2.168707460e-01
 -2.228418966e-01 -2.289852022e-01 -2.353137544e-01 -2.418415028e-01
 -2.485824672e-01 -2.555514228e-01 -2.627625556e-01 -2.702320466e-01
 -2.779797174e-01 -2.860328057e-01 -2.944279734e-01 -3.032056231e-01
 -3.124102101e-01 -3.220744635e-01 -3.322374537e-01 -3.429789976e-01
 -3.544400908e-01 -3.668143745e-01 -3.801583499e-01 -3.944502342e-01
 -4.097840931e-01 -4.262595502e-01 -4.437179884e-01 -4.624088236e-01
 -4.838925664e-01
@R PMHD 101 []
  1.563815843e+06  1.563255456e+06  1.561576078e+06  1.558783063e+06
  1.554885299e+06  1.549895172e+06  1.543828496e+06  1.536704435e+06
  1.528545352e+06  1.519376760e+06  1.509227087e+06  1.498127392e+06
  1.486111365e+06  1.473215109e+06  1.459476311e+06  1.444935332e+06
  1.429630900e+06  1.413610418e+06  1.396914561e+06  1.379591432e+06
  1.361685081e+06  1.343239655e+06  1.324302435e+06  1.304918423e+06
  1.285131203e+06  1.264983682e+06  1.244517800e+06  1.223777983e+06
  1.202815624e+06  1.181669254e+06  1.160358010e+06  1.138900589e+06
  1.117315563e+06  1.095620863e+06  1.073834880e+06  1.051975737e+06
  1.030060828e+06  1.008107870e+06  9.861344294e+05  9.641563135e+05
  9.421907424e+05  9.202550996e+05  8.983639196e+05  8.765326962e+05
  8.547787636e+05  8.331161240e+05  8.115603995e+05  7.901242807e+05
  7.688243509e+05  7.476725030e+05  7.266836758e+05  7.058696226e+05
  6.852449051e+05  6.648197313e+05  6.446085535e+05  6.246213294e+05
  6.048699571e+05  5.853660112e+05  5.661189547e+05  5.471397329e+05
  5.284383989e+05  5.100237054e+05  4.919047031e+05  4.740908213e+05
  4.565899150e+05  4.394095022e+05  4.225571363e+05  4.060403888e+05
  3.898657190e+05  3.740392211e+05  3.585665370e+05  3.434534321e+05
  3.287051542e+05  3.143262600e+05  3.003208019e+05  2.866924947e+05
  2.734449866e+05  2.605816339e+05  2.481049323e+05  2.360170177e+05
  2.243197786e+05  2.130146908e+05  2.021030380e+05  1.915854444e+05
  1.814619872e+05  1.717320115e+05  1.623938304e+05  1.534442012e+05
  1.448757342e+05  1.366729148e+05  1.288023539e+05  1.211901460e+05
  1.136691047e+05  1.058615361e+05  9.694765411e+04  8.538012643e+04
  6.919766939e+04  4.840020465e+04  2.734138690e+04  1.190775538e+04
  6.435469398e+03
@R QMHD 101 []
  1.165427067e+00  1.165501851e+00  1.165726712e+00  1.166103125e+00
  1.166633388e+00  1.167320370e+00  1.168167179e+00  1.169176720e+00
  1.170351180e+00  1.171691398e+00  1.173196183e+00  1.174861763e+00
  1.176685917e+00  1.178670291e+00  1.180816767e+00  1.183125121e+00
  1.185595821e+00  1.188230622e+00  1.191031143e+00  1.193994801e+00
  1.197124166e+00  1.200422809e+00  1.203890162e+00  1.207526306e+00
  1.211333871e+00  1.215316003e+00  1.219474062e+00  1.223809582e+00
  1.228324817e+00  1.233021688e+00  1.237904203e+00  1.242974883e+00
  1.248236875e+00  1.253694279e+00  1.259352205e+00  1.265212743e+00
  1.271280200e+00  1.277560496e+00  1.284058350e+00  1.290778012e+00
  1.297724915e+00  1.304904969e+00  1.312324773e+00  1.319990005e+00
  1.327906650e+00  1.336082285e+00  1.344523992e+00  1.353239955e+00
  1.362237210e+00  1.371524299e+00  1.381111211e+00  1.391006972e+00
  1.401219989e+00  1.411761803e+00  1.422643700e+00  1.433877167e+00
  1.445473301e+00  1.457445059e+00  1.469807407e+00  1.482573950e+00
  1.495759034e+00  1.509379343e+00  1.523452588e+00  1.537995723e+00
  1.553028416e+00  1.568570854e+00  1.584645328e+00  1.601274283e+00
  1.618482447e+00  1.636296399e+00  1.654744637e+00  1.673857557e+00
  1.693667099e+00  1.714207925e+00  1.735518442e+00  1.757640037e+00
  1.780616922e+00  1.804496069e+00  1.829330102e+00  1.855177329e+00
  1.882100851e+00  1.910170610e+00  1.939463341e+00  1.970065541e+00
  2.002072208e+00  2.035590556e+00  2.070738363e+00  2.107653223e+00
  2.146495268e+00  2.187445619e+00  2.230759268e+00  2.276748613e+00
  2.325758791e+00  2.378137632e+00  2.434166121e+00  2.493918148e+00
  2.557723988e+00  2.625988482e+00  2.700396469e+00  2.785478555e+00
  2.890973349e+00
@R ER 101 []
  0.000000000e+00  0.000000000e+00  0.000000000e+00  0.000000000e+00
  0.000000000e+00  0.000000000e+00  0.000000000e+00  0.000000000e+00
  0.000000000e+00  0.000000000e+00  0.000000000e+00  0.000000000e+00
  0.000000000e+00  0.000000000e+00  0.000000000e+00  0.000000000e+00
  0.000000000e+00  0.000000000e+00  0.000000000e+00  0.000000000e+00
  0.000000000e+00  0.000000000e+00  0.000000000e+00  0.000000000e+00
  0.000000000e+00  0.000000000e+00  0.000000000e+00  0.000000000e+00
  0.000000000e+00  0.000000000e+00  0.000000000e+00  0.000000000e+00
  0.000000000e+00  0.000000000e+00  0.000000000e+00  0.000000000e+00
  0.000000000e+00  0.000000000e+00  0.000000000e+00  0.000000000e+00
  0.000000000e+00  0.000000000e+00  0.000000000e+00  0.000000000e+00
  0.000000000e+00  0.000000000e+00  0.000000000e+00  0.000000000e+00
  0.000000000e+00  0.000000000e+00  0.000000000e+00  0.000000000e+00
  0.000000000e+00  0.000000000e+00  0.000000000e+00  0.000000000e+00
  0.000000000e+00  0.000000000e+00  0.000000000e+00  0.000000000e+00
  0.000000000e+00  0.000000000e+00  0.000000000e+00  0.000000000e+00
  0.000000000e+00  0.000000000e+00  0.000000000e+00  0.000000000e+00
  0.000000000e+00  0.000000000e+00  0.000000000e+00  0.000000000e+00
  0.000000000e+00  0.000000000e+00  0.000000000e+00  0.000000000e+00
  0.000000000e+00  0.000000000e+00  0.000000000e+00  0.000000000e+00
  0.000000000e+00  0.000000000e+00  0.000000000e+00  0.000000000e+00
  0.000000000e+00  0.000000000e+00  0.000000000e+00  0.000000000e+00
  0.000000000e+00  0.000000000e+00  0.000000000e+00  0.000000000e+00
  0.000000000e+00  0.000000000e+00  0.000000000e+00  0.000000000e+00
  0.000000000e+00  0.000000000e+00  0.000000000e+00  0.000000000e+00
  0.000000000e+00
@R NC1 101 []
  9.985000514e-01  9.362599982e-01  9.123697369e-01  8.949097670e-01
  8.807372600e-01  8.686414319e-01  8.580049484e-01  8.484632240e-01
  8.397791675e-01  8.317891882e-01  8.243751769e-01  8.174471306e-01
  8.109363395e-01  8.047886312e-01  7.989596773e-01  7.934132498e-01
  7.881182707e-01  7.830508728e-01  7.781879638e-01  7.735120918e-01
  7.690066806e-01  7.646570750e-01  7.604514371e-01  7.563788340e-01
  7.524292553e-01  7.485940193e-01  7.448653617e-01  7.412360430e-01
  7.376994930e-01  7.342499952e-01  7.308826283e-01  7.275931552e-01
  7.243775589e-01  7.212319442e-01  7.181527404e-01  7.151367099e-01
  7.121808705e-01  7.092823303e-01  7.064384660e-01  7.036467406e-01
  7.009047969e-01  6.982104758e-01  6.955616948e-01  6.929564638e-01
  6.903931622e-01  6.878697958e-01  6.853849358e-01  6.829368724e-01
  6.805238083e-01  6.781445953e-01  6.757980005e-01  6.734826791e-01
  6.711976189e-01  6.689413912e-01  6.667130316e-01  6.645112779e-01
  6.623351622e-01  6.601837923e-01  6.580559938e-01  6.559509525e-01
  6.538677724e-01  6.518054297e-01  6.497630586e-01  6.477398770e-01
  6.457349844e-01  6.437474862e-01  6.417765477e-01  6.398214012e-01
  6.378811564e-01  6.359549716e-01  6.340419812e-01  6.321413296e-01
  6.302521499e-01  6.283735291e-01  6.265044423e-01  6.246437388e-01
  6.227905180e-01  6.209437768e-01  6.191017063e-01  6.172633639e-01
  6.154274816e-01  6.135923355e-01  6.117565333e-01  6.099180733e-01
  6.080748665e-01  6.062249154e-01  6.043664299e-01  6.024968818e-01
  6.006122406e-01  5.987072168e-01  5.967759967e-01  5.948133322e-01
  5.928114164e-01  5.907634227e-01  5.886806450e-01  5.866489171e-01
  5.847960594e-01  5.831197062e-01  5.812816971e-01  5.787975275e-01
  5.755064726e-01
@R HFAC1 101 []
  1.000000000e+00  9.974280562e-01  9.948579240e-01  9.922896035e-01
  9.897232403e-01  9.871588357e-01  9.845963352e-01  9.820358080e-01
  9.794771802e-01  9.769203551e-01  9.743653644e-01  9.718120911e-01
  9.692603638e-01  9.667101702e-01  9.641612901e-01  9.616135820e-01
  9.590664633e-01  9.565205334e-01  9.539749742e-01  9.514301831e-01
  9.488857475e-01  9.463411934e-01  9.437966333e-01  9.412518910e-01
  9.387066225e-01  9.361606471e-01  9.336137938e-01  9.310657423e-01
  9.285162115e-01  9.259650723e-01  9.234122837e-01  9.208579252e-01
  9.183020582e-01  9.157446178e-01  9.131855382e-01  9.106248081e-01
  9.080624053e-01  9.054982627e-01  9.029323534e-01  9.003645060e-01
  8.977946434e-01  8.952227937e-01  8.926487536e-01  8.900723750e-01
  8.874937180e-01  8.849124336e-01  8.823286094e-01  8.797419419e-01
  8.771523780e-01  8.745597416e-01  8.719638655e-01  8.693645057e-01
  8.667616740e-01  8.641549378e-01  8.615442876e-01  8.589293479e-01
  8.563100131e-01  8.536860696e-01  8.510570724e-01  8.484229115e-01
  8.457833274e-01  8.431378761e-01  8.404862514e-01  8.378282281e-01
  8.351633605e-01  8.324911808e-01  8.298112898e-01  8.271233098e-01
  8.244266696e-01  8.217208164e-01  8.190051521e-01  8.162790688e-01
  8.135418778e-01  8.107928102e-01  8.080310046e-01  8.052554585e-01
  8.024651633e-01  7.996591113e-01  7.968360686e-01  7.939945955e-01
  7.911330282e-01  7.882494939e-01  7.853418573e-01  7.824075645e-01
  7.794439493e-01  7.764484308e-01  7.734185084e-01  7.703507884e-01
  7.672399706e-01  7.640787229e-01  7.608578103e-01  7.575671976e-01
  7.541960101e-01  7.507391610e-01  7.472177791e-01  7.437227635e-01
  7.403821080e-01  7.371935734e-01  7.338090260e-01  7.296320093e-01
  7.243945322e-01
@R HFAC2 101 []
  1.000000000e+00  9.948660200e-01  9.897553919e-01  9.846679864e-01
  9.796039628e-01  9.745631922e-01  9.695454395e-01  9.645507118e-01
  9.595787349e-01  9.546291934e-01  9.497020244e-01  9.447968765e-01
  9.399132963e-01  9.350511395e-01  9.302098676e-01  9.253890954e-01
  9.205876107e-01  9.158064325e-01  9.110439146e-01  9.063006981e-01
  9.015759066e-01  8.968685592e-01  8.921787719e-01  8.875061274e-01
  8.828499031e-01  8.782096844e-01  8.735850786e-01  8.689754241e-01
  8.643801346e-01  8.597989080e-01  8.552316141e-01  8.506783490e-01
  8.461391706e-01  8.416139055e-01  8.371023830e-01  8.326045323e-01
  8.281202634e-01  8.236494038e-01  8.191918541e-01  8.147472727e-01
  8.103154786e-01  8.058964707e-01  8.014898541e-01  7.970953334e-01
  7.927129716e-01  7.883421344e-01  7.839829301e-01  7.796348117e-01
  7.752976586e-01  7.709711413e-01  7.666549470e-01  7.623486434e-01
  7.580522299e-01  7.537649636e-01  7.494868028e-01  7.452171145e-01
  7.409557140e-01  7.367022374e-01  7.324559438e-01  7.282166469e-01
  7.239839247e-01  7.197570563e-01  7.155355469e-01  7.113190354e-01
  7.071068184e-01  7.028981606e-01  6.986924338e-01  6.944890527e-01
  6.902871356e-01  6.860858338e-01  6.818842301e-01  6.776813961e-01
  6.734762903e-01  6.692677506e-01  6.650544746e-01  6.608349508e-01
  6.566076674e-01  6.523711215e-01  6.481234664e-01  6.438625482e-01
  6.395858859e-01  6.352906897e-01  6.309737752e-01  6.266313328e-01
  6.222593871e-01  6.178541067e-01  6.134118329e-01  6.089275131e-01
  6.043932368e-01  5.997981531e-01  5.951285620e-01  5.903696281e-01
  5.855048919e-01  5.805263716e-01  5.754678233e-01  5.704735476e-01
  5.657467067e-01  5.612858622e-01  5.565427603e-01  5.505852051e-01
  5.430095707e-01
