&IN1
  ICONVR = 3 
  MXITER = -1 
  NXITER = 51 
  ERROR = 0.0001 
  RELAX = 0.5 
  IOUT = 4 
  ICURRT = 2 
  KPPFNC = 6 
  KPPCUR = 3 
  KFFFNC = 6 
  KFFCUR = 3 
  ISHOT = 1 
  ITIME = 1 
  ITIMEU = 0 
  ITEK = 0 
  ITRACE = 1 
  PLASMA = 10000000.0 
  BTOR = 11.0 
  RCENTR = 4.55 
  RZERO = 4.55 
  LIMITR = 5 
  XLIM = 6.0 3.5 3.5 6.0 6.0 
  YLIM = 1.93 1.93 -1.93 -1.93 1.93 
  NBDRY = 15 
  RBDRY = 5.75 5.717889612279765 5.599231274196216 5.333894952548324  
    4.862048988436734 4.215741544340384 3.606248672667517  
    3.3499999999999996 3.606248672667517 4.215741544340384  
    4.862048988436735 5.333894952548324 5.599231274196216  
    5.717889612279765 5.75 
  ZBDRY = 0.0 0.7289246817174976 1.3134768905462901 1.6378788924654637  
    1.6378788924654637 1.3134768905462901 0.7289246817174978  
    2.0574066225675533e-16 -0.7289246817174975 -1.31347689054629  
    -1.6378788924654637 -1.6378788924654637 -1.3134768905462901  
    -0.728924681717498 0.0 
  IERCHK = 0 
  NEXTRA = 0 
  SCRAPE = 0.01 
  PSIBRY = 0.0 
  CFCOIL = -10.0 
  ENP = 1.0 
  EMP = 1.0 
  FCURBD = 0 
  PCURBD = 0 
  FCZERO = 1.0 1.0 1.0 1.0 1.0 1.0 1.0 1.0 1.0 1.0 1.0 1.0 1.0 1.0 1.0  
    1.0 
  FCSUM = 1.0 1.0 1.0 1.0 1.0 1.0 1.0 1.0 1.0 1.0 1.0 1.0 1.0 1.0 1.0  
    1.0 
  IFREF = 2 
  PRBDRY = 5767.90481882115 
  KBETAPR = 1 
  FWTBDRY = 1.0 1.0 1.0 1.0 1.0 1.0 1.0 1.0 1.0 1.0 1.0 1.0 1.0 1.0 1.0 
  FWTBDRY(2) = 10.0 
  FWTBDRY(3) = 10.0 
  FWTBDRY(4) = 10.0 
  FWTBDRY(5) = 10.0 
  FWTBDRY(9) = 10.0 
  FWTBDRY(10) = 10.0 
  FWTBDRY(11) = 10.0 
  FWTBDRY(12) = 10.0 
/

&PROFILE_EXT
  NPSI_EXT = 257 
  PSIN_EXT = 0.0 0.00390625 0.0078125 0.01171875 0.015625 0.01953125  
    0.0234375 0.02734375 0.03125 0.03515625 0.0390625 0.04296875  
    0.046875 0.05078125 0.0546875 0.05859375 0.0625 0.06640625  
    0.0703125 0.07421875 0.078125 0.08203125 0.0859375 0.08984375  
    0.09375 0.09765625 0.1015625 0.10546875 0.109375 0.11328125  
    0.1171875 0.12109375 0.125 0.12890625 0.1328125 0.13671875 0.140625  
    0.14453125 0.1484375 0.15234375 0.15625 0.16015625 0.1640625  
    0.16796875 0.171875 0.17578125 0.1796875 0.18359375 0.1875  
    0.19140625 0.1953125 0.19921875 0.203125 0.20703125 0.2109375  
    0.21484375 0.21875 0.22265625 0.2265625 0.23046875 0.234375  
    0.23828125 0.2421875 0.24609375 0.25 0.25390625 0.2578125  
    0.26171875 0.265625 0.26953125 0.2734375 0.27734375 0.28125  
    0.28515625 0.2890625 0.29296875 0.296875 0.30078125 0.3046875  
    0.30859375 0.3125 0.31640625 0.3203125 0.32421875 0.328125  
    0.33203125 0.3359375 0.33984375 0.34375 0.34765625 0.3515625  
    0.35546875 0.359375 0.36328125 0.3671875 0.37109375 0.375  
    0.37890625 0.3828125 0.38671875 0.390625 0.39453125 0.3984375  
    0.40234375 0.40625 0.41015625 0.4140625 0.41796875 0.421875  
    0.42578125 0.4296875 0.43359375 0.4375 0.44140625 0.4453125  
    0.44921875 0.453125 0.45703125 0.4609375 0.46484375 0.46875  
    0.47265625 0.4765625 0.48046875 0.484375 0.48828125 0.4921875  
    0.49609375 0.5 0.50390625 0.5078125 0.51171875 0.515625 0.51953125  
    0.5234375 0.52734375 0.53125 0.53515625 0.5390625 0.54296875  
    0.546875 0.55078125 0.5546875 0.55859375 0.5625 0.56640625  
    0.5703125 0.57421875 0.578125 0.58203125 0.5859375 0.58984375  
    0.59375 0.59765625 0.6015625 0.60546875 0.609375 0.61328125  
    0.6171875 0.62109375 0.625 0.62890625 0.6328125 0.63671875 0.640625  
    0.64453125 0.6484375 0.65234375 0.65625 0.66015625 0.6640625  
    0.66796875 0.671875 0.67578125 0.6796875 0.68359375 0.6875  
    0.69140625 0.6953125 0.69921875 0.703125 0.70703125 0.7109375  
    0.71484375 0.71875 0.72265625 0.7265625 0.73046875 0.734375  
    0.73828125 0.7421875 0.74609375 0.75 0.75390625 0.7578125  
    0.76171875 0.765625 0.76953125 0.7734375 0.77734375 0.78125  
    0.78515625 0.7890625 0.79296875 0.796875 0.80078125 0.8046875  
    0.80859375 0.8125 0.81640625 0.8203125 0.82421875 0.828125  
    0.83203125 0.8359375 0.83984375 0.84375 0.84765625 0.8515625  
    0.85546875 0.859375 0.86328125 0.8671875 0.87109375 0.875  
    0.87890625 0.8828125 0.88671875 0.890625 0.89453125 0.8984375  
    0.90234375 0.90625 0.91015625 0.9140625 0.91796875 0.921875  
    0.92578125 0.9296875 0.93359375 0.9375 0.94140625 0.9453125  
    0.94921875 0.953125 0.95703125 0.9609375 0.96484375 0.96875  
    0.97265625 0.9765625 0.98046875 0.984375 0.98828125 0.9921875  
    0.99609375 1.0 
  PPRIME_EXT = 601701.7622389807 593852.5969006154 586106.1041559009  
    578462.2840048373 570921.1364474245 563482.6614836627  
    556146.8591135517 548913.7293370913 541783.2721542821  
    534755.4875651236 527830.375569616 521007.9361677591  
    514288.16935955326 507671.07514499815 501156.653524094  
    494744.90449684067 488435.8280632382 482229.42422328657  
    476125.69297698577 470124.63432433584 464226.24826533673  
    458430.5347999885 452737.49392829114 447147.12565024465  
    441659.429965849 436274.4068751042 430817.62657477835  
    425298.21942554065 419986.5767198866 414861.61370194325  
    409929.52216720633 405165.17727753206 400540.83074403205  
    396058.38891039 391725.9592157528 387519.22871512803  
    383411.7120179945 379421.7453975553 375548.97708447033  
    371754.1950104912 368064.5776874848 364468.20500944136  
    360932.3174977691 357500.3930161513 354123.80441738793  
    350825.59811590216 347599.90753949503 344424.5946799551  
    341330.19685771276 338274.99533657194 335293.22355485195  
    332352.0741658284 329471.44550124113 326635.0612087692  
    323848.0104534518 321108.21075288934 318406.92436010845  
    315757.9293172114 313134.4369690799 310570.53468285734  
    308020.4523731909 305530.3944983762 303056.4894941458  
    300626.9208612145 298232.2634911209 295853.82550142414  
    293534.6289071259 291209.27711713966 288948.66365957307  
    286692.1810149018 284464.9746424193 282290.0795280611  
    280095.2128873067 277966.1514663587 275845.8861972542  
    273730.9682521655 271681.25565426954 269613.1656433861  
    267581.21132905665 265595.5145881104 263582.2862074873  
    261618.7168024532 259686.24665563356 257732.04851773358  
    255832.66885182014 253955.44810568815 252054.91032079275  
    250205.01394387893 248379.19382317783 246531.7213467202  
    244729.39362524997 242957.64685836426 241159.90947853267  
    239391.26919063018 237666.36814992997 235924.32324903004  
    234191.25559340138 232505.2693738403 230816.4044254669  
    229116.99445030873 227459.98438173556 225826.1031744007  
    224170.82876782984 222530.2368136915 220932.82972782676  
    219335.6157804191 217723.78717348387 216141.09904816706  
    214588.97936562225 213026.68844057852 211461.84627113753  
    209929.62766863266 208415.85366469767 206889.9952265684  
    205369.811096811 203880.63402927935 202403.06831063036  
    200914.58809246312 199434.19022158225 197982.13963630836  
    196540.407102336 195089.3169753963 193643.91843930806  
    192224.28196693675 190817.8235316468 189403.75836562488  
    187989.9740913183 186598.641573146 185225.60268410709  
    183847.99995295098 182464.5442465319 181098.1759961166  
    179755.04519968183 178412.64315282163 177060.27555665246  
    175717.25164043394 174399.12788885823 173089.00628938654  
    171769.54766017036 170451.20041283697 169153.04539475846  
    167869.68319379695 166584.14259286254 165295.37125843682  
    164014.13220289658 162749.93640755938 161496.26858862385  
    160240.37248746463 158980.38263009337 157731.37875122874  
    156502.1708716938 155277.55983130916 154046.04499529995  
    152816.49156974553 151603.58694701327 150403.55575315765  
    149204.22693267744 148003.56981600635 146805.72558543686  
    145621.576989682 144452.0818524458 143284.13970823353  
    142111.7121827373 140945.28602425312 139796.9491013242  
    138658.93531117332 137520.97375720946 136384.57698790048  
    135254.95908714103 134140.30839780928 133039.69404610695  
    131942.7717748023 130845.15714194262 129757.40985052507  
    128690.89836743315 127636.9952648915 126587.1277277499  
    125545.0585174264 124516.43275594922 123507.26423544885  
    122517.73576846265 121541.35893697577 120573.88281673573  
    119624.60890514325 118707.0059871134 117815.74626398552  
    116941.19606585035 116088.51709028597 115268.52815678461  
    114488.09431109752 113744.6789476151 113037.50976433512  
    112370.29517801238 111750.4389349173 111190.20710052701  
    110693.9759347555 110260.00080187323 109888.53920959236  
    109597.64962762082 109408.27776427437 109319.1241356885  
    109325.1865764593 109447.21859773085 109713.72598233959  
    110128.76296820775 110697.24765504576 111444.84540865142  
    112391.54405559687 113544.82099933732 114937.69611173487  
    116601.79308678456 118536.8379591444 120758.64654906502  
    123326.08063783299 126271.2785999362 129579.482387786  
    133276.5409867505 137418.81528584368 142029.06624065252  
    147099.34307084733 152628.40175030218 158632.899221407  
    165142.63976836606 172115.42226387165 179457.88248884678  
    187161.63190205424 195236.15096026214 203484.2095767391  
    211716.95150198083 219970.84252481 228047.3611401997  
    235572.93703414447 242443.58163887513 248594.0028102017  
    253615.86815023483 257223.39136707922 259423.8953115901  
    259997.99745163473 258714.53002744698 255517.32149629897  
    250429.95163480763 243633.8335790215 235241.12377676828  
    225226.2740468165 213823.38015439778 201303.95485013613  
    187560.63557670524 173399.2324907848 160050.28482792884  
    147989.9052610131 136340.02147732826 122508.56809365492  
    105230.62119811265 84643.12230710401 60590.45901796179  
    32953.604304527995 1732.5581661909819 
  FFPRIM_EXT = 5.44794583666731 5.61527305675645 5.772726587048142  
    5.926762257730635 6.077632918394231 6.2253686510039135  
    6.3699757191448665 6.511463059711204 6.64983196158467  
    6.785096162298066 6.917252220420899 7.0463038524235495  
    7.172255427678461 7.295110267430402 7.414874131090258  
    7.531550876767895 7.645144962887701 7.755660413746841  
    7.863100204953856 7.967469406337177 8.068772395961396  
    8.167011080581005 8.262191731294976 8.354315194466517  
    8.443387631973128 8.529403615847334 8.617260084257996  
    8.706706251859178 8.790157695334967 8.868222530968648  
    8.940741535541392 9.008419283439114 9.072035491611484  
    9.131541602370767 9.18671214915561 9.238228623154873  
    9.286836603750437 9.332026714854923 9.373808232624128  
    9.413280436260383 9.449686030022583 9.483355817034344  
    9.515211162631093 9.544038035266796 9.571193887509956  
    9.596040816521363 9.618735191457976 9.639903382483858  
    9.658690512656268 9.676261987050914 9.691663431504534  
    9.705808206736002 9.718148600583092 9.729130907270946  
    9.738619701857637 9.746667192499341 9.753525855662824  
    9.758804108641655 9.76325179549184 9.765918773846401  
    9.768080207588707 9.768453653978177 9.768250665147917  
    9.766699040459129 9.764049366784457 9.760832593048175  
    9.755844010275787 9.750902804499123 9.744041330095108  
    9.736934560254333 9.728897940496832 9.719281280746436  
    9.710097172010563 9.69896900077355 9.687465546904566  
    9.67569220454635 9.661980554641273 9.648645807462119  
    9.63419052411275 9.618322801072697 9.603089946215148  
    9.586360626201973 9.568634278286776 9.551378347486104  
    9.532479208062014 9.512829887266768 9.493696744561337  
    9.473039251299191 9.451578250221726 9.43057975383838  
    9.408200898140437 9.384838483924451 9.362062066132806  
    9.338354530737268 9.313295106996671 9.288564362545607  
    9.263455102034087 9.23691140599607 9.210302017837837  
    9.1838445272863 9.156079571014025 9.127529896657792  
    9.099425593224858 9.070779993365946 9.040799467034534  
    9.010661522990707 8.980781988874291 8.949959701879987  
    8.918143898500421 8.886453086007894 8.854686803291493  
    8.8218773279063 8.788404128205277 8.755106676814616  
    8.721504741077325 8.686899582805983 8.651814835503075  
    8.616869422175826 8.581547407778622 8.545290418025473  
    8.508586724317661 8.471976837822478 8.435053450785162  
    8.397262343903229 8.358939737868841 8.320656437371948  
    8.282203418208976 8.242971986334474 8.20306588997683  
    8.163108625005885 8.123141227572702 8.082539079060702  
    8.041126443229174 7.999512020114446 7.957991412114959  
    7.916042991649516 7.873238148967017 7.830026838484407  
    7.786882161834675 7.743526642968407 7.699442226001431  
    7.654764794883318 7.609951842968509 7.565036125088896  
    7.519728023926723 7.473764542918552 7.427315638261719  
    7.380727165809001 7.334053474327924 7.28688717457244  
    7.238982299722991 7.190742590627247 7.142481459685265  
    7.093964098167483 7.044792644257766 6.995059715965038  
    6.945090668660692 6.894942153384278 6.8445039023187615  
    6.7934811529919195 6.741841551735349 6.689932538297077  
    6.63791880400921 6.585522029492125 6.532414888576885  
    6.478795544211254 6.424937896454128 6.370803704746253  
    6.316253917521409 6.261065666843449 6.2052576895367615  
    6.14910421836688 6.092724844768965 6.035838253039357  
    5.978134498763996 5.919835645203608 5.8611712778027965  
    5.802043730433372 5.742303092253268 5.681782743436658  
    5.620469476402539 5.558535836521038 5.496099318589755  
    5.432913396300083 5.368611530407149 5.303327199301307  
    5.237318340314815 5.170450107447455 5.102434411101326  
    5.03308507029854 4.962464419136808 4.890590374542369  
    4.817367055013275 4.742601334505287 4.665963004718035  
    4.587328245513675 4.506746347263519 4.424216865705791  
    4.339261043828297 4.2513179578714855 4.160420946949491  
    4.06670809523704 3.9696348170240707 3.8684493356420067  
    3.7630434953411136 3.6532867697640974 3.538506864230455  
    3.4181863020191807 3.29213480735742 3.159475110667172  
    3.019375700981628 2.871862253107253 2.716532556430059  
    2.551833805180976 2.376918459637859 2.1921927123376515  
    1.9969911273625915 1.7898381011296336 1.5701402050043431  
    1.3381130071197807 1.0938038973478388 0.8367869587034653  
    0.566276611833082 0.2833866808620594 -0.009413060550721499  
    -0.3119082911205331 -0.6243712342250016 -0.9416112645126256  
    -1.2586695836315092 -1.5765546996512105 -1.8900705662902584  
    -2.1894155886815883 -2.4719102758172893 -2.735874921445986  
    -2.9705643564165984 -3.168484850461839 -3.3298483689282126  
    -3.44882162726529 -3.5191977224382427 -3.5393254456915866  
    -3.5095920316435643 -3.4344728778490397 -3.316591507689085  
    -3.154926545857171 -2.9551239866448955 -2.7235803000130434  
    -2.4565952998738094 -2.1742193472895 -1.9081147705924884  
    -1.6707873500910697 -1.4393433767363546 -1.146033117512319  
    -0.756335873512786 -0.2734238706928336 0.3091688129342336  
    1.0021548596893648 1.8055342695681702 
/

