&IN1
  ICONVR = 3 
  MXITER = -1 
  NXITER = 51 
  ERROR = 0.0001 
  RELAX = 0.5 
  IOUT = 4 
  ICURRT = 2 
  KPPFNC = 6 
  KPPCUR = 3 
  KFFFNC = 6 
  KFFCUR = 3 
  ISHOT = 1 
  ITIME = 1 
  ITIMEU = 0 
  ITEK = 0 
  ITRACE = 1 
  PLASMA = 679320.6793206794 
  BTOR = 2.0 
  RCENTR = 1.7 
  RZERO = 1.7 
  LIMITR = 5 
  XLIM = 2.241758241758242 1.3076923076923077 1.3076923076923077  
    2.241758241758242 2.241758241758242 
  YLIM = 0.7210989010989012 0.7210989010989012 -0.7210989010989012  
    -0.7210989010989012 0.7210989010989012 
  NBDRY = 15 
  RBDRY = 2.1483516483516487 2.136354360632 2.0920204760733117  
    1.9928838284246486 1.8165897319433952 1.5751122253579457  
    1.3473896139636878 1.2516483516483516 1.3473896139636878  
    1.5751122253579457 1.8165897319433955 1.9928838284246486  
    2.0920204760733117 2.136354360632 2.1483516483516487 
  ZBDRY = 0.0 0.27234548547686727 0.4907496074568557 0.6119547510310525  
    0.6119547510310525 0.4907496074568557 0.2723454854768673  
    7.687013754648002e-17 -0.2723454854768672 -0.4907496074568556  
    -0.6119547510310525 -0.6119547510310525 -0.4907496074568557  
    -0.27234548547686743 0.0 
  IERCHK = 0 
  NEXTRA = 0 
  SCRAPE = 0.01 
  PSIBRY = 0.0 
  CFCOIL = -10.0 
  ENP = 1.0 
  EMP = 1.0 
  FCURBD = 0 
  PCURBD = 0 
  FCZERO = 1.0 1.0 1.0 1.0 1.0 1.0 1.0 1.0 1.0 1.0 1.0 1.0 1.0 1.0 1.0  
    1.0 
  FCSUM = 1.0 1.0 1.0 1.0 1.0 1.0 1.0 1.0 1.0 1.0 1.0 1.0 1.0 1.0 1.0  
    1.0 
  IFREF = 2 
  PRBDRY = 190.67453946516198 
  KBETAPR = 1 
  FWTBDRY = 1.0 10.0 10.0 10.0 10.0 1.0 1.0 1.0 10.0 10.0 10.0 10.0 1.0  
    1.0 1.0 
/

&PROFILE_EXT
  NPSI_EXT = 257 
  PSIN_EXT = 0.0 0.00390625 0.0078125 0.01171875 0.015625 0.01953125  
    0.0234375 0.02734375 0.03125 0.03515625 0.0390625 0.04296875  
    0.046875 0.05078125 0.0546875 0.05859375 0.0625 0.06640625  
    0.0703125 0.07421875 0.078125 0.08203125 0.0859375 0.08984375  
    0.09375 0.09765625 0.1015625 0.10546875 0.109375 0.11328125  
    0.1171875 0.12109375 0.125 0.12890625 0.1328125 0.13671875 0.140625  
    0.14453125 0.1484375 0.15234375 0.15625 0.16015625 0.1640625  
    0.16796875 0.171875 0.17578125 0.1796875 0.18359375 0.1875  
    0.19140625 0.1953125 0.19921875 0.203125 0.20703125 0.2109375  
    0.21484375 0.21875 0.22265625 0.2265625 0.23046875 0.234375  
    0.23828125 0.2421875 0.24609375 0.25 0.25390625 0.2578125  
    0.26171875 0.265625 0.26953125 0.2734375 0.27734375 0.28125  
    0.28515625 0.2890625 0.29296875 0.296875 0.30078125 0.3046875  
    0.30859375 0.3125 0.31640625 0.3203125 0.32421875 0.328125  
    0.33203125 0.3359375 0.33984375 0.34375 0.34765625 0.3515625  
    0.35546875 0.359375 0.36328125 0.3671875 0.37109375 0.375  
    0.37890625 0.3828125 0.38671875 0.390625 0.39453125 0.3984375  
    0.40234375 0.40625 0.41015625 0.4140625 0.41796875 0.421875  
    0.42578125 0.4296875 0.43359375 0.4375 0.44140625 0.4453125  
    0.44921875 0.453125 0.45703125 0.4609375 0.46484375 0.46875  
    0.47265625 0.4765625 0.48046875 0.484375 0.48828125 0.4921875  
    0.49609375 0.5 0.50390625 0.5078125 0.51171875 0.515625 0.51953125  
    0.5234375 0.52734375 0.53125 0.53515625 0.5390625 0.54296875  
    0.546875 0.55078125 0.5546875 0.55859375 0.5625 0.56640625  
    0.5703125 0.57421875 0.578125 0.58203125 0.5859375 0.58984375  
    0.59375 0.59765625 0.6015625 0.60546875 0.609375 0.61328125  
    0.6171875 0.62109375 0.625 0.62890625 0.6328125 0.63671875 0.640625  
    0.64453125 0.6484375 0.65234375 0.65625 0.66015625 0.6640625  
    0.66796875 0.671875 0.67578125 0.6796875 0.68359375 0.6875  
    0.69140625 0.6953125 0.69921875 0.703125 0.70703125 0.7109375  
    0.71484375 0.71875 0.72265625 0.7265625 0.73046875 0.734375  
    0.73828125 0.7421875 0.74609375 0.75 0.75390625 0.7578125  
    0.76171875 0.765625 0.76953125 0.7734375 0.77734375 0.78125  
    0.78515625 0.7890625 0.79296875 0.796875 0.80078125 0.8046875  
    0.80859375 0.8125 0.81640625 0.8203125 0.82421875 0.828125  
    0.83203125 0.8359375 0.83984375 0.84375 0.84765625 0.8515625  
    0.85546875 0.859375 0.86328125 0.8671875 0.87109375 0.875  
    0.87890625 0.8828125 0.88671875 0.890625 0.89453125 0.8984375  
    0.90234375 0.90625 0.91015625 0.9140625 0.91796875 0.921875  
    0.92578125 0.9296875 0.93359375 0.9375 0.94140625 0.9453125  
    0.94921875 0.953125 0.95703125 0.9609375 0.96484375 0.96875  
    0.97265625 0.9765625 0.98046875 0.984375 0.98828125 0.9921875  
    0.99609375 1.0 
  PPRIME_EXT = 783688.6274144383 773465.4537486624 763376.0063722892  
    753420.2852853187 743598.2904877511 733910.0219795863  
    724355.4797608242 714934.6638314647 705647.5741915082  
    696494.2108409543 687474.5737798034 678588.6630080548  
    669836.4785257094 661218.0203327665 652733.2884292265  
    644382.2828150891 636165.0034903546 628081.4504550229  
    620131.6237090938 612315.5232525675 604633.1490854439  
    597084.5012077232 589669.5796194052 582388.38432049  
    575240.9153109775 568227.1725908677 561119.9694346868  
    553931.1977135737 547013.0295403241 540338.002998709  
    533914.1826150732 527708.8444534827 521685.847655132  
    515847.67514421814 510204.8864840592 504725.81519188033  
    499375.96527540294 494179.21887970355 489135.117841538  
    484192.5902613836 479387.03488991206 474702.9263421175  
    470097.59691711626 465627.67451505957 461229.8245329331  
    456934.0638562104 452732.75154680054 448597.053876173  
    444566.74428731034 440587.48606199306 436703.86666526087  
    432873.1560502084 429121.27087067906 425427.0119329691  
    421797.00763841363 418228.5456503108 414710.2454586438  
    411260.0523239741 407843.07526595634 404503.711498701  
    401182.34760968754 397939.1627620404 394717.0162788645  
    391552.61586217635 388433.685745513 385335.88061926595  
    382315.2346618291 379286.5718475988 376342.2277076005  
    373403.263759736 370502.4307980299 367669.7308228804  
    364811.0188612435 362038.0151451582 359276.4680087231  
    356521.8855137122 353852.22995800653 351158.6386745643  
    348512.112459251 345925.8345869993 343303.6980314882  
    340746.2399875927 338229.2872845708 335684.0348813073  
    333210.1809943256 330765.1880722245 328289.8257890036  
    325880.4215900065 323502.3755976306 321096.12841651303  
    318748.6801841294 316441.0622261897 314099.5927008067  
    311796.0207876075 309549.4172144652 307280.48455885774  
    305023.2443486877 302827.3255245 300627.65728960227  
    298414.254646588 296256.07591461967 294128.0214512758  
    291972.1033385339 289835.3084388454 287754.7598263814  
    285674.46276779653 283575.1307932714 281513.75294398726  
    279492.1890730918 277457.37763076916 275419.2433109924  
    273423.59967347386 271451.9792697957 269464.61945127597  
    267484.6501561327 265545.0661208654 263620.6053287716  
    261681.92890746886 259753.7793684999 257862.55085376994  
    255984.76112212084 254094.78355980758 252212.21903049856  
    250363.20839386643 248531.36153909517 246689.60727048435  
    244848.21885029986 243036.07280075835 241247.75335437097  
    239453.48971538013 237651.60284767704 235871.97159859093  
    234122.6060551376 232374.1896741925 230612.7936276563  
    228863.5672907256 227146.77226291833 225440.39966694082  
    223721.86602294285 222004.77990228104 220313.9932233398  
    218642.47350233287 216968.1165164351 215289.5516500653  
    213620.79722745932 211974.24086049054 210341.39669430544  
    208705.6502939123 207064.57196599606 205437.80236535467  
    203836.81613534066 202241.81707503475 200637.82614125177  
    199036.38985358016 197456.63785910927 195893.65290844577  
    194331.58276651488 192767.78258042596 191207.64604797144  
    189665.34744440965 188142.13429067368 186620.94383829532  
    185093.9113849084 183574.69543360177 182079.03987229717  
    180596.82971246087 179114.68758783443 177634.58352261776  
    176163.30861915927 174711.52781413312 173278.02868760796  
    171849.33832449475 170419.74619258047 169003.0058150673  
    167613.92409259416 166241.26420078112 164873.8604456585  
    163516.61364938784 162176.87632148716 160862.48114717708  
    159573.66623130528 158301.98071045868 157041.88795303373  
    155805.50272782182 154610.36750224693 153449.54306575403  
    152310.48201027155 151199.90720740138 150131.90966755792  
    149115.43079430616 148147.16677653356 147226.11172671578  
    146357.0956856119 145549.7616892183 144820.0857186952  
    144173.76764952973 143608.5351746323 143124.72368584998  
    142745.85350209623 142499.20543660838 142383.08697194658  
    142390.98301976398 142549.92406539933 142897.03756837905  
    143437.6039854873 144178.02891340575 145151.7403002583  
    146384.7713627552 147886.8610719585 149701.01627890475  
    151868.42537773872 154388.73154131405 157282.53414168092  
    160626.49791788217 164462.4816115243 168771.26355037052  
    173586.5108385154 178981.63091885363 184986.26887996908  
    191590.06919938448 198791.41159079145 206611.9909488001  
    215090.62597072023 224172.3516462914 233735.56541210128  
    243769.34158240183 254286.02801225707 265028.7416648279  
    275751.50603773247 286501.8161289637 297021.10688927234  
    306822.82031767064 315771.5161295257 323782.1543364706  
    330322.90093615826 335021.53254337574 337887.5868315944  
    338635.32823167456 336963.6714622976 332799.4556953211  
    326173.3924957285 317321.7640559731 306390.64894548885  
    293346.7718436123 278495.03162292665 262189.06104340625  
    244289.02535556717 225844.4549003128 208458.0699370995  
    192749.98513155855 177576.55203739466 159561.7257602322  
    137058.0015950882 110243.73951323188 78916.26158033054  
    42920.54061745774 2256.576623816848 
  FFPRIM_EXT = 0.9905356066667838 1.0209587375920819 1.0495866521905712  
    1.0775931377692063 1.1050241669807692 1.1318852092734388  
    1.1581774034808847 1.1839023744929462 1.2090603566517582  
    1.2336538476905574 1.2576822218947088 1.2811461549860998  
    1.304046441396084 1.3263836849873458 1.3481589329255015  
    1.3693728866850718 1.390026356888673 1.4101200752266985  
    1.429654582718883 1.448630801152214 1.4670495265384356  
    1.484911105560183 1.5022166784172684 1.5189663989939122  
    1.5351613876314778 1.550800657426788 1.5667745607741812  
    1.5830375003380324 1.598210490060903 1.6124040965397541  
    1.625589370098435 1.637894415170748 1.6494609984748152  
    1.6602802913401395 1.6703112998464746 1.6796779314827042  
    1.688515746136443 1.6967321299736222 1.7043287695680234  
    1.711505533865524 1.718124732731379 1.7242465121880626  
    1.7300383932056533 1.735279642775781 1.7402170704563558  
    1.744734693912975 1.7488609439014502 1.752709705906156  
    1.756125547755685 1.7593203612819843 1.7621206239099152  
    1.7646924012247276 1.7669361091969258 1.7689328922310812  
    1.7706581276104794 1.772121307727153 1.7733683373932407  
    1.7743280197530282 1.7751366900894254 1.7756215952448002  
    1.7760145831979466 1.7760824825414867 1.7760455754814395  
    1.7757634619016598 1.7752817030517194 1.7746968350996681  
    1.7737898200501432 1.7728914189998406 1.7716438781991106  
    1.7703517382280607 1.7688905346357877 1.7671420510448066  
    1.7654722130928298 1.7634489092315546 1.7613573721644664  
    1.7592167644629726 1.7567237372075042 1.7542992377203852  
    1.7516710043841364 1.7487859638313994 1.7460163538572997  
    1.7429746593094497 1.739751686961232 1.7366142449974733  
    1.7331780378294572 1.7296054340485034 1.726126680829334  
    1.7223707729634894 1.7184687727675865 1.7146508643342508  
    1.7105819814800796 1.7063342698044457 1.7021931029332373  
    1.6978826419522306 1.6933263830903038 1.6888298840992013  
    1.6842645640061975 1.679438437453831 1.6746003668796066  
    1.6697899140520547 1.6647417401843683 1.659550890301417  
    1.6544410169499741 1.6492327260665356 1.643781721279006  
    1.6383020950892195 1.6328694525225984 1.6272654003418159  
    1.6214807088182583 1.6157187429105262 1.6099430551439078  
    1.6039776959829637 1.5978916596736867 1.5918375776026574  
    1.585728134741332 1.579436287782906 1.5730572428187408  
    1.5667035313046958 1.5602813468688403 1.5536891669137225  
    1.5470157680577565 1.5403594250586323 1.5336460819609385  
    1.5267749716187689 1.519807225067062 1.5128466249767178  
    1.5058551669470865 1.4987221793335408 1.4914665254503328  
    1.4842015681828882 1.4769347686495822 1.4695525598292185  
    1.4620229896780317 1.4544567309298992 1.446907529475447  
    1.4392805439362757 1.4314978452667304 1.4236412433608014  
    1.4157967566972136 1.4079139350851648 1.3998985865457148  
    1.3917754172515124 1.383627607812456 1.3754611136525265  
    1.3672232770775858 1.3588662805306457 1.3504210251384945  
    1.3419503937834547 1.3334642680596227 1.3248885771949892  
    1.3161785999496347 1.3074077437504086 1.2986329926700482  
    1.2898116542122695 1.2808713898650483 1.2718290392663705  
    1.2627437579383076 1.2536258460698688 1.2444552549670476  
    1.2351783914530763 1.2257893730427907 1.2163513705994686  
    1.2068943280016746 1.197367641725841 1.18771179792307  
    1.177962826220228 1.1681705266280231 1.1583279463175005  
    1.1484098031857106 1.138375575789718 1.1282286708248657  
    1.118018948793978 1.107768153594357 1.0974251369162467  
    1.0869335452298174 1.0763337536733832 1.065667505055054  
    1.0549170418969767 1.0440551076824123 1.033051407897574  
    1.021903541164098 1.0106428793674616 0.9992907851981372  
    0.9878024356909241 0.9761111873467544 0.964241308963874  
    0.9522396982390572 0.9400818377177191 0.9277153474729684  
    0.9151063764179164 0.9022662580248741 0.8891982499167944  
    0.8758849190933227 0.862291151728234 0.8483569099487337  
    0.8340596810024863 0.8194084267751852 0.804403066491962  
    0.7889565534233267 0.7729669014311792 0.7564401721726347  
    0.7394014718612799 0.7217517849134674 0.703354424662183  
    0.684189726425657 0.6642339581389268 0.6433648844055373  
    0.621488418548942 0.5985699649740763 0.574450020121304  
    0.5489774001784778 0.5221567732922279 0.4939150102600107  
    0.4639697827601774 0.43216699266142894 0.39858049315230026  
    0.36308929588410754 0.32542510929629703 0.28548003727351695  
    0.2432932740217783 0.19887343588142523 0.15214308340063007  
    0.10295938396965126 0.051524851065828985 -0.0017114655546766361  
    -0.056710598385551474 -0.11352204258636393 -0.17120204809320463  
    -0.22884901520572895 -0.28664630902749283 -0.34364919387095605  
    -0.39807556157847057 -0.44943823196677984 -0.4974318038992702  
    -0.5401026102575633 -0.5760881546294253 -0.605426976168766  
    -0.6270584776845982 -0.6398541313524078 -0.6435137173984703  
    -0.6381076421170117 -0.6244496141543708 -0.6030166377616518  
    -0.5736230083376674 -0.5372952702990719 -0.4951964181841897  
    -0.44665369088614715 -0.3953126085980909 -0.3469299582895433  
    -0.3037795181983763 -0.2616987957702463 -0.20836965772951255  
    -0.13751561336596108 -0.04971343103506065 0.056212511442587924  
    0.1822099744889754 0.32827895810330365 
/


