&PROFILE_EXT
  NPSI_EXT = 257 
  PSIN_EXT = 0.0 0.00390625 0.0078125 0.01171875 0.015625 0.01953125  
    0.0234375 0.02734375 0.03125 0.03515625 0.0390625 0.04296875  
    0.046875 0.05078125 0.0546875 0.05859375 0.0625 0.06640625  
    0.0703125 0.07421875 0.078125 0.08203125 0.0859375 0.08984375  
    0.09375 0.09765625 0.1015625 0.10546875 0.109375 0.11328125  
    0.1171875 0.12109375 0.125 0.12890625 0.1328125 0.13671875 0.140625  
    0.14453125 0.1484375 0.15234375 0.15625 0.16015625 0.1640625  
    0.16796875 0.171875 0.17578125 0.1796875 0.18359375 0.1875  
    0.19140625 0.1953125 0.19921875 0.203125 0.20703125 0.2109375  
    0.21484375 0.21875 0.22265625 0.2265625 0.23046875 0.234375  
    0.23828125 0.2421875 0.24609375 0.25 0.25390625 0.2578125  
    0.26171875 0.265625 0.26953125 0.2734375 0.27734375 0.28125  
    0.28515625 0.2890625 0.29296875 0.296875 0.30078125 0.3046875  
    0.30859375 0.3125 0.31640625 0.3203125 0.32421875 0.328125  
    0.33203125 0.3359375 0.33984375 0.34375 0.34765625 0.3515625  
    0.35546875 0.359375 0.36328125 0.3671875 0.37109375 0.375  
    0.37890625 0.3828125 0.38671875 0.390625 0.39453125 0.3984375  
    0.40234375 0.40625 0.41015625 0.4140625 0.41796875 0.421875  
    0.42578125 0.4296875 0.43359375 0.4375 0.44140625 0.4453125  
    0.44921875 0.453125 0.45703125 0.4609375 0.46484375 0.46875  
    0.47265625 0.4765625 0.48046875 0.484375 0.48828125 0.4921875  
    0.49609375 0.5 0.50390625 0.5078125 0.51171875 0.515625 0.51953125  
    0.5234375 0.52734375 0.53125 0.53515625 0.5390625 0.54296875  
    0.546875 0.55078125 0.5546875 0.55859375 0.5625 0.56640625  
    0.5703125 0.57421875 0.578125 0.58203125 0.5859375 0.58984375  
    0.59375 0.59765625 0.6015625 0.60546875 0.609375 0.61328125  
    0.6171875 0.62109375 0.625 0.62890625 0.6328125 0.63671875 0.640625  
    0.64453125 0.6484375 0.65234375 0.65625 0.66015625 0.6640625  
    0.66796875 0.671875 0.67578125 0.6796875 0.68359375 0.6875  
    0.69140625 0.6953125 0.69921875 0.703125 0.70703125 0.7109375  
    0.71484375 0.71875 0.72265625 0.7265625 0.73046875 0.734375  
    0.73828125 0.7421875 0.74609375 0.75 0.75390625 0.7578125  
    0.76171875 0.765625 0.76953125 0.7734375 0.77734375 0.78125  
    0.78515625 0.7890625 0.79296875 0.796875 0.80078125 0.8046875  
    0.80859375 0.8125 0.81640625 0.8203125 0.82421875 0.828125  
    0.83203125 0.8359375 0.83984375 0.84375 0.84765625 0.8515625  
    0.85546875 0.859375 0.86328125 0.8671875 0.87109375 0.875  
    0.87890625 0.8828125 0.88671875 0.890625 0.89453125 0.8984375  
    0.90234375 0.90625 0.91015625 0.9140625 0.91796875 0.921875  
    0.92578125 0.9296875 0.93359375 0.9375 0.94140625 0.9453125  
    0.94921875 0.953125 0.95703125 0.9609375 0.96484375 0.96875  
    0.97265625 0.9765625 0.98046875 0.984375 0.98828125 0.9921875  
    0.99609375 1.0 
  PPRIME_EXT = 602923.1617496811 595058.2233740846 587296.1632906285  
    579636.9814993128 572080.6780001377 564627.252793103  
    557276.7058782089 550029.037255455 542884.2469248418  
    535842.3348863691 528903.3011400369 522067.14568584505  
    515333.86852379376 508703.46965388296 502175.9490761126  
    495751.3067904828 489429.5427969934 483210.6570956445  
    477094.6496864361 471081.52056936815 465171.26974444074  
    459363.8972116538 453659.4029710073 448057.78702250135  
    442559.0493661358 437163.1900019107 431695.42432612786  
    426164.898138682 420842.5814372781 415707.2981472574  
    410765.2834167275 405991.3575493262 401357.6899747419  
    396866.21495613025 392525.07458902034 388309.8685621927  
    384194.06072715507 380196.0746041863 376315.49277451343  
    372513.0387737645 368816.01185650413 365212.3770573413  
    361669.3532082562 358230.5244872916 354847.1009041604  
    351542.2599142953 348310.0437279537 345128.32766827627  
    342027.6804946816 338966.2996568332 335978.51485221396  
    333031.4150821251 330144.972658616 327302.8549129613  
    324510.1729491081 321764.84070582874 319058.08893260115  
    316403.7471501252 313774.93991971365 311205.8576767438  
    308650.61378702114 306155.51241654705 303676.6088994622  
    301242.1074566379 298842.618478515 296459.34359571163  
    294135.4653310302 291805.3883698997 289540.19455686177  
    287279.1459033323 285047.40183953114 282868.11988086917  
    280668.7822510544 278535.39852869476 276410.8455749474  
    274291.61225766735 272237.7557347262 270165.46338800166  
    268129.3685381164 266139.6606016226 264122.3262194557  
    262154.7592142055 260218.37879723276 258260.18970423174  
    256356.94884439115 254475.92549195414 252571.5004624304  
    250717.83886285627 248888.31509526906 247037.06267663534  
    245231.06418316194 243455.72373731073 241654.30754979857  
    239882.05567198584 238153.6539348835 236408.0484054394  
    234671.4349800354 232982.02336881997 231289.71108715975  
    229586.8154609822 227926.43017489376 226289.2238391179  
    224630.55313381087 222986.60142292612 221385.94408438727  
    219785.46487990156 218170.32507774478 216584.40368329576  
    215029.12016439452 213463.62249871672 211895.5670592814  
    210360.22188666178 208843.35340014735 207314.35530286748  
    205791.05171491703 204298.835345654 202818.24122549524  
    201326.6930931529 199843.25666263892 198388.24024886475  
    196943.54895663133 195489.46529352473 194041.09605327935  
    192618.55554359412 191209.2091822939 189792.22547816607  
    188375.52906711784 186981.34459104118 185605.4869547425  
    184225.04108513088 182838.72839326257 181469.55187308768  
    180123.66500123456 178778.49550995638 177423.33004921477  
    176077.53693835746 174756.7075701077 173443.88880427426  
    172121.69846713485 170800.62412269652 169499.79987537058  
    168213.79859562282 166925.59899797977 165634.15622952481  
    164350.2729239695 163083.47587006853 161827.2203117868  
    160568.72338027004 159306.12207537494 158054.5375554338  
    156822.7966488946 155595.655035494 154361.5844162372  
    153129.48012606864 151914.07125469355 150711.56324406888  
    149509.74918507 148306.59899048152 147106.27006670952  
    145919.67187239596 144747.7585323291 143577.39566086733  
    142402.53117216396 141233.68194219127 140082.96831177437  
    138942.59900075733 137802.27472227096 136663.51454960636  
    135531.54860972535 134414.58588707534 133311.69075351057  
    132212.49178768776 131112.59285094353 130022.58113972974  
    128953.85612957024 127897.76750787818 126845.71885742489  
    125801.48111945277 124770.7109723037 123759.44123036161  
    122767.85798904655 121789.4511225365 120819.95558059166  
    119868.69456555267 118949.17317043082 118056.05249158925  
    117179.67353389446 116325.2038535203 115503.47767600598  
    114721.38712159902 113976.3993785702 113267.7257807256  
    112599.0734661379 111977.86458391306 111416.39869394398  
    110919.06280342338 110484.10661815581 110111.77920800578  
    109820.15511229518 109630.24547460012 109540.7735268414  
    109546.6954937014 109668.78358887389 109935.613373998  
    110351.27655845306 110920.68483618961 111669.53936390064  
    112617.87219559036 113773.15975899764 115168.49612350142  
    116835.59195539358 118774.16996028992 120999.99864130333  
    123572.06992471401 126522.67373611164 129836.99620465578  
    133540.85019337013 137690.70629846537 142309.44953819952  
    147389.12117778903 152928.42249049927 158943.98134538275  
    165465.67657480534 172451.38447754047 179807.54163981805  
    187525.48900437195 195614.90537483903 203878.4594616938  
    212126.74209110945 220396.0762409884 228488.0082187594  
    236028.36340152443 242912.5124017896 249075.59495661687  
    254108.67199919256 257725.02484545723 259932.3208787536  
    260511.18132367177 259229.5757399789 256031.16734788273  
    250939.5970312378 244136.30537784274 235733.86061310186  
    225706.29312240175 214287.82830488958 201750.6261800571  
    187986.37625805024 173799.48515159133 160424.24968153477  
    148339.49963425993 136669.21199996507 122815.19910774642  
    105503.07714475591 84869.30578802203 60757.161944430845  
    33046.48812982028 1737.2843427881598 
  FFPRIM_EXT = 5.420114576273318 5.587327772336649 5.745099246941711  
    5.8995571768888295 6.050861543662261 6.1990269600287  
    6.344057457454696 6.485961740342304 6.6247411980654025  
    6.760409534597132 6.892963177619732 7.022405890211912  
    7.148742096526753 7.271975171267982 7.392110897718808  
    7.509153171117221 7.623106490059074 7.733974797021773  
    7.841760975105826 7.946470180373755 8.048106888086831  
    8.146673066967974 8.242175051257483 8.334613777327942  
    8.423995482280585 8.510314516147893 8.598477743167646  
    8.688233790443839 8.771981534499005 8.850332573449457  
    8.923127479216973 8.991071065270773 9.054944113163188  
    9.114698295096519 9.170108383782603 9.221858001320264  
    9.270693837649599 9.316103654039168 9.358098131925862  
    9.397778850521943 9.434385558695032 9.468252467104449  
    9.500301731666738 9.529315857884804 9.556656432587197  
    9.581681989120515 9.604551601614297 9.625891541615157  
    9.644846274695377 9.662583428316161 9.678145711129783  
    9.692448985801004 9.704943051509456 9.716077201877148  
    9.72571672716547 9.73391166710881 9.74091318432388  
    9.746330846252047 9.75091950101962 9.75372398730625  
    9.756020503791223 9.75652541049769 9.756454028979459  
    9.755032299830159 9.752508308668672 9.749416350145518  
    9.74454782300031 9.739728611132612 9.732986952668355  
    9.725999618951878 9.718079962699992 9.70857552135 9.699506654001205  
    9.688489580567882 9.677095513930269 9.665432278917043  
    9.651826705229295 9.638599686342067 9.624249722150054  
    9.60848328509299 9.593354326905123 9.576726728460677  
    9.559101009282198 9.541947192535208 9.52314348278978  
    9.503588163502153 9.48455413597826 9.463992560726972  
    9.442622959737808 9.421717917868932 9.399432464062434  
    9.376161345307787 9.353476220201989 9.329857127085704  
    9.30488437603766 9.280242503643926 9.255221520788744  
    9.228762400506367 9.202237985471633 9.175866776144733  
    9.14818581469723 9.119718122184054 9.091696408910813  
    9.063132534540976 9.033232850025108 9.003175973829977  
    8.973376946860117 8.942632138805084 8.910892943063681  
    8.879280851960653 8.847594180343211 8.814861518717958  
    8.78146290763365 8.748240745182365 8.714713814005627  
    8.680181740694312 8.645169925506274 8.610299136042956  
    8.57505191050458 8.538866989481079 8.502233201902442  
    8.465693772241499 8.428841375063296 8.391120548757307  
    8.352867922401584 8.31465481103157 8.276270576263975  
    8.23710638714866 8.197268089732546 8.157379173528398  
    8.117479244097975 8.076943534135623 8.035598111571367  
    7.994050103458822 7.952593913516015 7.910708185157429  
    7.867967173321087 7.824821483273363 7.781743762272243  
    7.738453548431339 7.694429264786036 7.649811602974457  
    7.605061952458649 7.560210758186893 7.514964476700522  
    7.469060972393924 7.422673185574213 7.37614670807636  
    7.329534931016975 7.282428920795325 7.234582329584207  
    7.186400712332906 7.138198705646051 7.089740976188607  
    7.040628613604129 6.99095399192605 6.941042844809715  
    6.890951837493654 6.840570492923314 6.789604176659083  
    6.7380213465947225 6.686169729221037 6.634213672435689  
    6.581873276526425 6.528819724786466 6.475252803383824  
    6.421448383131931 6.367369002130497 6.312875813744947  
    6.257742967028686 6.201986988275911 6.145884664162017  
    6.089557252850488 6.0327226942839225 5.975069265248022  
    5.916820117084245 5.8582059213151805 5.79912880578413  
    5.739438452741421 5.678966481919947 5.6176990551026025  
    5.555811445832351 5.49342244685361 5.430282667191139  
    5.366020980979755 5.300776702174861 5.234811171926776  
    5.167986393133088 5.100009520886809 5.030694474914839  
    4.9601067182919305 4.888265767369834 4.815075889443585  
    4.740341341322646 4.66372782839378 4.585113889694583  
    4.504551157095644 4.4220396026747615 4.337099547702092  
    4.249166219997983 4.158271227546432 4.064555762398307  
    3.967476297640335 3.866279166344074 3.76085377446884  
    3.6510685978845734 3.536250485490005 3.415882378659332  
    3.289776414640841 3.157051801732766 3.016872907704639  
    2.8692656070272653 2.713829321385916 2.549008141692375  
    2.3739508378185725 2.189065514030952 1.9936876231250618  
    1.7863374518387332 1.5664164562682137 1.334140271979964  
    1.0895571752183177 0.8322409208902778 0.5614023263844301  
    0.27814842632405046 -0.015051758913769671 -0.3179830596693071  
    -0.6309298347367807 -0.9487073064312901 -1.2663547773265136  
    -1.5848946492221994 -1.8991526906686247 -2.19933099195224  
    -2.4827565551294546 -2.747791660020642 -2.983708304797145  
    -3.183022800799035 -3.3459907506059468 -3.466811206961661  
    -3.5392823830903586 -3.561779499832096 -3.5347180501152904  
    -3.4625864238594675 -3.348021154057527 -3.1899870940493757  
    -2.9941100142603023 -2.766744574642601 -2.5040827162491173  
    -2.2260564528163362 -1.9643573806131067 -1.731505680553187  
    -1.5045931302379372 -1.2155978403352141 -0.8295310092858814  
    -0.34940054734600207 0.23154333767715407 0.9246763069072403  
    1.729998360342961 
  P_EXT = 1625917.4943215193 1582571.2092938875 1556010.1928730886  
    1533709.048853693 1513681.128409848 1495148.1696818992  
    1477706.7201935158 1461115.3610800633 1445214.1471245978  
    1429893.66740334 1415069.3205133944 1400678.422180635  
    1386672.033688552 1373010.5448155177 1359661.9091718574  
    1346599.1482067748 1333799.695835307 1321244.3603924806  
    1308916.255716815 1296801.0146500152 1284885.9973274  
    1273159.6105895836 1261612.2991971318 1250234.6173716034  
    1239018.9554368425 1227957.5893551102 1217044.1351484363  
    1206272.5876555326 1195637.1826859578 1185133.1392760656  
    1174755.614697223 1164500.0072576865 1154362.4981522122  
    1144339.6121896866 1134427.6306132488 1124622.9936625618  
    1114922.9536069734 1105324.8892828154 1095825.661682663  
    1086422.838185465 1077114.3699222414 1067897.3396969023  
    1058770.1475220504 1049730.7097731107 1040776.6498985951  
    1031906.9591290633 1023118.9431230718 1014411.7837948357  
    1005783.3216234158 997232.2500786537 988757.2661172848  
    980356.539124719 972029.4135071666 963773.8021080617  
    955589.3862536795 947474.0618299176 939427.6106381268  
    931448.1238952397 923535.2187116104 915687.4842414707  
    907904.0018376338 900184.2233283413 892526.4315712245  
    884930.926153801 877395.4919896508 869920.6643387477  
    862504.5746893648 855147.0188148834 847847.3681278236  
    840604.0957929024 833417.8013751139 826286.4301709037  
    819210.2027641756 812188.5788449681 805219.9842219183  
    798305.1007389395 791442.4472135939 784631.4254840557  
    777872.4007318045 771163.5617158073 764505.094659961  
    757896.9334803864 751337.4479965412 744826.9900560552  
    738365.217018714 731950.6281596641 725583.7161658456  
    719264.161013921 712990.576750265 706763.298015211  
    700582.1368566582 694445.691147903 688354.1758848818  
    682307.7484301875 676305.1260597364 670346.0230502757  
    664430.8588384952 658558.6617658462 652728.7719442823  
    646941.639848332 641196.8378043309 635493.2645853604  
    629831.0690895724 624210.5039003037 618630.6408238886  
    613090.8336334476 607591.4828904304 602132.4328578459  
    596712.7271438736 591332.1371409829 585990.9984119341  
    580688.8727203151 575424.9697373505 570199.2888137274  
    565012.0344157855 559862.6526974561 554750.511585695  
    549675.6854421303 544638.3015025211 539637.8146982315  
    534673.6641137443 529745.9056424317 524854.6636235374  
    519999.48477729305 515179.79921945906 510395.58274323924  
    505647.0024354302 500933.7570702123 496255.2382371774  
    491611.29062829225 487002.11888270226 482427.6097699254  
    477887.1568644822 473380.4372809031 468907.6385983964  
    464468.82348928216 460063.4901488747 455691.15895333595  
    451351.91076530184 447045.9021283388 442772.848062928  
    438532.22204459214 434323.90313441894 430147.98894462374  
    426004.4455811203 421892.93792526727 417813.07743450487  
    413764.77539896406 409748.1416941581 405763.13041838544  
    401809.2868188981 397886.2704585028 393994.1596555137  
    390133.05314702156 386302.70459623483 382502.676836486  
    378732.82947802753 374993.182862374 371283.73196171806  
    367604.28357525193 363954.4245818085 360333.9484571329  
    356742.9245615451 353181.3709368371 349648.95398662164  
    346145.26308618824 342670.210285816 339223.7823388577  
    335805.8828646183 332416.24204949324 329054.4526844443  
    325720.29438770923 322413.75187107106 319134.75015124487  
    315882.8608008175 312657.61091069866 309458.83824424644  
    306286.3985900292 303140.0280506677 300019.31093100994  
    296923.73241342296 293852.87456704304 290806.4747118982  
    287784.234183435 284785.5007633199 281809.4902151205  
    278855.6968971293 275923.6614389463 273012.6953249978  
    270121.8754460153 267250.2130103919 264396.81862653565  
    261560.72008076584 258740.84831733367 255935.84859560695  
    253144.14115138017 250364.1360344115 247594.2732793509  
    244832.81794144152 242077.42685439077 239325.52089646662  
    236574.66598705936 233822.288694027 231065.06238823268  
    228299.24864207173 225521.1034850773 222726.4746178185  
    219910.5486556567 217068.22478744743 214193.99454792586  
    211281.3209252589 208323.35890432517 205313.18329828975  
    202242.92956831932 199103.2948724589 195884.9636172983  
    192578.64261040202 189173.80319516116 185658.85359779815  
    182022.09275123474 178252.01467572444 174336.88922059428  
    170264.41437029594 166022.07291297044 161599.50646574196  
    156987.75590485896 152177.45501572746 147161.04497720534  
    141937.2717851533 136506.26682988286 130868.80673060576  
    125034.49634513244 119019.17872252737 112839.6375106473  
    106518.18681766835 100088.24678052712 93585.09143555546  
    87046.12084770086 80515.83315570348 74041.70605350807  
    67671.86860013707 61451.9595982984 55422.89232455037  
    49625.23474531939 44097.86663273029 38871.45198900864  
    33974.70323724019 29432.898946028232 25238.39005161011  
    21364.382370843534 17784.194012028493 14518.106120768762  
    11644.438772974834 9246.753637692756 7410.781598410516  
    6225.195731009195 5781.75605630974 
  F_EXT = 50.84123813000002 50.83853087258422 50.835743409089986  
    50.83287774741077 50.82993592225206 50.82691984936938  
    50.82383103468362 50.82067090509971 50.81744101066083  
    50.81414291826803 50.810778145333174 50.80734820323791  
    50.803854643464206 50.80029900728924 50.796682777852766  
    50.793007439445844 50.789274564422456 50.78548571534087  
    50.78164238032194 50.777746020482276 50.773798145952  
    50.76980026730945 50.765753936507124 50.76166067123668  
    50.75752192707108 50.75333887804539 50.7491117952975  
    50.744840913835795 50.740527404181975 50.736172943313704  
    50.731780295760714 50.72735231614374 50.722891226813374  
    50.71839901536774 50.713877704015765 50.709329226898625  
    50.70475535970611 50.70015772358674 50.69553787028681  
    50.69089725393439 50.686237218982086 50.68155903701011  
    50.676864001144736 50.672153299106974 50.66742814189213  
    50.66268960302625 50.65793865341043 50.65317619769125  
    50.648403207712036 50.64362062764101 50.6388292679127  
    50.63402990827481 50.629223353330936 50.62441039392815  
    50.619591783427595 50.61476823090991 50.60994037040335  
    50.60510881823224 50.60027424268262 50.595437303452925  
    50.590598590306385 50.58575867580177 50.58091814652081  
    50.5760775635587 50.571237447680204 50.56639827022693  
    50.56156053880177 50.5567247030468 50.55189125093416  
    50.547060595452315 50.542233139990124 50.5374092778214  
    50.53258953284394 50.52777443072773 50.5229644054372  
    50.5181598212107 50.51336098537715 50.50856817325486  
    50.50378175259905 50.49900210926708 50.494229665691876  
    50.48946483414886 50.484707994498535 50.479959445351355  
    50.47521938728126 50.470488032953284 50.46576582834058  
    50.461053239604794 50.45635054341959 50.45165795360745  
    50.44697569600024 50.442304032955036 50.437643362197576  
    50.43299406206938 50.42835631701713 50.42373029461772  
    50.41911628491064 50.41451461923454 50.40992559468519  
    50.40534947089336 50.40078646193216 50.39623676881281  
    50.391700660728844 50.3871784127658 50.38267028043384  
    50.378176499999405 50.37369730997978 50.36923293798067  
    50.36478358303757 50.36034946388838 50.3559308475414  
    50.35152800480638 50.347141107549525 50.34277033568579  
    50.33841592245035 50.33407812477775 50.32975716546042  
    50.325453253339724 50.321166594904824 50.3168973861448  
    50.31264579992704 50.308412035427295 50.30419633494107  
    50.299998952264296 50.295820052900524 50.291659807636925  
    50.28751842256375 50.283396122128934 50.2792931082473  
    50.275209565914665 50.27114566968547 50.26710159972848  
    50.26307761454962 50.25907392716242 50.25509065410351  
    50.2511279097459 50.247185962304656 50.24326509423999  
    50.239365457495715 50.23548718763904 50.23163045195586  
    50.227795455495695 50.2239824171205 50.220191537785475  
    50.216422987397465 50.212676920332754 50.20895354062118  
    50.205253053844466 50.20157564985364 50.19792151183951  
    50.194290839160146 50.19068381104559 50.187100566130255  
    50.18354126846565 50.180006162710555 50.176495519639424  
    50.17300950136047 50.16954825811894 50.1661119499729  
    50.1627007655038 50.15931497970438 50.15595482663868  
    50.152620456424636 50.14931200965271 50.14602972325827  
    50.142773862387855 50.13954459838202 50.13634212529312  
    50.133166685094096 50.130018555472105 50.12689796239485  
    50.12380512392515 50.120740266472865 50.11770363408387  
    50.11469551066055 50.111716186244855 50.108765906026505  
    50.10584494683232 50.10295363751143 50.100092339198284  
    50.097261330379 50.09446093299956 50.09169154122492  
    50.08895358321603 50.08624742531356 50.083573465311886  
    50.08093223146347 50.07832425332376 50.07575002237557  
    50.073210026669415 50.070704913771884 50.0682353900656  
    50.065802180904974 50.063406050559436 50.061047803185986  
    50.058728324152504 50.05644860716051 50.054209752852  
    50.05201296507455 50.04985954321363 50.047750834749024  
    50.045688343653524 50.04367375519239 50.04170894072175  
    50.0397959392932 50.03793695081533 50.036134335148176  
    50.034390709066884 50.03270900950251 50.031092460734456  
    50.02954443420792 50.028068617880876 50.026669047037245  
    50.025350114514836 50.02411651481972 50.02297327369652  
    50.021925734953655 50.020979563974755 50.0201407529668  
    50.019415527619174 50.018810205593766 50.01833117392047  
    50.01798482017368 50.01777742626566 50.01771488972075  
    50.01780242596007 50.01804432585939 50.018443853817665  
    50.01900308437481 50.019722237819735 50.02059938346783  
    50.02163023450241 50.022807791265095 50.02412238674523  
    50.025561694138034 50.027110600780105 50.028750705341224  
    50.030461393192695 50.032220323764726 50.03400379383291  
    50.035787544178305 50.03754797498915 50.03926265730125  
    50.04091040495699 50.04247127106174 50.0439274439574  
    50.04526284146985 50.04646741217062 50.04754529588541  
    50.04850067436916 50.049333847808384 50.0500318471729  
    50.050560270727104 50.050874235711035 50.05092171088553  
    50.050648417878136 50.05 
/

