@I NRHO 1 []
101
@R RHOB 1 []
1.382416e+00
@R RHO 101 []
0.000000e+00 1.000000e-02 2.000000e-02 3.000000e-02 4.000000e-02 
5.000000e-02 6.000000e-02 7.000000e-02 8.000000e-02 9.000000e-02 
1.000000e-01 1.100000e-01 1.200000e-01 1.300000e-01 1.400000e-01 
1.500000e-01 1.600000e-01 1.700000e-01 1.800000e-01 1.900000e-01 
2.000000e-01 2.100000e-01 2.200000e-01 2.300000e-01 2.400000e-01 
2.500000e-01 2.600000e-01 2.700000e-01 2.800000e-01 2.900000e-01 
3.000000e-01 3.100000e-01 3.200000e-01 3.300000e-01 3.400000e-01 
3.500000e-01 3.600000e-01 3.700000e-01 3.800000e-01 3.900000e-01 
4.000000e-01 4.100000e-01 4.200000e-01 4.300000e-01 4.400000e-01 
4.500000e-01 4.600000e-01 4.700000e-01 4.800000e-01 4.900000e-01 
5.000000e-01 5.100000e-01 5.200000e-01 5.300000e-01 5.400000e-01 
5.500000e-01 5.600000e-01 5.700000e-01 5.800000e-01 5.900000e-01 
6.000000e-01 6.100000e-01 6.200000e-01 6.300000e-01 6.400000e-01 
6.500000e-01 6.600000e-01 6.700000e-01 6.800000e-01 6.900000e-01 
7.000000e-01 7.100000e-01 7.200000e-01 7.300000e-01 7.400000e-01 
7.500000e-01 7.600000e-01 7.700000e-01 7.800000e-01 7.900000e-01 
8.000000e-01 8.100000e-01 8.200000e-01 8.300000e-01 8.400000e-01 
8.500000e-01 8.600000e-01 8.700000e-01 8.800000e-01 8.900000e-01 
9.000000e-01 9.100000e-01 9.200000e-01 9.300000e-01 9.400000e-01 
9.500000e-01 9.600000e-01 9.700000e-01 9.800000e-01 9.900000e-01 
1.000000e+00 
@R VOLP 101 []
0.000000e+00 2.691908e+00 5.383557e+00 8.074693e+00 1.076506e+01 
1.345440e+01 1.614248e+01 1.882905e+01 2.151387e+01 2.419673e+01 
2.687739e+01 2.955564e+01 3.223129e+01 3.490415e+01 3.757402e+01 
4.024075e+01 4.290416e+01 4.556412e+01 4.822049e+01 5.087315e+01 
5.352196e+01 5.616685e+01 5.880771e+01 6.144445e+01 6.407701e+01 
6.670530e+01 6.932926e+01 7.194886e+01 7.456409e+01 7.717488e+01 
7.978117e+01 8.238287e+01 8.497989e+01 8.757212e+01 9.015951e+01 
9.274194e+01 9.531934e+01 9.789163e+01 1.004587e+02 1.030205e+02 
1.055769e+02 1.081278e+02 1.106732e+02 1.132129e+02 1.157469e+02 
1.182750e+02 1.207972e+02 1.233134e+02 1.258235e+02 1.283274e+02 
1.308251e+02 1.333163e+02 1.358012e+02 1.382795e+02 1.407512e+02 
1.432162e+02 1.456745e+02 1.481260e+02 1.505706e+02 1.530083e+02 
1.554390e+02 1.578627e+02 1.602794e+02 1.626891e+02 1.650917e+02 
1.674873e+02 1.698760e+02 1.722577e+02 1.746327e+02 1.770009e+02 
1.793625e+02 1.817177e+02 1.840668e+02 1.864100e+02 1.887477e+02 
1.910802e+02 1.934080e+02 1.957316e+02 1.980518e+02 2.003692e+02 
2.026848e+02 2.049998e+02 2.073154e+02 2.096333e+02 2.119553e+02 
2.142833e+02 2.166195e+02 2.189664e+02 2.213278e+02 2.237085e+02 
2.261152e+02 2.285559e+02 2.310396e+02 2.335724e+02 2.361445e+02 
2.387103e+02 2.411960e+02 2.435844e+02 2.460561e+02 2.490323e+02 
2.527848e+02 
@R IPOL 101 []
1.009987e+00 1.009986e+00 1.009986e+00 1.009985e+00 1.009983e+00 
1.009981e+00 1.009978e+00 1.009974e+00 1.009969e+00 1.009963e+00 
1.009955e+00 1.009945e+00 1.009933e+00 1.009920e+00 1.009903e+00 
1.009884e+00 1.009862e+00 1.009836e+00 1.009807e+00 1.009774e+00 
1.009736e+00 1.009694e+00 1.009646e+00 1.009594e+00 1.009536e+00 
1.009473e+00 1.009403e+00 1.009328e+00 1.009247e+00 1.009159e+00 
1.009064e+00 1.008963e+00 1.008856e+00 1.008742e+00 1.008623e+00 
1.008498e+00 1.008367e+00 1.008231e+00 1.008090e+00 1.007943e+00 
1.007791e+00 1.007635e+00 1.007474e+00 1.007309e+00 1.007140e+00 
1.006967e+00 1.006791e+00 1.006611e+00 1.006428e+00 1.006243e+00 
1.006054e+00 1.005864e+00 1.005672e+00 1.005477e+00 1.005282e+00 
1.005085e+00 1.004887e+00 1.004689e+00 1.004491e+00 1.004292e+00 
1.004094e+00 1.003897e+00 1.003700e+00 1.003504e+00 1.003310e+00 
1.003118e+00 1.002928e+00 1.002740e+00 1.002555e+00 1.002372e+00 
1.002193e+00 1.002018e+00 1.001846e+00 1.001678e+00 1.001514e+00 
1.001355e+00 1.001200e+00 1.001051e+00 1.000907e+00 1.000768e+00 
1.000635e+00 1.000508e+00 1.000386e+00 1.000271e+00 1.000163e+00 
1.000061e+00 9.999655e-01 9.998771e-01 9.997958e-01 9.997217e-01 
9.996551e-01 9.995966e-01 9.995473e-01 9.995096e-01 9.994888e-01 
9.994957e-01 9.995468e-01 9.996524e-01 9.997943e-01 9.999246e-01 
9.999899e-01 
@R G11 101 []
0.000000e+00 2.700918e+00 5.402154e+00 8.103682e+00 1.080573e+01 
1.350846e+01 1.621210e+01 1.891680e+01 2.162264e+01 2.432984e+01 
2.703848e+01 2.974845e+01 3.246119e+01 3.517361e+01 3.789126e+01 
4.059862e+01 4.331627e+01 4.604054e+01 4.876149e+01 5.149937e+01 
5.422348e+01 5.695428e+01 5.969668e+01 6.243770e+01 6.517873e+01 
6.792259e+01 7.067030e+01 7.342256e+01 7.617912e+01 7.893894e+01 
8.170238e+01 8.446962e+01 8.723979e+01 9.001300e+01 9.279010e+01 
9.557234e+01 9.836156e+01 1.011608e+02 1.039582e+02 1.067539e+02 
1.095694e+02 1.123892e+02 1.152013e+02 1.180373e+02 1.208716e+02 
1.237107e+02 1.265649e+02 1.294194e+02 1.322869e+02 1.351631e+02 
1.380436e+02 1.409408e+02 1.438407e+02 1.467539e+02 1.496846e+02 
1.526110e+02 1.555679e+02 1.585273e+02 1.614943e+02 1.644911e+02 
1.674959e+02 1.705052e+02 1.735432e+02 1.766040e+02 1.796716e+02 
1.827549e+02 1.858687e+02 1.890086e+02 1.921643e+02 1.953392e+02 
1.985422e+02 2.017818e+02 2.050502e+02 2.083458e+02 2.116717e+02 
2.150318e+02 2.184386e+02 2.218912e+02 2.253841e+02 2.289232e+02 
2.325096e+02 2.361591e+02 2.398794e+02 2.436635e+02 2.475177e+02 
2.514482e+02 2.554831e+02 2.596338e+02 2.638931e+02 2.682684e+02 
2.727968e+02 2.774996e+02 2.823742e+02 2.875040e+02 2.929780e+02 
2.988349e+02 3.051767e+02 3.120148e+02 3.193715e+02 3.276564e+02 
3.374756e+02 
@R G22 101 []
0.000000e+00 1.373309e-02 2.746793e-02 4.120456e-02 5.494426e-02 
6.868798e-02 8.243710e-02 9.619253e-02 1.099548e-01 1.237253e-01 
1.375045e-01 1.512921e-01 1.650957e-01 1.788997e-01 1.927327e-01 
2.065158e-01 2.203542e-01 2.342293e-01 2.480910e-01 2.620425e-01 
2.759279e-01 2.898517e-01 3.038392e-01 3.178246e-01 3.318154e-01 
3.458263e-01 3.598627e-01 3.739288e-01 3.880235e-01 4.021421e-01 
4.162864e-01 4.304576e-01 4.446513e-01 4.588682e-01 4.731128e-01 
4.873918e-01 5.017146e-01 5.160967e-01 5.304782e-01 5.448599e-01 
5.593509e-01 5.738733e-01 5.883649e-01 6.029880e-01 6.176121e-01 
6.322695e-01 6.470140e-01 6.617691e-01 6.766007e-01 6.914862e-01 
7.064035e-01 7.214164e-01 7.364522e-01 7.515661e-01 7.667797e-01 
7.819805e-01 7.973473e-01 8.127362e-01 8.281737e-01 8.437736e-01 
8.594235e-01 8.751053e-01 8.909427e-01 9.069063e-01 9.229127e-01 
9.390075e-01 9.552661e-01 9.716665e-01 9.881545e-01 1.004747e+00 
1.021490e+00 1.038426e+00 1.055514e+00 1.072746e+00 1.090136e+00 
1.107705e+00 1.125514e+00 1.143559e+00 1.161809e+00 1.180295e+00 
1.199020e+00 1.218065e+00 1.237468e+00 1.257194e+00 1.277271e+00 
1.297727e+00 1.318701e+00 1.340247e+00 1.362325e+00 1.384980e+00 
1.408414e+00 1.432748e+00 1.457959e+00 1.484426e+00 1.512469e+00 
1.541997e+00 1.573176e+00 1.606021e+00 1.641338e+00 1.682437e+00 
1.732808e+00 
@R G33 101 []
9.133287e-01 9.133437e-01 9.133883e-01 9.134622e-01 9.135656e-01 
9.136984e-01 9.138601e-01 9.140508e-01 9.142702e-01 9.145177e-01 
9.147932e-01 9.150963e-01 9.154264e-01 9.157832e-01 9.161663e-01 
9.165750e-01 9.170091e-01 9.174677e-01 9.179504e-01 9.184565e-01 
9.189857e-01 9.195370e-01 9.201101e-01 9.207044e-01 9.213193e-01 
9.219542e-01 9.226086e-01 9.232818e-01 9.239729e-01 9.246817e-01 
9.254078e-01 9.261512e-01 9.269119e-01 9.276897e-01 9.284846e-01 
9.292965e-01 9.301252e-01 9.309706e-01 9.318326e-01 9.327111e-01 
9.336060e-01 9.345171e-01 9.354445e-01 9.363878e-01 9.373470e-01 
9.383219e-01 9.393125e-01 9.403184e-01 9.413397e-01 9.423761e-01 
9.434273e-01 9.444933e-01 9.455738e-01 9.466686e-01 9.477772e-01 
9.488997e-01 9.500356e-01 9.511845e-01 9.523462e-01 9.535202e-01 
9.547061e-01 9.559033e-01 9.571115e-01 9.583299e-01 9.595580e-01 
9.607950e-01 9.620401e-01 9.632924e-01 9.645508e-01 9.658145e-01 
9.670820e-01 9.683521e-01 9.696230e-01 9.708932e-01 9.721607e-01 
9.734231e-01 9.746780e-01 9.759226e-01 9.771538e-01 9.783679e-01 
9.795607e-01 9.807272e-01 9.818615e-01 9.829565e-01 9.840047e-01 
9.849984e-01 9.859294e-01 9.867873e-01 9.875574e-01 9.882201e-01 
9.887493e-01 9.891129e-01 9.892764e-01 9.892163e-01 9.889726e-01 
9.887264e-01 9.887604e-01 9.891318e-01 9.891417e-01 9.871845e-01 
9.823337e-01 
@R GRADRHO 101 []
1.006397e+00 9.969160e-01 9.969617e-01 9.970164e-01 9.970907e-01 
9.971848e-01 9.973027e-01 9.974414e-01 9.975983e-01 9.977753e-01 
9.979703e-01 9.981795e-01 9.984235e-01 9.986516e-01 9.989426e-01 
9.990946e-01 9.993718e-01 9.997135e-01 1.000008e+00 1.000461e+00 
1.000764e+00 1.001122e+00 1.001566e+00 1.001983e+00 1.002387e+00 
1.002801e+00 1.003230e+00 1.003678e+00 1.004142e+00 1.004613e+00 
1.005093e+00 1.005581e+00 1.006073e+00 1.006569e+00 1.007073e+00 
1.007591e+00 1.008131e+00 1.008707e+00 1.009258e+00 1.009787e+00 
1.010394e+00 1.011005e+00 1.011565e+00 1.012215e+00 1.012840e+00 
1.013468e+00 1.014140e+00 1.014796e+00 1.015485e+00 1.016187e+00 
1.016886e+00 1.017627e+00 1.018357e+00 1.019112e+00 1.019905e+00 
1.020661e+00 1.021495e+00 1.022311e+00 1.023126e+00 1.024008e+00 
1.024886e+00 1.025748e+00 1.026665e+00 1.027616e+00 1.028551e+00 
1.029495e+00 1.030486e+00 1.031509e+00 1.032530e+00 1.033556e+00 
1.034607e+00 1.035701e+00 1.036812e+00 1.037930e+00 1.039059e+00 
1.040201e+00 1.041380e+00 1.042586e+00 1.043796e+00 1.045016e+00 
1.046237e+00 1.047483e+00 1.048758e+00 1.050031e+00 1.051296e+00 
1.052546e+00 1.053815e+00 1.055097e+00 1.056348e+00 1.057551e+00 
1.058738e+00 1.059891e+00 1.060919e+00 1.061875e+00 1.062866e+00 
1.064055e+00 1.065844e+00 1.068310e+00 1.070691e+00 1.071346e+00 
1.069546e+00 
@R AREA 101 []
0.000000e+00 2.683802e+00 5.367427e+00 8.050872e+00 1.073407e+01 
1.341695e+01 1.609943e+01 1.878143e+01 2.146288e+01 2.414370e+01 
2.682383e+01 2.950320e+01 3.218175e+01 3.485940e+01 3.753617e+01 
4.021193e+01 4.288712e+01 4.556091e+01 4.823382e+01 5.090529e+01 
5.357551e+01 5.624462e+01 5.891236e+01 6.157868e+01 6.424367e+01 
6.690733e+01 6.956965e+01 7.223060e+01 7.489015e+01 7.754830e+01 
8.020506e+01 8.286043e+01 8.551441e+01 8.816705e+01 9.081835e+01 
9.346831e+01 9.611693e+01 9.876418e+01 1.014100e+02 1.040547e+02 
1.066980e+02 1.093400e+02 1.119808e+02 1.146204e+02 1.172586e+02 
1.198958e+02 1.225318e+02 1.251667e+02 1.278004e+02 1.304332e+02 
1.330649e+02 1.356957e+02 1.383256e+02 1.409547e+02 1.435829e+02 
1.462105e+02 1.488375e+02 1.514638e+02 1.540898e+02 1.567154e+02 
1.593408e+02 1.619660e+02 1.645913e+02 1.672167e+02 1.698424e+02 
1.724686e+02 1.750955e+02 1.777232e+02 1.803520e+02 1.829821e+02 
1.856139e+02 1.882477e+02 1.908836e+02 1.935221e+02 1.961637e+02 
1.988087e+02 2.014578e+02 2.041113e+02 2.067699e+02 2.094343e+02 
2.121053e+02 2.147839e+02 2.174708e+02 2.201673e+02 2.228747e+02 
2.255944e+02 2.283281e+02 2.310777e+02 2.338455e+02 2.366342e+02 
2.394470e+02 2.422874e+02 2.451602e+02 2.480712e+02 2.510273e+02 
2.540356e+02 2.571017e+02 2.602296e+02 2.634274e+02 2.667228e+02 
2.701801e+02 
@R A 101 []
0.000000e+00 1.224649e-02 2.449281e-02 3.673917e-02 4.898550e-02 
6.123167e-02 7.347780e-02 8.572385e-02 9.796976e-02 1.102156e-01 
1.224613e-01 1.347067e-01 1.469521e-01 1.591970e-01 1.714420e-01 
1.836865e-01 1.959329e-01 2.081774e-01 2.204225e-01 2.326659e-01 
2.449084e-01 2.571507e-01 2.693917e-01 2.816312e-01 2.938695e-01 
3.061067e-01 3.183425e-01 3.305768e-01 3.428095e-01 3.550402e-01 
3.672688e-01 3.794952e-01 3.917193e-01 4.039410e-01 4.161602e-01 
4.283769e-01 4.405906e-01 4.528011e-01 4.650082e-01 4.772122e-01 
4.894129e-01 5.016094e-01 5.138023e-01 5.259913e-01 5.381755e-01 
5.503558e-01 5.625310e-01 5.747016e-01 5.868670e-01 5.990271e-01 
6.111815e-01 6.233304e-01 6.354729e-01 6.476096e-01 6.597392e-01 
6.718622e-01 6.839781e-01 6.960863e-01 7.081870e-01 7.202796e-01 
7.323635e-01 7.444389e-01 7.565053e-01 7.685619e-01 7.806086e-01 
7.926451e-01 8.046710e-01 8.166855e-01 8.286882e-01 8.406789e-01 
8.526570e-01 8.646219e-01 8.765727e-01 8.885092e-01 9.004306e-01 
9.123363e-01 9.242257e-01 9.360976e-01 9.479514e-01 9.597862e-01 
9.716010e-01 9.833950e-01 9.951666e-01 1.006915e+00 1.018638e+00 
1.030335e+00 1.042004e+00 1.053643e+00 1.065250e+00 1.076821e+00 
1.088355e+00 1.099846e+00 1.111294e+00 1.122694e+00 1.134040e+00 
1.145325e+00 1.156559e+00 1.167767e+00 1.178952e+00 1.190042e+00 
1.200943e+00 
@R RTOR 101 []
4.760996e+00 4.760974e+00 4.760908e+00 4.760798e+00 4.760644e+00 
4.760447e+00 4.760206e+00 4.759922e+00 4.759594e+00 4.759224e+00 
4.758811e+00 4.758356e+00 4.757858e+00 4.757320e+00 4.756740e+00 
4.756119e+00 4.755458e+00 4.754757e+00 4.754017e+00 4.753238e+00 
4.752420e+00 4.751565e+00 4.750672e+00 4.749743e+00 4.748777e+00 
4.747775e+00 4.746738e+00 4.745666e+00 4.744560e+00 4.743420e+00 
4.742247e+00 4.741041e+00 4.739803e+00 4.738533e+00 4.737230e+00 
4.735896e+00 4.734530e+00 4.733133e+00 4.731704e+00 4.730244e+00 
4.728753e+00 4.727231e+00 4.725678e+00 4.724094e+00 4.722479e+00 
4.720832e+00 4.719155e+00 4.717447e+00 4.715707e+00 4.713936e+00 
4.712134e+00 4.710301e+00 4.708435e+00 4.706539e+00 4.704610e+00 
4.702649e+00 4.700657e+00 4.698632e+00 4.696574e+00 4.694484e+00 
4.692360e+00 4.690204e+00 4.688014e+00 4.685790e+00 4.683532e+00 
4.681240e+00 4.678913e+00 4.676551e+00 4.674153e+00 4.671720e+00 
4.669250e+00 4.666744e+00 4.664201e+00 4.661620e+00 4.659000e+00 
4.656343e+00 4.653646e+00 4.650909e+00 4.648132e+00 4.645314e+00 
4.642454e+00 4.639553e+00 4.636608e+00 4.633619e+00 4.630587e+00 
4.627509e+00 4.624386e+00 4.621217e+00 4.618001e+00 4.614736e+00 
4.611423e+00 4.608061e+00 4.604650e+00 4.601188e+00 4.597678e+00 
4.594121e+00 4.590497e+00 4.586765e+00 4.582908e+00 4.578980e+00 
4.575043e+00 
@R SHIFT 101 []
2.109963e-01 2.109740e-01 2.109077e-01 2.107979e-01 2.106442e-01 
2.104467e-01 2.102058e-01 2.099215e-01 2.095940e-01 2.092237e-01 
2.088108e-01 2.083555e-01 2.078584e-01 2.073197e-01 2.067398e-01 
2.061192e-01 2.054582e-01 2.047573e-01 2.040170e-01 2.032379e-01 
2.024204e-01 2.015650e-01 2.006722e-01 1.997426e-01 1.987768e-01 
1.977751e-01 1.967381e-01 1.956662e-01 1.945602e-01 1.934204e-01 
1.922473e-01 1.910415e-01 1.898031e-01 1.885326e-01 1.872300e-01 
1.858957e-01 1.845298e-01 1.831325e-01 1.817040e-01 1.802441e-01 
1.787531e-01 1.772311e-01 1.756779e-01 1.740938e-01 1.724786e-01 
1.708324e-01 1.691551e-01 1.674467e-01 1.657071e-01 1.639363e-01 
1.621341e-01 1.603005e-01 1.584354e-01 1.565386e-01 1.546100e-01 
1.526494e-01 1.506566e-01 1.486316e-01 1.465740e-01 1.444836e-01 
1.423603e-01 1.402038e-01 1.380137e-01 1.357899e-01 1.335320e-01 
1.312398e-01 1.289128e-01 1.265507e-01 1.241532e-01 1.217199e-01 
1.192503e-01 1.167440e-01 1.142006e-01 1.116196e-01 1.090005e-01 
1.063426e-01 1.036456e-01 1.009089e-01 9.813194e-02 9.531397e-02 
9.245440e-02 8.955253e-02 8.660773e-02 8.361936e-02 8.058679e-02 
7.750938e-02 7.438642e-02 7.121714e-02 6.800062e-02 6.473613e-02 
6.142315e-02 5.806130e-02 5.464966e-02 5.118780e-02 4.767799e-02 
4.412149e-02 4.049697e-02 3.676479e-02 3.290801e-02 2.898009e-02 
2.504312e-02 
@R ELONG 101 []
1.320956e+00 1.320944e+00 1.320909e+00 1.320881e+00 1.320853e+00 
1.320830e+00 1.320799e+00 1.320761e+00 1.320720e+00 1.320674e+00 
1.320625e+00 1.320573e+00 1.320516e+00 1.320457e+00 1.320397e+00 
1.320335e+00 1.320270e+00 1.320206e+00 1.320142e+00 1.320078e+00 
1.320015e+00 1.319954e+00 1.319896e+00 1.319840e+00 1.319789e+00 
1.319741e+00 1.319699e+00 1.319663e+00 1.319632e+00 1.319608e+00 
1.319592e+00 1.319584e+00 1.319585e+00 1.319595e+00 1.319614e+00 
1.319643e+00 1.319682e+00 1.319731e+00 1.319791e+00 1.319862e+00 
1.319944e+00 1.320038e+00 1.320144e+00 1.320262e+00 1.320393e+00 
1.320537e+00 1.320695e+00 1.320866e+00 1.321052e+00 1.321252e+00 
1.321467e+00 1.321699e+00 1.321946e+00 1.322210e+00 1.322492e+00 
1.322792e+00 1.323110e+00 1.323448e+00 1.323806e+00 1.324185e+00 
1.324585e+00 1.325009e+00 1.325456e+00 1.325929e+00 1.326427e+00 
1.326953e+00 1.327507e+00 1.328092e+00 1.328708e+00 1.329358e+00 
1.330043e+00 1.330765e+00 1.331527e+00 1.332330e+00 1.333179e+00 
1.334075e+00 1.335021e+00 1.336022e+00 1.337082e+00 1.338204e+00 
1.339394e+00 1.340657e+00 1.341999e+00 1.343428e+00 1.344952e+00 
1.346580e+00 1.348322e+00 1.350191e+00 1.352201e+00 1.354367e+00 
1.356709e+00 1.359252e+00 1.362025e+00 1.365076e+00 1.368458e+00 
1.372206e+00 1.376301e+00 1.380701e+00 1.385479e+00 1.390970e+00 
1.397675e+00 
@R TRIAG 101 []
0.000000e+00 2.979226e-02 2.759448e-02 2.540265e-02 2.319761e-02 
2.098005e-02 1.875383e-02 1.651547e-02 1.426427e-02 1.200084e-02 
9.723072e-03 7.429873e-03 5.121409e-03 2.795812e-03 4.514411e-04 
-1.911776e-03 -4.295201e-03 -6.699394e-03 -9.125342e-03 -1.157357e-02 
-1.404533e-02 -1.654122e-02 -1.906184e-02 -2.160826e-02 -2.418107e-02 
-2.678115e-02 -2.940966e-02 -3.206739e-02 -3.475512e-02 -3.747363e-02 
-4.022329e-02 -4.300468e-02 -4.581882e-02 -4.866654e-02 -5.154829e-02 
-5.446469e-02 -5.741656e-02 -6.040462e-02 -6.342961e-02 -6.649261e-02 
-6.959452e-02 -7.273617e-02 -7.591876e-02 -7.914337e-02 -8.241089e-02 
-8.572300e-02 -8.908060e-02 -9.248517e-02 -9.593801e-02 -9.944081e-02 
-1.029950e-01 -1.066023e-01 -1.102644e-01 -1.139837e-01 -1.177627e-01 
-1.216043e-01 -1.255107e-01 -1.294841e-01 -1.335270e-01 -1.376418e-01 
-1.418311e-01 -1.460980e-01 -1.504454e-01 -1.548764e-01 -1.593944e-01 
-1.640033e-01 -1.687070e-01 -1.735095e-01 -1.784155e-01 -1.834302e-01 
-1.885590e-01 -1.938077e-01 -1.991830e-01 -2.046924e-01 -2.103437e-01 
-2.161458e-01 -2.221085e-01 -2.282432e-01 -2.345629e-01 -2.410817e-01 
-2.478139e-01 -2.547742e-01 -2.619769e-01 -2.694383e-01 -2.771782e-01 
-2.852235e-01 -2.936108e-01 -3.023802e-01 -3.115763e-01 -3.212326e-01 
-3.313875e-01 -3.421188e-01 -3.535636e-01 -3.659187e-01 -3.792552e-01 
-3.935633e-01 -4.089413e-01 -4.255172e-01 -4.431753e-01 -4.621555e-01 
-4.840577e-01 
