@R INFLAG 1 []
1.000000e+00 
@R IP 1 []
1.000000e+01 
@R BCENTR 1 []
1.100000e+01 
@R RMAJOR 1 []
4.550000e+00 
@R AMINOR 1 []
1.200943e+00 
@R ELONGB 1 []
1.397675e+00 
@R TRIANB 1 []
-4.840577e-01 
@R AMAIN 1 []
2.500000e+00 
@R ZMAIN 1 []
1.000000e+00 
@R AIMP 1 []
8.300000e+01 
@R ZIMP 1 []
3.600000e+01 
@R RHO 101 []
0.000000e+00 1.000000e-02 2.000000e-02 3.000000e-02 4.000000e-02 
5.000000e-02 6.000000e-02 7.000000e-02 8.000000e-02 9.000000e-02 
1.000000e-01 1.100000e-01 1.200000e-01 1.300000e-01 1.400000e-01 
1.500000e-01 1.600000e-01 1.700000e-01 1.800000e-01 1.900000e-01 
2.000000e-01 2.100000e-01 2.200000e-01 2.300000e-01 2.400000e-01 
2.500000e-01 2.600000e-01 2.700000e-01 2.800000e-01 2.900000e-01 
3.000000e-01 3.100000e-01 3.200000e-01 3.300000e-01 3.400000e-01 
3.500000e-01 3.600000e-01 3.700000e-01 3.800000e-01 3.900000e-01 
4.000000e-01 4.100000e-01 4.200000e-01 4.300000e-01 4.400000e-01 
4.500000e-01 4.600000e-01 4.700000e-01 4.800000e-01 4.900000e-01 
5.000000e-01 5.100000e-01 5.200000e-01 5.300000e-01 5.400000e-01 
5.500000e-01 5.600000e-01 5.700000e-01 5.800000e-01 5.900000e-01 
6.000000e-01 6.100000e-01 6.200000e-01 6.300000e-01 6.400000e-01 
6.500000e-01 6.600000e-01 6.700000e-01 6.800000e-01 6.900000e-01 
7.000000e-01 7.100000e-01 7.200000e-01 7.300000e-01 7.400000e-01 
7.500000e-01 7.600000e-01 7.700000e-01 7.800000e-01 7.900000e-01 
8.000000e-01 8.100000e-01 8.200000e-01 8.300000e-01 8.400000e-01 
8.500000e-01 8.600000e-01 8.700000e-01 8.800000e-01 8.900000e-01 
9.000000e-01 9.100000e-01 9.200000e-01 9.300000e-01 9.400000e-01 
9.500000e-01 9.600000e-01 9.700000e-01 9.800000e-01 9.900000e-01 
1.000000e+00 
@R ENE 101 []
2.762589e+01 2.762589e+01 2.757565e+01 2.752191e+01 2.746472e+01 
2.740411e+01 2.734013e+01 2.727282e+01 2.720224e+01 2.712842e+01 
2.705141e+01 2.697125e+01 2.688798e+01 2.680166e+01 2.671232e+01 
2.662001e+01 2.652478e+01 2.642666e+01 2.632570e+01 2.622195e+01 
2.611545e+01 2.600625e+01 2.589439e+01 2.577990e+01 2.566285e+01 
2.554327e+01 2.542120e+01 2.529669e+01 2.516979e+01 2.504054e+01 
2.490898e+01 2.477516e+01 2.463912e+01 2.450090e+01 2.436056e+01 
2.421813e+01 2.407365e+01 2.392719e+01 2.377876e+01 2.362843e+01 
2.347624e+01 2.332222e+01 2.316643e+01 2.300891e+01 2.284970e+01 
2.268885e+01 2.252640e+01 2.236239e+01 2.219688e+01 2.202990e+01 
2.186149e+01 2.169171e+01 2.152060e+01 2.134820e+01 2.117455e+01 
2.099970e+01 2.082369e+01 2.064658e+01 2.046839e+01 2.028919e+01 
2.010900e+01 1.992788e+01 1.974587e+01 1.956301e+01 1.937935e+01 
1.919493e+01 1.900980e+01 1.882400e+01 1.863757e+01 1.845056e+01 
1.826302e+01 1.807498e+01 1.788650e+01 1.769761e+01 1.750836e+01 
1.731880e+01 1.712897e+01 1.693891e+01 1.674866e+01 1.655828e+01 
1.636780e+01 1.617727e+01 1.598673e+01 1.579621e+01 1.560574e+01 
1.541533e+01 1.522493e+01 1.503440e+01 1.484341e+01 1.465115e+01 
1.445585e+01 1.425367e+01 1.403646e+01 1.378731e+01 1.347289e+01 
1.303438e+01 1.239255e+01 1.150685e+01 1.048974e+01 9.595754e+00 
8.994727e+00 
@R TE 101 []
1.881354e+01 1.881354e+01 1.873889e+01 1.865814e+01 1.857140e+01 
1.847881e+01 1.838049e+01 1.827656e+01 1.816716e+01 1.805241e+01 
1.793243e+01 1.780736e+01 1.767733e+01 1.754245e+01 1.740285e+01 
1.725867e+01 1.711002e+01 1.695704e+01 1.679985e+01 1.663858e+01 
1.647335e+01 1.630430e+01 1.613155e+01 1.595522e+01 1.577544e+01 
1.559235e+01 1.540606e+01 1.521670e+01 1.502440e+01 1.482929e+01 
1.463149e+01 1.443113e+01 1.422834e+01 1.402325e+01 1.381597e+01 
1.360664e+01 1.339538e+01 1.318233e+01 1.296760e+01 1.275133e+01 
1.253363e+01 1.231465e+01 1.209450e+01 1.187331e+01 1.165121e+01 
1.142832e+01 1.120478e+01 1.098070e+01 1.075622e+01 1.053147e+01 
1.030656e+01 1.008162e+01 9.856794e+00 9.632192e+00 9.407947e+00 
9.184185e+00 8.961032e+00 8.738615e+00 8.517062e+00 8.296499e+00 
8.077052e+00 7.858849e+00 7.642017e+00 7.426681e+00 7.212969e+00 
7.001008e+00 6.790925e+00 6.582846e+00 6.376897e+00 6.173207e+00 
5.971901e+00 5.773107e+00 5.576950e+00 5.383559e+00 5.193059e+00 
5.005578e+00 4.821242e+00 4.640179e+00 4.462514e+00 4.288375e+00 
4.117888e+00 3.951180e+00 3.788379e+00 3.629609e+00 3.474999e+00 
3.324674e+00 3.178756e+00 3.037365e+00 2.900603e+00 2.768532e+00 
2.641098e+00 2.517932e+00 2.397805e+00 2.277149e+00 2.146230e+00 
1.980270e+00 1.725990e+00 1.315282e+00 7.838897e-01 3.389295e-01 
9.741752e-02 
@R TI 101 []
1.901366e+01 1.901366e+01 1.893812e+01 1.885639e+01 1.876861e+01 
1.867490e+01 1.857539e+01 1.847021e+01 1.835949e+01 1.824335e+01 
1.812193e+01 1.799535e+01 1.786373e+01 1.772722e+01 1.758594e+01 
1.744001e+01 1.728956e+01 1.713473e+01 1.697563e+01 1.681241e+01 
1.664518e+01 1.647408e+01 1.629923e+01 1.612076e+01 1.593881e+01 
1.575349e+01 1.556494e+01 1.537329e+01 1.517866e+01 1.498118e+01 
1.478098e+01 1.457819e+01 1.437294e+01 1.416536e+01 1.395556e+01 
1.374369e+01 1.352987e+01 1.331423e+01 1.309690e+01 1.287800e+01 
1.265767e+01 1.243603e+01 1.221321e+01 1.198933e+01 1.176454e+01 
1.153895e+01 1.131269e+01 1.108590e+01 1.085870e+01 1.063121e+01 
1.040357e+01 1.017591e+01 9.948355e+00 9.721030e+00 9.494065e+00 
9.267589e+00 9.041731e+00 8.816617e+00 8.592378e+00 8.369141e+00 
8.147035e+00 7.926188e+00 7.706727e+00 7.488783e+00 7.272482e+00 
7.057954e+00 6.845326e+00 6.634727e+00 6.426285e+00 6.220129e+00 
6.016387e+00 5.815187e+00 5.616658e+00 5.420928e+00 5.228125e+00 
5.038377e+00 4.851814e+00 4.668562e+00 4.488752e+00 4.312510e+00 
4.139966e+00 3.971247e+00 3.806482e+00 3.645800e+00 3.489327e+00 
3.337191e+00 3.189518e+00 3.046428e+00 2.908026e+00 2.774376e+00 
2.645432e+00 2.520839e+00 2.399397e+00 2.277607e+00 2.145870e+00 
1.979640e+00 1.725798e+00 1.315671e+00 7.839587e-01 3.386340e-01 
9.758685e-02 
@R OMEGA 101 []
4.992502e+03 4.992502e+03 4.978802e+03 4.961080e+03 4.940120e+03 
4.916382e+03 4.890179e+03 4.861743e+03 4.831258e+03 4.798873e+03 
4.764714e+03 4.728889e+03 4.691494e+03 4.652611e+03 4.612317e+03 
4.570680e+03 4.527764e+03 4.483626e+03 4.438322e+03 4.391901e+03 
4.344411e+03 4.295898e+03 4.246404e+03 4.195970e+03 4.144635e+03 
4.092438e+03 4.039413e+03 3.985597e+03 3.931022e+03 3.875722e+03 
3.819729e+03 3.763074e+03 3.705787e+03 3.647899e+03 3.589439e+03 
3.530435e+03 3.470916e+03 3.410910e+03 3.350445e+03 3.289547e+03 
3.228244e+03 3.166564e+03 3.104531e+03 3.042174e+03 2.979518e+03 
2.916589e+03 2.853414e+03 2.790019e+03 2.726431e+03 2.662674e+03 
2.598777e+03 2.534765e+03 2.470664e+03 2.406501e+03 2.342304e+03 
2.278099e+03 2.213913e+03 2.149775e+03 2.085711e+03 2.021750e+03 
1.957922e+03 1.894253e+03 1.830775e+03 1.767518e+03 1.704511e+03 
1.641786e+03 1.579374e+03 1.517309e+03 1.455623e+03 1.394351e+03 
1.333528e+03 1.273190e+03 1.213373e+03 1.154118e+03 1.095462e+03 
1.037449e+03 9.801196e+02 9.235197e+02 8.676957e+02 8.126966e+02 
7.585737e+02 7.053813e+02 6.531766e+02 6.020207e+02 5.519785e+02 
5.031198e+02 4.555197e+02 4.092600e+02 3.644299e+02 3.211277e+02 
2.794630e+02 2.395592e+02 2.015571e+02 1.656204e+02 1.319431e+02 
1.007622e+02 7.237776e+01 4.719105e+01 2.578550e+01 9.151105e+00 
-3.154810e-12 
@R ZEFF 101 []
2.433436e+00 2.433436e+00 2.432532e+00 2.431552e+00 2.430497e+00 
2.429369e+00 2.428167e+00 2.426891e+00 2.425543e+00 2.424122e+00 
2.422630e+00 2.421065e+00 2.419429e+00 2.417723e+00 2.415946e+00 
2.414098e+00 2.412182e+00 2.410196e+00 2.408142e+00 2.406020e+00 
2.403831e+00 2.401576e+00 2.399255e+00 2.396870e+00 2.394421e+00 
2.391910e+00 2.389338e+00 2.386707e+00 2.384018e+00 2.381273e+00 
2.378474e+00 2.375623e+00 2.372722e+00 2.369774e+00 2.366782e+00 
2.363749e+00 2.360678e+00 2.357572e+00 2.354437e+00 2.351274e+00 
2.348090e+00 2.344888e+00 2.341674e+00 2.338453e+00 2.335230e+00 
2.332010e+00 2.328801e+00 2.325608e+00 2.322438e+00 2.319297e+00 
2.316191e+00 2.313128e+00 2.310114e+00 2.307156e+00 2.304260e+00 
2.301433e+00 2.298682e+00 2.296012e+00 2.293429e+00 2.290938e+00 
2.288544e+00 2.286251e+00 2.284062e+00 2.281981e+00 2.280009e+00 
2.278149e+00 2.276400e+00 2.274764e+00 2.273239e+00 2.271823e+00 
2.270516e+00 2.269313e+00 2.268212e+00 2.267210e+00 2.266300e+00 
2.265480e+00 2.264744e+00 2.264087e+00 2.263503e+00 2.262987e+00 
2.262534e+00 2.262138e+00 2.261794e+00 2.261497e+00 2.261242e+00 
2.261025e+00 2.260841e+00 2.260686e+00 2.260557e+00 2.260449e+00 
2.260360e+00 2.260287e+00 2.260226e+00 2.260175e+00 2.260129e+00 
2.260085e+00 2.260041e+00 2.260009e+00 2.260000e+00 2.260000e+00 
2.260000e+00 
@R CURPAR 101 []
3.057953e+00 3.057953e+00 3.057387e+00 3.055957e+00 3.053930e+00 
3.051316e+00 3.048119e+00 3.044341e+00 3.039982e+00 3.035041e+00 
3.029519e+00 3.023416e+00 3.016732e+00 3.009467e+00 3.001620e+00 
2.993192e+00 2.984183e+00 2.974592e+00 2.964420e+00 2.953667e+00 
2.942333e+00 2.930418e+00 2.917921e+00 2.904843e+00 2.891184e+00 
2.876944e+00 2.862122e+00 2.846719e+00 2.830735e+00 2.814170e+00 
2.797023e+00 2.779295e+00 2.760986e+00 2.742096e+00 2.722624e+00 
2.702571e+00 2.681937e+00 2.660722e+00 2.638926e+00 2.616548e+00 
2.593589e+00 2.570048e+00 2.545927e+00 2.521224e+00 2.495940e+00 
2.470075e+00 2.443629e+00 2.416601e+00 2.388992e+00 2.360802e+00 
2.332030e+00 2.302678e+00 2.272744e+00 2.242229e+00 2.211132e+00 
2.179455e+00 2.147196e+00 2.114356e+00 2.080934e+00 2.046932e+00 
2.012348e+00 1.977183e+00 1.941436e+00 1.905109e+00 1.868200e+00 
1.830710e+00 1.792639e+00 1.753986e+00 1.714752e+00 1.674937e+00 
1.634541e+00 1.593564e+00 1.552005e+00 1.509865e+00 1.467144e+00 
1.423841e+00 1.379958e+00 1.335493e+00 1.290447e+00 1.244819e+00 
1.198611e+00 1.151821e+00 1.104450e+00 1.056497e+00 1.007964e+00 
9.588487e-01 9.091526e-01 8.588752e-01 8.080166e-01 7.565768e-01 
7.045558e-01 6.519535e-01 5.987699e-01 5.450051e-01 4.906591e-01 
4.357318e-01 3.802233e-01 3.245877e-01 2.720035e-01 2.315528e-01 
2.159501e-01 
@R CURBEAM 101 []
0.000000e+00 0.000000e+00 0.000000e+00 0.000000e+00 0.000000e+00 
0.000000e+00 0.000000e+00 0.000000e+00 0.000000e+00 0.000000e+00 
0.000000e+00 0.000000e+00 0.000000e+00 0.000000e+00 0.000000e+00 
0.000000e+00 0.000000e+00 0.000000e+00 0.000000e+00 0.000000e+00 
0.000000e+00 0.000000e+00 0.000000e+00 0.000000e+00 0.000000e+00 
0.000000e+00 0.000000e+00 0.000000e+00 0.000000e+00 0.000000e+00 
0.000000e+00 0.000000e+00 0.000000e+00 0.000000e+00 0.000000e+00 
0.000000e+00 0.000000e+00 0.000000e+00 0.000000e+00 0.000000e+00 
0.000000e+00 0.000000e+00 0.000000e+00 0.000000e+00 0.000000e+00 
0.000000e+00 0.000000e+00 0.000000e+00 0.000000e+00 0.000000e+00 
0.000000e+00 0.000000e+00 0.000000e+00 0.000000e+00 0.000000e+00 
0.000000e+00 0.000000e+00 0.000000e+00 0.000000e+00 0.000000e+00 
0.000000e+00 0.000000e+00 0.000000e+00 0.000000e+00 0.000000e+00 
0.000000e+00 0.000000e+00 0.000000e+00 0.000000e+00 0.000000e+00 
0.000000e+00 0.000000e+00 0.000000e+00 0.000000e+00 0.000000e+00 
0.000000e+00 0.000000e+00 0.000000e+00 0.000000e+00 0.000000e+00 
0.000000e+00 0.000000e+00 0.000000e+00 0.000000e+00 0.000000e+00 
0.000000e+00 0.000000e+00 0.000000e+00 0.000000e+00 0.000000e+00 
0.000000e+00 0.000000e+00 0.000000e+00 0.000000e+00 0.000000e+00 
0.000000e+00 0.000000e+00 0.000000e+00 0.000000e+00 0.000000e+00 
0.000000e+00 
@R CURRF 101 []
0.000000e+00 0.000000e+00 0.000000e+00 0.000000e+00 0.000000e+00 
0.000000e+00 0.000000e+00 0.000000e+00 0.000000e+00 0.000000e+00 
0.000000e+00 0.000000e+00 0.000000e+00 0.000000e+00 0.000000e+00 
0.000000e+00 0.000000e+00 0.000000e+00 0.000000e+00 0.000000e+00 
0.000000e+00 0.000000e+00 0.000000e+00 0.000000e+00 0.000000e+00 
0.000000e+00 0.000000e+00 0.000000e+00 0.000000e+00 0.000000e+00 
0.000000e+00 0.000000e+00 0.000000e+00 0.000000e+00 0.000000e+00 
0.000000e+00 0.000000e+00 0.000000e+00 0.000000e+00 0.000000e+00 
0.000000e+00 0.000000e+00 0.000000e+00 0.000000e+00 0.000000e+00 
0.000000e+00 0.000000e+00 0.000000e+00 0.000000e+00 0.000000e+00 
0.000000e+00 0.000000e+00 0.000000e+00 0.000000e+00 0.000000e+00 
0.000000e+00 0.000000e+00 0.000000e+00 0.000000e+00 0.000000e+00 
0.000000e+00 0.000000e+00 0.000000e+00 0.000000e+00 0.000000e+00 
0.000000e+00 0.000000e+00 0.000000e+00 0.000000e+00 0.000000e+00 
0.000000e+00 0.000000e+00 0.000000e+00 0.000000e+00 0.000000e+00 
0.000000e+00 0.000000e+00 0.000000e+00 0.000000e+00 0.000000e+00 
0.000000e+00 0.000000e+00 0.000000e+00 0.000000e+00 0.000000e+00 
0.000000e+00 0.000000e+00 0.000000e+00 0.000000e+00 0.000000e+00 
0.000000e+00 0.000000e+00 0.000000e+00 0.000000e+00 0.000000e+00 
0.000000e+00 0.000000e+00 0.000000e+00 0.000000e+00 0.000000e+00 
0.000000e+00 
@R Q 101 []
1.164510e+00 1.164588e+00 1.164821e+00 1.165210e+00 1.165756e+00 
1.166459e+00 1.167320e+00 1.168340e+00 1.169520e+00 1.170860e+00 
1.172360e+00 1.174019e+00 1.175836e+00 1.177814e+00 1.179953e+00 
1.182252e+00 1.184714e+00 1.187339e+00 1.190129e+00 1.193082e+00 
1.196200e+00 1.199488e+00 1.202944e+00 1.206568e+00 1.210364e+00 
1.214334e+00 1.218480e+00 1.222803e+00 1.227306e+00 1.231991e+00 
1.236862e+00 1.241921e+00 1.247171e+00 1.252618e+00 1.258265e+00 
1.264116e+00 1.270174e+00 1.276445e+00 1.282935e+00 1.289647e+00 
1.296586e+00 1.303760e+00 1.311173e+00 1.318833e+00 1.326744e+00 
1.334915e+00 1.343352e+00 1.352064e+00 1.361057e+00 1.370341e+00 
1.379924e+00 1.389817e+00 1.400027e+00 1.410567e+00 1.421446e+00 
1.432678e+00 1.444272e+00 1.456242e+00 1.468602e+00 1.481367e+00 
1.494551e+00 1.508170e+00 1.522242e+00 1.536784e+00 1.551816e+00 
1.567357e+00 1.583430e+00 1.600058e+00 1.617266e+00 1.635079e+00 
1.653526e+00 1.672638e+00 1.692447e+00 1.712987e+00 1.734297e+00 
1.756418e+00 1.779394e+00 1.803272e+00 1.828106e+00 1.853953e+00 
1.880877e+00 1.908947e+00 1.938240e+00 1.968842e+00 2.000848e+00 
2.034365e+00 2.069513e+00 2.106430e+00 2.145278e+00 2.186236e+00 
2.229553e+00 2.275537e+00 2.324531e+00 2.376877e+00 2.432855e+00 
2.492591e+00 2.556498e+00 2.625077e+00 2.700049e+00 2.786228e+00 
2.893638e+00 
@R QBEAME 101 []
0.000000e+00 0.000000e+00 0.000000e+00 0.000000e+00 0.000000e+00 
0.000000e+00 0.000000e+00 0.000000e+00 0.000000e+00 0.000000e+00 
0.000000e+00 0.000000e+00 0.000000e+00 0.000000e+00 0.000000e+00 
0.000000e+00 0.000000e+00 0.000000e+00 0.000000e+00 0.000000e+00 
0.000000e+00 0.000000e+00 0.000000e+00 0.000000e+00 0.000000e+00 
0.000000e+00 0.000000e+00 0.000000e+00 0.000000e+00 0.000000e+00 
0.000000e+00 0.000000e+00 0.000000e+00 0.000000e+00 0.000000e+00 
0.000000e+00 0.000000e+00 0.000000e+00 0.000000e+00 0.000000e+00 
0.000000e+00 0.000000e+00 0.000000e+00 0.000000e+00 0.000000e+00 
0.000000e+00 0.000000e+00 0.000000e+00 0.000000e+00 0.000000e+00 
0.000000e+00 0.000000e+00 0.000000e+00 0.000000e+00 0.000000e+00 
0.000000e+00 0.000000e+00 0.000000e+00 0.000000e+00 0.000000e+00 
0.000000e+00 0.000000e+00 0.000000e+00 0.000000e+00 0.000000e+00 
0.000000e+00 0.000000e+00 0.000000e+00 0.000000e+00 0.000000e+00 
0.000000e+00 0.000000e+00 0.000000e+00 0.000000e+00 0.000000e+00 
0.000000e+00 0.000000e+00 0.000000e+00 0.000000e+00 0.000000e+00 
0.000000e+00 0.000000e+00 0.000000e+00 0.000000e+00 0.000000e+00 
0.000000e+00 0.000000e+00 0.000000e+00 0.000000e+00 0.000000e+00 
0.000000e+00 0.000000e+00 0.000000e+00 0.000000e+00 0.000000e+00 
0.000000e+00 0.000000e+00 0.000000e+00 0.000000e+00 0.000000e+00 
0.000000e+00 
@R QBEAMI 101 []
0.000000e+00 0.000000e+00 0.000000e+00 0.000000e+00 0.000000e+00 
0.000000e+00 0.000000e+00 0.000000e+00 0.000000e+00 0.000000e+00 
0.000000e+00 0.000000e+00 0.000000e+00 0.000000e+00 0.000000e+00 
0.000000e+00 0.000000e+00 0.000000e+00 0.000000e+00 0.000000e+00 
0.000000e+00 0.000000e+00 0.000000e+00 0.000000e+00 0.000000e+00 
0.000000e+00 0.000000e+00 0.000000e+00 0.000000e+00 0.000000e+00 
0.000000e+00 0.000000e+00 0.000000e+00 0.000000e+00 0.000000e+00 
0.000000e+00 0.000000e+00 0.000000e+00 0.000000e+00 0.000000e+00 
0.000000e+00 0.000000e+00 0.000000e+00 0.000000e+00 0.000000e+00 
0.000000e+00 0.000000e+00 0.000000e+00 0.000000e+00 0.000000e+00 
0.000000e+00 0.000000e+00 0.000000e+00 0.000000e+00 0.000000e+00 
0.000000e+00 0.000000e+00 0.000000e+00 0.000000e+00 0.000000e+00 
0.000000e+00 0.000000e+00 0.000000e+00 0.000000e+00 0.000000e+00 
0.000000e+00 0.000000e+00 0.000000e+00 0.000000e+00 0.000000e+00 
0.000000e+00 0.000000e+00 0.000000e+00 0.000000e+00 0.000000e+00 
0.000000e+00 0.000000e+00 0.000000e+00 0.000000e+00 0.000000e+00 
0.000000e+00 0.000000e+00 0.000000e+00 0.000000e+00 0.000000e+00 
0.000000e+00 0.000000e+00 0.000000e+00 0.000000e+00 0.000000e+00 
0.000000e+00 0.000000e+00 0.000000e+00 0.000000e+00 0.000000e+00 
0.000000e+00 0.000000e+00 0.000000e+00 0.000000e+00 0.000000e+00 
0.000000e+00 
@R QRFE 101 []
-1.846318e-02 -1.530219e-02 -1.062180e-02 -4.116432e-03 4.159068e-02 
1.482540e-01 2.322409e-01 3.014738e-01 5.441349e-01 8.461107e-01 
9.066925e-01 7.904671e-01 6.773308e-01 6.070339e-01 5.382907e-01 
4.404989e-01 3.599838e-01 3.110286e-01 2.691143e-01 2.269626e-01 
1.875706e-01 1.580482e-01 1.356363e-01 1.116921e-01 8.900256e-02 
7.392369e-02 6.518736e-02 5.498123e-02 4.053407e-02 2.873725e-02 
2.279622e-02 1.801276e-02 1.183590e-02 7.153492e-03 5.318288e-03 
3.348664e-03 -2.507061e-04 -3.205908e-03 -4.070852e-03 -4.420900e-03 
-5.543151e-03 -6.373580e-03 -6.415423e-03 -7.006124e-03 -8.348374e-03 
-9.049563e-03 -8.598107e-03 -7.927923e-03 -7.807424e-03 -7.816958e-03 
-7.445991e-03 -6.932634e-03 -6.568052e-03 -6.087063e-03 -4.942115e-03 
-3.522518e-03 -2.604010e-03 -2.018484e-03 -1.408393e-03 -4.282478e-04 
1.009220e-03 2.490752e-03 3.863213e-03 5.234201e-03 6.714570e-03 
8.330245e-03 9.953807e-03 1.141068e-02 1.273570e-02 1.408779e-02 
1.548417e-02 1.683349e-02 1.804344e-02 1.909623e-02 2.009690e-02 
2.106286e-02 2.176117e-02 2.211209e-02 2.230043e-02 2.000484e-02 
1.299747e-02 5.418207e-03 1.583063e-03 4.959206e-04 2.777173e-04 
2.746742e-04 2.676394e-04 2.068722e-04 1.483473e-04 1.283894e-04 
1.333136e-04 1.307360e-04 1.208222e-04 1.153477e-04 1.072805e-04 
9.109356e-05 7.373645e-05 6.695499e-05 8.142342e-05 1.198267e-04 
1.444477e-04 
@R QRFI 101 []
3.332538e-02 3.335886e-02 3.566150e-02 4.759479e-02 1.164042e-01 
2.651644e-01 3.807060e-01 5.589536e-01 1.200814e+00 2.136885e+00 
2.786948e+00 3.148426e+00 3.437013e+00 3.632704e+00 3.558889e+00 
3.244208e+00 3.046696e+00 2.944056e+00 2.675531e+00 2.291448e+00 
1.933600e+00 1.635880e+00 1.338994e+00 1.021072e+00 7.523968e-01 
5.673983e-01 4.405678e-01 3.385907e-01 2.484546e-01 1.790715e-01 
1.331366e-01 1.079925e-01 1.008825e-01 1.033089e-01 1.072061e-01 
1.075453e-01 1.020997e-01 9.443131e-02 9.121363e-02 9.480930e-02 
1.011516e-01 1.050676e-01 1.030147e-01 9.148635e-02 7.428637e-02 
6.325301e-02 6.275922e-02 6.616997e-02 6.494161e-02 5.804870e-02 
5.021599e-02 4.473460e-02 4.135292e-02 3.920552e-02 4.015513e-02 
4.303916e-02 4.288939e-02 3.760233e-02 3.099938e-02 2.903932e-02 
3.054111e-02 3.066854e-02 2.700691e-02 2.045534e-02 1.539193e-02 
1.308268e-02 1.089125e-02 6.308259e-03 6.110538e-04 -2.952707e-03 
-4.557616e-03 -6.485978e-03 -9.735112e-03 -1.271879e-02 -1.381522e-02 
-1.341128e-02 -1.364563e-02 -1.553791e-02 -1.687280e-02 -1.389845e-02 
-6.027855e-03 7.640092e-04 2.954709e-03 3.230281e-03 3.602823e-03 
4.040387e-03 3.797872e-03 2.884186e-03 2.185793e-03 2.087243e-03 
2.242451e-03 2.206780e-03 2.074674e-03 2.054110e-03 1.971687e-03 
1.700115e-03 1.364265e-03 1.168608e-03 1.292571e-03 1.785869e-03 
2.116481e-03 
@R QRAD 101 []
-4.076038e-01 -4.076038e-01 -4.051655e-01 -4.025552e-01 -3.997774e-01 
-3.968371e-01 -3.937391e-01 -3.904886e-01 -3.870904e-01 -3.835497e-01 
-3.798716e-01 -3.760615e-01 -3.721244e-01 -3.680658e-01 -3.638908e-01 
-3.596049e-01 -3.552133e-01 -3.507215e-01 -3.461348e-01 -3.414585e-01 
-3.366981e-01 -3.318588e-01 -3.269461e-01 -3.219652e-01 -3.169214e-01 
-3.118200e-01 -3.066663e-01 -3.014653e-01 -2.962224e-01 -2.909425e-01 
-2.856308e-01 -2.802922e-01 -2.749317e-01 -2.695540e-01 -2.641641e-01 
-2.587667e-01 -2.533663e-01 -2.479675e-01 -2.425749e-01 -2.371927e-01 
-2.318253e-01 -2.264767e-01 -2.211512e-01 -2.158525e-01 -2.105846e-01 
-2.053512e-01 -2.001558e-01 -1.950019e-01 -1.898927e-01 -1.848316e-01 
-1.798214e-01 -1.748651e-01 -1.699653e-01 -1.651248e-01 -1.603458e-01 
-1.556307e-01 -1.509816e-01 -1.464004e-01 -1.418889e-01 -1.374487e-01 
-1.330813e-01 -1.287882e-01 -1.245704e-01 -1.204290e-01 -1.163650e-01 
-1.123792e-01 -1.084722e-01 -1.046447e-01 -1.008971e-01 -9.722988e-02 
-9.364326e-02 -9.013751e-02 -8.671283e-02 -8.336932e-02 -8.010706e-02 
-7.692608e-02 -7.382637e-02 -7.080790e-02 -6.787060e-02 -6.501439e-02 
-6.223915e-02 -5.954478e-02 -5.693110e-02 -5.439793e-02 -5.194500e-02 
-4.957193e-02 -4.727805e-02 -4.506214e-02 -4.292177e-02 -4.085201e-02 
-3.884253e-02 -3.687138e-02 -3.489190e-02 -3.280558e-02 -3.041188e-02 
-2.734123e-02 -2.307316e-02 -1.736533e-02 -1.114078e-02 -6.130161e-03 
-2.887709e-03 
@R QIONE 101 []
0.000000e+00 0.000000e+00 0.000000e+00 0.000000e+00 0.000000e+00 
0.000000e+00 0.000000e+00 0.000000e+00 0.000000e+00 0.000000e+00 
0.000000e+00 0.000000e+00 0.000000e+00 0.000000e+00 0.000000e+00 
0.000000e+00 0.000000e+00 0.000000e+00 0.000000e+00 0.000000e+00 
0.000000e+00 0.000000e+00 0.000000e+00 0.000000e+00 0.000000e+00 
0.000000e+00 0.000000e+00 0.000000e+00 0.000000e+00 0.000000e+00 
0.000000e+00 0.000000e+00 0.000000e+00 0.000000e+00 0.000000e+00 
0.000000e+00 0.000000e+00 0.000000e+00 0.000000e+00 0.000000e+00 
0.000000e+00 0.000000e+00 0.000000e+00 0.000000e+00 0.000000e+00 
0.000000e+00 0.000000e+00 0.000000e+00 0.000000e+00 0.000000e+00 
0.000000e+00 0.000000e+00 0.000000e+00 0.000000e+00 0.000000e+00 
0.000000e+00 0.000000e+00 0.000000e+00 0.000000e+00 0.000000e+00 
0.000000e+00 0.000000e+00 0.000000e+00 0.000000e+00 0.000000e+00 
0.000000e+00 0.000000e+00 0.000000e+00 0.000000e+00 0.000000e+00 
0.000000e+00 0.000000e+00 0.000000e+00 0.000000e+00 0.000000e+00 
0.000000e+00 0.000000e+00 0.000000e+00 0.000000e+00 0.000000e+00 
0.000000e+00 0.000000e+00 0.000000e+00 0.000000e+00 0.000000e+00 
0.000000e+00 0.000000e+00 0.000000e+00 0.000000e+00 0.000000e+00 
0.000000e+00 0.000000e+00 0.000000e+00 0.000000e+00 0.000000e+00 
0.000000e+00 0.000000e+00 0.000000e+00 0.000000e+00 0.000000e+00 
0.000000e+00 
@R QIONI 101 []
0.000000e+00 0.000000e+00 0.000000e+00 0.000000e+00 0.000000e+00 
0.000000e+00 0.000000e+00 0.000000e+00 0.000000e+00 0.000000e+00 
0.000000e+00 0.000000e+00 0.000000e+00 0.000000e+00 0.000000e+00 
0.000000e+00 0.000000e+00 0.000000e+00 0.000000e+00 0.000000e+00 
0.000000e+00 0.000000e+00 0.000000e+00 0.000000e+00 0.000000e+00 
0.000000e+00 0.000000e+00 0.000000e+00 0.000000e+00 0.000000e+00 
0.000000e+00 0.000000e+00 0.000000e+00 0.000000e+00 0.000000e+00 
0.000000e+00 0.000000e+00 0.000000e+00 0.000000e+00 0.000000e+00 
0.000000e+00 0.000000e+00 0.000000e+00 0.000000e+00 0.000000e+00 
0.000000e+00 0.000000e+00 0.000000e+00 0.000000e+00 0.000000e+00 
0.000000e+00 0.000000e+00 0.000000e+00 0.000000e+00 0.000000e+00 
0.000000e+00 0.000000e+00 0.000000e+00 0.000000e+00 0.000000e+00 
0.000000e+00 0.000000e+00 0.000000e+00 0.000000e+00 0.000000e+00 
0.000000e+00 0.000000e+00 0.000000e+00 0.000000e+00 0.000000e+00 
0.000000e+00 0.000000e+00 0.000000e+00 0.000000e+00 0.000000e+00 
0.000000e+00 0.000000e+00 0.000000e+00 0.000000e+00 0.000000e+00 
0.000000e+00 0.000000e+00 0.000000e+00 0.000000e+00 0.000000e+00 
0.000000e+00 0.000000e+00 0.000000e+00 0.000000e+00 0.000000e+00 
0.000000e+00 0.000000e+00 0.000000e+00 0.000000e+00 0.000000e+00 
0.000000e+00 0.000000e+00 0.000000e+00 0.000000e+00 0.000000e+00 
0.000000e+00 
@R QCX 101 []
0.000000e+00 0.000000e+00 0.000000e+00 0.000000e+00 0.000000e+00 
0.000000e+00 0.000000e+00 0.000000e+00 0.000000e+00 0.000000e+00 
0.000000e+00 0.000000e+00 0.000000e+00 0.000000e+00 0.000000e+00 
0.000000e+00 0.000000e+00 0.000000e+00 0.000000e+00 0.000000e+00 
0.000000e+00 0.000000e+00 0.000000e+00 0.000000e+00 0.000000e+00 
0.000000e+00 0.000000e+00 0.000000e+00 0.000000e+00 0.000000e+00 
0.000000e+00 0.000000e+00 0.000000e+00 0.000000e+00 0.000000e+00 
0.000000e+00 0.000000e+00 0.000000e+00 0.000000e+00 0.000000e+00 
0.000000e+00 0.000000e+00 0.000000e+00 0.000000e+00 0.000000e+00 
0.000000e+00 0.000000e+00 0.000000e+00 0.000000e+00 0.000000e+00 
0.000000e+00 0.000000e+00 0.000000e+00 0.000000e+00 0.000000e+00 
0.000000e+00 0.000000e+00 0.000000e+00 0.000000e+00 0.000000e+00 
0.000000e+00 0.000000e+00 0.000000e+00 0.000000e+00 0.000000e+00 
0.000000e+00 0.000000e+00 0.000000e+00 0.000000e+00 0.000000e+00 
0.000000e+00 0.000000e+00 0.000000e+00 0.000000e+00 0.000000e+00 
0.000000e+00 0.000000e+00 0.000000e+00 0.000000e+00 0.000000e+00 
0.000000e+00 0.000000e+00 0.000000e+00 0.000000e+00 0.000000e+00 
0.000000e+00 0.000000e+00 0.000000e+00 0.000000e+00 0.000000e+00 
0.000000e+00 0.000000e+00 0.000000e+00 0.000000e+00 0.000000e+00 
0.000000e+00 0.000000e+00 0.000000e+00 0.000000e+00 0.000000e+00 
0.000000e+00 
@R QTFUSE 101 []
1.851057e+00 1.851057e+00 1.840031e+00 1.828149e+00 1.815418e+00 
1.801847e+00 1.787443e+00 1.772214e+00 1.756167e+00 1.739310e+00 
1.721650e+00 1.703195e+00 1.683954e+00 1.663933e+00 1.643143e+00 
1.621592e+00 1.599290e+00 1.576247e+00 1.552474e+00 1.527983e+00 
1.502786e+00 1.476899e+00 1.450334e+00 1.423108e+00 1.395238e+00 
1.366743e+00 1.337644e+00 1.307961e+00 1.277719e+00 1.246942e+00 
1.215659e+00 1.183897e+00 1.151690e+00 1.119069e+00 1.086073e+00 
1.052738e+00 1.019106e+00 9.852202e-01 9.511267e-01 9.168737e-01 
8.825125e-01 8.480965e-01 8.136816e-01 7.793261e-01 7.450904e-01 
7.110369e-01 6.772296e-01 6.437341e-01 6.106170e-01 5.779457e-01 
5.457878e-01 5.142107e-01 4.832811e-01 4.530645e-01 4.236243e-01 
3.950214e-01 3.673136e-01 3.405548e-01 3.147945e-01 2.900768e-01 
2.664406e-01 2.439182e-01 2.225354e-01 2.023111e-01 1.832568e-01 
1.653767e-01 1.486674e-01 1.331183e-01 1.187118e-01 1.054232e-01 
9.322176e-02 8.207086e-02 7.192874e-02 6.274921e-02 5.448243e-02 
4.707566e-02 4.047408e-02 3.462157e-02 2.946146e-02 2.493724e-02 
2.099323e-02 1.757515e-02 1.463061e-02 1.210960e-02 9.964752e-03 
8.151665e-03 6.629053e-03 5.358845e-03 4.306179e-03 3.439285e-03 
2.729190e-03 2.149130e-03 1.673417e-03 1.275429e-03 9.250594e-04 
5.911638e-04 2.720475e-04 5.579247e-05 1.977258e-06 2.459426e-09 
1.874236e-15 
@R QTFUSI 101 []
8.146626e-01 8.146626e-01 8.071226e-01 7.990190e-01 7.903679e-01 
7.811854e-01 7.714883e-01 7.612933e-01 7.506178e-01 7.394792e-01 
7.278954e-01 7.158846e-01 7.034651e-01 6.906560e-01 6.774761e-01 
6.639452e-01 6.500829e-01 6.359094e-01 6.214453e-01 6.067113e-01 
5.917288e-01 5.765193e-01 5.611047e-01 5.455073e-01 5.297498e-01 
5.138552e-01 4.978469e-01 4.817485e-01 4.655840e-01 4.493778e-01 
4.331545e-01 4.169389e-01 4.007561e-01 3.846315e-01 3.685904e-01 
3.526586e-01 3.368614e-01 3.212247e-01 3.057739e-01 2.905343e-01 
2.755311e-01 2.607890e-01 2.463324e-01 2.321849e-01 2.183695e-01 
2.049084e-01 1.918228e-01 1.791328e-01 1.668570e-01 1.550128e-01 
1.436159e-01 1.326803e-01 1.222178e-01 1.122385e-01 1.027503e-01 
9.375841e-02 8.526610e-02 7.727394e-02 6.978008e-02 6.278013e-02 
5.626724e-02 5.023214e-02 4.466324e-02 3.954673e-02 3.486683e-02 
3.060589e-02 2.674468e-02 2.326264e-02 2.013811e-02 1.734864e-02 
1.487126e-02 1.268278e-02 1.076003e-02 9.080150e-03 7.620806e-03 
6.360405e-03 5.278279e-03 4.354835e-03 3.571672e-03 2.911671e-03 
2.359044e-03 1.899365e-03 1.519568e-03 1.207918e-03 9.539727e-04 
7.485152e-04 5.834830e-04 4.518821e-04 3.476936e-04 2.657743e-04 
2.017479e-04 1.518820e-04 1.129381e-04 8.198376e-05 5.622296e-05 
3.329357e-05 1.345866e-05 2.140410e-06 4.694546e-08 2.703667e-11 
6.660759e-18 
@R ENBEAM 101 []
0.000000e+00 0.000000e+00 0.000000e+00 0.000000e+00 0.000000e+00 
0.000000e+00 0.000000e+00 0.000000e+00 0.000000e+00 0.000000e+00 
0.000000e+00 0.000000e+00 0.000000e+00 0.000000e+00 0.000000e+00 
0.000000e+00 0.000000e+00 0.000000e+00 0.000000e+00 0.000000e+00 
0.000000e+00 0.000000e+00 0.000000e+00 0.000000e+00 0.000000e+00 
0.000000e+00 0.000000e+00 0.000000e+00 0.000000e+00 0.000000e+00 
0.000000e+00 0.000000e+00 0.000000e+00 0.000000e+00 0.000000e+00 
0.000000e+00 0.000000e+00 0.000000e+00 0.000000e+00 0.000000e+00 
0.000000e+00 0.000000e+00 0.000000e+00 0.000000e+00 0.000000e+00 
0.000000e+00 0.000000e+00 0.000000e+00 0.000000e+00 0.000000e+00 
0.000000e+00 0.000000e+00 0.000000e+00 0.000000e+00 0.000000e+00 
0.000000e+00 0.000000e+00 0.000000e+00 0.000000e+00 0.000000e+00 
0.000000e+00 0.000000e+00 0.000000e+00 0.000000e+00 0.000000e+00 
0.000000e+00 0.000000e+00 0.000000e+00 0.000000e+00 0.000000e+00 
0.000000e+00 0.000000e+00 0.000000e+00 0.000000e+00 0.000000e+00 
0.000000e+00 0.000000e+00 0.000000e+00 0.000000e+00 0.000000e+00 
0.000000e+00 0.000000e+00 0.000000e+00 0.000000e+00 0.000000e+00 
0.000000e+00 0.000000e+00 0.000000e+00 0.000000e+00 0.000000e+00 
0.000000e+00 0.000000e+00 0.000000e+00 0.000000e+00 0.000000e+00 
0.000000e+00 0.000000e+00 0.000000e+00 0.000000e+00 0.000000e+00 
0.000000e+00 
@R WBEAM 101 []
0.000000e+00 0.000000e+00 0.000000e+00 0.000000e+00 0.000000e+00 
0.000000e+00 0.000000e+00 0.000000e+00 0.000000e+00 0.000000e+00 
0.000000e+00 0.000000e+00 0.000000e+00 0.000000e+00 0.000000e+00 
0.000000e+00 0.000000e+00 0.000000e+00 0.000000e+00 0.000000e+00 
0.000000e+00 0.000000e+00 0.000000e+00 0.000000e+00 0.000000e+00 
0.000000e+00 0.000000e+00 0.000000e+00 0.000000e+00 0.000000e+00 
0.000000e+00 0.000000e+00 0.000000e+00 0.000000e+00 0.000000e+00 
0.000000e+00 0.000000e+00 0.000000e+00 0.000000e+00 0.000000e+00 
0.000000e+00 0.000000e+00 0.000000e+00 0.000000e+00 0.000000e+00 
0.000000e+00 0.000000e+00 0.000000e+00 0.000000e+00 0.000000e+00 
0.000000e+00 0.000000e+00 0.000000e+00 0.000000e+00 0.000000e+00 
0.000000e+00 0.000000e+00 0.000000e+00 0.000000e+00 0.000000e+00 
0.000000e+00 0.000000e+00 0.000000e+00 0.000000e+00 0.000000e+00 
0.000000e+00 0.000000e+00 0.000000e+00 0.000000e+00 0.000000e+00 
0.000000e+00 0.000000e+00 0.000000e+00 0.000000e+00 0.000000e+00 
0.000000e+00 0.000000e+00 0.000000e+00 0.000000e+00 0.000000e+00 
0.000000e+00 0.000000e+00 0.000000e+00 0.000000e+00 0.000000e+00 
0.000000e+00 0.000000e+00 0.000000e+00 0.000000e+00 0.000000e+00 
0.000000e+00 0.000000e+00 0.000000e+00 0.000000e+00 0.000000e+00 
0.000000e+00 0.000000e+00 0.000000e+00 0.000000e+00 0.000000e+00 
0.000000e+00 
@R ENALP 101 []
0.000000e+00 0.000000e+00 0.000000e+00 0.000000e+00 0.000000e+00 
0.000000e+00 0.000000e+00 0.000000e+00 0.000000e+00 0.000000e+00 
0.000000e+00 0.000000e+00 0.000000e+00 0.000000e+00 0.000000e+00 
0.000000e+00 0.000000e+00 0.000000e+00 0.000000e+00 0.000000e+00 
0.000000e+00 0.000000e+00 0.000000e+00 0.000000e+00 0.000000e+00 
0.000000e+00 0.000000e+00 0.000000e+00 0.000000e+00 0.000000e+00 
0.000000e+00 0.000000e+00 0.000000e+00 0.000000e+00 0.000000e+00 
0.000000e+00 0.000000e+00 0.000000e+00 0.000000e+00 0.000000e+00 
0.000000e+00 0.000000e+00 0.000000e+00 0.000000e+00 0.000000e+00 
0.000000e+00 0.000000e+00 0.000000e+00 0.000000e+00 0.000000e+00 
0.000000e+00 0.000000e+00 0.000000e+00 0.000000e+00 0.000000e+00 
0.000000e+00 0.000000e+00 0.000000e+00 0.000000e+00 0.000000e+00 
0.000000e+00 0.000000e+00 0.000000e+00 0.000000e+00 0.000000e+00 
0.000000e+00 0.000000e+00 0.000000e+00 0.000000e+00 0.000000e+00 
0.000000e+00 0.000000e+00 0.000000e+00 0.000000e+00 0.000000e+00 
0.000000e+00 0.000000e+00 0.000000e+00 0.000000e+00 0.000000e+00 
0.000000e+00 0.000000e+00 0.000000e+00 0.000000e+00 0.000000e+00 
0.000000e+00 0.000000e+00 0.000000e+00 0.000000e+00 0.000000e+00 
0.000000e+00 0.000000e+00 0.000000e+00 0.000000e+00 0.000000e+00 
0.000000e+00 0.000000e+00 0.000000e+00 0.000000e+00 0.000000e+00 
0.000000e+00 
@R WALP 101 []
0.000000e+00 0.000000e+00 0.000000e+00 0.000000e+00 0.000000e+00 
0.000000e+00 0.000000e+00 0.000000e+00 0.000000e+00 0.000000e+00 
0.000000e+00 0.000000e+00 0.000000e+00 0.000000e+00 0.000000e+00 
0.000000e+00 0.000000e+00 0.000000e+00 0.000000e+00 0.000000e+00 
0.000000e+00 0.000000e+00 0.000000e+00 0.000000e+00 0.000000e+00 
0.000000e+00 0.000000e+00 0.000000e+00 0.000000e+00 0.000000e+00 
0.000000e+00 0.000000e+00 0.000000e+00 0.000000e+00 0.000000e+00 
0.000000e+00 0.000000e+00 0.000000e+00 0.000000e+00 0.000000e+00 
0.000000e+00 0.000000e+00 0.000000e+00 0.000000e+00 0.000000e+00 
0.000000e+00 0.000000e+00 0.000000e+00 0.000000e+00 0.000000e+00 
0.000000e+00 0.000000e+00 0.000000e+00 0.000000e+00 0.000000e+00 
0.000000e+00 0.000000e+00 0.000000e+00 0.000000e+00 0.000000e+00 
0.000000e+00 0.000000e+00 0.000000e+00 0.000000e+00 0.000000e+00 
0.000000e+00 0.000000e+00 0.000000e+00 0.000000e+00 0.000000e+00 
0.000000e+00 0.000000e+00 0.000000e+00 0.000000e+00 0.000000e+00 
0.000000e+00 0.000000e+00 0.000000e+00 0.000000e+00 0.000000e+00 
0.000000e+00 0.000000e+00 0.000000e+00 0.000000e+00 0.000000e+00 
0.000000e+00 0.000000e+00 0.000000e+00 0.000000e+00 0.000000e+00 
0.000000e+00 0.000000e+00 0.000000e+00 0.000000e+00 0.000000e+00 
0.000000e+00 0.000000e+00 0.000000e+00 0.000000e+00 0.000000e+00 
0.000000e+00 
@R SION 101 []
0.000000e+00 0.000000e+00 0.000000e+00 0.000000e+00 0.000000e+00 
0.000000e+00 0.000000e+00 0.000000e+00 0.000000e+00 0.000000e+00 
0.000000e+00 0.000000e+00 0.000000e+00 0.000000e+00 0.000000e+00 
0.000000e+00 0.000000e+00 0.000000e+00 0.000000e+00 0.000000e+00 
0.000000e+00 0.000000e+00 0.000000e+00 0.000000e+00 0.000000e+00 
0.000000e+00 0.000000e+00 0.000000e+00 0.000000e+00 0.000000e+00 
0.000000e+00 0.000000e+00 0.000000e+00 0.000000e+00 0.000000e+00 
0.000000e+00 0.000000e+00 0.000000e+00 0.000000e+00 0.000000e+00 
0.000000e+00 0.000000e+00 0.000000e+00 0.000000e+00 0.000000e+00 
0.000000e+00 0.000000e+00 0.000000e+00 0.000000e+00 0.000000e+00 
0.000000e+00 0.000000e+00 0.000000e+00 0.000000e+00 0.000000e+00 
0.000000e+00 0.000000e+00 0.000000e+00 0.000000e+00 0.000000e+00 
0.000000e+00 0.000000e+00 0.000000e+00 0.000000e+00 0.000000e+00 
0.000000e+00 0.000000e+00 0.000000e+00 0.000000e+00 0.000000e+00 
0.000000e+00 0.000000e+00 0.000000e+00 0.000000e+00 0.000000e+00 
0.000000e+00 0.000000e+00 0.000000e+00 0.000000e+00 0.000000e+00 
0.000000e+00 0.000000e+00 0.000000e+00 0.000000e+00 0.000000e+00 
0.000000e+00 0.000000e+00 0.000000e+00 0.000000e+00 0.000000e+00 
0.000000e+00 0.000000e+00 0.000000e+00 0.000000e+00 0.000000e+00 
0.000000e+00 0.000000e+00 0.000000e+00 0.000000e+00 0.000000e+00 
0.000000e+00 
@R CHIE 101 []
0.000000e+00 8.386956e-02 8.069583e-02 1.123635e-01 1.408305e-01 
1.687322e-01 1.967399e-01 2.240325e-01 2.536872e-01 2.893156e-01 
3.266993e-01 3.588117e-01 3.839899e-01 4.042468e-01 4.210044e-01 
4.345482e-01 4.449362e-01 4.532740e-01 4.604037e-01 4.663381e-01 
4.714756e-01 4.758556e-01 4.796970e-01 4.831904e-01 4.863233e-01 
4.891855e-01 4.919336e-01 4.946057e-01 4.971204e-01 4.994558e-01 
5.017001e-01 5.039203e-01 5.061036e-01 5.082369e-01 5.103526e-01 
5.124621e-01 5.145249e-01 5.165059e-01 5.184887e-01 5.204912e-01 
5.223998e-01 5.242789e-01 5.261916e-01 5.279909e-01 5.297770e-01 
5.315183e-01 5.331901e-01 5.348728e-01 5.365106e-01 5.381182e-01 
5.397202e-01 5.412799e-01 5.428598e-01 5.444270e-01 5.459866e-01 
5.476416e-01 5.492770e-01 5.509992e-01 5.528020e-01 5.546334e-01 
5.565996e-01 5.587402e-01 5.610000e-01 5.634242e-01 5.660952e-01 
5.690187e-01 5.721847e-01 5.756414e-01 5.794556e-01 5.836567e-01 
5.882634e-01 5.932990e-01 5.988354e-01 6.049281e-01 6.116238e-01 
6.189742e-01 6.270085e-01 6.357946e-01 6.454216e-01 6.559149e-01 
6.672328e-01 6.793241e-01 6.923280e-01 7.065140e-01 7.220836e-01 
7.392090e-01 7.579952e-01 7.785839e-01 8.011010e-01 8.253406e-01 
8.500485e-01 8.711138e-01 8.765430e-01 8.371139e-01 7.109038e-01 
5.079557e-01 3.300407e-01 2.450547e-01 2.531635e-01 3.834037e-01 
0.000000e+00 
@R CHII 101 []
0.000000e+00 5.929521e-02 5.686271e-02 7.911290e-02 1.002352e-01 
1.237474e-01 1.499568e-01 1.788798e-01 2.218795e-01 2.924384e-01 
3.853258e-01 4.852127e-01 5.845104e-01 6.809583e-01 7.688639e-01 
8.412143e-01 8.980997e-01 9.455398e-01 9.839319e-01 1.009536e+00 
1.023051e+00 1.026780e+00 1.022548e+00 1.010990e+00 9.930916e-01 
9.711888e-01 9.475066e-01 9.232216e-01 8.987717e-01 8.745119e-01 
8.509138e-01 8.284219e-01 8.073951e-01 7.880211e-01 7.702660e-01 
7.539396e-01 7.387785e-01 7.245532e-01 7.112876e-01 6.990359e-01 
6.877035e-01 6.773280e-01 6.678143e-01 6.587361e-01 6.500183e-01 
6.416020e-01 6.336158e-01 6.262894e-01 6.195250e-01 6.131970e-01 
6.072279e-01 6.015687e-01 5.963275e-01 5.914926e-01 5.870976e-01 
5.832887e-01 5.799160e-01 5.769834e-01 5.743889e-01 5.721014e-01 
5.703112e-01 5.690649e-01 5.682223e-01 5.677244e-01 5.676148e-01 
5.679349e-01 5.686944e-01 5.698920e-01 5.715260e-01 5.736188e-01 
5.762267e-01 5.793763e-01 5.830940e-01 5.873987e-01 5.923513e-01 
5.980382e-01 6.044890e-01 6.117217e-01 6.197923e-01 6.288430e-01 
6.391322e-01 6.508024e-01 6.638481e-01 6.782928e-01 6.942300e-01 
7.118139e-01 7.311356e-01 7.523124e-01 7.754715e-01 8.004641e-01 
8.261614e-01 8.487125e-01 8.567031e-01 8.218688e-01 7.023099e-01 
5.048924e-01 3.290226e-01 2.443421e-01 2.524409e-01 3.829580e-01 
0.000000e+00 
@R STORQUE 101 []
0.000000e+00 0.000000e+00 0.000000e+00 0.000000e+00 0.000000e+00 
0.000000e+00 0.000000e+00 0.000000e+00 0.000000e+00 0.000000e+00 
0.000000e+00 0.000000e+00 0.000000e+00 0.000000e+00 0.000000e+00 
0.000000e+00 0.000000e+00 0.000000e+00 0.000000e+00 0.000000e+00 
0.000000e+00 0.000000e+00 0.000000e+00 0.000000e+00 0.000000e+00 
0.000000e+00 0.000000e+00 0.000000e+00 0.000000e+00 0.000000e+00 
0.000000e+00 0.000000e+00 0.000000e+00 0.000000e+00 0.000000e+00 
0.000000e+00 0.000000e+00 0.000000e+00 0.000000e+00 0.000000e+00 
0.000000e+00 0.000000e+00 0.000000e+00 0.000000e+00 0.000000e+00 
0.000000e+00 0.000000e+00 0.000000e+00 0.000000e+00 0.000000e+00 
0.000000e+00 0.000000e+00 0.000000e+00 0.000000e+00 0.000000e+00 
0.000000e+00 0.000000e+00 0.000000e+00 0.000000e+00 0.000000e+00 
0.000000e+00 0.000000e+00 0.000000e+00 0.000000e+00 0.000000e+00 
0.000000e+00 0.000000e+00 0.000000e+00 0.000000e+00 0.000000e+00 
0.000000e+00 0.000000e+00 0.000000e+00 0.000000e+00 0.000000e+00 
0.000000e+00 0.000000e+00 0.000000e+00 0.000000e+00 0.000000e+00 
0.000000e+00 0.000000e+00 0.000000e+00 0.000000e+00 0.000000e+00 
0.000000e+00 0.000000e+00 0.000000e+00 0.000000e+00 0.000000e+00 
0.000000e+00 0.000000e+00 0.000000e+00 0.000000e+00 0.000000e+00 
0.000000e+00 0.000000e+00 0.000000e+00 0.000000e+00 0.000000e+00 
0.000000e+00 
@R QOHM 101 []
0.000000e+00 0.000000e+00 0.000000e+00 0.000000e+00 0.000000e+00 
0.000000e+00 0.000000e+00 0.000000e+00 0.000000e+00 0.000000e+00 
0.000000e+00 0.000000e+00 0.000000e+00 0.000000e+00 0.000000e+00 
0.000000e+00 0.000000e+00 0.000000e+00 0.000000e+00 0.000000e+00 
0.000000e+00 0.000000e+00 0.000000e+00 0.000000e+00 0.000000e+00 
0.000000e+00 0.000000e+00 0.000000e+00 0.000000e+00 0.000000e+00 
0.000000e+00 0.000000e+00 0.000000e+00 0.000000e+00 0.000000e+00 
0.000000e+00 0.000000e+00 0.000000e+00 0.000000e+00 0.000000e+00 
0.000000e+00 0.000000e+00 0.000000e+00 0.000000e+00 0.000000e+00 
0.000000e+00 0.000000e+00 0.000000e+00 0.000000e+00 0.000000e+00 
0.000000e+00 0.000000e+00 0.000000e+00 0.000000e+00 0.000000e+00 
0.000000e+00 0.000000e+00 0.000000e+00 0.000000e+00 0.000000e+00 
0.000000e+00 0.000000e+00 0.000000e+00 0.000000e+00 0.000000e+00 
0.000000e+00 0.000000e+00 0.000000e+00 0.000000e+00 0.000000e+00 
0.000000e+00 0.000000e+00 0.000000e+00 0.000000e+00 0.000000e+00 
0.000000e+00 0.000000e+00 0.000000e+00 0.000000e+00 0.000000e+00 
0.000000e+00 0.000000e+00 0.000000e+00 0.000000e+00 0.000000e+00 
0.000000e+00 0.000000e+00 0.000000e+00 0.000000e+00 0.000000e+00 
0.000000e+00 0.000000e+00 0.000000e+00 0.000000e+00 0.000000e+00 
0.000000e+00 0.000000e+00 0.000000e+00 0.000000e+00 0.000000e+00 
0.000000e+00 
@R ENHE 101 []
2.395667e+00 2.395667e+00 2.378836e+00 2.360717e+00 2.341332e+00 
2.320702e+00 2.298851e+00 2.275800e+00 2.251572e+00 2.226191e+00 
2.199680e+00 2.172064e+00 2.143367e+00 2.113614e+00 2.082833e+00 
2.051050e+00 2.018292e+00 1.984588e+00 1.949969e+00 1.914463e+00 
1.878104e+00 1.840925e+00 1.802959e+00 1.764242e+00 1.724812e+00 
1.684707e+00 1.643967e+00 1.602635e+00 1.560754e+00 1.518369e+00 
1.475529e+00 1.432283e+00 1.388683e+00 1.344781e+00 1.300635e+00 
1.256301e+00 1.211841e+00 1.167316e+00 1.122792e+00 1.078333e+00 
1.034009e+00 9.898903e-01 9.460479e-01 9.025551e-01 8.594865e-01 
8.169172e-01 7.749230e-01 7.335799e-01 6.929633e-01 6.531483e-01 
6.142083e-01 5.762152e-01 5.392380e-01 5.033431e-01 4.685928e-01 
4.350453e-01 4.027534e-01 3.717648e-01 3.421204e-01 3.138546e-01 
2.869946e-01 2.615599e-01 2.375619e-01 2.150040e-01 1.938813e-01 
1.741810e-01 1.558821e-01 1.389559e-01 1.233668e-01 1.090722e-01 
9.602375e-02 8.416767e-02 7.344582e-02 6.379643e-02 5.515499e-02 
4.745519e-02 4.062969e-02 3.461105e-02 2.933240e-02 2.472821e-02 
2.073490e-02 1.729136e-02 1.433940e-02 1.182413e-02 9.694185e-03 
7.901919e-03 6.403495e-03 5.158881e-03 4.131771e-03 3.289380e-03 
2.602095e-03 2.042837e-03 1.585919e-03 1.205102e-03 8.711736e-04 
5.543862e-04 2.534684e-04 5.143192e-05 1.797056e-06 2.207442e-09 
1.669830e-15 
