@R IP 1 []
  9.999999995e+06
@R BCENTR 1 []
  1.100000000e+01
@R RMAJOR 1 []
  4.550000000e+00
@R AMINOR 1 []
  1.107393653e+00
@R KAPPA 1 []
  1.344829511e+00
@R DELTA 1 []
 -3.178344342e-01
@I NRHO 1 []
              101
@R RHOB 1 []
  1.262945234e+00
@R RHO 101 []
  0.000000000e+00  1.000000000e-02  2.000000000e-02  3.000000000e-02
  4.000000000e-02  5.000000000e-02  6.000000000e-02  7.000000000e-02
  8.000000000e-02  9.000000000e-02  1.000000000e-01  1.100000000e-01
  1.200000000e-01  1.300000000e-01  1.400000000e-01  1.500000000e-01
  1.600000000e-01  1.700000000e-01  1.800000000e-01  1.900000000e-01
  2.000000000e-01  2.100000000e-01  2.200000000e-01  2.300000000e-01
  2.400000000e-01  2.500000000e-01  2.600000000e-01  2.700000000e-01
  2.800000000e-01  2.900000000e-01  3.000000000e-01  3.100000000e-01
  3.200000000e-01  3.300000000e-01  3.400000000e-01  3.500000000e-01
  3.600000000e-01  3.700000000e-01  3.800000000e-01  3.900000000e-01
  4.000000000e-01  4.100000000e-01  4.200000000e-01  4.300000000e-01
  4.400000000e-01  4.500000000e-01  4.600000000e-01  4.700000000e-01
  4.800000000e-01  4.900000000e-01  5.000000000e-01  5.100000000e-01
  5.200000000e-01  5.300000000e-01  5.400000000e-01  5.500000000e-01
  5.600000000e-01  5.700000000e-01  5.800000000e-01  5.900000000e-01
  6.000000000e-01  6.100000000e-01  6.200000000e-01  6.300000000e-01
  6.400000000e-01  6.500000000e-01  6.600000000e-01  6.700000000e-01
  6.800000000e-01  6.900000000e-01  7.000000000e-01  7.100000000e-01
  7.200000000e-01  7.300000000e-01  7.400000000e-01  7.500000000e-01
  7.600000000e-01  7.700000000e-01  7.800000000e-01  7.900000000e-01
  8.000000000e-01  8.100000000e-01  8.200000000e-01  8.300000000e-01
  8.400000000e-01  8.500000000e-01  8.600000000e-01  8.700000000e-01
  8.800000000e-01  8.900000000e-01  9.000000000e-01  9.100000000e-01
  9.200000000e-01  9.300000000e-01  9.400000000e-01  9.500000000e-01
  9.600000000e-01  9.700000000e-01  9.800000000e-01  9.900000000e-01
  1.000000000e+00
@R VOLP 101 []
  0.000000000e+00  2.425599809e+00  4.851002976e+00  7.276012360e+00
  9.700435959e+00  1.212408331e+01  1.454676222e+01  1.696829191e+01
  1.938849901e+01  2.180720784e+01  2.422425370e+01  2.663948413e+01
  2.905274796e+01  3.146390398e+01  3.387282821e+01  3.627940032e+01
  3.868350518e+01  4.108505212e+01  4.348395981e+01  4.588014775e+01
  4.827355286e+01  5.066413118e+01  5.305183768e+01  5.543664777e+01
  5.781857551e+01  6.019763757e+01  6.257382766e+01  6.494710275e+01
  6.731735158e+01  6.968446664e+01  7.204854703e+01  7.440991286e+01
  7.676889994e+01  7.912570190e+01  8.148037081e+01  8.383290849e+01
  8.618332208e+01  8.853165864e+01  9.087796350e+01  9.322225568e+01
  9.556453857e+01  9.790479922e+01  1.002430210e+02  1.025791742e+02
  1.049132139e+02  1.072451116e+02  1.095748294e+02  1.119023088e+02
  1.142275015e+02  1.165503372e+02  1.188707262e+02  1.211885713e+02
  1.235037718e+02  1.258161967e+02  1.281257258e+02  1.304322286e+02
  1.327355751e+02  1.350356476e+02  1.373323387e+02  1.396255881e+02
  1.419153533e+02  1.442015847e+02  1.464842270e+02  1.487631959e+02
  1.510383583e+02  1.533095591e+02  1.555766259e+02  1.578393861e+02
  1.600976875e+02  1.623513915e+02  1.646003945e+02  1.668446294e+02
  1.690840342e+02  1.713185719e+02  1.735482472e+02  1.757730641e+02
  1.779930366e+02  1.802081789e+02  1.824184904e+02  1.846240260e+02
  1.868249125e+02  1.890214320e+02  1.912141229e+02  1.934035008e+02
  1.955899310e+02  1.977738164e+02  1.999552718e+02  2.021339410e+02
  2.043091811e+02  2.064812056e+02  2.086553331e+02  2.108454031e+02
  2.130642364e+02  2.153059609e+02  2.175134058e+02  2.195716318e+02
  2.213945655e+02  2.230184980e+02  2.246390896e+02  2.265088046e+02
  2.287627140e+02
@R IPOL 101 []
  1.016560803e+00  1.016560247e+00  1.016558561e+00  1.016555696e+00
  1.016551569e+00  1.016546066e+00  1.016539040e+00  1.016530316e+00
  1.016519689e+00  1.016506928e+00  1.016491777e+00  1.016473958e+00
  1.016453169e+00  1.016429083e+00  1.016401353e+00  1.016369613e+00
  1.016333478e+00  1.016292564e+00  1.016246465e+00  1.016194774e+00
  1.016137066e+00  1.016072922e+00  1.016001930e+00  1.015923665e+00
  1.015837711e+00  1.015743662e+00  1.015641128e+00  1.015529789e+00
  1.015410072e+00  1.015282643e+00  1.015146875e+00  1.015000835e+00
  1.014842805e+00  1.014672320e+00  1.014489694e+00  1.014295228e+00
  1.014089080e+00  1.013871402e+00  1.013642479e+00  1.013402703e+00
  1.013152484e+00  1.012892241e+00  1.012622464e+00  1.012343681e+00
  1.012056396e+00  1.011761132e+00  1.011458397e+00  1.011148688e+00
  1.010832615e+00  1.010510707e+00  1.010183597e+00  1.009851884e+00
  1.009516237e+00  1.009177270e+00  1.008835632e+00  1.008491941e+00
  1.008146826e+00  1.007800871e+00  1.007454551e+00  1.007108342e+00
  1.006762686e+00  1.006417953e+00  1.006074582e+00  1.005733136e+00
  1.005394193e+00  1.005058363e+00  1.004726308e+00  1.004398685e+00
  1.004076076e+00  1.003759024e+00  1.003448050e+00  1.003143626e+00
  1.002846182e+00  1.002556147e+00  1.002273949e+00  1.002000009e+00
  1.001734731e+00  1.001478517e+00  1.001231753e+00  1.000994809e+00
  1.000768056e+00  1.000551848e+00  1.000346517e+00  1.000152346e+00
  9.999695820e-01  9.997984519e-01  9.996391509e-01  9.994918411e-01
  9.993567004e-01  9.992339551e-01  9.991239800e-01  9.990274678e-01
  9.989464041e-01  9.988843126e-01  9.988506927e-01  9.989019840e-01
  9.991062526e-01  9.994297964e-01  9.997523732e-01  9.999686246e-01
  1.000000000e+00
@R G11 101 []
  0.000000000e+00  2.439422206e+00  4.879013706e+00  7.318971450e+00
  9.759614651e+00  1.220071561e+01  1.464234948e+01  1.708442195e+01
  1.952700894e+01  2.197090818e+01  2.441624818e+01  2.686216372e+01
  2.930999423e+01  3.175755245e+01  3.420873890e+01  3.665353630e+01
  3.910266989e+01  4.155563177e+01  4.401286737e+01  4.647671386e+01
  4.892866220e+01  5.139438429e+01  5.386308673e+01  5.632609889e+01
  5.878984112e+01  6.125911900e+01  6.373313823e+01  6.620685047e+01
  6.868206539e+01  7.115925968e+01  7.363850730e+01  7.611934798e+01
  7.860175114e+01  8.108575808e+01  8.357291515e+01  8.606073273e+01
  8.854576404e+01  9.103199844e+01  9.352270513e+01  9.602245018e+01
  9.851764177e+01  1.010061345e+02  1.035131240e+02  1.060171040e+02
  1.085135775e+02  1.110308593e+02  1.135374139e+02  1.160546775e+02
  1.185730784e+02  1.210959167e+02  1.236236718e+02  1.261550821e+02
  1.286947683e+02  1.312329954e+02  1.337907746e+02  1.363366235e+02
  1.389035972e+02  1.414756003e+02  1.440444660e+02  1.466374416e+02
  1.492329333e+02  1.518270052e+02  1.544432265e+02  1.570729567e+02
  1.597002032e+02  1.623404850e+02  1.650033111e+02  1.676782016e+02
  1.703607771e+02  1.730542718e+02  1.757705242e+02  1.785098202e+02
  1.812623647e+02  1.840317463e+02  1.868175267e+02  1.896284015e+02
  1.924693327e+02  1.953339160e+02  1.982225032e+02  2.011378624e+02
  2.040805364e+02  2.070613036e+02  2.100834082e+02  2.131398047e+02
  2.162342753e+02  2.193688002e+02  2.225548658e+02  2.258081771e+02
  2.291247768e+02  2.324992362e+02  2.359251665e+02  2.394132081e+02
  2.429710099e+02  2.466046280e+02  2.503893096e+02  2.544593912e+02
  2.588536362e+02  2.635115899e+02  2.683715108e+02  2.732750157e+02
  2.781506551e+02
@R G22 101 []
  0.000000000e+00  1.249435687e-02  2.498971056e-02  3.748720210e-02
  4.998861363e-02  6.249291143e-02  7.500060085e-02  8.751136913e-02
  1.000257754e-01  1.125480361e-01  1.250789836e-01  1.376143886e-01
  1.501612767e-01  1.627086298e-01  1.752766801e-01  1.878143061e-01
  2.003766668e-01  2.129614367e-01  2.255711990e-01  2.382181374e-01
  2.508076887e-01  2.634717742e-01  2.761553161e-01  2.888142050e-01
  3.014818635e-01  3.141833700e-01  3.269148847e-01  3.396505525e-01
  3.523995807e-01  3.651644841e-01  3.779464060e-01  3.907443374e-01
  4.035593660e-01  4.163924580e-01  4.292518045e-01  4.421245862e-01
  4.549930565e-01  4.678779260e-01  4.807962687e-01  4.937717224e-01
  5.067344744e-01  5.196735266e-01  5.327185594e-01  5.457589157e-01
  5.587714252e-01  5.719019603e-01  5.849881319e-01  5.981403396e-01
  6.113092904e-01  6.245120005e-01  6.377507525e-01  6.510189800e-01
  6.643403748e-01  6.776644957e-01  6.910996010e-01  7.044828979e-01
  7.179849774e-01  7.315224755e-01  7.450530211e-01  7.587176108e-01
  7.724046817e-01  7.860938315e-01  7.999070556e-01  8.137995046e-01
  8.276879181e-01  8.416521385e-01  8.557408442e-01  8.698990614e-01
  8.841034140e-01  8.983699858e-01  9.127596949e-01  9.272735643e-01
  9.418601030e-01  9.565373241e-01  9.713024835e-01  9.862001484e-01
  1.001255234e+00  1.016433276e+00  1.031734563e+00  1.047172032e+00
  1.062747224e+00  1.078515758e+00  1.094495350e+00  1.110649113e+00
  1.126994292e+00  1.143537078e+00  1.160329690e+00  1.177444483e+00
  1.194851941e+00  1.212524206e+00  1.230460183e+00  1.248783492e+00
  1.267580934e+00  1.286809423e+00  1.306509896e+00  1.326836984e+00
  1.347678088e+00  1.368945610e+00  1.391187926e+00  1.414622688e+00
  1.439333835e+00
@R G33 101 []
  9.200200786e-01  9.200329464e-01  9.200717666e-01  9.201365877e-01
  9.202270072e-01  9.203429291e-01  9.204845425e-01  9.206514251e-01
  9.208431358e-01  9.210596472e-01  9.213006463e-01  9.215656309e-01
  9.218543450e-01  9.221664396e-01  9.225013138e-01  9.228585467e-01
  9.232378125e-01  9.236384053e-01  9.240596854e-01  9.245012180e-01
  9.249624247e-01  9.254425619e-01  9.259411125e-01  9.264573901e-01
  9.269902678e-01  9.275388118e-01  9.281026206e-01  9.286818679e-01
  9.292770136e-01  9.298881379e-01  9.305137551e-01  9.311510775e-01
  9.317974890e-01  9.324513952e-01  9.331123389e-01  9.337804561e-01
  9.344559111e-01  9.351384234e-01  9.358276219e-01  9.365233139e-01
  9.372254265e-01  9.379340080e-01  9.386490352e-01  9.393705321e-01
  9.400986372e-01  9.408332740e-01  9.415744303e-01  9.423222378e-01
  9.430765918e-01  9.438376075e-01  9.446054085e-01  9.453801565e-01
  9.461619207e-01  9.469510033e-01  9.477475268e-01  9.485516732e-01
  9.493635553e-01  9.501831974e-01  9.510106183e-01  9.518454862e-01
  9.526873717e-01  9.535359651e-01  9.543909236e-01  9.552519706e-01
  9.561191060e-01  9.569924071e-01  9.578719701e-01  9.587578567e-01
  9.596500415e-01  9.605484257e-01  9.614527072e-01  9.623624101e-01
  9.632770686e-01  9.641960817e-01  9.651186259e-01  9.660439076e-01
  9.669711136e-01  9.678994466e-01  9.688282249e-01  9.697565029e-01
  9.706829839e-01  9.716056310e-01  9.725211930e-01  9.734267022e-01
  9.743200837e-01  9.751991708e-01  9.760633080e-01  9.769141666e-01
  9.777546999e-01  9.785836325e-01  9.793756205e-01  9.800663494e-01
  9.805973904e-01  9.809962651e-01  9.815149108e-01  9.826076745e-01
  9.845737477e-01  9.872660581e-01  9.899287862e-01  9.915608807e-01
  9.916773897e-01
@R GRADRHO 101 []
  1.006653246e+00  9.990221064e-01  9.990524774e-01  9.991052779e-01
  9.991888514e-01  9.992800518e-01  9.993810210e-01  9.994884067e-01
  9.996052945e-01  9.997494095e-01  9.999172759e-01  1.000088627e+00
  1.000286707e+00  1.000472585e+00  1.000707714e+00  1.000846379e+00
  1.001044584e+00  1.001286703e+00  1.001571539e+00  1.001917697e+00
  1.002126921e+00  1.002469513e+00  1.002826786e+00  1.003119846e+00
  1.003411828e+00  1.003742204e+00  1.004099887e+00  1.004443417e+00
  1.004787717e+00  1.005136278e+00  1.005489022e+00  1.005841669e+00
  1.006192443e+00  1.006540379e+00  1.006894573e+00  1.007239565e+00
  1.007555993e+00  1.007867767e+00  1.008192493e+00  1.008552732e+00
  1.008875746e+00  1.009153287e+00  1.009511122e+00  1.009840820e+00
  1.010123158e+00  1.010489915e+00  1.010794885e+00  1.011135104e+00
  1.011467287e+00  1.011805549e+00  1.012151196e+00  1.012498523e+00
  1.012865427e+00  1.013213122e+00  1.013621999e+00  1.013971427e+00
  1.014385079e+00  1.014801463e+00  1.015191247e+00  1.015649670e+00
  1.016099092e+00  1.016525979e+00  1.017008319e+00  1.017514765e+00
  1.017992473e+00  1.018490670e+00  1.019037030e+00  1.019596683e+00
  1.020154858e+00  1.020719916e+00  1.021324619e+00  1.021966538e+00
  1.022614613e+00  1.023276476e+00  1.023948153e+00  1.024650366e+00
  1.025392260e+00  1.026152177e+00  1.026926799e+00  1.027718744e+00
  1.028524472e+00  1.029365625e+00  1.030243509e+00  1.031133420e+00
  1.032036189e+00  1.032945716e+00  1.033877254e+00  1.034857984e+00
  1.035872396e+00  1.036906061e+00  1.037929352e+00  1.038911682e+00
  1.039808511e+00  1.040600937e+00  1.041570910e+00  1.043350020e+00
  1.046283469e+00  1.050123642e+00  1.054041634e+00  1.056777249e+00
  1.057714103e+00
@R AREA 101 []
  0.000000000e+00  2.423438651e+00  4.846774263e+00  7.269985129e+00
  9.692962499e+00  1.211562847e+01  1.453795633e+01  1.695989970e+01
  1.938144058e+01  2.180250559e+01  2.422301731e+01  2.664292035e+01
  2.906218845e+01  3.148074410e+01  3.389861775e+01  3.631568118e+01
  3.873226420e+01  4.114787209e+01  4.356276189e+01  4.597644076e+01
  4.838927181e+01  5.080117154e+01  5.321189366e+01  5.562158690e+01
  5.803030519e+01  6.043802897e+01  6.284464832e+01  6.525018550e+01
  6.765466134e+01  7.005808172e+01  7.246044755e+01  7.486177092e+01
  7.726207675e+01  7.966140058e+01  8.205977707e+01  8.445723006e+01
  8.685385148e+01  8.924972037e+01  9.164485583e+01  9.403924637e+01
  9.643288586e+01  9.882598436e+01  1.012185216e+02  1.036104048e+02
  1.060018755e+02  1.083928856e+02  1.107833935e+02  1.131736355e+02
  1.155634175e+02  1.179530283e+02  1.203422661e+02  1.227314134e+02
  1.251202758e+02  1.275091188e+02  1.298977973e+02  1.322864543e+02
  1.346751697e+02  1.370638477e+02  1.394526946e+02  1.418416889e+02
  1.442308314e+02  1.466202917e+02  1.490101255e+02  1.514003051e+02
  1.537909770e+02  1.561822781e+02  1.585742341e+02  1.609668982e+02
  1.633604103e+02  1.657549078e+02  1.681505106e+02  1.705472708e+02
  1.729453384e+02  1.753448857e+02  1.777460968e+02  1.801491677e+02
  1.825542495e+02  1.849615505e+02  1.873713293e+02  1.897838675e+02
  1.921994740e+02  1.946184818e+02  1.970412024e+02  1.994680500e+02
  2.018995091e+02  2.043361276e+02  2.067785243e+02  2.092273014e+02
  2.116830807e+02  2.141465893e+02  2.166186670e+02  2.191005516e+02
  2.215939941e+02  2.241011558e+02  2.266237847e+02  2.291608996e+02
  2.317078303e+02  2.342591525e+02  2.368125381e+02  2.393741028e+02
  2.419580552e+02
@R A 101 []
  0.000000000e+00  1.130087098e-02  2.260169214e-02  3.390223553e-02
  4.520251057e-02  5.650266959e-02  6.780268196e-02  7.910246743e-02
  9.040217209e-02  1.017016529e-01  1.130006791e-01  1.242992983e-01
  1.355975369e-01  1.468950670e-01  1.581923109e-01  1.694888450e-01
  1.807862436e-01  1.920823107e-01  2.033784125e-01  2.146722697e-01
  2.259655864e-01  2.372580663e-01  2.485485131e-01  2.598375276e-01
  2.711254080e-01  2.824120633e-01  2.936968592e-01  3.049797356e-01
  3.162606087e-01  3.275392754e-01  3.388156330e-01  3.500898981e-01
  3.613620676e-01  3.726317529e-01  3.838985722e-01  3.951622246e-01
  4.064227926e-01  4.176802840e-01  4.289344665e-01  4.401849200e-01
  4.514311844e-01  4.626738814e-01  4.739125688e-01  4.851464011e-01
  4.963761321e-01  5.076011778e-01  5.188209447e-01  5.300361387e-01
  5.412454416e-01  5.524498010e-01  5.636478650e-01  5.748405043e-01
  5.860263739e-01  5.972062963e-01  6.083791145e-01  6.195450266e-01
  6.307039518e-01  6.418549266e-01  6.529983757e-01  6.641336662e-01
  6.752602296e-01  6.863782080e-01  6.974871511e-01  7.085862140e-01
  7.196753482e-01  7.307543886e-01  7.418226138e-01  7.528794422e-01
  7.639246156e-01  7.749578001e-01  7.859785438e-01  7.969860169e-01
  8.079797556e-01  8.189592936e-01  8.299241395e-01  8.408737930e-01
  8.518074121e-01  8.627242635e-01  8.736236990e-01  8.845049950e-01
  8.953673725e-01  9.062099912e-01  9.170318783e-01  9.278323747e-01
  9.386107979e-01  9.493662987e-01  9.600973134e-01  9.708016292e-01
  9.814772661e-01  9.921230469e-01  1.002739000e+00  1.013325154e+00
  1.023878679e+00  1.034397608e+00  1.044886171e+00  1.055347782e+00
  1.065786926e+00  1.076208830e+00  1.086621803e+00  1.097027541e+00
  1.107393653e+00
@R RTOR 101 []
  4.743651156e+00  4.743633302e+00  4.743579340e+00  4.743489019e+00
  4.743362813e+00  4.743201016e+00  4.743003364e+00  4.742770006e+00
  4.742501412e+00  4.742197701e+00  4.741859022e+00  4.741485818e+00
  4.741078367e+00  4.740636877e+00  4.740161786e+00  4.739653546e+00
  4.739112369e+00  4.738538805e+00  4.737933345e+00  4.737296519e+00
  4.736628659e+00  4.735930383e+00  4.735202261e+00  4.734444691e+00
  4.733658360e+00  4.732843960e+00  4.732002084e+00  4.731133228e+00
  4.730237829e+00  4.729316200e+00  4.728368615e+00  4.727395714e+00
  4.726398316e+00  4.725377460e+00  4.724334201e+00  4.723269442e+00
  4.722183795e+00  4.721077819e+00  4.719952110e+00  4.718807204e+00
  4.717643567e+00  4.716461485e+00  4.715261297e+00  4.714043327e+00
  4.712807633e+00  4.711554424e+00  4.710283874e+00  4.708995912e+00
  4.707690705e+00  4.706368150e+00  4.705028326e+00  4.703671017e+00
  4.702296271e+00  4.700903805e+00  4.699493552e+00  4.698065241e+00
  4.696618611e+00  4.695153499e+00  4.693669509e+00  4.692166403e+00
  4.690643966e+00  4.689101845e+00  4.687539757e+00  4.685957511e+00
  4.684354756e+00  4.682731117e+00  4.681086270e+00  4.679419825e+00
  4.677731318e+00  4.676020242e+00  4.674286083e+00  4.672528399e+00
  4.670746643e+00  4.668940226e+00  4.667108594e+00  4.665251191e+00
  4.663367476e+00  4.661456843e+00  4.659518588e+00  4.657551966e+00
  4.655556195e+00  4.653530465e+00  4.651474238e+00  4.649387012e+00
  4.647268192e+00  4.645117120e+00  4.642932638e+00  4.640713167e+00
  4.638456933e+00  4.636161536e+00  4.633826167e+00  4.631453501e+00
  4.629048358e+00  4.626615058e+00  4.624146869e+00  4.621620223e+00
  4.619008538e+00  4.616287458e+00  4.613431673e+00  4.610438999e+00
  4.607353906e+00
@R SHIFT 101 []
  1.936511561e-01  1.936333017e-01  1.935793401e-01  1.934890186e-01
  1.933628125e-01  1.932010157e-01  1.930033643e-01  1.927700058e-01
  1.925014118e-01  1.921977009e-01  1.918590220e-01  1.914858179e-01
  1.910783674e-01  1.906368768e-01  1.901617864e-01  1.896535459e-01
  1.891123686e-01  1.885388053e-01  1.879333448e-01  1.872965193e-01
  1.866286590e-01  1.859303833e-01  1.852022606e-01  1.844446910e-01
  1.836583599e-01  1.828439596e-01  1.820020845e-01  1.811332281e-01
  1.802378293e-01  1.793161997e-01  1.783686154e-01  1.773957136e-01
  1.763983160e-01  1.753774605e-01  1.743342013e-01  1.732694416e-01
  1.721837952e-01  1.710778195e-01  1.699521099e-01  1.688072036e-01
  1.676435673e-01  1.664614854e-01  1.652612972e-01  1.640433266e-01
  1.628076330e-01  1.615544243e-01  1.602838736e-01  1.589959122e-01
  1.576907047e-01  1.563681503e-01  1.550283259e-01  1.536710171e-01
  1.522962713e-01  1.509038052e-01  1.494935522e-01  1.480652408e-01
  1.466186110e-01  1.451534989e-01  1.436695086e-01  1.421664033e-01
  1.406439659e-01  1.391018454e-01  1.375397572e-01  1.359575114e-01
  1.343547558e-01  1.327311173e-01  1.310862702e-01  1.294198252e-01
  1.277313178e-01  1.260202425e-01  1.242860833e-01  1.225283991e-01
  1.207466431e-01  1.189402258e-01  1.171085939e-01  1.152511915e-01
  1.133674763e-01  1.114568430e-01  1.095185879e-01  1.075519663e-01
  1.055561948e-01  1.035304649e-01  1.014742375e-01  9.938701218e-02
  9.726819222e-02  9.511711997e-02  9.293263835e-02  9.071316715e-02
  8.845693350e-02  8.616153564e-02  8.382616711e-02  8.145350119e-02
  7.904835776e-02  7.661505845e-02  7.414686916e-02  7.162022342e-02
  6.900853785e-02  6.628745808e-02  6.343167277e-02  6.043899907e-02
  5.735390600e-02
@R ELONG 101 []
  1.281672416e+00  1.281666907e+00  1.281650378e+00  1.281653231e+00
  1.281640810e+00  1.281614008e+00  1.281583079e+00  1.281552507e+00
  1.281522909e+00  1.281491111e+00  1.281459282e+00  1.281426026e+00
  1.281392959e+00  1.281361150e+00  1.281328708e+00  1.281296033e+00
  1.281264176e+00  1.281234052e+00  1.281204918e+00  1.281177476e+00
  1.281152550e+00  1.281130461e+00  1.281112232e+00  1.281098468e+00
  1.281089446e+00  1.281085254e+00  1.281086767e+00  1.281094713e+00
  1.281109828e+00  1.281133114e+00  1.281164861e+00  1.281204534e+00
  1.281252273e+00  1.281310049e+00  1.281379520e+00  1.281461698e+00
  1.281557250e+00  1.281666725e+00  1.281790624e+00  1.281929377e+00
  1.282083659e+00  1.282253806e+00  1.282440110e+00  1.282643015e+00
  1.282862824e+00  1.283099795e+00  1.283354198e+00  1.283626426e+00
  1.283916727e+00  1.284225416e+00  1.284552722e+00  1.284899042e+00
  1.285264684e+00  1.285649896e+00  1.286055030e+00  1.286480437e+00
  1.286926458e+00  1.287393460e+00  1.287881890e+00  1.288392175e+00
  1.288924821e+00  1.289480512e+00  1.290059923e+00  1.290663728e+00
  1.291292658e+00  1.291947578e+00  1.292629331e+00  1.293338687e+00
  1.294076589e+00  1.294844074e+00  1.295642192e+00  1.296471997e+00
  1.297334698e+00  1.298231710e+00  1.299164574e+00  1.300134847e+00
  1.301144210e+00  1.302194569e+00  1.303287969e+00  1.304426612e+00
  1.305612885e+00  1.306849464e+00  1.308139421e+00  1.309486251e+00
  1.310893865e+00  1.312366709e+00  1.313909364e+00  1.315525548e+00
  1.317218912e+00  1.318992470e+00  1.320851700e+00  1.322812591e+00
  1.324897450e+00  1.327132320e+00  1.329521252e+00  1.332018784e+00
  1.334561254e+00  1.337081127e+00  1.339560440e+00  1.342085730e+00
  1.344829511e+00
@R TRIAG 101 []
  0.000000000e+00  3.029978704e-02  2.860486737e-02  2.689558328e-02
  2.518813488e-02  2.348122816e-02  2.176394909e-02  2.003616188e-02
  1.830115072e-02  1.655713163e-02  1.480237171e-02  1.303745409e-02
  1.126137251e-02  9.472761186e-03  7.671805493e-03  5.857668801e-03
  4.028367990e-03  2.183760653e-03  3.236906285e-04 -1.552466378e-03
 -3.446062772e-03 -5.357262532e-03 -7.286574871e-03 -9.235019966e-03
 -1.120273260e-02 -1.319003723e-02 -1.519768480e-02 -1.722670998e-02
 -1.927814290e-02 -2.135312982e-02 -2.345290255e-02 -2.557754302e-02
 -2.772681403e-02 -2.990100783e-02 -3.210084427e-02 -3.432758625e-02
 -3.658317004e-02 -3.886910667e-02 -4.118542708e-02 -4.353217541e-02
 -4.590973708e-02 -4.831893427e-02 -5.076016395e-02 -5.323370577e-02
 -5.574040047e-02 -5.828093027e-02 -6.085603326e-02 -6.346662224e-02
 -6.611316814e-02 -6.879674743e-02 -7.151819255e-02 -7.427873757e-02
 -7.707896781e-02 -7.992019048e-02 -8.280337032e-02 -8.573000034e-02
 -8.870125308e-02 -9.171830088e-02 -9.478280100e-02 -9.789624085e-02
 -1.010602713e-01 -1.042768194e-01 -1.075480177e-01 -1.108762535e-01
 -1.142647877e-01 -1.177159112e-01 -1.212318661e-01 -1.248151851e-01
 -1.284687015e-01 -1.321953010e-01 -1.359978794e-01 -1.398794758e-01
 -1.438435942e-01 -1.478941404e-01 -1.520352477e-01 -1.562714907e-01
 -1.606076867e-01 -1.650491597e-01 -1.696007516e-01 -1.742676464e-01
 -1.790560852e-01 -1.839730263e-01 -1.890275765e-01 -1.942314350e-01
 -1.995958690e-01 -2.051338540e-01 -2.108561408e-01 -2.167650016e-01
 -2.228709618e-01 -2.291860793e-01 -2.357278967e-01 -2.425377666e-01
 -2.496612293e-01 -2.571601473e-01 -2.650933610e-01 -2.734411935e-01
 -2.820303837e-01 -2.906574869e-01 -2.991991996e-01 -3.080916348e-01
 -3.178344342e-01
@R PMHD 101 []
  1.474898382e+06  1.474238793e+06  1.472262126e+06  1.468974699e+06
  1.464387024e+06  1.458513810e+06  1.451373926e+06  1.442990365e+06
  1.433390146e+06  1.422604274e+06  1.410667536e+06  1.397618288e+06
  1.383498188e+06  1.368352446e+06  1.352228608e+06  1.335178207e+06
  1.317252084e+06  1.298509643e+06  1.279006954e+06  1.258808090e+06
  1.237971892e+06  1.216562348e+06  1.194646296e+06  1.172287949e+06
  1.149553107e+06  1.126508665e+06  1.103222445e+06  1.079754790e+06
  1.056099458e+06  1.032229351e+06  1.008235924e+06  9.843315007e+05
  9.607097615e+05  9.374505968e+05  9.145635186e+05  8.920596621e+05
  8.699630817e+05  8.482989249e+05  8.270814931e+05  8.063170587e+05
  7.860101895e+05  7.661609718e+05  7.467677552e+05  7.278269768e+05
  7.093318065e+05  6.912789897e+05  6.736670912e+05  6.564902976e+05
  6.397413796e+05  6.234108292e+05  6.074893231e+05  5.919618959e+05
  5.768153576e+05  5.620340884e+05  5.476059480e+05  5.335166159e+05
  5.197519993e+05  5.063051213e+05  4.931736565e+05  4.803588494e+05
  4.678651196e+05  4.556999595e+05  4.438660158e+05  4.323558359e+05
  4.211564955e+05  4.102524822e+05  3.996239675e+05  3.892510806e+05
  3.791187542e+05  3.692149866e+05  3.595297899e+05  3.500574761e+05
  3.407944313e+05  3.317360219e+05  3.228765343e+05  3.142104022e+05
  3.057323904e+05  2.974366344e+05  2.893165164e+05  2.813652870e+05
  2.735756116e+05  2.659393628e+05  2.584501154e+05  2.511041328e+05
  2.438987001e+05  2.368311964e+05  2.299000134e+05  2.231039217e+05
  2.164373611e+05  2.098841389e+05  2.034102642e+05  1.969430358e+05
  1.902740844e+05  1.830312371e+05  1.742429656e+05  1.583965839e+05
  1.288137375e+05  8.855125509e+04  4.903348729e+04  2.035419643e+04
  1.000039082e+04
@R QMHD 101 []
  9.832554449e-01  9.833090049e-01  9.834707208e-01  9.837436068e-01
  9.841323789e-01  9.846429922e-01  9.852819993e-01  9.860557291e-01
  9.869692958e-01  9.880254323e-01  9.892231767e-01  9.905565571e-01
  9.920200171e-01  9.936140943e-01  9.953398469e-01  9.971970248e-01
  9.991854060e-01  1.001305740e+00  1.003559145e+00  1.005943503e+00
  1.008460094e+00  1.011111784e+00  1.013896771e+00  1.016816517e+00
  1.019874237e+00  1.023070721e+00  1.026404545e+00  1.029874110e+00
  1.033482618e+00  1.037234069e+00  1.041133783e+00  1.045184600e+00
  1.049381593e+00  1.053723520e+00  1.058213971e+00  1.062858717e+00
  1.067660192e+00  1.072620267e+00  1.077742654e+00  1.083030401e+00
  1.088487164e+00  1.094118103e+00  1.099927757e+00  1.105919893e+00
  1.112100316e+00  1.118474399e+00  1.125046848e+00  1.131824497e+00
  1.138812192e+00  1.146017630e+00  1.153447129e+00  1.161108263e+00
  1.169008056e+00  1.177155104e+00  1.185556781e+00  1.194222249e+00
  1.203161642e+00  1.212383686e+00  1.221898829e+00  1.231718083e+00
  1.241852595e+00  1.252314500e+00  1.263115624e+00  1.274269250e+00
  1.285789873e+00  1.297692580e+00  1.309992778e+00  1.322707189e+00
  1.335853741e+00  1.349451481e+00  1.363520662e+00  1.378081667e+00
  1.393157152e+00  1.408771651e+00  1.424951817e+00  1.441725741e+00
  1.459122376e+00  1.477172979e+00  1.495911412e+00  1.515373552e+00
  1.535598321e+00  1.556628486e+00  1.578516298e+00  1.601319655e+00
  1.625099719e+00  1.649916188e+00  1.675805777e+00  1.702797382e+00
  1.730954757e+00  1.760399719e+00  1.791356235e+00  1.824062391e+00
  1.858598940e+00  1.894950467e+00  1.932969056e+00  1.972199808e+00
  2.012560968e+00  2.054027728e+00  2.097347997e+00  2.144274536e+00
  2.196876622e+00
@R ER 101 []
  0.000000000e+00  0.000000000e+00  0.000000000e+00  0.000000000e+00
  0.000000000e+00  0.000000000e+00  0.000000000e+00  0.000000000e+00
  0.000000000e+00  0.000000000e+00  0.000000000e+00  0.000000000e+00
  0.000000000e+00  0.000000000e+00  0.000000000e+00  0.000000000e+00
  0.000000000e+00  0.000000000e+00  0.000000000e+00  0.000000000e+00
  0.000000000e+00  0.000000000e+00  0.000000000e+00  0.000000000e+00
  0.000000000e+00  0.000000000e+00  0.000000000e+00  0.000000000e+00
  0.000000000e+00  0.000000000e+00  0.000000000e+00  0.000000000e+00
  0.000000000e+00  0.000000000e+00  0.000000000e+00  0.000000000e+00
  0.000000000e+00  0.000000000e+00  0.000000000e+00  0.000000000e+00
  0.000000000e+00  0.000000000e+00  0.000000000e+00  0.000000000e+00
  0.000000000e+00  0.000000000e+00  0.000000000e+00  0.000000000e+00
  0.000000000e+00  0.000000000e+00  0.000000000e+00  0.000000000e+00
  0.000000000e+00  0.000000000e+00  0.000000000e+00  0.000000000e+00
  0.000000000e+00  0.000000000e+00  0.000000000e+00  0.000000000e+00
  0.000000000e+00  0.000000000e+00  0.000000000e+00  0.000000000e+00
  0.000000000e+00  0.000000000e+00  0.000000000e+00  0.000000000e+00
  0.000000000e+00  0.000000000e+00  0.000000000e+00  0.000000000e+00
  0.000000000e+00  0.000000000e+00  0.000000000e+00  0.000000000e+00
  0.000000000e+00  0.000000000e+00  0.000000000e+00  0.000000000e+00
  0.000000000e+00  0.000000000e+00  0.000000000e+00  0.000000000e+00
  0.000000000e+00  0.000000000e+00  0.000000000e+00  0.000000000e+00
  0.000000000e+00  0.000000000e+00  0.000000000e+00  0.000000000e+00
  0.000000000e+00  0.000000000e+00  0.000000000e+00  0.000000000e+00
  0.000000000e+00  0.000000000e+00  0.000000000e+00  0.000000000e+00
  0.000000000e+00
@R NC1 101 []
  9.985000476e-01  9.385062825e-01  9.153804548e-01  8.984550566e-01
  8.847016788e-01  8.729541122e-01  8.626178211e-01  8.533400364e-01
  8.448921062e-01  8.371170697e-01  8.299003615e-01  8.231554451e-01
  8.168153201e-01  8.108279756e-01  8.051502481e-01  7.997473202e-01
  7.945892925e-01  7.896522618e-01  7.849144644e-01  7.803589459e-01
  7.759689014e-01  7.717306577e-01  7.676327187e-01  7.636639118e-01
  7.598140218e-01  7.560743457e-01  7.524376840e-01  7.488978990e-01
  7.454497744e-01  7.420884510e-01  7.388080192e-01  7.356013235e-01
  7.324612895e-01  7.293829430e-01  7.263636637e-01  7.234016398e-01
  7.204946728e-01  7.176400935e-01  7.148355350e-01  7.120788391e-01
  7.093682754e-01  7.067021104e-01  7.040786299e-01  7.014965387e-01
  6.989542955e-01  6.964503942e-01  6.939836779e-01  6.915527462e-01
  6.891564716e-01  6.867936079e-01  6.844634170e-01  6.821645183e-01
  6.798963928e-01  6.776579140e-01  6.754483479e-01  6.732669304e-01
  6.711126947e-01  6.689849219e-01  6.668827245e-01  6.648051194e-01
  6.627511252e-01  6.607197355e-01  6.587100402e-01  6.567214947e-01
  6.547534601e-01  6.528052373e-01  6.508765593e-01  6.489669582e-01
  6.470757640e-01  6.452025086e-01  6.433465038e-01  6.415071092e-01
  6.396837138e-01  6.378755176e-01  6.360817880e-01  6.343018565e-01
  6.325350103e-01  6.307806801e-01  6.290382829e-01  6.273070891e-01
  6.255864199e-01  6.238752414e-01  6.221722515e-01  6.204763347e-01
  6.187865446e-01  6.171016033e-01  6.154211423e-01  6.137462099e-01
  6.120792775e-01  6.104210489e-01  6.087596179e-01  6.070698748e-01
  6.053304283e-01  6.035688675e-01  6.018841497e-01  6.004170586e-01
  5.992464162e-01  5.983321736e-01  5.974311144e-01  5.961310490e-01
  5.942391639e-01
@R HFAC1 101 []
  1.000000000e+00  9.976185769e-01  9.952390590e-01  9.928615790e-01
  9.904861230e-01  9.881127770e-01  9.857416952e-01  9.833727804e-01
  9.810059516e-01  9.786413359e-01  9.762789118e-01  9.739185567e-01
  9.715602473e-01  9.692039583e-01  9.668494113e-01  9.644965979e-01
  9.621450817e-01  9.597950815e-01  9.574460786e-01  9.550984551e-01
  9.527515951e-01  9.504052777e-01  9.480596029e-01  9.457141254e-01
  9.433682827e-01  9.410217293e-01  9.386744904e-01  9.363267306e-01
  9.339787587e-01  9.316307422e-01  9.292820109e-01  9.269310860e-01
  9.245764403e-01  9.222173032e-01  9.198537714e-01  9.174862850e-01
  9.151150790e-01  9.127400662e-01  9.103612084e-01  9.079785513e-01
  9.055922565e-01  9.032023183e-01  9.008088450e-01  8.984121093e-01
  8.960120581e-01  8.936087611e-01  8.912023904e-01  8.887928511e-01
  8.863803575e-01  8.839647560e-01  8.815464366e-01  8.791251678e-01
  8.767013496e-01  8.742748586e-01  8.718459521e-01  8.694146606e-01
  8.669809504e-01  8.645449667e-01  8.621065473e-01  8.596655517e-01
  8.572217814e-01  8.547749325e-01  8.523247996e-01  8.498714064e-01
  8.474146870e-01  8.449545608e-01  8.424912146e-01  8.400247196e-01
  8.375549498e-01  8.350818522e-01  8.326052300e-01  8.301248995e-01
  8.276406320e-01  8.251520623e-01  8.226587772e-01  8.201604080e-01
  8.176566095e-01  8.151470816e-01  8.126315321e-01  8.101095089e-01
  8.075804813e-01  8.050435521e-01  8.024974000e-01  7.999408605e-01
  7.973731198e-01  7.947932098e-01  7.922010697e-01  7.895979994e-01
  7.869863249e-01  7.843657860e-01  7.817233507e-01  7.790295442e-01
  7.762604605e-01  7.734410466e-01  7.706882452e-01  7.681800451e-01
  7.660153258e-01  7.641243718e-01  7.622050693e-01  7.598212112e-01
  7.567711417e-01
@R HFAC2 101 []
  1.000000000e+00  9.952456493e-01  9.905120273e-01  9.857992891e-01
  9.811072973e-01  9.764361127e-01  9.717859279e-01  9.671564388e-01
  9.625473760e-01  9.579588794e-01  9.533907945e-01  9.488427734e-01
  9.443146616e-01  9.398063024e-01  9.353170553e-01  9.308467999e-01
  9.263946058e-01  9.219607858e-01  9.175442629e-01  9.131456597e-01
  9.087637242e-01  9.043979522e-01  9.000484417e-01  8.957142788e-01
  8.913943362e-01  8.870879008e-01  8.827949532e-01  8.785157419e-01
  8.742507815e-01  8.700003186e-01  8.657630497e-01  8.615361917e-01
  8.573168888e-01  8.531037014e-01  8.488968080e-01  8.446970157e-01
  8.405047495e-01  8.363198415e-01  8.321422138e-01  8.279719383e-01
  8.238092933e-01  8.196542736e-01  8.155070590e-01  8.113681160e-01
  8.072373507e-01  8.031148681e-01  7.990009532e-01  7.948954345e-01
  7.907986575e-01  7.867103543e-01  7.826311747e-01  7.785607078e-01
  7.744996176e-01  7.704476854e-01  7.664053175e-01  7.623725512e-01
  7.583493050e-01  7.543357896e-01  7.503317115e-01  7.463367977e-01
  7.423506769e-01  7.383728133e-01  7.344028366e-01  7.304407630e-01
  7.264864691e-01  7.225398013e-01  7.186010547e-01  7.146703282e-01
  7.107473883e-01  7.068321268e-01  7.029241948e-01  6.990232618e-01
  6.951289294e-01  6.912405728e-01  6.873574995e-01  6.834790983e-01
  6.796047861e-01  6.757340573e-01  6.718664247e-01  6.680011450e-01
  6.641373598e-01  6.602736236e-01  6.564078227e-01  6.525381238e-01
  6.486632427e-01  6.447815945e-01  6.408930168e-01  6.369995376e-01
  6.331049997e-01  6.292094691e-01  6.252925786e-01  6.213072502e-01
  6.172148735e-01  6.130542562e-01  6.090122887e-01  6.053739788e-01
  6.022961216e-01  5.996648174e-01  5.969942728e-01  5.935912096e-01
  5.891417976e-01
