 # generated by zfastran.py Ver+Oct2009
@R INFLAG 1 []
  1.000000000e+00
@R TIME0 1 [s]
  0.000000000e+00
@R IP 1 []
  9.999999995e+00
@R BCENTR 1 []
  1.100000000e+01
@R RMAJOR 1 []
  4.550000000e+00
@R AMINOR 1 []
  1.200432252e+00
@R ELONGB 1 []
  1.398276477e+00
@R TRIANB 1 []
 -4.826858991e-01
@R RHO 101 []
  0.000000000e+00  1.000000000e-02  2.000000000e-02  3.000000000e-02
  4.000000000e-02  5.000000000e-02  6.000000000e-02  7.000000000e-02
  8.000000000e-02  9.000000000e-02  1.000000000e-01  1.100000000e-01
  1.200000000e-01  1.300000000e-01  1.400000000e-01  1.500000000e-01
  1.600000000e-01  1.700000000e-01  1.800000000e-01  1.900000000e-01
  2.000000000e-01  2.100000000e-01  2.200000000e-01  2.300000000e-01
  2.400000000e-01  2.500000000e-01  2.600000000e-01  2.700000000e-01
  2.800000000e-01  2.900000000e-01  3.000000000e-01  3.100000000e-01
  3.200000000e-01  3.300000000e-01  3.400000000e-01  3.500000000e-01
  3.600000000e-01  3.700000000e-01  3.800000000e-01  3.900000000e-01
  4.000000000e-01  4.100000000e-01  4.200000000e-01  4.300000000e-01
  4.400000000e-01  4.500000000e-01  4.600000000e-01  4.700000000e-01
  4.800000000e-01  4.900000000e-01  5.000000000e-01  5.100000000e-01
  5.200000000e-01  5.300000000e-01  5.400000000e-01  5.500000000e-01
  5.600000000e-01  5.700000000e-01  5.800000000e-01  5.900000000e-01
  6.000000000e-01  6.100000000e-01  6.200000000e-01  6.300000000e-01
  6.400000000e-01  6.500000000e-01  6.600000000e-01  6.700000000e-01
  6.800000000e-01  6.900000000e-01  7.000000000e-01  7.100000000e-01
  7.200000000e-01  7.300000000e-01  7.400000000e-01  7.500000000e-01
  7.600000000e-01  7.700000000e-01  7.800000000e-01  7.900000000e-01
  8.000000000e-01  8.100000000e-01  8.200000000e-01  8.300000000e-01
  8.400000000e-01  8.500000000e-01  8.600000000e-01  8.700000000e-01
  8.800000000e-01  8.900000000e-01  9.000000000e-01  9.100000000e-01
  9.200000000e-01  9.300000000e-01  9.400000000e-01  9.500000000e-01
  9.600000000e-01  9.700000000e-01  9.800000000e-01  9.900000000e-01
  1.000000000e+00
@R AMAIN 1 []
  2.500000000e+00
@R ZMAIN 1 []
  1.000000000e+00
@I NIMP 1 []
                1
@R AIMP 1 []
  8.300000000e+01
@R ZIMP 1 []
  3.600000000e+01
@R FIMP 1 []
  1.137635164e-03
@R ENE 101 []
  2.762152795e+01  2.762152795e+01  2.757962042e+01  2.753478970e+01
  2.748707274e+01  2.743650651e+01  2.738312796e+01  2.732697405e+01
  2.726808174e+01  2.720648799e+01  2.714222975e+01  2.707534399e+01
  2.700586767e+01  2.693383774e+01  2.685929115e+01  2.678226488e+01
  2.670279588e+01  2.662092110e+01  2.653667751e+01  2.645010207e+01
  2.636123172e+01  2.627010344e+01  2.617675418e+01  2.608122090e+01
  2.598354055e+01  2.588375010e+01  2.578188651e+01  2.567798673e+01
  2.557208772e+01  2.546422644e+01  2.535443985e+01  2.524276490e+01
  2.512923857e+01  2.501389779e+01  2.489677955e+01  2.477792078e+01
  2.465735845e+01  2.453512953e+01  2.441127096e+01  2.428581970e+01
  2.415881273e+01  2.403028698e+01  2.390027943e+01  2.376882703e+01
  2.363596674e+01  2.350173551e+01  2.336617032e+01  2.322930810e+01
  2.309118584e+01  2.295184047e+01  2.281130897e+01  2.266962828e+01
  2.252683538e+01  2.238296721e+01  2.223806073e+01  2.209215291e+01
  2.194528070e+01  2.179748107e+01  2.164879096e+01  2.149924735e+01
  2.134888717e+01  2.119774741e+01  2.104586501e+01  2.089327693e+01
  2.074002014e+01  2.058613158e+01  2.043164822e+01  2.027660702e+01
  2.012104494e+01  1.996499893e+01  1.980850595e+01  1.965160297e+01
  1.949432693e+01  1.933671478e+01  1.917880349e+01  1.902062998e+01
  1.886223116e+01  1.870364387e+01  1.854490483e+01  1.838605044e+01
  1.822711648e+01  1.806813727e+01  1.790914406e+01  1.775016126e+01
  1.759119842e+01  1.743223251e+01  1.727316940e+01  1.711375957e+01
  1.695341446e+01  1.679080687e+01  1.662300587e+01  1.644362335e+01
  1.623893447e+01  1.598018266e+01  1.561022376e+01  1.502823148e+01
  1.410088862e+01  1.276846070e+01  1.122924556e+01  9.889374176e+00
  8.995597301e+00
@R TE 101 []
  1.881384686e+01  1.881384686e+01  1.874420688e+01  1.866890087e+01
  1.858804629e+01  1.850176064e+01  1.841016140e+01  1.831336605e+01
  1.821149207e+01  1.810465695e+01  1.799297817e+01  1.787657320e+01
  1.775555954e+01  1.763005466e+01  1.750017605e+01  1.736604119e+01
  1.722776756e+01  1.708547264e+01  1.693927392e+01  1.678928887e+01
  1.663563499e+01  1.647842975e+01  1.631779064e+01  1.615383514e+01
  1.598668072e+01  1.581644488e+01  1.564324509e+01  1.546719884e+01
  1.528842361e+01  1.510703688e+01  1.492315613e+01  1.473689886e+01
  1.454838253e+01  1.435772463e+01  1.416504264e+01  1.397045405e+01
  1.377407634e+01  1.357602699e+01  1.337642348e+01  1.317538330e+01
  1.297302393e+01  1.276946284e+01  1.256481753e+01  1.235920547e+01
  1.215274415e+01  1.194555105e+01  1.173774365e+01  1.152943943e+01
  1.132075588e+01  1.111181048e+01  1.090272071e+01  1.069360405e+01
  1.048457799e+01  1.027576001e+01  1.006726758e+01  9.859218200e+00
  9.651729344e+00  9.444918495e+00  9.238903135e+00  9.033800748e+00
  8.829728814e+00  8.626804818e+00  8.425146240e+00  8.224870564e+00
  8.026095271e+00  7.828937844e+00  7.633515765e+00  7.439946518e+00
  7.248347583e+00  7.058836443e+00  6.871530581e+00  6.686547479e+00
  6.504004619e+00  6.324019483e+00  6.146709555e+00  5.972192314e+00
  5.800585242e+00  5.632005817e+00  5.466571510e+00  5.304399778e+00
  5.145608036e+00  4.990313601e+00  4.838633545e+00  4.690684323e+00
  4.546580861e+00  4.406434269e+00  4.270346150e+00  4.138394403e+00
  4.010597836e+00  3.886827944e+00  3.766589201e+00  3.648473631e+00
  3.528819046e+00  3.398489027e+00  3.235649484e+00  2.992476131e+00
  2.585023873e+00  1.940151703e+00  1.150757530e+00  4.883411993e-01
  9.727422529e-02
@R TI 101 []
  1.901400254e+01  1.901400254e+01  1.894345930e+01  1.886717585e+01
  1.878527121e+01  1.869786441e+01  1.860507447e+01  1.850702041e+01
  1.840382125e+01  1.829559602e+01  1.818246373e+01  1.806454341e+01
  1.794195408e+01  1.781481477e+01  1.768324449e+01  1.754736226e+01
  1.740728712e+01  1.726313807e+01  1.711503415e+01  1.696309437e+01
  1.680743776e+01  1.664818334e+01  1.648545012e+01  1.631935714e+01
  1.615002342e+01  1.597756797e+01  1.580210982e+01  1.562376799e+01
  1.544266150e+01  1.525890938e+01  1.507263065e+01  1.488394432e+01
  1.469296942e+01  1.449982498e+01  1.430463001e+01  1.410750354e+01
  1.390856459e+01  1.370793217e+01  1.350572532e+01  1.330206306e+01
  1.309706440e+01  1.289084837e+01  1.268353399e+01  1.247524029e+01
  1.226608628e+01  1.205619098e+01  1.184567343e+01  1.163465263e+01
  1.142324762e+01  1.121157741e+01  1.099976103e+01  1.078791750e+01
  1.057616584e+01  1.036462508e+01  1.015341422e+01  9.942652309e+00
  9.732458353e+00  9.522951378e+00  9.314250405e+00  9.106474457e+00
  8.899742557e+00  8.694173725e+00  8.489886985e+00  8.287001357e+00
  8.085635864e+00  7.885909529e+00  7.687941372e+00  7.491850417e+00
  7.297755684e+00  7.105776197e+00  6.916030976e+00  6.728639045e+00
  6.543719425e+00  6.361391137e+00  6.181773204e+00  6.004984647e+00
  5.831144487e+00  5.660371741e+00  5.492785421e+00  5.328504523e+00
  5.167648005e+00  5.010334730e+00  4.856683318e+00  4.706811795e+00
  4.560836689e+00  4.418870799e+00  4.281017612e+00  4.147357352e+00
  4.017912155e+00  3.892559077e+00  3.770813063e+00  3.651287157e+00
  3.530361930e+00  3.398984862e+00  3.235468338e+00  2.992168014e+00
  2.585110958e+00  1.940506483e+00  1.150690042e+00  4.880438712e-01
  9.747924110e-02
@R ZEFF 101 []
  2.433420307e+00  2.433420307e+00  2.432597562e+00  2.431706726e+00
  2.430748278e+00  2.429722667e+00  2.428630317e+00  2.427471627e+00
  2.426246981e+00  2.424956750e+00  2.423601295e+00  2.422180978e+00
  2.420696158e+00  2.419147204e+00  2.417534498e+00  2.415858435e+00
  2.414119439e+00  2.412317959e+00  2.410454480e+00  2.408529529e+00
  2.406543681e+00  2.404497565e+00  2.402391875e+00  2.400227371e+00
  2.398004895e+00  2.395725370e+00  2.393389817e+00  2.390999359e+00
  2.388555230e+00  2.386058788e+00  2.383511518e+00  2.380915047e+00
  2.378271152e+00  2.375581767e+00  2.372848994e+00  2.370075114e+00
  2.367262591e+00  2.364414081e+00  2.361532444e+00  2.358620742e+00
  2.355682251e+00  2.352720460e+00  2.349739074e+00  2.346742017e+00
  2.343733423e+00  2.340717641e+00  2.337699217e+00  2.334682894e+00
  2.331673590e+00  2.328676387e+00  2.325696510e+00  2.322739299e+00
  2.319810186e+00  2.316914661e+00  2.314058240e+00  2.311246423e+00
  2.308484655e+00  2.305778281e+00  2.303132503e+00  2.300552328e+00
  2.298042524e+00  2.295607571e+00  2.293251615e+00  2.290978422e+00
  2.288791340e+00  2.286693262e+00  2.284686591e+00  2.282773219e+00
  2.280954507e+00  2.279231273e+00  2.277603789e+00  2.276071788e+00
  2.274634472e+00  2.273290536e+00  2.272038196e+00  2.270875221e+00
  2.269798973e+00  2.268806452e+00  2.267894344e+00  2.267059073e+00
  2.266296849e+00  2.265603721e+00  2.264975630e+00  2.264408452e+00
  2.263898043e+00  2.263440276e+00  2.263031064e+00  2.262666361e+00
  2.262342125e+00  2.262054182e+00  2.261797913e+00  2.261567522e+00
  2.261354502e+00  2.261144724e+00  2.260914765e+00  2.260636063e+00
  2.260317183e+00  2.260075612e+00  2.260004055e+00  2.260000010e+00
  2.260000000e+00
@R OMEGA 101 []
  4.992501875e+03  4.992501875e+03  4.978801804e+03  4.961079526e+03
  4.940120160e+03  4.916382264e+03  4.890178959e+03  4.861743180e+03
  4.831258024e+03  4.798873089e+03  4.764714177e+03  4.728889466e+03
  4.691493659e+03  4.652610886e+03  4.612316799e+03  4.570680145e+03
  4.527763951e+03  4.483626454e+03  4.438321832e+03  4.391900796e+03
  4.344411068e+03  4.295897774e+03  4.246403778e+03  4.195969955e+03
  4.144635428e+03  4.092437767e+03  4.039413164e+03  3.985596584e+03
  3.931021896e+03  3.875721988e+03  3.819728870e+03  3.763073767e+03
  3.705787199e+03  3.647899055e+03  3.589438660e+03  3.530434837e+03
  3.470915960e+03  3.410910006e+03  3.350444605e+03  3.289547080e+03
  3.228244492e+03  3.166563674e+03  3.104531273e+03  3.042173783e+03
  2.979517575e+03  2.916588934e+03  2.853414088e+03  2.790019238e+03
  2.726430588e+03  2.662674375e+03  2.598776897e+03  2.534764544e+03
  2.470663824e+03  2.406501396e+03  2.342304099e+03  2.278098979e+03
  2.213913327e+03  2.149774707e+03  2.085710992e+03  2.021750397e+03
  1.957921519e+03  1.894253376e+03  1.830775447e+03  1.767517715e+03
  1.704510722e+03  1.641785608e+03  1.579374179e+03  1.517308956e+03
  1.455623246e+03  1.394351213e+03  1.333527952e+03  1.273189580e+03
  1.213373329e+03  1.154117653e+03  1.095462349e+03  1.037448686e+03
  9.801195629e+02  9.235196753e+02  8.676957162e+02  8.126966008e+02
  7.585737302e+02  7.053812976e+02  6.531766492e+02  6.020207128e+02
  5.519785103e+02  5.031197796e+02  4.555197357e+02  4.092600162e+02
  3.644298727e+02  3.211276991e+02  2.794630303e+02  2.395592200e+02
  2.015571260e+02  1.656203590e+02  1.319430748e+02  1.007621703e+02
  7.237775876e+01  4.719105135e+01  2.578549737e+01  9.151104569e+00
 -2.470912364e-12
@R Q 101 []
  0.000000000e+00  0.000000000e+00  0.000000000e+00  0.000000000e+00
  0.000000000e+00  0.000000000e+00  0.000000000e+00  0.000000000e+00
  0.000000000e+00  0.000000000e+00  0.000000000e+00  0.000000000e+00
  0.000000000e+00  0.000000000e+00  0.000000000e+00  0.000000000e+00
  0.000000000e+00  0.000000000e+00  0.000000000e+00  0.000000000e+00
  0.000000000e+00  0.000000000e+00  0.000000000e+00  0.000000000e+00
  0.000000000e+00  0.000000000e+00  0.000000000e+00  0.000000000e+00
  0.000000000e+00  0.000000000e+00  0.000000000e+00  0.000000000e+00
  0.000000000e+00  0.000000000e+00  0.000000000e+00  0.000000000e+00
  0.000000000e+00  0.000000000e+00  0.000000000e+00  0.000000000e+00
  0.000000000e+00  0.000000000e+00  0.000000000e+00  0.000000000e+00
  0.000000000e+00  0.000000000e+00  0.000000000e+00  0.000000000e+00
  0.000000000e+00  0.000000000e+00  0.000000000e+00  0.000000000e+00
  0.000000000e+00  0.000000000e+00  0.000000000e+00  0.000000000e+00
  0.000000000e+00  0.000000000e+00  0.000000000e+00  0.000000000e+00
  0.000000000e+00  0.000000000e+00  0.000000000e+00  0.000000000e+00
  0.000000000e+00  0.000000000e+00  0.000000000e+00  0.000000000e+00
  0.000000000e+00  0.000000000e+00  0.000000000e+00  0.000000000e+00
  0.000000000e+00  0.000000000e+00  0.000000000e+00  0.000000000e+00
  0.000000000e+00  0.000000000e+00  0.000000000e+00  0.000000000e+00
  0.000000000e+00  0.000000000e+00  0.000000000e+00  0.000000000e+00
  0.000000000e+00  0.000000000e+00  0.000000000e+00  0.000000000e+00
  0.000000000e+00  0.000000000e+00  0.000000000e+00  0.000000000e+00
  0.000000000e+00  0.000000000e+00  0.000000000e+00  0.000000000e+00
  0.000000000e+00  0.000000000e+00  0.000000000e+00  0.000000000e+00
  0.000000000e+00
@R FP 101 []
  0.000000000e+00  0.000000000e+00  0.000000000e+00  0.000000000e+00
  0.000000000e+00  0.000000000e+00  0.000000000e+00  0.000000000e+00
  0.000000000e+00  0.000000000e+00  0.000000000e+00  0.000000000e+00
  0.000000000e+00  0.000000000e+00  0.000000000e+00  0.000000000e+00
  0.000000000e+00  0.000000000e+00  0.000000000e+00  0.000000000e+00
  0.000000000e+00  0.000000000e+00  0.000000000e+00  0.000000000e+00
  0.000000000e+00  0.000000000e+00  0.000000000e+00  0.000000000e+00
  0.000000000e+00  0.000000000e+00  0.000000000e+00  0.000000000e+00
  0.000000000e+00  0.000000000e+00  0.000000000e+00  0.000000000e+00
  0.000000000e+00  0.000000000e+00  0.000000000e+00  0.000000000e+00
  0.000000000e+00  0.000000000e+00  0.000000000e+00  0.000000000e+00
  0.000000000e+00  0.000000000e+00  0.000000000e+00  0.000000000e+00
  0.000000000e+00  0.000000000e+00  0.000000000e+00  0.000000000e+00
  0.000000000e+00  0.000000000e+00  0.000000000e+00  0.000000000e+00
  0.000000000e+00  0.000000000e+00  0.000000000e+00  0.000000000e+00
  0.000000000e+00  0.000000000e+00  0.000000000e+00  0.000000000e+00
  0.000000000e+00  0.000000000e+00  0.000000000e+00  0.000000000e+00
  0.000000000e+00  0.000000000e+00  0.000000000e+00  0.000000000e+00
  0.000000000e+00  0.000000000e+00  0.000000000e+00  0.000000000e+00
  0.000000000e+00  0.000000000e+00  0.000000000e+00  0.000000000e+00
  0.000000000e+00  0.000000000e+00  0.000000000e+00  0.000000000e+00
  0.000000000e+00  0.000000000e+00  0.000000000e+00  0.000000000e+00
  0.000000000e+00  0.000000000e+00  0.000000000e+00  0.000000000e+00
  0.000000000e+00  0.000000000e+00  0.000000000e+00  0.000000000e+00
  0.000000000e+00  0.000000000e+00  0.000000000e+00  0.000000000e+00
  0.000000000e+00
@R CURPAR 101 []
  3.052199195e+00  3.052004156e+00  3.051309195e+00  3.049963962e+00
  3.047961444e+00  3.045354545e+00  3.042164440e+00  3.038393466e+00
  3.034042260e+00  3.029110894e+00  3.023599367e+00  3.017507679e+00
  3.010835830e+00  3.003583821e+00  2.995751650e+00  2.987339320e+00
  2.978346828e+00  2.968774175e+00  2.958621362e+00  2.947888388e+00
  2.936575254e+00  2.924681958e+00  2.912208502e+00  2.899154885e+00
  2.885521107e+00  2.871307169e+00  2.856513070e+00  2.841138810e+00
  2.825184389e+00  2.808649808e+00  2.791535066e+00  2.773840163e+00
  2.755565099e+00  2.736709874e+00  2.717274489e+00  2.697258943e+00
  2.676663236e+00  2.655487369e+00  2.633731341e+00  2.611395152e+00
  2.588478802e+00  2.564982292e+00  2.540905620e+00  2.516248788e+00
  2.491011796e+00  2.465194642e+00  2.438797328e+00  2.411819853e+00
  2.384262217e+00  2.356124421e+00  2.327406463e+00  2.298108345e+00
  2.268230067e+00  2.237771627e+00  2.206733027e+00  2.175114266e+00
  2.142915344e+00  2.110136262e+00  2.076777018e+00  2.042837614e+00
  2.008318049e+00  1.973218324e+00  1.937538438e+00  1.901278391e+00
  1.864438183e+00  1.827017814e+00  1.789017285e+00  1.750436595e+00
  1.711275744e+00  1.671534733e+00  1.631213560e+00  1.590312227e+00
  1.548830733e+00  1.506769079e+00  1.464127264e+00  1.420905287e+00
  1.377103151e+00  1.332720853e+00  1.287758395e+00  1.242215776e+00
  1.196092996e+00  1.149390055e+00  1.102106954e+00  1.054243692e+00
  1.005800269e+00  9.567766854e-01  9.071729410e-01  8.569890359e-01
  8.062249701e-01  7.548807435e-01  7.029563561e-01  6.504518080e-01
  5.973670991e-01  5.437022295e-01  4.894571992e-01  4.346603362e-01
  3.796232504e-01  3.258756626e-01  2.768067539e-01  2.392334133e-01
  2.244891717e-01
@R CURBEAM 101 []
  0.000000000e+00  0.000000000e+00  0.000000000e+00  0.000000000e+00
  0.000000000e+00  0.000000000e+00  0.000000000e+00  0.000000000e+00
  0.000000000e+00  0.000000000e+00  0.000000000e+00  0.000000000e+00
  0.000000000e+00  0.000000000e+00  0.000000000e+00  0.000000000e+00
  0.000000000e+00  0.000000000e+00  0.000000000e+00  0.000000000e+00
  0.000000000e+00  0.000000000e+00  0.000000000e+00  0.000000000e+00
  0.000000000e+00  0.000000000e+00  0.000000000e+00  0.000000000e+00
  0.000000000e+00  0.000000000e+00  0.000000000e+00  0.000000000e+00
  0.000000000e+00  0.000000000e+00  0.000000000e+00  0.000000000e+00
  0.000000000e+00  0.000000000e+00  0.000000000e+00  0.000000000e+00
  0.000000000e+00  0.000000000e+00  0.000000000e+00  0.000000000e+00
  0.000000000e+00  0.000000000e+00  0.000000000e+00  0.000000000e+00
  0.000000000e+00  0.000000000e+00  0.000000000e+00  0.000000000e+00
  0.000000000e+00  0.000000000e+00  0.000000000e+00  0.000000000e+00
  0.000000000e+00  0.000000000e+00  0.000000000e+00  0.000000000e+00
  0.000000000e+00  0.000000000e+00  0.000000000e+00  0.000000000e+00
  0.000000000e+00  0.000000000e+00  0.000000000e+00  0.000000000e+00
  0.000000000e+00  0.000000000e+00  0.000000000e+00  0.000000000e+00
  0.000000000e+00  0.000000000e+00  0.000000000e+00  0.000000000e+00
  0.000000000e+00  0.000000000e+00  0.000000000e+00  0.000000000e+00
  0.000000000e+00  0.000000000e+00  0.000000000e+00  0.000000000e+00
  0.000000000e+00  0.000000000e+00  0.000000000e+00  0.000000000e+00
  0.000000000e+00  0.000000000e+00  0.000000000e+00  0.000000000e+00
  0.000000000e+00  0.000000000e+00  0.000000000e+00  0.000000000e+00
  0.000000000e+00  0.000000000e+00  0.000000000e+00  0.000000000e+00
  0.000000000e+00
@R CURRF 101 []
  0.000000000e+00  0.000000000e+00  0.000000000e+00  0.000000000e+00
  0.000000000e+00  0.000000000e+00  0.000000000e+00  0.000000000e+00
  0.000000000e+00  0.000000000e+00  0.000000000e+00  0.000000000e+00
  0.000000000e+00  0.000000000e+00  0.000000000e+00  0.000000000e+00
  0.000000000e+00  0.000000000e+00  0.000000000e+00  0.000000000e+00
  0.000000000e+00  0.000000000e+00  0.000000000e+00  0.000000000e+00
  0.000000000e+00  0.000000000e+00  0.000000000e+00  0.000000000e+00
  0.000000000e+00  0.000000000e+00  0.000000000e+00  0.000000000e+00
  0.000000000e+00  0.000000000e+00  0.000000000e+00  0.000000000e+00
  0.000000000e+00  0.000000000e+00  0.000000000e+00  0.000000000e+00
  0.000000000e+00  0.000000000e+00  0.000000000e+00  0.000000000e+00
  0.000000000e+00  0.000000000e+00  0.000000000e+00  0.000000000e+00
  0.000000000e+00  0.000000000e+00  0.000000000e+00  0.000000000e+00
  0.000000000e+00  0.000000000e+00  0.000000000e+00  0.000000000e+00
  0.000000000e+00  0.000000000e+00  0.000000000e+00  0.000000000e+00
  0.000000000e+00  0.000000000e+00  0.000000000e+00  0.000000000e+00
  0.000000000e+00  0.000000000e+00  0.000000000e+00  0.000000000e+00
  0.000000000e+00  0.000000000e+00  0.000000000e+00  0.000000000e+00
  0.000000000e+00  0.000000000e+00  0.000000000e+00  0.000000000e+00
  0.000000000e+00  0.000000000e+00  0.000000000e+00  0.000000000e+00
  0.000000000e+00  0.000000000e+00  0.000000000e+00  0.000000000e+00
  0.000000000e+00  0.000000000e+00  0.000000000e+00  0.000000000e+00
  0.000000000e+00  0.000000000e+00  0.000000000e+00  0.000000000e+00
  0.000000000e+00  0.000000000e+00  0.000000000e+00  0.000000000e+00
  0.000000000e+00  0.000000000e+00  0.000000000e+00  0.000000000e+00
  0.000000000e+00
@R CURBOOT 101 []
  0.000000000e+00  0.000000000e+00  0.000000000e+00  0.000000000e+00
  0.000000000e+00  0.000000000e+00  0.000000000e+00  0.000000000e+00
  0.000000000e+00  0.000000000e+00  0.000000000e+00  0.000000000e+00
  0.000000000e+00  0.000000000e+00  0.000000000e+00  0.000000000e+00
  0.000000000e+00  0.000000000e+00  0.000000000e+00  0.000000000e+00
  0.000000000e+00  0.000000000e+00  0.000000000e+00  0.000000000e+00
  0.000000000e+00  0.000000000e+00  0.000000000e+00  0.000000000e+00
  0.000000000e+00  0.000000000e+00  0.000000000e+00  0.000000000e+00
  0.000000000e+00  0.000000000e+00  0.000000000e+00  0.000000000e+00
  0.000000000e+00  0.000000000e+00  0.000000000e+00  0.000000000e+00
  0.000000000e+00  0.000000000e+00  0.000000000e+00  0.000000000e+00
  0.000000000e+00  0.000000000e+00  0.000000000e+00  0.000000000e+00
  0.000000000e+00  0.000000000e+00  0.000000000e+00  0.000000000e+00
  0.000000000e+00  0.000000000e+00  0.000000000e+00  0.000000000e+00
  0.000000000e+00  0.000000000e+00  0.000000000e+00  0.000000000e+00
  0.000000000e+00  0.000000000e+00  0.000000000e+00  0.000000000e+00
  0.000000000e+00  0.000000000e+00  0.000000000e+00  0.000000000e+00
  0.000000000e+00  0.000000000e+00  0.000000000e+00  0.000000000e+00
  0.000000000e+00  0.000000000e+00  0.000000000e+00  0.000000000e+00
  0.000000000e+00  0.000000000e+00  0.000000000e+00  0.000000000e+00
  0.000000000e+00  0.000000000e+00  0.000000000e+00  0.000000000e+00
  0.000000000e+00  0.000000000e+00  0.000000000e+00  0.000000000e+00
  0.000000000e+00  0.000000000e+00  0.000000000e+00  0.000000000e+00
  0.000000000e+00  0.000000000e+00  0.000000000e+00  0.000000000e+00
  0.000000000e+00  0.000000000e+00  0.000000000e+00  0.000000000e+00
  0.000000000e+00
@R ENBEAM 101 []
  0.000000000e+00  0.000000000e+00  0.000000000e+00  0.000000000e+00
  0.000000000e+00  0.000000000e+00  0.000000000e+00  0.000000000e+00
  0.000000000e+00  0.000000000e+00  0.000000000e+00  0.000000000e+00
  0.000000000e+00  0.000000000e+00  0.000000000e+00  0.000000000e+00
  0.000000000e+00  0.000000000e+00  0.000000000e+00  0.000000000e+00
  0.000000000e+00  0.000000000e+00  0.000000000e+00  0.000000000e+00
  0.000000000e+00  0.000000000e+00  0.000000000e+00  0.000000000e+00
  0.000000000e+00  0.000000000e+00  0.000000000e+00  0.000000000e+00
  0.000000000e+00  0.000000000e+00  0.000000000e+00  0.000000000e+00
  0.000000000e+00  0.000000000e+00  0.000000000e+00  0.000000000e+00
  0.000000000e+00  0.000000000e+00  0.000000000e+00  0.000000000e+00
  0.000000000e+00  0.000000000e+00  0.000000000e+00  0.000000000e+00
  0.000000000e+00  0.000000000e+00  0.000000000e+00  0.000000000e+00
  0.000000000e+00  0.000000000e+00  0.000000000e+00  0.000000000e+00
  0.000000000e+00  0.000000000e+00  0.000000000e+00  0.000000000e+00
  0.000000000e+00  0.000000000e+00  0.000000000e+00  0.000000000e+00
  0.000000000e+00  0.000000000e+00  0.000000000e+00  0.000000000e+00
  0.000000000e+00  0.000000000e+00  0.000000000e+00  0.000000000e+00
  0.000000000e+00  0.000000000e+00  0.000000000e+00  0.000000000e+00
  0.000000000e+00  0.000000000e+00  0.000000000e+00  0.000000000e+00
  0.000000000e+00  0.000000000e+00  0.000000000e+00  0.000000000e+00
  0.000000000e+00  0.000000000e+00  0.000000000e+00  0.000000000e+00
  0.000000000e+00  0.000000000e+00  0.000000000e+00  0.000000000e+00
  0.000000000e+00  0.000000000e+00  0.000000000e+00  0.000000000e+00
  0.000000000e+00  0.000000000e+00  0.000000000e+00  0.000000000e+00
  0.000000000e+00
@R WBEAM 101 []
  0.000000000e+00  0.000000000e+00  0.000000000e+00  0.000000000e+00
  0.000000000e+00  0.000000000e+00  0.000000000e+00  0.000000000e+00
  0.000000000e+00  0.000000000e+00  0.000000000e+00  0.000000000e+00
  0.000000000e+00  0.000000000e+00  0.000000000e+00  0.000000000e+00
  0.000000000e+00  0.000000000e+00  0.000000000e+00  0.000000000e+00
  0.000000000e+00  0.000000000e+00  0.000000000e+00  0.000000000e+00
  0.000000000e+00  0.000000000e+00  0.000000000e+00  0.000000000e+00
  0.000000000e+00  0.000000000e+00  0.000000000e+00  0.000000000e+00
  0.000000000e+00  0.000000000e+00  0.000000000e+00  0.000000000e+00
  0.000000000e+00  0.000000000e+00  0.000000000e+00  0.000000000e+00
  0.000000000e+00  0.000000000e+00  0.000000000e+00  0.000000000e+00
  0.000000000e+00  0.000000000e+00  0.000000000e+00  0.000000000e+00
  0.000000000e+00  0.000000000e+00  0.000000000e+00  0.000000000e+00
  0.000000000e+00  0.000000000e+00  0.000000000e+00  0.000000000e+00
  0.000000000e+00  0.000000000e+00  0.000000000e+00  0.000000000e+00
  0.000000000e+00  0.000000000e+00  0.000000000e+00  0.000000000e+00
  0.000000000e+00  0.000000000e+00  0.000000000e+00  0.000000000e+00
  0.000000000e+00  0.000000000e+00  0.000000000e+00  0.000000000e+00
  0.000000000e+00  0.000000000e+00  0.000000000e+00  0.000000000e+00
  0.000000000e+00  0.000000000e+00  0.000000000e+00  0.000000000e+00
  0.000000000e+00  0.000000000e+00  0.000000000e+00  0.000000000e+00
  0.000000000e+00  0.000000000e+00  0.000000000e+00  0.000000000e+00
  0.000000000e+00  0.000000000e+00  0.000000000e+00  0.000000000e+00
  0.000000000e+00  0.000000000e+00  0.000000000e+00  0.000000000e+00
  0.000000000e+00  0.000000000e+00  0.000000000e+00  0.000000000e+00
  0.000000000e+00
@R QBEAME 101 []
  0.000000000e+00  0.000000000e+00  0.000000000e+00  0.000000000e+00
  0.000000000e+00  0.000000000e+00  0.000000000e+00  0.000000000e+00
  0.000000000e+00  0.000000000e+00  0.000000000e+00  0.000000000e+00
  0.000000000e+00  0.000000000e+00  0.000000000e+00  0.000000000e+00
  0.000000000e+00  0.000000000e+00  0.000000000e+00  0.000000000e+00
  0.000000000e+00  0.000000000e+00  0.000000000e+00  0.000000000e+00
  0.000000000e+00  0.000000000e+00  0.000000000e+00  0.000000000e+00
  0.000000000e+00  0.000000000e+00  0.000000000e+00  0.000000000e+00
  0.000000000e+00  0.000000000e+00  0.000000000e+00  0.000000000e+00
  0.000000000e+00  0.000000000e+00  0.000000000e+00  0.000000000e+00
  0.000000000e+00  0.000000000e+00  0.000000000e+00  0.000000000e+00
  0.000000000e+00  0.000000000e+00  0.000000000e+00  0.000000000e+00
  0.000000000e+00  0.000000000e+00  0.000000000e+00  0.000000000e+00
  0.000000000e+00  0.000000000e+00  0.000000000e+00  0.000000000e+00
  0.000000000e+00  0.000000000e+00  0.000000000e+00  0.000000000e+00
  0.000000000e+00  0.000000000e+00  0.000000000e+00  0.000000000e+00
  0.000000000e+00  0.000000000e+00  0.000000000e+00  0.000000000e+00
  0.000000000e+00  0.000000000e+00  0.000000000e+00  0.000000000e+00
  0.000000000e+00  0.000000000e+00  0.000000000e+00  0.000000000e+00
  0.000000000e+00  0.000000000e+00  0.000000000e+00  0.000000000e+00
  0.000000000e+00  0.000000000e+00  0.000000000e+00  0.000000000e+00
  0.000000000e+00  0.000000000e+00  0.000000000e+00  0.000000000e+00
  0.000000000e+00  0.000000000e+00  0.000000000e+00  0.000000000e+00
  0.000000000e+00  0.000000000e+00  0.000000000e+00  0.000000000e+00
  0.000000000e+00  0.000000000e+00  0.000000000e+00  0.000000000e+00
  0.000000000e+00
@R QBEAMI 101 []
  0.000000000e+00  0.000000000e+00  0.000000000e+00  0.000000000e+00
  0.000000000e+00  0.000000000e+00  0.000000000e+00  0.000000000e+00
  0.000000000e+00  0.000000000e+00  0.000000000e+00  0.000000000e+00
  0.000000000e+00  0.000000000e+00  0.000000000e+00  0.000000000e+00
  0.000000000e+00  0.000000000e+00  0.000000000e+00  0.000000000e+00
  0.000000000e+00  0.000000000e+00  0.000000000e+00  0.000000000e+00
  0.000000000e+00  0.000000000e+00  0.000000000e+00  0.000000000e+00
  0.000000000e+00  0.000000000e+00  0.000000000e+00  0.000000000e+00
  0.000000000e+00  0.000000000e+00  0.000000000e+00  0.000000000e+00
  0.000000000e+00  0.000000000e+00  0.000000000e+00  0.000000000e+00
  0.000000000e+00  0.000000000e+00  0.000000000e+00  0.000000000e+00
  0.000000000e+00  0.000000000e+00  0.000000000e+00  0.000000000e+00
  0.000000000e+00  0.000000000e+00  0.000000000e+00  0.000000000e+00
  0.000000000e+00  0.000000000e+00  0.000000000e+00  0.000000000e+00
  0.000000000e+00  0.000000000e+00  0.000000000e+00  0.000000000e+00
  0.000000000e+00  0.000000000e+00  0.000000000e+00  0.000000000e+00
  0.000000000e+00  0.000000000e+00  0.000000000e+00  0.000000000e+00
  0.000000000e+00  0.000000000e+00  0.000000000e+00  0.000000000e+00
  0.000000000e+00  0.000000000e+00  0.000000000e+00  0.000000000e+00
  0.000000000e+00  0.000000000e+00  0.000000000e+00  0.000000000e+00
  0.000000000e+00  0.000000000e+00  0.000000000e+00  0.000000000e+00
  0.000000000e+00  0.000000000e+00  0.000000000e+00  0.000000000e+00
  0.000000000e+00  0.000000000e+00  0.000000000e+00  0.000000000e+00
  0.000000000e+00  0.000000000e+00  0.000000000e+00  0.000000000e+00
  0.000000000e+00  0.000000000e+00  0.000000000e+00  0.000000000e+00
  0.000000000e+00
@R ENALP 101 []
  0.000000000e+00  0.000000000e+00  0.000000000e+00  0.000000000e+00
  0.000000000e+00  0.000000000e+00  0.000000000e+00  0.000000000e+00
  0.000000000e+00  0.000000000e+00  0.000000000e+00  0.000000000e+00
  0.000000000e+00  0.000000000e+00  0.000000000e+00  0.000000000e+00
  0.000000000e+00  0.000000000e+00  0.000000000e+00  0.000000000e+00
  0.000000000e+00  0.000000000e+00  0.000000000e+00  0.000000000e+00
  0.000000000e+00  0.000000000e+00  0.000000000e+00  0.000000000e+00
  0.000000000e+00  0.000000000e+00  0.000000000e+00  0.000000000e+00
  0.000000000e+00  0.000000000e+00  0.000000000e+00  0.000000000e+00
  0.000000000e+00  0.000000000e+00  0.000000000e+00  0.000000000e+00
  0.000000000e+00  0.000000000e+00  0.000000000e+00  0.000000000e+00
  0.000000000e+00  0.000000000e+00  0.000000000e+00  0.000000000e+00
  0.000000000e+00  0.000000000e+00  0.000000000e+00  0.000000000e+00
  0.000000000e+00  0.000000000e+00  0.000000000e+00  0.000000000e+00
  0.000000000e+00  0.000000000e+00  0.000000000e+00  0.000000000e+00
  0.000000000e+00  0.000000000e+00  0.000000000e+00  0.000000000e+00
  0.000000000e+00  0.000000000e+00  0.000000000e+00  0.000000000e+00
  0.000000000e+00  0.000000000e+00  0.000000000e+00  0.000000000e+00
  0.000000000e+00  0.000000000e+00  0.000000000e+00  0.000000000e+00
  0.000000000e+00  0.000000000e+00  0.000000000e+00  0.000000000e+00
  0.000000000e+00  0.000000000e+00  0.000000000e+00  0.000000000e+00
  0.000000000e+00  0.000000000e+00  0.000000000e+00  0.000000000e+00
  0.000000000e+00  0.000000000e+00  0.000000000e+00  0.000000000e+00
  0.000000000e+00  0.000000000e+00  0.000000000e+00  0.000000000e+00
  0.000000000e+00  0.000000000e+00  0.000000000e+00  0.000000000e+00
  0.000000000e+00
@R WALP 101 []
  0.000000000e+00  0.000000000e+00  0.000000000e+00  0.000000000e+00
  0.000000000e+00  0.000000000e+00  0.000000000e+00  0.000000000e+00
  0.000000000e+00  0.000000000e+00  0.000000000e+00  0.000000000e+00
  0.000000000e+00  0.000000000e+00  0.000000000e+00  0.000000000e+00
  0.000000000e+00  0.000000000e+00  0.000000000e+00  0.000000000e+00
  0.000000000e+00  0.000000000e+00  0.000000000e+00  0.000000000e+00
  0.000000000e+00  0.000000000e+00  0.000000000e+00  0.000000000e+00
  0.000000000e+00  0.000000000e+00  0.000000000e+00  0.000000000e+00
  0.000000000e+00  0.000000000e+00  0.000000000e+00  0.000000000e+00
  0.000000000e+00  0.000000000e+00  0.000000000e+00  0.000000000e+00
  0.000000000e+00  0.000000000e+00  0.000000000e+00  0.000000000e+00
  0.000000000e+00  0.000000000e+00  0.000000000e+00  0.000000000e+00
  0.000000000e+00  0.000000000e+00  0.000000000e+00  0.000000000e+00
  0.000000000e+00  0.000000000e+00  0.000000000e+00  0.000000000e+00
  0.000000000e+00  0.000000000e+00  0.000000000e+00  0.000000000e+00
  0.000000000e+00  0.000000000e+00  0.000000000e+00  0.000000000e+00
  0.000000000e+00  0.000000000e+00  0.000000000e+00  0.000000000e+00
  0.000000000e+00  0.000000000e+00  0.000000000e+00  0.000000000e+00
  0.000000000e+00  0.000000000e+00  0.000000000e+00  0.000000000e+00
  0.000000000e+00  0.000000000e+00  0.000000000e+00  0.000000000e+00
  0.000000000e+00  0.000000000e+00  0.000000000e+00  0.000000000e+00
  0.000000000e+00  0.000000000e+00  0.000000000e+00  0.000000000e+00
  0.000000000e+00  0.000000000e+00  0.000000000e+00  0.000000000e+00
  0.000000000e+00  0.000000000e+00  0.000000000e+00  0.000000000e+00
  0.000000000e+00  0.000000000e+00  0.000000000e+00  0.000000000e+00
  0.000000000e+00
@R QTFUSE 101 []
  1.851161647e+00  1.848729859e+00  1.841248812e+00  1.830772890e+00
  1.819542943e+00  1.807561383e+00  1.794831689e+00  1.781360478e+00
  1.767157423e+00  1.752231202e+00  1.736588009e+00  1.720231966e+00
  1.703167117e+00  1.685399963e+00  1.666938026e+00  1.647787730e+00
  1.627956331e+00  1.607450886e+00  1.586278203e+00  1.564448052e+00
  1.541969543e+00  1.518850800e+00  1.495103632e+00  1.470740046e+00
  1.445771467e+00  1.420211247e+00  1.394073813e+00  1.367374867e+00
  1.340131724e+00  1.312362774e+00  1.284087574e+00  1.255327234e+00
  1.226104784e+00  1.196445190e+00  1.166374842e+00  1.135921944e+00
  1.105116697e+00  1.073990980e+00  1.042578956e+00  1.010917464e+00
  9.790447912e-01  9.470005361e-01  9.148277267e-01  8.825711305e-01
  8.502765801e-01  8.179928219e-01  7.857697826e-01  7.536592193e-01
  7.217144226e-01  6.899896632e-01  6.585405136e-01  6.274230106e-01
  5.966937817e-01  5.664094368e-01  5.366261881e-01  5.073997948e-01
  4.787845542e-01  4.508331666e-01  4.235966474e-01  3.971229740e-01
  3.714571810e-01  3.466412930e-01  3.227129202e-01  2.997052898e-01
  2.776472945e-01  2.565628407e-01  2.364702411e-01  2.173823353e-01
  1.993066951e-01  1.822451711e-01  1.661940379e-01  1.511439666e-01
  1.370804487e-01  1.239841196e-01  1.118309039e-01  1.005925576e-01
  9.023694130e-02  8.072864126e-02  7.202961375e-02  6.409953361e-02
  5.689641207e-02  5.037708503e-02  4.449771615e-02  3.921433509e-02
  3.448321997e-02  3.026121089e-02  2.650588354e-02  2.317550042e-02
  2.022850840e-02  1.762202136e-02  1.530834661e-02  1.322765246e-02
  1.129387719e-02  9.373936746e-03  7.285427741e-03  4.916089585e-03
  2.545052394e-03  8.508067810e-04  1.411907688e-04  6.226745953e-06
  2.818642441e-08
@R QTFUSI 101 []
  8.147267640e-01  8.130274402e-01  8.078034559e-01  8.005021425e-01
  7.927026652e-01  7.844172077e-01  7.756587591e-01  7.664419742e-01
  7.567830919e-01  7.466981548e-01  7.362023651e-01  7.253102603e-01
  7.140365569e-01  7.023971886e-01  6.904086698e-01  6.780871853e-01
  6.654493766e-01  6.525119000e-01  6.392913829e-01  6.258057007e-01
  6.120724833e-01  5.981089679e-01  5.839338271e-01  5.695657517e-01
  5.550231173e-01  5.403249407e-01  5.254905071e-01  5.105394091e-01
  4.954916335e-01  4.803673189e-01  4.651867498e-01  4.499704600e-01
  4.347393119e-01  4.195144526e-01  4.043170785e-01  3.891685244e-01
  3.740902702e-01  3.591037773e-01  3.442306329e-01  3.294926160e-01
  3.149112267e-01  3.005075908e-01  2.863030737e-01  2.723186753e-01
  2.585747551e-01  2.450915500e-01  2.318885797e-01  2.189847836e-01
  2.063983837e-01  1.941466681e-01  1.822460456e-01  1.707117672e-01
  1.595579353e-01  1.487973156e-01  1.384412261e-01  1.284995225e-01
  1.189803511e-01  1.098901417e-01  1.012336252e-01  9.301355663e-02
  8.523081100e-02  7.788444856e-02  7.097148941e-02  6.448703674e-02
  5.842441339e-02  5.277515073e-02  4.752901152e-02  4.267416976e-02
  3.819741152e-02  3.408420292e-02  3.031888214e-02  2.688481539e-02
  2.376462927e-02  2.094041437e-02  1.839388565e-02  1.610659930e-02
  1.406010950e-02  1.223616387e-02  1.061688364e-02  9.184877873e-03
  7.923381838e-03  6.816357449e-03  5.848578547e-03  5.005704366e-03
  4.274316984e-03  3.641937458e-03  3.097014601e-03  2.628878911e-03
  2.227638976e-03  1.883962816e-03  1.588653362e-03  1.331840556e-03
  1.101567133e-03  8.820525210e-04  6.549745566e-04  4.144043599e-04
  1.953781346e-04  5.690640088e-05  7.528505575e-06  2.104825227e-07
  4.328434841e-10
@R QRFE 101 []
 -1.849804898e-02 -1.533113745e-02 -1.064200026e-02 -4.124288693e-03
  4.166956327e-02  1.485338748e-01  2.326760085e-01  3.020314691e-01
  5.451258974e-01  8.476295362e-01  9.082946951e-01  7.918384578e-01
  6.784810980e-01  6.080399028e-01  5.391606251e-01  4.411924286e-01
  3.605333036e-01  3.114874823e-01  2.694981217e-01  2.272743570e-01
  1.878176527e-01  1.582477455e-01  1.358000708e-01  1.118202920e-01
  8.909929154e-02  7.399940993e-02  6.525008941e-02  5.503092067e-02
  4.056830363e-02  2.875964500e-02  2.281248650e-02  1.802453347e-02
  1.184294653e-02  7.157280152e-03  5.320742529e-03  3.350033687e-03
 -2.507196701e-04 -3.206729513e-03 -4.071687942e-03 -4.421510119e-03
 -5.543531784e-03 -6.373669922e-03 -6.415130876e-03 -7.005320896e-03
 -8.346931939e-03 -9.047445067e-03 -8.595603415e-03 -7.925138689e-03
 -7.804214223e-03 -7.813296574e-03 -7.442076939e-03 -6.928612211e-03
 -6.563855316e-03 -6.082862673e-03 -4.938433316e-03 -3.519712616e-03
 -2.601809190e-03 -2.016664347e-03 -1.407060004e-03 -4.278384856e-04
  1.008140755e-03  2.488015799e-03  3.858816329e-03  5.228007495e-03
  6.706322634e-03  8.319706061e-03  9.940862526e-03  1.139539561e-02
  1.271814457e-02  1.406786858e-02  1.546182205e-02  1.680869822e-02
  1.801628223e-02  1.906692100e-02  2.006547818e-02  2.102944420e-02
  2.172619711e-02  2.207604303e-02  2.226358246e-02  1.997141300e-02
  1.297554962e-02  5.409000088e-03  1.580351464e-03  4.950625133e-04
  2.772321741e-04  2.741916301e-04  2.671681159e-04  2.065070855e-04
  1.480847580e-04  1.281618259e-04  1.330764573e-04  1.305021353e-04
  1.206069134e-04  1.151541843e-04  1.071386549e-04  9.104862137e-05
  7.381241831e-05  6.717278741e-05  8.188173324e-05  1.207243435e-04
  1.456238467e-04
@R QRFI 101 []
  3.338830617e-02  3.342200408e-02  3.572936369e-02  4.768552341e-02
  1.166252158e-01  2.656651326e-01  3.814191738e-01  5.599868957e-01
  1.202999811e+00  2.140718806e+00  2.791867097e+00  3.153881281e+00
  3.442842420e+00  3.638720084e+00  3.564636343e+00  3.249310688e+00
  3.051341478e+00  2.948396165e+00  2.679346770e+00  2.294595687e+00
  1.936146085e+00  1.637946041e+00  1.340612892e+00  1.022245000e+00
  7.532154208e-01  5.679804823e-01  4.409926950e-01  3.388969975e-01
  2.486642653e-01  1.792111927e-01  1.332317777e-01  1.080627840e-01
  1.009416979e-01  1.033629231e-01  1.072552425e-01  1.075876690e-01
  1.021332797e-01  9.445639417e-02  9.123231936e-02  9.482255926e-02
  1.011588783e-01  1.050690853e-01  1.030101167e-01  9.147638542e-02
  7.427394446e-02  6.323829798e-02  6.274083198e-02  6.614660733e-02
  6.491497973e-02  5.802164456e-02  5.018962390e-02  4.470866514e-02
  4.132650996e-02  3.917842375e-02  4.012497042e-02  4.300471977e-02
  4.285303171e-02  3.756839628e-02  3.096995295e-02  2.901034867e-02
  3.050902466e-02  3.063500917e-02  2.697634252e-02  2.043127697e-02
  1.537310237e-02  1.306616571e-02  1.087713636e-02  6.299877179e-03
  6.102605489e-04 -2.948517947e-03 -4.551032194e-03 -6.476406664e-03
 -9.720436256e-03 -1.269925135e-02 -1.379362120e-02 -1.339000893e-02
 -1.362369531e-02 -1.551255959e-02 -1.684492470e-02 -1.387523695e-02
 -6.017707392e-03  7.626951241e-04  2.949632498e-03  3.224681176e-03
  3.596526029e-03  4.033289757e-03  3.791184409e-03  2.879096535e-03
  2.181924729e-03  2.083542526e-03  2.238463064e-03  2.202831917e-03
  2.070976765e-03  2.050667536e-03  1.969087340e-03  1.699279375e-03
  1.365652481e-03  1.172350682e-03  1.299787409e-03  1.799217032e-03
  2.133713806e-03
@R QRAD 101 []
 -1.537776990e+00 -1.537155557e+00 -1.535256189e+00 -1.532623540e+00
 -1.529834776e+00 -1.526885521e+00 -1.523772372e+00 -1.520494653e+00
 -1.517054377e+00 -1.513452795e+00 -1.509689057e+00 -1.505760469e+00
 -1.501664154e+00 -1.497399246e+00 -1.492965620e+00 -1.488361975e+00
 -1.483587490e+00 -1.478640838e+00 -1.473520064e+00 -1.468225505e+00
 -1.462772228e+00 -1.457797089e+00 -1.453911870e+00 -1.450483981e+00
 -1.446889514e+00 -1.443124087e+00 -1.439183455e+00 -1.435063641e+00
 -1.430761221e+00 -1.426272673e+00 -1.421594384e+00 -1.416722952e+00
 -1.411655539e+00 -1.406389813e+00 -1.400923264e+00 -1.395253583e+00
 -1.389378805e+00 -1.383296839e+00 -1.377006170e+00 -1.370506379e+00
 -1.363796507e+00 -1.356874770e+00 -1.350404421e+00 -1.345418104e+00
 -1.341601768e+00 -1.337883303e+00 -1.333871081e+00 -1.329562895e+00
 -1.324957080e+00 -1.320052007e+00 -1.314847008e+00 -1.309341390e+00
 -1.303535257e+00 -1.297428985e+00 -1.291023196e+00 -1.284319592e+00
 -1.274532152e+00 -1.231152991e+00 -1.130225568e+00 -1.004221349e+00
 -8.818671256e-01 -7.631988824e-01 -6.482457425e-01 -5.370311728e-01
 -4.295739690e-01 -3.258874304e-01 -2.259791697e-01 -1.298517079e-01
 -7.264139692e-02 -1.116368706e-01 -2.313158988e-01 -3.693214065e-01
 -5.009908865e-01 -6.263674027e-01 -7.455010255e-01 -8.584492087e-01
 -9.652748972e-01 -1.066047207e+00 -1.143194568e+00 -1.175770451e+00
 -1.179329923e+00 -1.177374669e+00 -1.174523350e+00 -1.170796612e+00
 -1.166213949e+00 -1.160790989e+00 -1.154533289e+00 -1.148858236e+00
 -1.145312049e+00 -1.142366022e+00 -1.137839736e+00 -1.130711191e+00
 -1.119465120e+00 -1.101140114e+00 -1.072633317e+00 -1.031909234e+00
 -9.825246654e-01 -9.628271868e-01 -1.072581978e+00 -1.036725349e+00
 -8.971654438e-01
@R QOHM 101 []
  0.000000000e+00  0.000000000e+00  0.000000000e+00  0.000000000e+00
  0.000000000e+00  0.000000000e+00  0.000000000e+00  0.000000000e+00
  0.000000000e+00  0.000000000e+00  0.000000000e+00  0.000000000e+00
  0.000000000e+00  0.000000000e+00  0.000000000e+00  0.000000000e+00
  0.000000000e+00  0.000000000e+00  0.000000000e+00  0.000000000e+00
  0.000000000e+00  0.000000000e+00  0.000000000e+00  0.000000000e+00
  0.000000000e+00  0.000000000e+00  0.000000000e+00  0.000000000e+00
  0.000000000e+00  0.000000000e+00  0.000000000e+00  0.000000000e+00
  0.000000000e+00  0.000000000e+00  0.000000000e+00  0.000000000e+00
  0.000000000e+00  0.000000000e+00  0.000000000e+00  0.000000000e+00
  0.000000000e+00  0.000000000e+00  0.000000000e+00  0.000000000e+00
  0.000000000e+00  0.000000000e+00  0.000000000e+00  0.000000000e+00
  0.000000000e+00  0.000000000e+00  0.000000000e+00  0.000000000e+00
  0.000000000e+00  0.000000000e+00  0.000000000e+00  0.000000000e+00
  0.000000000e+00  0.000000000e+00  0.000000000e+00  0.000000000e+00
  0.000000000e+00  0.000000000e+00  0.000000000e+00  0.000000000e+00
  0.000000000e+00  0.000000000e+00  0.000000000e+00  0.000000000e+00
  0.000000000e+00  0.000000000e+00  0.000000000e+00  0.000000000e+00
  0.000000000e+00  0.000000000e+00  0.000000000e+00  0.000000000e+00
  0.000000000e+00  0.000000000e+00  0.000000000e+00  0.000000000e+00
  0.000000000e+00  0.000000000e+00  0.000000000e+00  0.000000000e+00
  0.000000000e+00  0.000000000e+00  0.000000000e+00  0.000000000e+00
  0.000000000e+00  0.000000000e+00  0.000000000e+00  0.000000000e+00
  0.000000000e+00  0.000000000e+00  0.000000000e+00  0.000000000e+00
  0.000000000e+00  0.000000000e+00  0.000000000e+00  0.000000000e+00
  0.000000000e+00
@R QIONE 101 []
  0.000000000e+00  0.000000000e+00  0.000000000e+00  0.000000000e+00
  0.000000000e+00  0.000000000e+00  0.000000000e+00  0.000000000e+00
  0.000000000e+00  0.000000000e+00  0.000000000e+00  0.000000000e+00
  0.000000000e+00  0.000000000e+00  0.000000000e+00  0.000000000e+00
  0.000000000e+00  0.000000000e+00  0.000000000e+00  0.000000000e+00
  0.000000000e+00  0.000000000e+00  0.000000000e+00  0.000000000e+00
  0.000000000e+00  0.000000000e+00  0.000000000e+00  0.000000000e+00
  0.000000000e+00  0.000000000e+00  0.000000000e+00  0.000000000e+00
  0.000000000e+00  0.000000000e+00  0.000000000e+00  0.000000000e+00
  0.000000000e+00  0.000000000e+00  0.000000000e+00  0.000000000e+00
  0.000000000e+00  0.000000000e+00  0.000000000e+00  0.000000000e+00
  0.000000000e+00  0.000000000e+00  0.000000000e+00  0.000000000e+00
  0.000000000e+00  0.000000000e+00  0.000000000e+00  0.000000000e+00
  0.000000000e+00  0.000000000e+00  0.000000000e+00  0.000000000e+00
  0.000000000e+00  0.000000000e+00  0.000000000e+00  0.000000000e+00
  0.000000000e+00  0.000000000e+00  0.000000000e+00  0.000000000e+00
  0.000000000e+00  0.000000000e+00  0.000000000e+00  0.000000000e+00
  0.000000000e+00  0.000000000e+00  0.000000000e+00  0.000000000e+00
  0.000000000e+00  0.000000000e+00  0.000000000e+00  0.000000000e+00
  0.000000000e+00  0.000000000e+00  0.000000000e+00  0.000000000e+00
  0.000000000e+00  0.000000000e+00  0.000000000e+00  0.000000000e+00
  0.000000000e+00  0.000000000e+00  0.000000000e+00  0.000000000e+00
  0.000000000e+00  0.000000000e+00  0.000000000e+00  0.000000000e+00
  0.000000000e+00  0.000000000e+00  0.000000000e+00  0.000000000e+00
  0.000000000e+00  0.000000000e+00  0.000000000e+00  0.000000000e+00
  0.000000000e+00
@R QIONI 101 []
  0.000000000e+00  0.000000000e+00  0.000000000e+00  0.000000000e+00
  0.000000000e+00  0.000000000e+00  0.000000000e+00  0.000000000e+00
  0.000000000e+00  0.000000000e+00  0.000000000e+00  0.000000000e+00
  0.000000000e+00  0.000000000e+00  0.000000000e+00  0.000000000e+00
  0.000000000e+00  0.000000000e+00  0.000000000e+00  0.000000000e+00
  0.000000000e+00  0.000000000e+00  0.000000000e+00  0.000000000e+00
  0.000000000e+00  0.000000000e+00  0.000000000e+00  0.000000000e+00
  0.000000000e+00  0.000000000e+00  0.000000000e+00  0.000000000e+00
  0.000000000e+00  0.000000000e+00  0.000000000e+00  0.000000000e+00
  0.000000000e+00  0.000000000e+00  0.000000000e+00  0.000000000e+00
  0.000000000e+00  0.000000000e+00  0.000000000e+00  0.000000000e+00
  0.000000000e+00  0.000000000e+00  0.000000000e+00  0.000000000e+00
  0.000000000e+00  0.000000000e+00  0.000000000e+00  0.000000000e+00
  0.000000000e+00  0.000000000e+00  0.000000000e+00  0.000000000e+00
  0.000000000e+00  0.000000000e+00  0.000000000e+00  0.000000000e+00
  0.000000000e+00  0.000000000e+00  0.000000000e+00  0.000000000e+00
  0.000000000e+00  0.000000000e+00  0.000000000e+00  0.000000000e+00
  0.000000000e+00  0.000000000e+00  0.000000000e+00  0.000000000e+00
  0.000000000e+00  0.000000000e+00  0.000000000e+00  0.000000000e+00
  0.000000000e+00  0.000000000e+00  0.000000000e+00  0.000000000e+00
  0.000000000e+00  0.000000000e+00  0.000000000e+00  0.000000000e+00
  0.000000000e+00  0.000000000e+00  0.000000000e+00  0.000000000e+00
  0.000000000e+00  0.000000000e+00  0.000000000e+00  0.000000000e+00
  0.000000000e+00  0.000000000e+00  0.000000000e+00  0.000000000e+00
  0.000000000e+00  0.000000000e+00  0.000000000e+00  0.000000000e+00
  0.000000000e+00
@R QCX 101 []
  0.000000000e+00  0.000000000e+00  0.000000000e+00  0.000000000e+00
  0.000000000e+00  0.000000000e+00  0.000000000e+00  0.000000000e+00
  0.000000000e+00  0.000000000e+00  0.000000000e+00  0.000000000e+00
  0.000000000e+00  0.000000000e+00  0.000000000e+00  0.000000000e+00
  0.000000000e+00  0.000000000e+00  0.000000000e+00  0.000000000e+00
  0.000000000e+00  0.000000000e+00  0.000000000e+00  0.000000000e+00
  0.000000000e+00  0.000000000e+00  0.000000000e+00  0.000000000e+00
  0.000000000e+00  0.000000000e+00  0.000000000e+00  0.000000000e+00
  0.000000000e+00  0.000000000e+00  0.000000000e+00  0.000000000e+00
  0.000000000e+00  0.000000000e+00  0.000000000e+00  0.000000000e+00
  0.000000000e+00  0.000000000e+00  0.000000000e+00  0.000000000e+00
  0.000000000e+00  0.000000000e+00  0.000000000e+00  0.000000000e+00
  0.000000000e+00  0.000000000e+00  0.000000000e+00  0.000000000e+00
  0.000000000e+00  0.000000000e+00  0.000000000e+00  0.000000000e+00
  0.000000000e+00  0.000000000e+00  0.000000000e+00  0.000000000e+00
  0.000000000e+00  0.000000000e+00  0.000000000e+00  0.000000000e+00
  0.000000000e+00  0.000000000e+00  0.000000000e+00  0.000000000e+00
  0.000000000e+00  0.000000000e+00  0.000000000e+00  0.000000000e+00
  0.000000000e+00  0.000000000e+00  0.000000000e+00  0.000000000e+00
  0.000000000e+00  0.000000000e+00  0.000000000e+00  0.000000000e+00
  0.000000000e+00  0.000000000e+00  0.000000000e+00  0.000000000e+00
  0.000000000e+00  0.000000000e+00  0.000000000e+00  0.000000000e+00
  0.000000000e+00  0.000000000e+00  0.000000000e+00  0.000000000e+00
  0.000000000e+00  0.000000000e+00  0.000000000e+00  0.000000000e+00
  0.000000000e+00  0.000000000e+00  0.000000000e+00  0.000000000e+00
  0.000000000e+00
@R STORQUEB 101 []
  0.000000000e+00  0.000000000e+00  0.000000000e+00  0.000000000e+00
  0.000000000e+00  0.000000000e+00  0.000000000e+00  0.000000000e+00
  0.000000000e+00  0.000000000e+00  0.000000000e+00  0.000000000e+00
  0.000000000e+00  0.000000000e+00  0.000000000e+00  0.000000000e+00
  0.000000000e+00  0.000000000e+00  0.000000000e+00  0.000000000e+00
  0.000000000e+00  0.000000000e+00  0.000000000e+00  0.000000000e+00
  0.000000000e+00  0.000000000e+00  0.000000000e+00  0.000000000e+00
  0.000000000e+00  0.000000000e+00  0.000000000e+00  0.000000000e+00
  0.000000000e+00  0.000000000e+00  0.000000000e+00  0.000000000e+00
  0.000000000e+00  0.000000000e+00  0.000000000e+00  0.000000000e+00
  0.000000000e+00  0.000000000e+00  0.000000000e+00  0.000000000e+00
  0.000000000e+00  0.000000000e+00  0.000000000e+00  0.000000000e+00
  0.000000000e+00  0.000000000e+00  0.000000000e+00  0.000000000e+00
  0.000000000e+00  0.000000000e+00  0.000000000e+00  0.000000000e+00
  0.000000000e+00  0.000000000e+00  0.000000000e+00  0.000000000e+00
  0.000000000e+00  0.000000000e+00  0.000000000e+00  0.000000000e+00
  0.000000000e+00  0.000000000e+00  0.000000000e+00  0.000000000e+00
  0.000000000e+00  0.000000000e+00  0.000000000e+00  0.000000000e+00
  0.000000000e+00  0.000000000e+00  0.000000000e+00  0.000000000e+00
  0.000000000e+00  0.000000000e+00  0.000000000e+00  0.000000000e+00
  0.000000000e+00  0.000000000e+00  0.000000000e+00  0.000000000e+00
  0.000000000e+00  0.000000000e+00  0.000000000e+00  0.000000000e+00
  0.000000000e+00  0.000000000e+00  0.000000000e+00  0.000000000e+00
  0.000000000e+00  0.000000000e+00  0.000000000e+00  0.000000000e+00
  0.000000000e+00  0.000000000e+00  0.000000000e+00  0.000000000e+00
  0.000000000e+00
@R STORQUE 101 []
  0.000000000e+00  0.000000000e+00  0.000000000e+00  0.000000000e+00
  0.000000000e+00  0.000000000e+00  0.000000000e+00  0.000000000e+00
  0.000000000e+00  0.000000000e+00  0.000000000e+00  0.000000000e+00
  0.000000000e+00  0.000000000e+00  0.000000000e+00  0.000000000e+00
  0.000000000e+00  0.000000000e+00  0.000000000e+00  0.000000000e+00
  0.000000000e+00  0.000000000e+00  0.000000000e+00  0.000000000e+00
  0.000000000e+00  0.000000000e+00  0.000000000e+00  0.000000000e+00
  0.000000000e+00  0.000000000e+00  0.000000000e+00  0.000000000e+00
  0.000000000e+00  0.000000000e+00  0.000000000e+00  0.000000000e+00
  0.000000000e+00  0.000000000e+00  0.000000000e+00  0.000000000e+00
  0.000000000e+00  0.000000000e+00  0.000000000e+00  0.000000000e+00
  0.000000000e+00  0.000000000e+00  0.000000000e+00  0.000000000e+00
  0.000000000e+00  0.000000000e+00  0.000000000e+00  0.000000000e+00
  0.000000000e+00  0.000000000e+00  0.000000000e+00  0.000000000e+00
  0.000000000e+00  0.000000000e+00  0.000000000e+00  0.000000000e+00
  0.000000000e+00  0.000000000e+00  0.000000000e+00  0.000000000e+00
  0.000000000e+00  0.000000000e+00  0.000000000e+00  0.000000000e+00
  0.000000000e+00  0.000000000e+00  0.000000000e+00  0.000000000e+00
  0.000000000e+00  0.000000000e+00  0.000000000e+00  0.000000000e+00
  0.000000000e+00  0.000000000e+00  0.000000000e+00  0.000000000e+00
  0.000000000e+00  0.000000000e+00  0.000000000e+00  0.000000000e+00
  0.000000000e+00  0.000000000e+00  0.000000000e+00  0.000000000e+00
  0.000000000e+00  0.000000000e+00  0.000000000e+00  0.000000000e+00
  0.000000000e+00  0.000000000e+00  0.000000000e+00  0.000000000e+00
  0.000000000e+00  0.000000000e+00  0.000000000e+00  0.000000000e+00
  0.000000000e+00
@R SION 101 []
  0.000000000e+00  0.000000000e+00  0.000000000e+00  0.000000000e+00
  0.000000000e+00  0.000000000e+00  0.000000000e+00  0.000000000e+00
  0.000000000e+00  0.000000000e+00  0.000000000e+00  0.000000000e+00
  0.000000000e+00  0.000000000e+00  0.000000000e+00  0.000000000e+00
  0.000000000e+00  0.000000000e+00  0.000000000e+00  0.000000000e+00
  0.000000000e+00  0.000000000e+00  0.000000000e+00  0.000000000e+00
  0.000000000e+00  0.000000000e+00  0.000000000e+00  0.000000000e+00
  0.000000000e+00  0.000000000e+00  0.000000000e+00  0.000000000e+00
  0.000000000e+00  0.000000000e+00  0.000000000e+00  0.000000000e+00
  0.000000000e+00  0.000000000e+00  0.000000000e+00  0.000000000e+00
  0.000000000e+00  0.000000000e+00  0.000000000e+00  0.000000000e+00
  0.000000000e+00  0.000000000e+00  0.000000000e+00  0.000000000e+00
  0.000000000e+00  0.000000000e+00  0.000000000e+00  0.000000000e+00
  0.000000000e+00  0.000000000e+00  0.000000000e+00  0.000000000e+00
  0.000000000e+00  0.000000000e+00  0.000000000e+00  0.000000000e+00
  0.000000000e+00  0.000000000e+00  0.000000000e+00  0.000000000e+00
  0.000000000e+00  0.000000000e+00  0.000000000e+00  0.000000000e+00
  0.000000000e+00  0.000000000e+00  0.000000000e+00  0.000000000e+00
  0.000000000e+00  0.000000000e+00  0.000000000e+00  0.000000000e+00
  0.000000000e+00  0.000000000e+00  0.000000000e+00  0.000000000e+00
  0.000000000e+00  0.000000000e+00  0.000000000e+00  0.000000000e+00
  0.000000000e+00  0.000000000e+00  0.000000000e+00  0.000000000e+00
  0.000000000e+00  0.000000000e+00  0.000000000e+00  0.000000000e+00
  0.000000000e+00  0.000000000e+00  0.000000000e+00  0.000000000e+00
  0.000000000e+00  0.000000000e+00  0.000000000e+00  0.000000000e+00
  0.000000000e+00
@R CHIE 101 []
  0.000000000e+00  0.000000000e+00  0.000000000e+00  0.000000000e+00
  0.000000000e+00  0.000000000e+00  0.000000000e+00  0.000000000e+00
  0.000000000e+00  0.000000000e+00  0.000000000e+00  0.000000000e+00
  0.000000000e+00  0.000000000e+00  0.000000000e+00  0.000000000e+00
  0.000000000e+00  0.000000000e+00  0.000000000e+00  0.000000000e+00
  0.000000000e+00  0.000000000e+00  0.000000000e+00  0.000000000e+00
  0.000000000e+00  0.000000000e+00  0.000000000e+00  0.000000000e+00
  0.000000000e+00  0.000000000e+00  0.000000000e+00  0.000000000e+00
  0.000000000e+00  0.000000000e+00  0.000000000e+00  0.000000000e+00
  0.000000000e+00  0.000000000e+00  0.000000000e+00  0.000000000e+00
  0.000000000e+00  0.000000000e+00  0.000000000e+00  0.000000000e+00
  0.000000000e+00  0.000000000e+00  0.000000000e+00  0.000000000e+00
  0.000000000e+00  0.000000000e+00  0.000000000e+00  0.000000000e+00
  0.000000000e+00  0.000000000e+00  0.000000000e+00  0.000000000e+00
  0.000000000e+00  0.000000000e+00  0.000000000e+00  0.000000000e+00
  0.000000000e+00  0.000000000e+00  0.000000000e+00  0.000000000e+00
  0.000000000e+00  0.000000000e+00  0.000000000e+00  0.000000000e+00
  0.000000000e+00  0.000000000e+00  0.000000000e+00  0.000000000e+00
  0.000000000e+00  0.000000000e+00  0.000000000e+00  0.000000000e+00
  0.000000000e+00  0.000000000e+00  0.000000000e+00  0.000000000e+00
  0.000000000e+00  0.000000000e+00  0.000000000e+00  0.000000000e+00
  0.000000000e+00  0.000000000e+00  0.000000000e+00  0.000000000e+00
  0.000000000e+00  0.000000000e+00  0.000000000e+00  0.000000000e+00
  0.000000000e+00  0.000000000e+00  0.000000000e+00  0.000000000e+00
  0.000000000e+00  0.000000000e+00  0.000000000e+00  0.000000000e+00
  0.000000000e+00
@R CHII 101 []
  0.000000000e+00  0.000000000e+00  0.000000000e+00  0.000000000e+00
  0.000000000e+00  0.000000000e+00  0.000000000e+00  0.000000000e+00
  0.000000000e+00  0.000000000e+00  0.000000000e+00  0.000000000e+00
  0.000000000e+00  0.000000000e+00  0.000000000e+00  0.000000000e+00
  0.000000000e+00  0.000000000e+00  0.000000000e+00  0.000000000e+00
  0.000000000e+00  0.000000000e+00  0.000000000e+00  0.000000000e+00
  0.000000000e+00  0.000000000e+00  0.000000000e+00  0.000000000e+00
  0.000000000e+00  0.000000000e+00  0.000000000e+00  0.000000000e+00
  0.000000000e+00  0.000000000e+00  0.000000000e+00  0.000000000e+00
  0.000000000e+00  0.000000000e+00  0.000000000e+00  0.000000000e+00
  0.000000000e+00  0.000000000e+00  0.000000000e+00  0.000000000e+00
  0.000000000e+00  0.000000000e+00  0.000000000e+00  0.000000000e+00
  0.000000000e+00  0.000000000e+00  0.000000000e+00  0.000000000e+00
  0.000000000e+00  0.000000000e+00  0.000000000e+00  0.000000000e+00
  0.000000000e+00  0.000000000e+00  0.000000000e+00  0.000000000e+00
  0.000000000e+00  0.000000000e+00  0.000000000e+00  0.000000000e+00
  0.000000000e+00  0.000000000e+00  0.000000000e+00  0.000000000e+00
  0.000000000e+00  0.000000000e+00  0.000000000e+00  0.000000000e+00
  0.000000000e+00  0.000000000e+00  0.000000000e+00  0.000000000e+00
  0.000000000e+00  0.000000000e+00  0.000000000e+00  0.000000000e+00
  0.000000000e+00  0.000000000e+00  0.000000000e+00  0.000000000e+00
  0.000000000e+00  0.000000000e+00  0.000000000e+00  0.000000000e+00
  0.000000000e+00  0.000000000e+00  0.000000000e+00  0.000000000e+00
  0.000000000e+00  0.000000000e+00  0.000000000e+00  0.000000000e+00
  0.000000000e+00  0.000000000e+00  0.000000000e+00  0.000000000e+00
  0.000000000e+00
