@R INFLAG 1 []
1.000000e+00 
@R IP 1 []
1.000000e+01 
@R BCENTR 1 []
1.100000e+01 
@R RMAJOR 1 []
4.550000e+00 
@R AMINOR 1 []
1.108396e+00 
@R ELONGB 1 []
1.345531e+00 
@R TRIANB 1 []
-3.154118e-01 
@R AMAIN 1 []
2.500000e+00 
@R ZMAIN 1 []
1.000000e+00 
@R AIMP 1 []
1.820000e+02 
@R ZIMP 1 []
7.400000e+01 
@R RHO 101 []
0.000000e+00 1.000000e-02 2.000000e-02 3.000000e-02 4.000000e-02 
5.000000e-02 6.000000e-02 7.000000e-02 8.000000e-02 9.000000e-02 
1.000000e-01 1.100000e-01 1.200000e-01 1.300000e-01 1.400000e-01 
1.500000e-01 1.600000e-01 1.700000e-01 1.800000e-01 1.900000e-01 
2.000000e-01 2.100000e-01 2.200000e-01 2.300000e-01 2.400000e-01 
2.500000e-01 2.600000e-01 2.700000e-01 2.800000e-01 2.900000e-01 
3.000000e-01 3.100000e-01 3.200000e-01 3.300000e-01 3.400000e-01 
3.500000e-01 3.600000e-01 3.700000e-01 3.800000e-01 3.900000e-01 
4.000000e-01 4.100000e-01 4.200000e-01 4.300000e-01 4.400000e-01 
4.500000e-01 4.600000e-01 4.700000e-01 4.800000e-01 4.900000e-01 
5.000000e-01 5.100000e-01 5.200000e-01 5.300000e-01 5.400000e-01 
5.500000e-01 5.600000e-01 5.700000e-01 5.800000e-01 5.900000e-01 
6.000000e-01 6.100000e-01 6.200000e-01 6.300000e-01 6.400000e-01 
6.500000e-01 6.600000e-01 6.700000e-01 6.800000e-01 6.900000e-01 
7.000000e-01 7.100000e-01 7.200000e-01 7.300000e-01 7.400000e-01 
7.500000e-01 7.600000e-01 7.700000e-01 7.800000e-01 7.900000e-01 
8.000000e-01 8.100000e-01 8.200000e-01 8.300000e-01 8.400000e-01 
8.500000e-01 8.600000e-01 8.700000e-01 8.800000e-01 8.900000e-01 
9.000000e-01 9.100000e-01 9.200000e-01 9.300000e-01 9.400000e-01 
9.500000e-01 9.600000e-01 9.700000e-01 9.800000e-01 9.900000e-01 
1.000000e+00 
@R ENE 101 []
2.762307e+01 2.762307e+01 2.757546e+01 2.752447e+01 2.747012e+01 
2.741246e+01 2.735155e+01 2.728741e+01 2.722011e+01 2.714968e+01 
2.707616e+01 2.699961e+01 2.692007e+01 2.683757e+01 2.675218e+01 
2.666392e+01 2.657285e+01 2.647901e+01 2.638245e+01 2.628320e+01 
2.618132e+01 2.607685e+01 2.596984e+01 2.586032e+01 2.574835e+01 
2.563396e+01 2.551721e+01 2.539814e+01 2.527679e+01 2.515320e+01 
2.502743e+01 2.489951e+01 2.476950e+01 2.463743e+01 2.450335e+01 
2.436731e+01 2.422934e+01 2.408951e+01 2.394784e+01 2.380438e+01 
2.365919e+01 2.351230e+01 2.336375e+01 2.321360e+01 2.306189e+01 
2.290866e+01 2.275396e+01 2.259783e+01 2.244031e+01 2.228146e+01 
2.212132e+01 2.195992e+01 2.179732e+01 2.163356e+01 2.146868e+01 
2.130274e+01 2.113577e+01 2.096781e+01 2.079892e+01 2.062914e+01 
2.045851e+01 2.028708e+01 2.011488e+01 1.994197e+01 1.976839e+01 
1.959418e+01 1.941937e+01 1.924402e+01 1.906815e+01 1.889181e+01 
1.871501e+01 1.853780e+01 1.836017e+01 1.818213e+01 1.800366e+01 
1.782472e+01 1.764521e+01 1.746499e+01 1.728385e+01 1.710142e+01 
1.691722e+01 1.673048e+01 1.654013e+01 1.634462e+01 1.614177e+01 
1.592848e+01 1.570050e+01 1.545207e+01 1.517559e+01 1.486152e+01 
1.449866e+01 1.407535e+01 1.358208e+01 1.301563e+01 1.238413e+01 
1.171056e+01 1.103139e+01 1.038888e+01 9.819731e+00 9.346060e+00 
8.972966e+00 
@R TE 101 []
2.130438e+01 2.129764e+01 2.127744e+01 2.124382e+01 2.119684e+01 
2.113660e+01 2.106319e+01 2.097677e+01 2.087749e+01 2.076554e+01 
2.064113e+01 2.050449e+01 2.035588e+01 2.019557e+01 2.002385e+01 
1.984103e+01 1.964745e+01 1.944346e+01 1.922942e+01 1.900571e+01 
1.877272e+01 1.853087e+01 1.828056e+01 1.802223e+01 1.775632e+01 
1.748327e+01 1.720353e+01 1.691756e+01 1.662583e+01 1.632879e+01 
1.602693e+01 1.572295e+01 1.541904e+01 1.511487e+01 1.481008e+01 
1.450434e+01 1.419810e+01 1.389256e+01 1.358847e+01 1.328658e+01 
1.298763e+01 1.269264e+01 1.240242e+01 1.211743e+01 1.183814e+01 
1.156501e+01 1.129836e+01 1.103813e+01 1.078424e+01 1.053660e+01 
1.029513e+01 1.005955e+01 9.829517e+00 9.604889e+00 9.385510e+00 
9.171228e+00 8.961876e+00 8.757205e+00 8.556936e+00 8.360790e+00 
8.168490e+00 7.979399e+00 7.793103e+00 7.609651e+00 7.429096e+00 
7.251487e+00 7.077311e+00 6.906966e+00 6.740377e+00 6.577467e+00 
6.418158e+00 6.262053e+00 6.108597e+00 5.957481e+00 5.808393e+00 
5.661024e+00 5.515034e+00 5.370236e+00 5.226541e+00 5.083864e+00 
4.942115e+00 4.800691e+00 4.659967e+00 4.521324e+00 4.386147e+00 
4.255817e+00 4.137602e+00 4.033747e+00 3.938097e+00 3.844499e+00 
3.746797e+00 3.500332e+00 3.198285e+00 2.830948e+00 2.399574e+00 
1.923139e+00 1.438300e+00 9.885116e-01 6.078189e-01 3.107985e-01 
9.381087e-02 
@R TI 101 []
2.457069e+01 2.455920e+01 2.452476e+01 2.446746e+01 2.438748e+01 
2.428502e+01 2.416038e+01 2.401391e+01 2.384600e+01 2.365712e+01 
2.344779e+01 2.321859e+01 2.297012e+01 2.270306e+01 2.241812e+01 
2.211606e+01 2.179767e+01 2.146377e+01 2.111522e+01 2.075291e+01 
2.037774e+01 1.999064e+01 1.959255e+01 1.918444e+01 1.876726e+01 
1.834199e+01 1.790959e+01 1.747103e+01 1.702727e+01 1.657927e+01 
1.612795e+01 1.568258e+01 1.525141e+01 1.483392e+01 1.442957e+01 
1.403785e+01 1.365832e+01 1.329093e+01 1.293567e+01 1.259255e+01 
1.226156e+01 1.194311e+01 1.163732e+01 1.134371e+01 1.106178e+01 
1.079107e+01 1.053117e+01 1.028157e+01 1.004165e+01 9.810807e+00 
9.588406e+00 9.373890e+00 9.166796e+00 8.966659e+00 8.773012e+00 
8.585391e+00 8.403454e+00 8.226813e+00 8.054930e+00 7.887264e+00 
7.723278e+00 7.562126e+00 7.403326e+00 7.246888e+00 7.092821e+00 
6.941132e+00 6.792525e+00 6.647594e+00 6.506181e+00 6.368131e+00 
6.233289e+00 6.101098e+00 5.970916e+00 5.842453e+00 5.715422e+00 
5.589535e+00 5.464622e+00 5.340641e+00 5.217485e+00 5.095052e+00 
4.973235e+00 4.852019e+00 4.731299e+00 4.610846e+00 4.490429e+00 
4.369818e+00 4.247652e+00 4.123338e+00 3.997797e+00 3.871948e+00 
3.746714e+00 3.500099e+00 3.198145e+00 2.831023e+00 2.399813e+00 
1.923358e+00 1.438326e+00 9.883266e-01 6.075778e-01 3.107215e-01 
9.406899e-02 
@R OMEGA 101 []
4.992502e+03 4.992502e+03 4.978802e+03 4.961080e+03 4.940120e+03 
4.916382e+03 4.890179e+03 4.861743e+03 4.831258e+03 4.798873e+03 
4.764714e+03 4.728889e+03 4.691494e+03 4.652611e+03 4.612317e+03 
4.570680e+03 4.527764e+03 4.483626e+03 4.438322e+03 4.391901e+03 
4.344411e+03 4.295898e+03 4.246404e+03 4.195970e+03 4.144635e+03 
4.092438e+03 4.039413e+03 3.985597e+03 3.931022e+03 3.875722e+03 
3.819729e+03 3.763074e+03 3.705787e+03 3.647899e+03 3.589439e+03 
3.530435e+03 3.470916e+03 3.410910e+03 3.350445e+03 3.289547e+03 
3.228244e+03 3.166564e+03 3.104531e+03 3.042174e+03 2.979518e+03 
2.916589e+03 2.853414e+03 2.790019e+03 2.726431e+03 2.662674e+03 
2.598777e+03 2.534765e+03 2.470664e+03 2.406501e+03 2.342304e+03 
2.278099e+03 2.213913e+03 2.149775e+03 2.085711e+03 2.021750e+03 
1.957922e+03 1.894253e+03 1.830775e+03 1.767518e+03 1.704511e+03 
1.641786e+03 1.579374e+03 1.517309e+03 1.455623e+03 1.394351e+03 
1.333528e+03 1.273190e+03 1.213373e+03 1.154118e+03 1.095462e+03 
1.037449e+03 9.801196e+02 9.235197e+02 8.676957e+02 8.126966e+02 
7.585737e+02 7.053813e+02 6.531766e+02 6.020207e+02 5.519785e+02 
5.031198e+02 4.555197e+02 4.092600e+02 3.644299e+02 3.211277e+02 
2.794630e+02 2.395592e+02 2.015571e+02 1.656204e+02 1.319431e+02 
1.007622e+02 7.237776e+01 4.719105e+01 2.578550e+01 9.151105e+00 
3.197442e-14 
@R ZEFF 101 []
2.541240e+00 2.541119e+00 2.540544e+00 2.539821e+00 2.539018e+00 
2.538208e+00 2.537421e+00 2.536513e+00 2.535285e+00 2.533524e+00 
2.530976e+00 2.527512e+00 2.523305e+00 2.518548e+00 2.513508e+00 
2.508541e+00 2.503695e+00 2.498726e+00 2.493634e+00 2.488413e+00 
2.483058e+00 2.477598e+00 2.472078e+00 2.466515e+00 2.460930e+00 
2.455341e+00 2.449758e+00 2.444187e+00 2.438637e+00 2.433119e+00 
2.427641e+00 2.422203e+00 2.416806e+00 2.411459e+00 2.406172e+00 
2.400952e+00 2.395810e+00 2.390761e+00 2.385820e+00 2.381002e+00 
2.376319e+00 2.371790e+00 2.367427e+00 2.363234e+00 2.359214e+00 
2.355367e+00 2.351694e+00 2.348192e+00 2.344859e+00 2.341687e+00 
2.338672e+00 2.335807e+00 2.333087e+00 2.330506e+00 2.328058e+00 
2.325737e+00 2.323538e+00 2.321455e+00 2.319480e+00 2.317607e+00 
2.315828e+00 2.314135e+00 2.312522e+00 2.310987e+00 2.309531e+00 
2.308151e+00 2.306850e+00 2.305631e+00 2.304488e+00 2.303419e+00 
2.302418e+00 2.301480e+00 2.300598e+00 2.299770e+00 2.298990e+00 
2.298257e+00 2.297567e+00 2.296920e+00 2.296313e+00 2.295744e+00 
2.295212e+00 2.294715e+00 2.294251e+00 2.293818e+00 2.293415e+00 
2.293038e+00 2.292685e+00 2.292352e+00 2.292042e+00 2.291756e+00 
2.291495e+00 2.291085e+00 2.290694e+00 2.290358e+00 2.290114e+00 
2.289975e+00 2.289921e+00 2.289908e+00 2.289906e+00 2.289906e+00 
2.289906e+00 
@R CURPAR 101 []
3.662576e+00 3.662576e+00 3.662029e+00 3.660551e+00 3.658293e+00 
3.655261e+00 3.651483e+00 3.646979e+00 3.641764e+00 3.635845e+00 
3.629227e+00 3.621911e+00 3.613898e+00 3.605188e+00 3.595781e+00 
3.585677e+00 3.574877e+00 3.563380e+00 3.551186e+00 3.538295e+00 
3.524707e+00 3.510423e+00 3.495442e+00 3.479764e+00 3.463389e+00 
3.446317e+00 3.428549e+00 3.410083e+00 3.390921e+00 3.371062e+00 
3.350507e+00 3.329254e+00 3.307305e+00 3.284659e+00 3.261316e+00 
3.237277e+00 3.212540e+00 3.187107e+00 3.160977e+00 3.134150e+00 
3.106626e+00 3.078406e+00 3.049488e+00 3.019874e+00 2.989564e+00 
2.958556e+00 2.926851e+00 2.894450e+00 2.861352e+00 2.827557e+00 
2.793065e+00 2.757877e+00 2.721992e+00 2.685410e+00 2.648131e+00 
2.610155e+00 2.571483e+00 2.532113e+00 2.492047e+00 2.451284e+00 
2.409825e+00 2.367668e+00 2.324815e+00 2.281265e+00 2.237018e+00 
2.192074e+00 2.146433e+00 2.100096e+00 2.053062e+00 2.005331e+00 
1.956903e+00 1.907779e+00 1.857958e+00 1.807439e+00 1.756225e+00 
1.704313e+00 1.651704e+00 1.598399e+00 1.544397e+00 1.489698e+00 
1.434302e+00 1.378210e+00 1.321420e+00 1.263934e+00 1.205751e+00 
1.146871e+00 1.087295e+00 1.027022e+00 9.660533e-01 9.043941e-01 
8.420610e-01 7.791064e-01 7.156702e-01 6.520779e-01 5.889935e-01 
5.276058e-01 4.698018e-01 4.181319e-01 3.756942e-01 3.466897e-01 
3.361748e-01 
@R CURBEAM 101 []
0.000000e+00 0.000000e+00 0.000000e+00 0.000000e+00 0.000000e+00 
0.000000e+00 0.000000e+00 0.000000e+00 0.000000e+00 0.000000e+00 
0.000000e+00 0.000000e+00 0.000000e+00 0.000000e+00 0.000000e+00 
0.000000e+00 0.000000e+00 0.000000e+00 0.000000e+00 0.000000e+00 
0.000000e+00 0.000000e+00 0.000000e+00 0.000000e+00 0.000000e+00 
0.000000e+00 0.000000e+00 0.000000e+00 0.000000e+00 0.000000e+00 
0.000000e+00 0.000000e+00 0.000000e+00 0.000000e+00 0.000000e+00 
0.000000e+00 0.000000e+00 0.000000e+00 0.000000e+00 0.000000e+00 
0.000000e+00 0.000000e+00 0.000000e+00 0.000000e+00 0.000000e+00 
0.000000e+00 0.000000e+00 0.000000e+00 0.000000e+00 0.000000e+00 
0.000000e+00 0.000000e+00 0.000000e+00 0.000000e+00 0.000000e+00 
0.000000e+00 0.000000e+00 0.000000e+00 0.000000e+00 0.000000e+00 
0.000000e+00 0.000000e+00 0.000000e+00 0.000000e+00 0.000000e+00 
0.000000e+00 0.000000e+00 0.000000e+00 0.000000e+00 0.000000e+00 
0.000000e+00 0.000000e+00 0.000000e+00 0.000000e+00 0.000000e+00 
0.000000e+00 0.000000e+00 0.000000e+00 0.000000e+00 0.000000e+00 
0.000000e+00 0.000000e+00 0.000000e+00 0.000000e+00 0.000000e+00 
0.000000e+00 0.000000e+00 0.000000e+00 0.000000e+00 0.000000e+00 
0.000000e+00 0.000000e+00 0.000000e+00 0.000000e+00 0.000000e+00 
0.000000e+00 0.000000e+00 0.000000e+00 0.000000e+00 0.000000e+00 
0.000000e+00 
@R CURRF 101 []
6.843468e-01 8.468233e-01 1.032453e+00 1.140070e+00 1.118559e+00 
1.048712e+00 1.019622e+00 1.026805e+00 1.007947e+00 9.444701e-01 
8.656456e-01 7.828313e-01 6.966092e-01 6.239131e-01 5.578417e-01 
4.769732e-01 4.111914e-01 4.007168e-01 4.145465e-01 4.030638e-01 
3.813196e-01 3.794360e-01 3.711850e-01 3.272229e-01 2.799981e-01 
2.664143e-01 2.615053e-01 2.296224e-01 1.898089e-01 1.765857e-01 
1.784306e-01 1.622416e-01 1.300497e-01 1.098828e-01 1.070053e-01 
1.022515e-01 8.864688e-02 7.723895e-02 7.265111e-02 6.732968e-02 
5.817447e-02 5.139342e-02 4.952002e-02 4.678437e-02 4.018233e-02 
3.471369e-02 3.409526e-02 3.438447e-02 3.110363e-02 2.647013e-02 
2.481433e-02 2.512844e-02 2.313554e-02 1.844780e-02 1.499448e-02 
1.489887e-02 1.566520e-02 1.421738e-02 1.110790e-02 9.156141e-03 
9.330902e-03 9.798675e-03 8.764346e-03 6.709637e-03 5.295207e-03 
4.795115e-03 4.020337e-03 2.858745e-03 2.403159e-03 2.788530e-03 
3.351322e-03 3.718652e-03 3.712007e-03 3.345606e-03 2.886209e-03 
2.570277e-03 2.438549e-03 2.374589e-03 2.249118e-03 2.065717e-03 
1.907023e-03 1.772748e-03 1.605769e-03 1.438692e-03 1.345746e-03 
1.303668e-03 1.212058e-03 1.000224e-03 7.110035e-04 4.573979e-04 
2.822185e-04 1.454725e-04 9.149235e-06 -1.344858e-04 -2.589514e-04 
-3.166098e-04 -2.948645e-04 -2.265942e-04 -1.340304e-04 -3.252468e-05 
0.000000e+00 
@R Q 101 []
9.709460e-01 9.710071e-01 9.711914e-01 9.715014e-01 9.719414e-01 
9.725164e-01 9.732322e-01 9.740938e-01 9.751053e-01 9.762682e-01 
9.775805e-01 9.790351e-01 9.806259e-01 9.823521e-01 9.842139e-01 
9.862135e-01 9.883537e-01 9.906311e-01 9.930432e-01 9.955907e-01 
9.982750e-01 1.001097e+00 1.004056e+00 1.007154e+00 1.010390e+00 
1.013761e+00 1.017270e+00 1.020915e+00 1.024704e+00 1.028643e+00 
1.032731e+00 1.036960e+00 1.041327e+00 1.045840e+00 1.050503e+00 
1.055319e+00 1.060292e+00 1.065422e+00 1.070713e+00 1.076168e+00 
1.081792e+00 1.087590e+00 1.093563e+00 1.099718e+00 1.106060e+00 
1.112593e+00 1.119323e+00 1.126256e+00 1.133398e+00 1.140757e+00 
1.148338e+00 1.156150e+00 1.164199e+00 1.172495e+00 1.181045e+00 
1.189859e+00 1.198946e+00 1.208316e+00 1.217978e+00 1.227945e+00 
1.238228e+00 1.248838e+00 1.259789e+00 1.271094e+00 1.282766e+00 
1.294821e+00 1.307275e+00 1.320144e+00 1.333445e+00 1.347197e+00 
1.361421e+00 1.376139e+00 1.391371e+00 1.407143e+00 1.423481e+00 
1.440411e+00 1.457964e+00 1.476172e+00 1.495070e+00 1.514697e+00 
1.535092e+00 1.556295e+00 1.578346e+00 1.601293e+00 1.625193e+00 
1.650117e+00 1.676145e+00 1.703346e+00 1.731795e+00 1.761608e+00 
1.792876e+00 1.825680e+00 1.860109e+00 1.896222e+00 1.934078e+00 
1.973808e+00 2.015581e+00 2.059414e+00 2.105769e+00 2.155763e+00 
2.211176e+00 
@R QBEAME 101 []
0.000000e+00 0.000000e+00 0.000000e+00 0.000000e+00 0.000000e+00 
0.000000e+00 0.000000e+00 0.000000e+00 0.000000e+00 0.000000e+00 
0.000000e+00 0.000000e+00 0.000000e+00 0.000000e+00 0.000000e+00 
0.000000e+00 0.000000e+00 0.000000e+00 0.000000e+00 0.000000e+00 
0.000000e+00 0.000000e+00 0.000000e+00 0.000000e+00 0.000000e+00 
0.000000e+00 0.000000e+00 0.000000e+00 0.000000e+00 0.000000e+00 
0.000000e+00 0.000000e+00 0.000000e+00 0.000000e+00 0.000000e+00 
0.000000e+00 0.000000e+00 0.000000e+00 0.000000e+00 0.000000e+00 
0.000000e+00 0.000000e+00 0.000000e+00 0.000000e+00 0.000000e+00 
0.000000e+00 0.000000e+00 0.000000e+00 0.000000e+00 0.000000e+00 
0.000000e+00 0.000000e+00 0.000000e+00 0.000000e+00 0.000000e+00 
0.000000e+00 0.000000e+00 0.000000e+00 0.000000e+00 0.000000e+00 
0.000000e+00 0.000000e+00 0.000000e+00 0.000000e+00 0.000000e+00 
0.000000e+00 0.000000e+00 0.000000e+00 0.000000e+00 0.000000e+00 
0.000000e+00 0.000000e+00 0.000000e+00 0.000000e+00 0.000000e+00 
0.000000e+00 0.000000e+00 0.000000e+00 0.000000e+00 0.000000e+00 
0.000000e+00 0.000000e+00 0.000000e+00 0.000000e+00 0.000000e+00 
0.000000e+00 0.000000e+00 0.000000e+00 0.000000e+00 0.000000e+00 
0.000000e+00 0.000000e+00 0.000000e+00 0.000000e+00 0.000000e+00 
0.000000e+00 0.000000e+00 0.000000e+00 0.000000e+00 0.000000e+00 
0.000000e+00 
@R QBEAMI 101 []
0.000000e+00 0.000000e+00 0.000000e+00 0.000000e+00 0.000000e+00 
0.000000e+00 0.000000e+00 0.000000e+00 0.000000e+00 0.000000e+00 
0.000000e+00 0.000000e+00 0.000000e+00 0.000000e+00 0.000000e+00 
0.000000e+00 0.000000e+00 0.000000e+00 0.000000e+00 0.000000e+00 
0.000000e+00 0.000000e+00 0.000000e+00 0.000000e+00 0.000000e+00 
0.000000e+00 0.000000e+00 0.000000e+00 0.000000e+00 0.000000e+00 
0.000000e+00 0.000000e+00 0.000000e+00 0.000000e+00 0.000000e+00 
0.000000e+00 0.000000e+00 0.000000e+00 0.000000e+00 0.000000e+00 
0.000000e+00 0.000000e+00 0.000000e+00 0.000000e+00 0.000000e+00 
0.000000e+00 0.000000e+00 0.000000e+00 0.000000e+00 0.000000e+00 
0.000000e+00 0.000000e+00 0.000000e+00 0.000000e+00 0.000000e+00 
0.000000e+00 0.000000e+00 0.000000e+00 0.000000e+00 0.000000e+00 
0.000000e+00 0.000000e+00 0.000000e+00 0.000000e+00 0.000000e+00 
0.000000e+00 0.000000e+00 0.000000e+00 0.000000e+00 0.000000e+00 
0.000000e+00 0.000000e+00 0.000000e+00 0.000000e+00 0.000000e+00 
0.000000e+00 0.000000e+00 0.000000e+00 0.000000e+00 0.000000e+00 
0.000000e+00 0.000000e+00 0.000000e+00 0.000000e+00 0.000000e+00 
0.000000e+00 0.000000e+00 0.000000e+00 0.000000e+00 0.000000e+00 
0.000000e+00 0.000000e+00 0.000000e+00 0.000000e+00 0.000000e+00 
0.000000e+00 0.000000e+00 0.000000e+00 0.000000e+00 0.000000e+00 
0.000000e+00 
@R QRFE 101 []
8.588860e-01 9.585697e-01 1.160404e+00 1.264959e+00 1.204554e+00 
1.106937e+00 1.095870e+00 1.138183e+00 1.125353e+00 1.046851e+00 
9.700064e-01 8.883222e-01 7.856720e-01 7.181576e-01 6.640821e-01 
5.548215e-01 4.657022e-01 4.883919e-01 5.358281e-01 5.089056e-01 
4.736271e-01 5.006591e-01 5.090629e-01 4.314443e-01 3.597759e-01 
3.723426e-01 3.880262e-01 3.280498e-01 2.590202e-01 2.595353e-01 
2.878695e-01 2.640700e-01 2.050688e-01 1.895976e-01 2.166482e-01 
2.245646e-01 2.059607e-01 1.982129e-01 2.038741e-01 1.961633e-01 
1.723173e-01 1.552872e-01 1.495113e-01 1.358550e-01 1.110289e-01 
9.378725e-02 9.195593e-02 9.051696e-02 7.861287e-02 6.662019e-02 
6.575227e-02 6.811063e-02 6.032766e-02 4.566834e-02 3.860180e-02 
4.293846e-02 4.729764e-02 4.215201e-02 3.217961e-02 2.774725e-02 
3.046167e-02 3.271039e-02 2.896994e-02 2.238871e-02 1.943051e-02 
2.215256e-02 3.082394e-02 3.386599e-02 2.453409e-02 1.595673e-02 
1.318282e-02 1.239116e-02 1.138774e-02 9.734273e-03 8.052182e-03 
6.913507e-03 6.382873e-03 6.017039e-03 5.466263e-03 4.928829e-03 
4.621797e-03 4.382500e-03 3.879111e-03 3.360666e-03 3.170847e-03 
3.119757e-03 2.880993e-03 2.215257e-03 1.376111e-03 8.869841e-04 
7.618833e-04 7.365631e-04 6.241634e-04 3.970188e-04 1.468533e-04 
1.010516e-05 2.122669e-06 2.382363e-07 -1.536132e-09 -9.003039e-11 
2.601249e-09 
@R QRFI 101 []
1.334711e+00 1.405119e+00 2.258916e+00 3.595927e+00 4.177864e+00 
4.826229e+00 6.786208e+00 8.573879e+00 8.228008e+00 7.082299e+00 
7.041775e+00 6.709521e+00 4.949427e+00 3.403749e+00 2.561941e+00 
1.730091e+00 1.111704e+00 8.006935e-01 6.223109e-01 5.365177e-01 
5.767294e-01 7.092359e-01 7.806495e-01 7.615417e-01 7.412838e-01 
7.214779e-01 6.505112e-01 5.380822e-01 4.268946e-01 3.284684e-01 
2.455911e-01 1.798152e-01 1.286304e-01 9.453678e-02 8.359529e-02 
9.218097e-02 1.065399e-01 1.160780e-01 1.188626e-01 1.033660e-01 
7.202120e-02 5.228686e-02 5.926540e-02 7.679300e-02 7.392542e-02 
4.841391e-02 2.719490e-02 2.672059e-02 3.530816e-02 3.614967e-02 
2.824631e-02 2.157377e-02 2.112951e-02 2.197859e-02 1.894491e-02 
1.481650e-02 1.506964e-02 1.937133e-02 2.316164e-02 2.332820e-02 
1.947485e-02 1.359388e-02 9.686961e-03 9.520356e-03 9.974541e-03 
8.055074e-03 6.041794e-03 7.105531e-03 9.236600e-03 8.524543e-03 
5.480337e-03 3.506255e-03 3.221798e-03 2.662414e-03 1.694419e-03 
2.177374e-03 4.406156e-03 5.934656e-03 4.824067e-03 2.880996e-03 
2.227570e-03 2.275658e-03 1.868172e-03 1.264843e-03 1.611846e-03 
2.878778e-03 3.875699e-03 3.927049e-03 3.456412e-03 3.058047e-03 
2.706330e-03 2.122292e-03 1.368020e-03 7.453672e-04 4.122260e-04 
2.732433e-04 1.816394e-04 1.040894e-04 7.364016e-05 9.883517e-05 
1.237687e-04 
@R QRAD 101 []
-4.863196e-01 -4.858118e-01 -4.826864e-01 -4.787275e-01 -4.741149e-01 
-4.690280e-01 -4.636240e-01 -4.579710e-01 -4.521155e-01 -4.461028e-01 
-4.399749e-01 -4.337969e-01 -4.276112e-01 -4.214237e-01 -4.152502e-01 
-4.091191e-01 -4.029839e-01 -3.967533e-01 -3.903986e-01 -3.838912e-01 
-3.772028e-01 -3.703515e-01 -3.633977e-01 -3.563762e-01 -3.493215e-01 
-3.422678e-01 -3.352504e-01 -3.282860e-01 -3.213808e-01 -3.145407e-01 
-3.077710e-01 -3.010549e-01 -2.943716e-01 -2.877207e-01 -2.811018e-01 
-2.745139e-01 -2.679646e-01 -2.614689e-01 -2.550370e-01 -2.486787e-01 
-2.424036e-01 -2.362236e-01 -2.301481e-01 -2.241820e-01 -2.183302e-01 
-2.125971e-01 -2.069854e-01 -2.014945e-01 -1.961229e-01 -1.908693e-01 
-1.857321e-01 -1.807081e-01 -1.757935e-01 -1.709864e-01 -1.662846e-01 
-1.616860e-01 -1.571886e-01 -1.527894e-01 -1.484853e-01 -1.442732e-01 
-1.401501e-01 -1.361098e-01 -1.321485e-01 -1.282662e-01 -1.244632e-01 
-1.207395e-01 -1.170987e-01 -1.135436e-01 -1.100728e-01 -1.066848e-01 
-1.033781e-01 -1.001487e-01 -9.699109e-02 -9.390201e-02 -9.087798e-02 
-8.791539e-02 -8.501015e-02 -8.215897e-02 -7.935876e-02 -7.660559e-02 
-7.389443e-02 -7.121486e-02 -6.856171e-02 -6.593422e-02 -6.332756e-02 
-6.073161e-02 -5.817097e-02 -5.562459e-02 -5.300447e-02 -5.021897e-02 
-4.717969e-02 -4.296995e-02 -3.823920e-02 -3.303316e-02 -2.752997e-02 
-2.203648e-02 -1.691049e-02 -1.243360e-02 -8.710730e-03 -5.642413e-03 
-2.857372e-03 
@R QIONE 101 []
0.000000e+00 0.000000e+00 0.000000e+00 0.000000e+00 0.000000e+00 
0.000000e+00 0.000000e+00 0.000000e+00 0.000000e+00 0.000000e+00 
0.000000e+00 0.000000e+00 0.000000e+00 0.000000e+00 0.000000e+00 
0.000000e+00 0.000000e+00 0.000000e+00 0.000000e+00 0.000000e+00 
0.000000e+00 0.000000e+00 0.000000e+00 0.000000e+00 0.000000e+00 
0.000000e+00 0.000000e+00 0.000000e+00 0.000000e+00 0.000000e+00 
0.000000e+00 0.000000e+00 0.000000e+00 0.000000e+00 0.000000e+00 
0.000000e+00 0.000000e+00 0.000000e+00 0.000000e+00 0.000000e+00 
0.000000e+00 0.000000e+00 0.000000e+00 0.000000e+00 0.000000e+00 
0.000000e+00 0.000000e+00 0.000000e+00 0.000000e+00 0.000000e+00 
0.000000e+00 0.000000e+00 0.000000e+00 0.000000e+00 0.000000e+00 
0.000000e+00 0.000000e+00 0.000000e+00 0.000000e+00 0.000000e+00 
0.000000e+00 0.000000e+00 0.000000e+00 0.000000e+00 0.000000e+00 
0.000000e+00 0.000000e+00 0.000000e+00 0.000000e+00 0.000000e+00 
0.000000e+00 0.000000e+00 0.000000e+00 0.000000e+00 0.000000e+00 
0.000000e+00 0.000000e+00 0.000000e+00 0.000000e+00 0.000000e+00 
0.000000e+00 0.000000e+00 0.000000e+00 0.000000e+00 0.000000e+00 
0.000000e+00 0.000000e+00 0.000000e+00 0.000000e+00 0.000000e+00 
0.000000e+00 0.000000e+00 0.000000e+00 0.000000e+00 0.000000e+00 
0.000000e+00 0.000000e+00 0.000000e+00 0.000000e+00 0.000000e+00 
0.000000e+00 
@R QIONI 101 []
0.000000e+00 0.000000e+00 0.000000e+00 0.000000e+00 0.000000e+00 
0.000000e+00 0.000000e+00 0.000000e+00 0.000000e+00 0.000000e+00 
0.000000e+00 0.000000e+00 0.000000e+00 0.000000e+00 0.000000e+00 
0.000000e+00 0.000000e+00 0.000000e+00 0.000000e+00 0.000000e+00 
0.000000e+00 0.000000e+00 0.000000e+00 0.000000e+00 0.000000e+00 
0.000000e+00 0.000000e+00 0.000000e+00 0.000000e+00 0.000000e+00 
0.000000e+00 0.000000e+00 0.000000e+00 0.000000e+00 0.000000e+00 
0.000000e+00 0.000000e+00 0.000000e+00 0.000000e+00 0.000000e+00 
0.000000e+00 0.000000e+00 0.000000e+00 0.000000e+00 0.000000e+00 
0.000000e+00 0.000000e+00 0.000000e+00 0.000000e+00 0.000000e+00 
0.000000e+00 0.000000e+00 0.000000e+00 0.000000e+00 0.000000e+00 
0.000000e+00 0.000000e+00 0.000000e+00 0.000000e+00 0.000000e+00 
0.000000e+00 0.000000e+00 0.000000e+00 0.000000e+00 0.000000e+00 
0.000000e+00 0.000000e+00 0.000000e+00 0.000000e+00 0.000000e+00 
0.000000e+00 0.000000e+00 0.000000e+00 0.000000e+00 0.000000e+00 
0.000000e+00 0.000000e+00 0.000000e+00 0.000000e+00 0.000000e+00 
0.000000e+00 0.000000e+00 0.000000e+00 0.000000e+00 0.000000e+00 
0.000000e+00 0.000000e+00 0.000000e+00 0.000000e+00 0.000000e+00 
0.000000e+00 0.000000e+00 0.000000e+00 0.000000e+00 0.000000e+00 
0.000000e+00 0.000000e+00 0.000000e+00 0.000000e+00 0.000000e+00 
0.000000e+00 
@R QCX 101 []
0.000000e+00 0.000000e+00 0.000000e+00 0.000000e+00 0.000000e+00 
0.000000e+00 0.000000e+00 0.000000e+00 0.000000e+00 0.000000e+00 
0.000000e+00 0.000000e+00 0.000000e+00 0.000000e+00 0.000000e+00 
0.000000e+00 0.000000e+00 0.000000e+00 0.000000e+00 0.000000e+00 
0.000000e+00 0.000000e+00 0.000000e+00 0.000000e+00 0.000000e+00 
0.000000e+00 0.000000e+00 0.000000e+00 0.000000e+00 0.000000e+00 
0.000000e+00 0.000000e+00 0.000000e+00 0.000000e+00 0.000000e+00 
0.000000e+00 0.000000e+00 0.000000e+00 0.000000e+00 0.000000e+00 
0.000000e+00 0.000000e+00 0.000000e+00 0.000000e+00 0.000000e+00 
0.000000e+00 0.000000e+00 0.000000e+00 0.000000e+00 0.000000e+00 
0.000000e+00 0.000000e+00 0.000000e+00 0.000000e+00 0.000000e+00 
0.000000e+00 0.000000e+00 0.000000e+00 0.000000e+00 0.000000e+00 
0.000000e+00 0.000000e+00 0.000000e+00 0.000000e+00 0.000000e+00 
0.000000e+00 0.000000e+00 0.000000e+00 0.000000e+00 0.000000e+00 
0.000000e+00 0.000000e+00 0.000000e+00 0.000000e+00 0.000000e+00 
0.000000e+00 0.000000e+00 0.000000e+00 0.000000e+00 0.000000e+00 
0.000000e+00 0.000000e+00 0.000000e+00 0.000000e+00 0.000000e+00 
0.000000e+00 0.000000e+00 0.000000e+00 0.000000e+00 0.000000e+00 
0.000000e+00 0.000000e+00 0.000000e+00 0.000000e+00 0.000000e+00 
0.000000e+00 0.000000e+00 0.000000e+00 0.000000e+00 0.000000e+00 
0.000000e+00 
@R QTFUSE 101 []
2.527648e+00 2.528163e+00 2.522716e+00 2.517998e+00 2.514152e+00 
2.511351e+00 2.509378e+00 2.506298e+00 2.499648e+00 2.486756e+00 
2.464553e+00 2.431340e+00 2.389062e+00 2.340051e+00 2.287403e+00 
2.235193e+00 2.184148e+00 2.131848e+00 2.078394e+00 2.023865e+00 
1.968306e+00 1.911994e+00 1.855248e+00 1.798168e+00 1.740872e+00 
1.683494e+00 1.626064e+00 1.568609e+00 1.511254e+00 1.454114e+00 
1.397294e+00 1.340857e+00 1.284881e+00 1.229479e+00 1.174757e+00 
1.120810e+00 1.067737e+00 1.015675e+00 9.647646e-01 9.151419e-01 
8.669350e-01 8.203139e-01 7.753999e-01 7.322299e-01 6.908262e-01 
6.511973e-01 6.133498e-01 5.772701e-01 5.429185e-01 5.102453e-01 
4.791932e-01 4.497065e-01 4.217362e-01 3.952259e-01 3.701153e-01 
3.463416e-01 3.238530e-01 3.025917e-01 2.824853e-01 2.634629e-01 
2.454560e-01 2.283754e-01 2.121673e-01 1.968165e-01 1.823055e-01 
1.686145e-01 1.557669e-01 1.437697e-01 1.325770e-01 1.221442e-01 
1.124276e-01 1.033645e-01 9.489385e-02 8.697719e-02 7.957861e-02 
7.266463e-02 6.620901e-02 6.019104e-02 5.458773e-02 4.937668e-02 
4.453606e-02 4.004748e-02 3.588900e-02 3.203534e-02 2.846306e-02 
2.515052e-02 2.205294e-02 1.915308e-02 1.646569e-02 1.399862e-02 
1.175515e-02 8.513938e-03 5.535391e-03 3.069665e-03 1.353307e-03 
4.309937e-04 8.663166e-05 8.872729e-06 3.039305e-07 1.108092e-09 
1.162013e-15 
@R QTFUSI 101 []
1.382656e+00 1.380250e+00 1.370015e+00 1.356304e+00 1.340066e+00 
1.322254e+00 1.303574e+00 1.283737e+00 1.262205e+00 1.238404e+00 
1.211642e+00 1.181768e+00 1.149599e+00 1.115862e+00 1.081557e+00 
1.048050e+00 1.015333e+00 9.822280e-01 9.486468e-01 9.145021e-01 
8.797112e-01 8.444728e-01 8.091730e-01 7.740087e-01 7.391708e-01 
7.048425e-01 6.711683e-01 6.382108e-01 6.060194e-01 5.746373e-01 
5.441009e-01 5.143588e-01 4.853608e-01 4.571377e-01 4.297167e-01 
4.031220e-01 3.774005e-01 3.526261e-01 3.288541e-01 3.061311e-01 
2.844948e-01 2.639938e-01 2.446506e-01 2.264503e-01 2.093708e-01 
1.933837e-01 1.784559e-01 1.645422e-01 1.515912e-01 1.395502e-01 
1.283661e-01 1.179860e-01 1.083607e-01 9.944314e-02 9.118750e-02 
8.354933e-02 7.648864e-02 6.996536e-02 6.393802e-02 5.836781e-02 
5.321862e-02 4.845005e-02 4.403302e-02 3.995023e-02 3.618437e-02 
3.271813e-02 2.954449e-02 2.665241e-02 2.401964e-02 2.162529e-02 
1.944980e-02 1.747069e-02 1.566695e-02 1.402333e-02 1.252598e-02 
1.116231e-02 9.921588e-03 8.794795e-03 7.773218e-03 6.848662e-03 
6.013422e-03 5.260118e-03 4.582376e-03 3.974416e-03 3.430565e-03 
2.945298e-03 2.513808e-03 2.130429e-03 1.789345e-03 1.485893e-03 
1.216562e-03 8.257522e-04 4.927158e-04 2.434136e-04 9.182230e-05 
2.376059e-05 3.642439e-06 2.634847e-07 5.765239e-09 1.137739e-11 
4.041708e-18 
@R ENBEAM 101 []
0.000000e+00 0.000000e+00 0.000000e+00 0.000000e+00 0.000000e+00 
0.000000e+00 0.000000e+00 0.000000e+00 0.000000e+00 0.000000e+00 
0.000000e+00 0.000000e+00 0.000000e+00 0.000000e+00 0.000000e+00 
0.000000e+00 0.000000e+00 0.000000e+00 0.000000e+00 0.000000e+00 
0.000000e+00 0.000000e+00 0.000000e+00 0.000000e+00 0.000000e+00 
0.000000e+00 0.000000e+00 0.000000e+00 0.000000e+00 0.000000e+00 
0.000000e+00 0.000000e+00 0.000000e+00 0.000000e+00 0.000000e+00 
0.000000e+00 0.000000e+00 0.000000e+00 0.000000e+00 0.000000e+00 
0.000000e+00 0.000000e+00 0.000000e+00 0.000000e+00 0.000000e+00 
0.000000e+00 0.000000e+00 0.000000e+00 0.000000e+00 0.000000e+00 
0.000000e+00 0.000000e+00 0.000000e+00 0.000000e+00 0.000000e+00 
0.000000e+00 0.000000e+00 0.000000e+00 0.000000e+00 0.000000e+00 
0.000000e+00 0.000000e+00 0.000000e+00 0.000000e+00 0.000000e+00 
0.000000e+00 0.000000e+00 0.000000e+00 0.000000e+00 0.000000e+00 
0.000000e+00 0.000000e+00 0.000000e+00 0.000000e+00 0.000000e+00 
0.000000e+00 0.000000e+00 0.000000e+00 0.000000e+00 0.000000e+00 
0.000000e+00 0.000000e+00 0.000000e+00 0.000000e+00 0.000000e+00 
0.000000e+00 0.000000e+00 0.000000e+00 0.000000e+00 0.000000e+00 
0.000000e+00 0.000000e+00 0.000000e+00 0.000000e+00 0.000000e+00 
0.000000e+00 0.000000e+00 0.000000e+00 0.000000e+00 0.000000e+00 
0.000000e+00 
@R WBEAM 101 []
0.000000e+00 0.000000e+00 0.000000e+00 0.000000e+00 0.000000e+00 
0.000000e+00 0.000000e+00 0.000000e+00 0.000000e+00 0.000000e+00 
0.000000e+00 0.000000e+00 0.000000e+00 0.000000e+00 0.000000e+00 
0.000000e+00 0.000000e+00 0.000000e+00 0.000000e+00 0.000000e+00 
0.000000e+00 0.000000e+00 0.000000e+00 0.000000e+00 0.000000e+00 
0.000000e+00 0.000000e+00 0.000000e+00 0.000000e+00 0.000000e+00 
0.000000e+00 0.000000e+00 0.000000e+00 0.000000e+00 0.000000e+00 
0.000000e+00 0.000000e+00 0.000000e+00 0.000000e+00 0.000000e+00 
0.000000e+00 0.000000e+00 0.000000e+00 0.000000e+00 0.000000e+00 
0.000000e+00 0.000000e+00 0.000000e+00 0.000000e+00 0.000000e+00 
0.000000e+00 0.000000e+00 0.000000e+00 0.000000e+00 0.000000e+00 
0.000000e+00 0.000000e+00 0.000000e+00 0.000000e+00 0.000000e+00 
0.000000e+00 0.000000e+00 0.000000e+00 0.000000e+00 0.000000e+00 
0.000000e+00 0.000000e+00 0.000000e+00 0.000000e+00 0.000000e+00 
0.000000e+00 0.000000e+00 0.000000e+00 0.000000e+00 0.000000e+00 
0.000000e+00 0.000000e+00 0.000000e+00 0.000000e+00 0.000000e+00 
0.000000e+00 0.000000e+00 0.000000e+00 0.000000e+00 0.000000e+00 
0.000000e+00 0.000000e+00 0.000000e+00 0.000000e+00 0.000000e+00 
0.000000e+00 0.000000e+00 0.000000e+00 0.000000e+00 0.000000e+00 
0.000000e+00 0.000000e+00 0.000000e+00 0.000000e+00 0.000000e+00 
0.000000e+00 
@R ENALP 101 []
0.000000e+00 0.000000e+00 0.000000e+00 0.000000e+00 0.000000e+00 
0.000000e+00 0.000000e+00 0.000000e+00 0.000000e+00 0.000000e+00 
0.000000e+00 0.000000e+00 0.000000e+00 0.000000e+00 0.000000e+00 
0.000000e+00 0.000000e+00 0.000000e+00 0.000000e+00 0.000000e+00 
0.000000e+00 0.000000e+00 0.000000e+00 0.000000e+00 0.000000e+00 
0.000000e+00 0.000000e+00 0.000000e+00 0.000000e+00 0.000000e+00 
0.000000e+00 0.000000e+00 0.000000e+00 0.000000e+00 0.000000e+00 
0.000000e+00 0.000000e+00 0.000000e+00 0.000000e+00 0.000000e+00 
0.000000e+00 0.000000e+00 0.000000e+00 0.000000e+00 0.000000e+00 
0.000000e+00 0.000000e+00 0.000000e+00 0.000000e+00 0.000000e+00 
0.000000e+00 0.000000e+00 0.000000e+00 0.000000e+00 0.000000e+00 
0.000000e+00 0.000000e+00 0.000000e+00 0.000000e+00 0.000000e+00 
0.000000e+00 0.000000e+00 0.000000e+00 0.000000e+00 0.000000e+00 
0.000000e+00 0.000000e+00 0.000000e+00 0.000000e+00 0.000000e+00 
0.000000e+00 0.000000e+00 0.000000e+00 0.000000e+00 0.000000e+00 
0.000000e+00 0.000000e+00 0.000000e+00 0.000000e+00 0.000000e+00 
0.000000e+00 0.000000e+00 0.000000e+00 0.000000e+00 0.000000e+00 
0.000000e+00 0.000000e+00 0.000000e+00 0.000000e+00 0.000000e+00 
0.000000e+00 0.000000e+00 0.000000e+00 0.000000e+00 0.000000e+00 
0.000000e+00 0.000000e+00 0.000000e+00 0.000000e+00 0.000000e+00 
0.000000e+00 
@R WALP 101 []
0.000000e+00 0.000000e+00 0.000000e+00 0.000000e+00 0.000000e+00 
0.000000e+00 0.000000e+00 0.000000e+00 0.000000e+00 0.000000e+00 
0.000000e+00 0.000000e+00 0.000000e+00 0.000000e+00 0.000000e+00 
0.000000e+00 0.000000e+00 0.000000e+00 0.000000e+00 0.000000e+00 
0.000000e+00 0.000000e+00 0.000000e+00 0.000000e+00 0.000000e+00 
0.000000e+00 0.000000e+00 0.000000e+00 0.000000e+00 0.000000e+00 
0.000000e+00 0.000000e+00 0.000000e+00 0.000000e+00 0.000000e+00 
0.000000e+00 0.000000e+00 0.000000e+00 0.000000e+00 0.000000e+00 
0.000000e+00 0.000000e+00 0.000000e+00 0.000000e+00 0.000000e+00 
0.000000e+00 0.000000e+00 0.000000e+00 0.000000e+00 0.000000e+00 
0.000000e+00 0.000000e+00 0.000000e+00 0.000000e+00 0.000000e+00 
0.000000e+00 0.000000e+00 0.000000e+00 0.000000e+00 0.000000e+00 
0.000000e+00 0.000000e+00 0.000000e+00 0.000000e+00 0.000000e+00 
0.000000e+00 0.000000e+00 0.000000e+00 0.000000e+00 0.000000e+00 
0.000000e+00 0.000000e+00 0.000000e+00 0.000000e+00 0.000000e+00 
0.000000e+00 0.000000e+00 0.000000e+00 0.000000e+00 0.000000e+00 
0.000000e+00 0.000000e+00 0.000000e+00 0.000000e+00 0.000000e+00 
0.000000e+00 0.000000e+00 0.000000e+00 0.000000e+00 0.000000e+00 
0.000000e+00 0.000000e+00 0.000000e+00 0.000000e+00 0.000000e+00 
0.000000e+00 0.000000e+00 0.000000e+00 0.000000e+00 0.000000e+00 
0.000000e+00 
@R SION 101 []
0.000000e+00 0.000000e+00 0.000000e+00 0.000000e+00 0.000000e+00 
0.000000e+00 0.000000e+00 0.000000e+00 0.000000e+00 0.000000e+00 
0.000000e+00 0.000000e+00 0.000000e+00 0.000000e+00 0.000000e+00 
0.000000e+00 0.000000e+00 0.000000e+00 0.000000e+00 0.000000e+00 
0.000000e+00 0.000000e+00 0.000000e+00 0.000000e+00 0.000000e+00 
0.000000e+00 0.000000e+00 0.000000e+00 0.000000e+00 0.000000e+00 
0.000000e+00 0.000000e+00 0.000000e+00 0.000000e+00 0.000000e+00 
0.000000e+00 0.000000e+00 0.000000e+00 0.000000e+00 0.000000e+00 
0.000000e+00 0.000000e+00 0.000000e+00 0.000000e+00 0.000000e+00 
0.000000e+00 0.000000e+00 0.000000e+00 0.000000e+00 0.000000e+00 
0.000000e+00 0.000000e+00 0.000000e+00 0.000000e+00 0.000000e+00 
0.000000e+00 0.000000e+00 0.000000e+00 0.000000e+00 0.000000e+00 
0.000000e+00 0.000000e+00 0.000000e+00 0.000000e+00 0.000000e+00 
0.000000e+00 0.000000e+00 0.000000e+00 0.000000e+00 0.000000e+00 
0.000000e+00 0.000000e+00 0.000000e+00 0.000000e+00 0.000000e+00 
0.000000e+00 0.000000e+00 0.000000e+00 0.000000e+00 0.000000e+00 
0.000000e+00 0.000000e+00 0.000000e+00 0.000000e+00 0.000000e+00 
0.000000e+00 0.000000e+00 0.000000e+00 0.000000e+00 0.000000e+00 
0.000000e+00 0.000000e+00 0.000000e+00 0.000000e+00 0.000000e+00 
0.000000e+00 0.000000e+00 0.000000e+00 0.000000e+00 0.000000e+00 
0.000000e+00 
@R CHIE 101 []
0.000000e+00 4.393427e-01 4.555372e-01 4.710681e-01 4.790226e-01 
4.801327e-01 4.798032e-01 4.814988e-01 4.843270e-01 4.860437e-01 
4.861125e-01 4.848952e-01 4.823108e-01 4.788142e-01 4.749879e-01 
4.706588e-01 4.654725e-01 4.607701e-01 4.576102e-01 4.552298e-01 
4.530952e-01 4.513306e-01 4.502481e-01 4.491177e-01 4.473369e-01 
4.455610e-01 4.443424e-01 4.431652e-01 4.414751e-01 4.396727e-01 
4.382494e-01 4.435342e-01 4.473541e-01 4.497645e-01 4.513397e-01 
4.522564e-01 4.548688e-01 4.580702e-01 4.620471e-01 4.668910e-01 
4.725298e-01 4.796711e-01 4.873362e-01 4.957659e-01 5.048334e-01 
5.146307e-01 5.247456e-01 5.349375e-01 5.452496e-01 5.555469e-01 
5.659568e-01 5.756275e-01 5.852169e-01 5.946641e-01 6.038461e-01 
6.130250e-01 6.221682e-01 6.308253e-01 6.389442e-01 6.463544e-01 
6.531252e-01 6.570949e-01 6.614408e-01 6.660363e-01 6.709861e-01 
6.764735e-01 6.859954e-01 6.959358e-01 7.061218e-01 7.163977e-01 
7.268614e-01 7.343506e-01 7.408141e-01 7.461987e-01 7.504091e-01 
7.534000e-01 7.550202e-01 7.565100e-01 7.579229e-01 7.592838e-01 
7.606301e-01 7.577545e-01 7.628706e-01 7.764584e-01 7.996055e-01 
8.341162e-01 9.672099e-01 1.079983e+00 1.143060e+00 1.136759e+00 
1.065350e+00 4.004492e-01 3.341863e-01 2.871667e-01 2.608973e-01 
2.559800e-01 2.745757e-01 3.224237e-01 4.107716e-01 5.591906e-01 
0.000000e+00 
@R CHII 101 []
0.000000e+00 2.614021e-01 2.989652e-01 3.720303e-01 4.438854e-01 
5.024776e-01 5.796387e-01 6.832282e-01 7.719153e-01 8.177067e-01 
8.395670e-01 8.533821e-01 8.459621e-01 8.130998e-01 7.687805e-01 
7.216012e-01 6.734039e-01 6.276072e-01 5.864664e-01 5.502642e-01 
5.196239e-01 4.945679e-01 4.744548e-01 4.578133e-01 4.436020e-01 
4.314737e-01 4.208838e-01 4.111846e-01 4.020603e-01 3.934849e-01 
3.853884e-01 3.922637e-01 3.990583e-01 4.058734e-01 4.128799e-01 
4.202868e-01 4.285608e-01 4.379735e-01 4.485078e-01 4.601129e-01 
4.726934e-01 4.874355e-01 5.028746e-01 5.194194e-01 5.369081e-01 
5.549777e-01 5.737699e-01 5.927492e-01 6.121763e-01 6.318588e-01 
6.514808e-01 6.712242e-01 6.909960e-01 7.108559e-01 7.304678e-01 
7.496746e-01 7.693256e-01 7.879501e-01 8.055119e-01 8.215182e-01 
8.355398e-01 8.445921e-01 8.539107e-01 8.635323e-01 8.736222e-01 
8.842017e-01 9.034661e-01 9.227398e-01 9.420935e-01 9.614215e-01 
9.805278e-01 9.929719e-01 1.003506e+00 1.012049e+00 1.018424e+00 
1.022543e+00 1.026574e+00 1.029782e+00 1.032111e+00 1.033467e+00 
1.033849e+00 1.034601e+00 1.033334e+00 1.030120e+00 1.025207e+00 
1.018936e+00 9.949106e-01 9.807210e-01 9.764482e-01 9.827131e-01 
1.000618e+00 4.611360e-01 3.856602e-01 3.318967e-01 3.018571e-01 
2.964255e-01 3.182350e-01 3.740610e-01 4.771179e-01 6.503673e-01 
0.000000e+00 
@R STORQUE 101 []
0.000000e+00 0.000000e+00 0.000000e+00 0.000000e+00 0.000000e+00 
0.000000e+00 0.000000e+00 0.000000e+00 0.000000e+00 0.000000e+00 
0.000000e+00 0.000000e+00 0.000000e+00 0.000000e+00 0.000000e+00 
0.000000e+00 0.000000e+00 0.000000e+00 0.000000e+00 0.000000e+00 
0.000000e+00 0.000000e+00 0.000000e+00 0.000000e+00 0.000000e+00 
0.000000e+00 0.000000e+00 0.000000e+00 0.000000e+00 0.000000e+00 
0.000000e+00 0.000000e+00 0.000000e+00 0.000000e+00 0.000000e+00 
0.000000e+00 0.000000e+00 0.000000e+00 0.000000e+00 0.000000e+00 
0.000000e+00 0.000000e+00 0.000000e+00 0.000000e+00 0.000000e+00 
0.000000e+00 0.000000e+00 0.000000e+00 0.000000e+00 0.000000e+00 
0.000000e+00 0.000000e+00 0.000000e+00 0.000000e+00 0.000000e+00 
0.000000e+00 0.000000e+00 0.000000e+00 0.000000e+00 0.000000e+00 
0.000000e+00 0.000000e+00 0.000000e+00 0.000000e+00 0.000000e+00 
0.000000e+00 0.000000e+00 0.000000e+00 0.000000e+00 0.000000e+00 
0.000000e+00 0.000000e+00 0.000000e+00 0.000000e+00 0.000000e+00 
0.000000e+00 0.000000e+00 0.000000e+00 0.000000e+00 0.000000e+00 
0.000000e+00 0.000000e+00 0.000000e+00 0.000000e+00 0.000000e+00 
0.000000e+00 0.000000e+00 0.000000e+00 0.000000e+00 0.000000e+00 
0.000000e+00 0.000000e+00 0.000000e+00 0.000000e+00 0.000000e+00 
0.000000e+00 0.000000e+00 0.000000e+00 0.000000e+00 0.000000e+00 
0.000000e+00 
@R QOHM 101 []
0.000000e+00 0.000000e+00 0.000000e+00 0.000000e+00 0.000000e+00 
0.000000e+00 0.000000e+00 0.000000e+00 0.000000e+00 0.000000e+00 
0.000000e+00 0.000000e+00 0.000000e+00 0.000000e+00 0.000000e+00 
0.000000e+00 0.000000e+00 0.000000e+00 0.000000e+00 0.000000e+00 
0.000000e+00 0.000000e+00 0.000000e+00 0.000000e+00 0.000000e+00 
0.000000e+00 0.000000e+00 0.000000e+00 0.000000e+00 0.000000e+00 
0.000000e+00 0.000000e+00 0.000000e+00 0.000000e+00 0.000000e+00 
0.000000e+00 0.000000e+00 0.000000e+00 0.000000e+00 0.000000e+00 
0.000000e+00 0.000000e+00 0.000000e+00 0.000000e+00 0.000000e+00 
0.000000e+00 0.000000e+00 0.000000e+00 0.000000e+00 0.000000e+00 
0.000000e+00 0.000000e+00 0.000000e+00 0.000000e+00 0.000000e+00 
0.000000e+00 0.000000e+00 0.000000e+00 0.000000e+00 0.000000e+00 
0.000000e+00 0.000000e+00 0.000000e+00 0.000000e+00 0.000000e+00 
0.000000e+00 0.000000e+00 0.000000e+00 0.000000e+00 0.000000e+00 
0.000000e+00 0.000000e+00 0.000000e+00 0.000000e+00 0.000000e+00 
0.000000e+00 0.000000e+00 0.000000e+00 0.000000e+00 0.000000e+00 
0.000000e+00 0.000000e+00 0.000000e+00 0.000000e+00 0.000000e+00 
0.000000e+00 0.000000e+00 0.000000e+00 0.000000e+00 0.000000e+00 
0.000000e+00 0.000000e+00 0.000000e+00 0.000000e+00 0.000000e+00 
0.000000e+00 0.000000e+00 0.000000e+00 0.000000e+00 0.000000e+00 
0.000000e+00 
@R ENHE 101 []
3.471303e+00 3.469628e+00 3.455720e+00 3.439376e+00 3.421564e+00 
3.403280e+00 3.384956e+00 3.364624e+00 3.339620e+00 3.307066e+00 
3.263622e+00 3.207633e+00 3.141552e+00 3.068099e+00 2.990916e+00 
2.914832e+00 2.840483e+00 2.764674e+00 2.687414e+00 2.608695e+00 
2.528482e+00 2.447200e+00 2.365478e+00 2.283581e+00 2.201784e+00 
2.120366e+00 2.039485e+00 1.959217e+00 1.879717e+00 1.801126e+00 
1.723570e+00 1.647058e+00 1.571615e+00 1.497371e+00 1.424443e+00 
1.352937e+00 1.282982e+00 1.214766e+00 1.148462e+00 1.084233e+00 
1.022226e+00 9.626349e-01 9.055875e-01 8.511031e-01 7.991820e-01 
7.498065e-01 7.029529e-01 6.585694e-01 6.165746e-01 5.768778e-01 
5.393810e-01 5.039879e-01 4.706111e-01 4.391587e-01 4.095367e-01 
3.816497e-01 3.554164e-01 3.307497e-01 3.075486e-01 2.857157e-01 
2.651581e-01 2.457608e-01 2.274502e-01 2.101974e-01 1.939715e-01 
1.787396e-01 1.645163e-01 1.512978e-01 1.390238e-01 1.276361e-01 
1.170785e-01 1.072754e-01 9.815401e-02 8.966657e-02 8.176891e-02 
7.442016e-02 6.758749e-02 6.124449e-02 5.536302e-02 4.991594e-02 
4.487701e-02 4.022335e-02 3.592984e-02 3.196888e-02 2.831465e-02 
2.494302e-02 2.180997e-02 1.889516e-02 1.620652e-02 1.374691e-02 
1.151608e-02 8.291628e-03 5.351658e-03 2.941298e-03 1.282963e-03 
4.037236e-04 8.014391e-05 8.110985e-06 2.749429e-07 9.938470e-10 
1.035205e-15 
