@R RHO 101 []
0.000000e+00 1.000000e-02 2.000000e-02 3.000000e-02 4.000000e-02 
5.000000e-02 6.000000e-02 7.000000e-02 8.000000e-02 9.000000e-02 
1.000000e-01 1.100000e-01 1.200000e-01 1.300000e-01 1.400000e-01 
1.500000e-01 1.600000e-01 1.700000e-01 1.800000e-01 1.900000e-01 
2.000000e-01 2.100000e-01 2.200000e-01 2.300000e-01 2.400000e-01 
2.500000e-01 2.600000e-01 2.700000e-01 2.800000e-01 2.900000e-01 
3.000000e-01 3.100000e-01 3.200000e-01 3.300000e-01 3.400000e-01 
3.500000e-01 3.600000e-01 3.700000e-01 3.800000e-01 3.900000e-01 
4.000000e-01 4.100000e-01 4.200000e-01 4.300000e-01 4.400000e-01 
4.500000e-01 4.600000e-01 4.700000e-01 4.800000e-01 4.900000e-01 
5.000000e-01 5.100000e-01 5.200000e-01 5.300000e-01 5.400000e-01 
5.500000e-01 5.600000e-01 5.700000e-01 5.800000e-01 5.900000e-01 
6.000000e-01 6.100000e-01 6.200000e-01 6.300000e-01 6.400000e-01 
6.500000e-01 6.600000e-01 6.700000e-01 6.800000e-01 6.900000e-01 
7.000000e-01 7.100000e-01 7.200000e-01 7.300000e-01 7.400000e-01 
7.500000e-01 7.600000e-01 7.700000e-01 7.800000e-01 7.900000e-01 
8.000000e-01 8.100000e-01 8.200000e-01 8.300000e-01 8.400000e-01 
8.500000e-01 8.600000e-01 8.700000e-01 8.800000e-01 8.900000e-01 
9.000000e-01 9.100000e-01 9.200000e-01 9.300000e-01 9.400000e-01 
9.500000e-01 9.600000e-01 9.700000e-01 9.800000e-01 9.900000e-01 
1.000000e+00 
@R ENE 101 []
2.762307e+01 2.762307e+01 2.757546e+01 2.752447e+01 2.747012e+01 
2.741246e+01 2.735155e+01 2.728741e+01 2.722011e+01 2.714968e+01 
2.707616e+01 2.699961e+01 2.692007e+01 2.683757e+01 2.675218e+01 
2.666392e+01 2.657285e+01 2.647901e+01 2.638245e+01 2.628320e+01 
2.618132e+01 2.607685e+01 2.596984e+01 2.586032e+01 2.574835e+01 
2.563396e+01 2.551721e+01 2.539814e+01 2.527679e+01 2.515320e+01 
2.502743e+01 2.489951e+01 2.476950e+01 2.463743e+01 2.450335e+01 
2.436731e+01 2.422934e+01 2.408951e+01 2.394784e+01 2.380438e+01 
2.365919e+01 2.351230e+01 2.336375e+01 2.321360e+01 2.306189e+01 
2.290866e+01 2.275396e+01 2.259783e+01 2.244031e+01 2.228146e+01 
2.212132e+01 2.195992e+01 2.179732e+01 2.163356e+01 2.146868e+01 
2.130274e+01 2.113577e+01 2.096781e+01 2.079892e+01 2.062914e+01 
2.045851e+01 2.028708e+01 2.011488e+01 1.994197e+01 1.976839e+01 
1.959418e+01 1.941937e+01 1.924402e+01 1.906815e+01 1.889181e+01 
1.871501e+01 1.853780e+01 1.836017e+01 1.818213e+01 1.800366e+01 
1.782472e+01 1.764521e+01 1.746499e+01 1.728385e+01 1.710142e+01 
1.691722e+01 1.673048e+01 1.654013e+01 1.634462e+01 1.614177e+01 
1.592848e+01 1.570050e+01 1.545207e+01 1.517559e+01 1.486152e+01 
1.449866e+01 1.407535e+01 1.358208e+01 1.301563e+01 1.238413e+01 
1.171056e+01 1.103139e+01 1.038888e+01 9.819731e+00 9.346060e+00 
8.972966e+00 
@R TE 101 []
1.955200e+01 1.954500e+01 1.952400e+01 1.948904e+01 1.944021e+01 
1.937761e+01 1.930137e+01 1.921166e+01 1.910867e+01 1.899260e+01 
1.886372e+01 1.872229e+01 1.856860e+01 1.840298e+01 1.822578e+01 
1.803734e+01 1.783806e+01 1.762835e+01 1.740861e+01 1.717930e+01 
1.694087e+01 1.669377e+01 1.643849e+01 1.617552e+01 1.590535e+01 
1.562849e+01 1.534544e+01 1.505672e+01 1.476285e+01 1.446435e+01 
1.416173e+01 1.385754e+01 1.355406e+01 1.325136e+01 1.294951e+01 
1.264860e+01 1.234941e+01 1.205318e+01 1.176056e+01 1.147224e+01 
1.118889e+01 1.091148e+01 1.064063e+01 1.037647e+01 1.011918e+01 
9.868893e+00 9.625428e+00 9.388387e+00 9.157621e+00 8.932985e+00 
8.714332e+00 8.501362e+00 8.293786e+00 8.091470e+00 7.894278e+00 
7.702076e+00 7.514687e+00 7.331842e+00 7.153277e+00 6.978725e+00 
6.807920e+00 6.640354e+00 6.475639e+00 6.313693e+00 6.154433e+00 
5.997777e+00 5.843967e+00 5.693271e+00 5.545637e+00 5.401015e+00 
5.259356e+00 5.120324e+00 4.983407e+00 4.848296e+00 4.714680e+00 
4.582248e+00 4.450649e+00 4.319613e+00 4.188954e+00 4.058482e+00 
3.928009e+00 3.797375e+00 3.666597e+00 3.535749e+00 3.404909e+00 
3.274150e+00 3.144073e+00 3.014904e+00 2.886162e+00 2.757365e+00 
2.628032e+00 2.494232e+00 2.354150e+00 2.210480e+00 2.065912e+00 
1.923139e+00 1.438300e+00 9.885116e-01 6.078189e-01 3.107985e-01 
9.381087e-02 
@R TI 101 []
2.187703e+01 2.186625e+01 2.183393e+01 2.178018e+01 2.170516e+01 
2.160908e+01 2.149222e+01 2.135493e+01 2.119761e+01 2.102072e+01 
2.082476e+01 2.061029e+01 2.037794e+01 2.012835e+01 1.986222e+01 
1.958031e+01 1.928337e+01 1.897222e+01 1.864770e+01 1.831066e+01 
1.796201e+01 1.760262e+01 1.723343e+01 1.685536e+01 1.646934e+01 
1.607630e+01 1.567717e+01 1.527289e+01 1.486438e+01 1.445253e+01 
1.403825e+01 1.362953e+01 1.323385e+01 1.285133e+01 1.248211e+01 
1.212629e+01 1.178394e+01 1.145478e+01 1.113841e+01 1.083444e+01 
1.054247e+01 1.026249e+01 9.994319e+00 9.737374e+00 9.491053e+00 
9.254757e+00 9.027850e+00 8.809745e+00 8.599922e+00 8.397861e+00 
8.203040e+00 8.014873e+00 7.832845e+00 7.656547e+00 7.485568e+00 
7.319499e+00 7.158025e+00 7.000821e+00 6.847462e+00 6.697520e+00 
6.550570e+00 6.405968e+00 6.263318e+00 6.122571e+00 5.983675e+00 
5.846580e+00 5.711738e+00 5.579568e+00 5.449966e+00 5.322829e+00 
5.198056e+00 5.075223e+00 4.953803e+00 4.833534e+00 4.714155e+00 
4.595406e+00 4.477122e+00 4.359190e+00 4.241432e+00 4.123670e+00 
4.005725e+00 3.887426e+00 3.768524e+00 3.648726e+00 3.527736e+00 
3.405258e+00 3.281092e+00 3.154676e+00 3.025179e+00 2.891769e+00 
2.753613e+00 2.603719e+00 2.439688e+00 2.267578e+00 2.093448e+00 
1.923358e+00 1.438326e+00 9.883266e-01 6.075778e-01 3.107215e-01 
9.406899e-02 
@R FP 102 []
1.523555e-12 1.523555e-12 1.117780e-02 3.352937e-02 6.704689e-02 
1.117160e-01 1.675162e-01 2.344249e-01 3.124172e-01 4.014609e-01 
5.015163e-01 6.125406e-01 7.344900e-01 8.673105e-01 1.010957e+00 
1.165360e+00 1.330496e+00 1.506281e+00 1.692635e+00 1.889480e+00 
2.096705e+00 2.314299e+00 2.542130e+00 2.780094e+00 3.028137e+00 
3.286172e+00 3.554093e+00 3.831785e+00 4.119151e+00 4.416091e+00 
4.722497e+00 5.038261e+00 5.363268e+00 5.697404e+00 6.040549e+00 
6.392578e+00 6.753382e+00 7.122850e+00 7.500847e+00 7.887227e+00 
8.281840e+00 8.684589e+00 9.095346e+00 9.513905e+00 9.940171e+00 
1.037400e+01 1.081520e+01 1.126366e+01 1.171919e+01 1.218164e+01 
1.265084e+01 1.312663e+01 1.360883e+01 1.409725e+01 1.459175e+01 
1.509208e+01 1.559812e+01 1.610964e+01 1.662643e+01 1.714835e+01 
1.767514e+01 1.820659e+01 1.874254e+01 1.928275e+01 1.982696e+01 
2.037499e+01 2.092663e+01 2.148161e+01 2.203970e+01 2.260066e+01 
2.316428e+01 2.373030e+01 2.429845e+01 2.486847e+01 2.544012e+01 
2.601315e+01 2.658728e+01 2.716225e+01 2.773774e+01 2.831351e+01 
2.888926e+01 2.946474e+01 3.003963e+01 3.061362e+01 3.118640e+01 
3.175769e+01 3.232718e+01 3.289455e+01 3.345947e+01 3.402158e+01 
3.458057e+01 3.513611e+01 3.568784e+01 3.623537e+01 3.677836e+01 
3.731648e+01 3.784932e+01 3.837651e+01 3.889777e+01 3.941268e+01 
3.992084e+01 4.017136e+01 
@R CURPAR 102 []
3.686238e+00 3.686238e+00 3.686238e+00 3.685137e+00 3.683261e+00 
3.680592e+00 3.677159e+00 3.672987e+00 3.668093e+00 3.662489e+00 
3.656179e+00 3.649167e+00 3.641453e+00 3.633037e+00 3.623920e+00 
3.614102e+00 3.603583e+00 3.592362e+00 3.580440e+00 3.567816e+00 
3.554491e+00 3.540465e+00 3.525738e+00 3.510309e+00 3.494179e+00 
3.477348e+00 3.459815e+00 3.441581e+00 3.422646e+00 3.403010e+00 
3.382672e+00 3.361633e+00 3.339893e+00 3.317451e+00 3.294308e+00 
3.270463e+00 3.245918e+00 3.220671e+00 3.194723e+00 3.168073e+00 
3.140722e+00 3.112670e+00 3.083917e+00 3.054462e+00 3.024306e+00 
2.993449e+00 2.961890e+00 2.929630e+00 2.896669e+00 2.863006e+00 
2.828642e+00 2.793577e+00 2.757811e+00 2.721343e+00 2.684174e+00 
2.646304e+00 2.607732e+00 2.568459e+00 2.528485e+00 2.487809e+00 
2.446432e+00 2.404354e+00 2.361574e+00 2.318094e+00 2.273911e+00 
2.229028e+00 2.183443e+00 2.137157e+00 2.090170e+00 2.042481e+00 
1.994091e+00 1.945000e+00 1.895208e+00 1.844714e+00 1.793519e+00 
1.741622e+00 1.689024e+00 1.635725e+00 1.581725e+00 1.527023e+00 
1.471620e+00 1.415516e+00 1.358711e+00 1.301204e+00 1.242996e+00 
1.184086e+00 1.124475e+00 1.064163e+00 1.003150e+00 9.414385e-01 
8.790352e-01 8.159669e-01 7.523126e-01 6.882748e-01 6.243063e-01 
5.612910e-01 5.007377e-01 4.449361e-01 3.967303e-01 3.595123e-01 
3.383466e-01 3.383466e-01 
